0.16562734669536533
0.1732165178076673
0.15181378111063348
0.1169798945915776
0.08736060467158678
0.10385587790309311
0.03910906655339044
0.06625053050651984
0.030097206214671483
0.045223452882977425
0.03289606560711304
0.009348637500487748
-0.003262409039133784
-0.009121102358078007
-0.05643161578747631
0.0008177392152006191
-0.037207879042942565
-0.029075966854165157
-0.09165353700816818
-0.07308229754169038
-0.13105140769855084
-0.11797369837765058
-0.14196090169034373
-0.13898906742134895
-0.1458209837763898
-0.1932545139170008
-0.20173573507211406
-0.18977307327804396
-0.22508464704460251
-0.24396809305309233
-0.22806555661809155
-0.245694896173332
-0.27243053172863385
-0.2385001205800744
-0.29386348083625147
-0.2864426503149149
-0.2951898810062309
-0.31281471394459787
-0.3547509814139836
-0.3473589882887447
-0.38543953505629674
-0.3989558581162976
-0.42752128116921806
-0.414179629961948
-0.3786736128989177
-0.43123713333639846
0.4536073823923607
0.42683142545203295
0.41318991377453196
0.39079168039959816
0.3805361345842393
0.3888364769161175
0.3847685019313854
0.36254751410538616
0.3468311151559008
0.3203518537874703
0.2939412636490185
0.28554086507348087
0.2720679221141668
0.2623726366655088
0.2747090661330519
0.2613675665436814
0.21456680716691787
0.20971123998993546
0.2081362241084401
0.20095150225092953
0.18287606808283707
0.1678535986705821
0.14127450033328448
0.15159919451907236
0.07228185172240545
0.10005728253386725
0.09762584012492763
0.10751277809205126
0.08165113150922154
0.052140072310083135
0.02867296628185386
0.025457955569537786
0.04000926394493268
-0.005274881934302706
-0.015665022436007814
-0.04401053641506545
-0.036989958749348836
-0.055871403623112686
-0.06578467435775996
-0.06291492363847095
-0.0695372092725399
-0.10267137649730065
-0.11011228522532772
-0.14327538124021943
-0.1223965573137434
-0.1502113138586456
-0.13802772981405206
-0.1847426716629397
-0.20866430808657907
-0.2300710943144776
-0.23083409240878922
-0.21392484593360162
-0.2728719169975999
-0.25806416558309714
-0.27924646757619165
-0.2743360015376334
-0.28405999041057534
-0.3156560937633115
-0.34574733092129406
-0.3485405307517031
-0.3473835688756721
-0.3529595028512629
-0.3961927359188495
-0.3834701488154207
-0.37259340519125794
-0.418979617160583
-0.4419863638834171
0.4703258272960501
0.43709721334929996
0.4102148597764792
0.4173378978098918
0.3983213072520719
0.3963397072212556
0.3460937763422433
0.38557344005267497
0.31835429250047603
0.3078576208958529
0.2798345861825117
0.2983205499158695
0.29316082422829143
0.2710193950953461
0.2480253815841415
0.2268474886582294
0.21692456781518868
0.21085862771637384
0.22703938878372243
0.2533937887507788
0.17820914438615995
0.1675410683660624
0.17282360712190525
0.15308995096256905
0.09319126812746865
0.12130708199240568
0.08564665671496904
0.10718001053837929
0.07414762457957061
0.04239166722005059
0.036459174940372166
0.02425748850742706
0.04927749140994574
0.03364516722321658
0.009152949059091985
-0.0035072663515837814
-0.04656898401936086
-0.08220937848073039
-0.0709270205648807
-0.07807276505238761
-0.11019678703651695
-0.12793037573409757
-0.11715443103344754
-0.11944590278494813
-0.13743960891442508
-0.15037881280611984
-0.18773558653183992
-0.1429037452619648
-0.19688724157250911
-0.19040590219714734
-0.20086199717774858
-0.24388717011518488
-0.28864452302113885
-0.2398645346582648
-0.272457939305635
-0.30584301320496393
-0.34658041148969515
-0.2848786103592994
-0.37601166720787693
-0.30084307887519285
-0.3391693658793622
-0.36021195235830583
-0.38733250544647074
-0.37321170040109014
-0.4153039796942808
-0.41434905281329665
-0.42931269422328533
0.4266094137820909
0.4555807149083328
0.4168971952556511
0.38282040178211296
0.41686386672767467
0.3546461650491874
0.3280419269983999
0.3377312417942085
0.317632166976507
0.2821094617473345
0.30625946700177564
0.28861955709881587
0.27609064970476643
0.2631187130946962
0.27880902844572764
0.2545164734086086
0.25722903115108814
0.22287108920550142
0.24101378306217225
0.15842686112798154
0.1933580286309057
0.16572968662734672
0.1895060297158005
0.12947981117608617
0.1253170504243897
0.10706327065027207
0.08413308759844917
0.11724188678388445
0.07414431698947446
0.055483462454774736
0.06608104589392548
0.0034705367703135315
-0.004541066193594224
-0.02029578588211153
0.007881853943680345
-0.04032884008156947
-0.01828395467014609
-0.0445865577410808
-0.08342738880326864
-0.04787095778699864
-0.05987761171192793
-0.1342178180084354
-0.12408459005580783
-0.12887726200865116
-0.14005024557989723
-0.1200732340983556
-0.18469944568546304
-0.1865652356540476
-0.17808531384938367
-0.18459438004527498
-0.24919725938507858
-0.20295206230169063
-0.24021347265275803
-0.2505801465236529
-0.2857619619397595
-0.3473109499115689
-0.30712900846230873
-0.3092560563378625
-0.3117055721756507
-0.37178612739125316
-0.32032350515192415
-0.3821102575292079
-0.3952354930429411
-0.403007603663158
-0.4247810784201089
-0.4368886827549003
-0.43194678810314957
0.4366476834646612
0.401626278883507
0.42113157087739533
0.4304128121778684
0.4265370445835498
0.38097742356039893
0.37249665974473156
0.3830739465584451
0.34964439530472924
