0.3346548794775348
0.27834094297277046
0.24647746783384183
0.21131955453260612
0.17714784551732818
0.1413311374517248
0.1135290856944374
0.08531500659593072
0.02864415231241273
-0.02246597692205937
-0.023110673635883452
-0.06694010870970946
-0.14177206482747018
-0.17066856092897406
-0.21635483167373612
-0.24375541140530665
-0.3218464610488947
-0.3116994119403852
-0.35590890835775557
-0.3901718653443333
-0.43615249616036506
-0.4731679563313625
-0.49833903176572397
-0.4058592362361674
-0.39051389482560306
-0.3490682389680587
-0.2785268120683841
-0.2935602695988796
-0.17996410993199694
-0.1908289495641292
-0.1666827448397434
-0.11039444839652106
-0.05487038911518766
-0.029439074751136003
-0.011503973834704962
0.039722762070037096
0.068440723546546
0.12732063190193793
0.16779431121166893
0.2095456753897414
0.25952409872921134
0.256379163167219
0.357673227653985
0.34613948641004944
0.35440341299791817
0.4038322044932448
0.45926018581658756
0.44611984984854586
0.429338448131688
0.4014356648327819
0.34558921168145135
0.30496041740325575
0.27276621460793155
0.22100368721205924
0.22710669736173592
0.1264911450225846
0.11000231866456815
0.06966216712864147
0.020449810678458163
-0.0001354255249742843
-0.022684932088441367
-0.11268655561357382
-0.13450326059053203
-0.16383519697554097
-0.201896433616367
-0.23886237179782668
-0.29335748441274984
-0.31481768377898034
-0.3569185435929618
-0.4170531050324731
-0.42547853213264913
-0.46037020659861677
-0.4468154277165765
-0.40176920185676585
-0.40902634955542466
-0.3405430561482609
-0.3204723314327843
-0.21031314894195782
-0.22080030832747166
-0.1892470072505406
-0.1325283611307456
-0.10705915774018622
-0.06278422147581715
-0.01281338759215666
-0.013658502771998562
0.010718971458572785
0.05982879888764528
0.1317012619385518
0.18275626053255895
0.20699031318361236
0.21283057890599608
0.2701741006268152
0.33274947199359367
0.34122853155245453
0.4204173082988429
0.45199777454657125
0.4825153169242889
0.4462761500868016
0.43233079282688713
0.4155277248661281
0.3680062895790912
0.32587453377330594
0.313110839297094
0.23832759411578427
0.1721064329895969
0.16797318723558394
0.10207991729022303
0.04454577431108822
0.009747806616942734
0.009770889890233246
-0.04076096365975387
-0.07652813429476725
-0.12094865032753326
-0.13766013130408478
-0.17888068028220025
-0.2458683408314273
-0.3077254267065225
-0.3208188962327684
-0.3542809839054562
-0.3872740975624693
-0.4137577705882696
-0.44518874537209135
-0.47628695341298655
-0.4297182778016442
-0.4275527261785753
-0.350007046400565
-0.3168733146928733
-0.24789445304400068
-0.23817492534683843
-0.1959752870349734
-0.16252240174420424
-0.1094294691916011
-0.08467657152908728
-0.040791309260658465
-0.005343871986077151
0.08494360482439081
0.11355307867778476
0.14298655735831434
0.13933452429073162
0.22180113228117507
0.247016222722769
0.2561801097512818
0.3013788320094004
0.36533661755737906
0.39993894023596105
0.420113398679835
0.4195205272251168
0.47723957642459347
0.44690861416600297
0.39068174959297386
0.38071520202200426
0.30898052310892704
0.2834881421558377
0.25467661285588655
0.1988346241572091
0.1449220310020279
0.10017204119879898
0.05480782788331291
0.04833258326225601
0.048378748110364335
-0.013610789493542087
-0.06425821501026927
-0.16312472123246202
-0.15441301772297575
-0.2390130423298068
-0.2666940247855676
-0.2593556025137676
-0.36219017308781465
-0.3539864527667499
-0.37483781074198447
-0.3848156846369394
-0.47656788846212095
-0.4845781057864308
-0.39176388123697586
-0.36313455856019966
-0.37281124939523363
-0.30864805940871226
-0.20205053655970553
-0.21365670568969178
-0.18714276543800665
-0.18925308582792816
-0.099977636987403
-0.07449319975492631
-0.024113334156549864
-0.011025244954045456
0.04340694064877359
0.10481764233188796
0.0915124574978555
0.17385750700971897
0.2001692499549476
0.23728748507609942
0.24022064368377022
0.3219035283365444
0.3546209324045589
0.3749912719281751
0.4315421684548204
0.4584130274228544
0.47408134002285185
0.4256796857360231
0.4112026221497547
0.37158220173741796
0.32812353762649066
0.26087195659174595
0.19566361208308372
0.19898473448751472
0.16905118691088578
0.12365045251972803
0.06586115344218615
0.022131491736081595
0.03806411990357948
-0.038944574551339706
-0.07439165386385553
-0.11368932524139998
-0.17898134026313295
-0.19193394917185128
-0.22006016793453534
-0.2367708379519236
-0.3108285685031437
-0.37029706648176547
-0.3792587373364803
-0.40766217897701984
-0.48282628487623996
-0.4549919700010852
-0.4031716339940644
-0.4006365628173814
-0.36430666506597553
-0.3345528102366897
-0.26988059241253626
-0.22637915686112556
-0.1892936709104389
-0.14268569742978668
-0.1181915188014393
-0.07003568378651762
-0.044619496804324435
-0.031211996437636187
0.050449301256041634
0.09001955279918016
0.12011947096473512
0.13403782455870072
0.15407726125459031
0.2491690502780757
0.2684466872300611
0.3190948799185098
0.3308638314628357
0.38575901769049215
0.453236509879265
0.44890487185308514
0.4883377594120329
0.4357635227258833
0.3816118958557789
0.3467089379403205
0.3212171402328774
0.27830328187782677
0.24739733029805575
0.25181349365305716
0.16651150748218616
