-0.536638056898367
-0.5856305987344105
-0.5424080622940638
-0.5976789277016358
-0.528743947819414
-0.5156324153004715
-0.560927510289072
-0.5362299938110401
-0.4732262067823158
-0.47979689595532793
-0.47572824408392844
-0.45881612141278744
-0.45897207716217453
-0.3942120121131014
-0.3774504316753106
-0.3605086854743949
-0.2760969245797752
-0.26066033354844687
-0.22740035614021795
-0.23548786144921963
-0.17003915093709496
-0.14884533402461594
-0.12372856379323252
-0.10603684806054137
-0.028900021194910024
-0.011091981613110065
0.0713396940274732
0.08103318916071807
0.1083166428712886
0.08870267269390496
0.16103232997319458
0.21759338480794074
0.2615153833439559
0.2613746390737761
0.31944915975235355
0.33964964962566313
0.3252318067943088
0.38822009935811513
0.38959261746666846
0.41297314600691815
0.44248189123634396
0.4381007169279545
0.543169252212154
0.5199500699773402
0.5351293150474065
0.49819563252831944
0.5393240942324847
0.5600859650126244
0.5740510557782842
0.5983558574399023
0.5586445087295638
0.565053067521136
0.5404916775457956
0.613937445282382
0.5413275084359075
0.5514149799158998
0.5220874483776069
0.5459067894689513
0.49206568568891806
0.4650384368433333
0.47730422687932206
0.4463414253957933
0.4178625291536952
0.4367103288464431
0.35566391035524836
0.3714308711165118
0.26886685939099514
0.2824753729900638
0.24793623069677093
0.21849108877540818
0.203358917880885
0.12592374643210233
0.0891085158265914
0.06465816384043575
0.03722573003394827
0.016510202393870597
-0.020421467276532424
-0.03444515282818239
-0.1278365376881482
-0.09453055471958619
-0.16108210651521096
-0.1777799506964044
-0.23202898495649094
-0.26194119655098924
-0.31700377595732704
-0.3578322268339214
-0.3470786543445741
-0.38146623050523076
-0.41543669300608305
-0.41924349060913346
-0.46356664462327385
-0.47071660464801246
-0.5143598945458566
-0.5131821364289376
-0.5471714813296742
-0.5685249546168609
-0.5701713280985059
-0.560898836123465
-0.590099621815539
-0.5323818302748523
-0.5802198590229053
-0.6366119355946872
-0.5830408102506167
-0.5375792285996851
-0.5598113474892222
-0.558777270477594
-0.572885616983811
-0.522397905482569
-0.5119132555474618
-0.4974965542242415
-0.47981221822187814
-0.46876173753231315
-0.4299566005533241
-0.4237416847358579
-0.35668329658812875
-0.31152973066906386
-0.3151409404201213
-0.29004463084359483
-0.23724137033308412
-0.23248537103635683
-0.20418384386211408
-0.168075906747626
-0.1349087654052947
-0.09904429898663829
-0.0955777965854204
-0.024066759748771517
0.018442276442361256
0.05700858601377409
0.06707530482896192
0.1698063945660837
0.12756710118981376
0.20364221104204278
0.23932807707255743
0.26484747112049883
0.31650701637146134
0.3287400647337221
0.3594724855943768
0.3533061129566031
0.43126332642284726
0.4463392654778284
0.44170758172910535
0.4603974181864377
0.48643192932341617
0.4926617829763468
0.4927800084366454
0.51049704780547
0.6082993042311742
0.5944315504482334
0.5461433840248165
0.5995761400396166
0.5581133790340265
0.5843810795800609
0.5557117492361989
0.593411124316261
0.5828284494212115
0.6122761439765023
0.5311781257313298
0.5316850247477931
0.507152486676875
0.4846445954954222
0.46849662238905637
0.49280468282977513
0.42072637718609474
0.4088677064794724
0.36011314261489563
0.3509257807299298
0.3361713199246806
0.29462570745522976
0.28097106646663617
0.21927382724907632
0.19700627356163547
0.1728813903067102
0.11165433123701507
0.1068998777754544
0.07690102918445078
0.016106741472150236
-0.03420175170808257
-0.027454685473020657
-0.06222425836657347
-0.12383789953016058
-0.16896193598056525
-0.19776642071551154
-0.2034329008207078
-0.2542497893533055
-0.28619275705465597
-0.3090516951556225
-0.3617822052102143
-0.3855062909173043
-0.3732970688862715
-0.40936484696397346
-0.44363984357185
-0.4791487574474698
-0.49755884854891697
-0.4927754445573381
-0.5342200836114073
-0.5266949705352699
-0.5291221414750501
-0.5696169104585368
-0.5744731639329202
-0.5772857138040763
-0.53921242424008
-0.5493822221465455
-0.5891991317921749
-0.5812480198331428
-0.5581833902140227
-0.5614310030427101
-0.5315528721612495
-0.545393971568298
-0.48596258932060277
-0.45850693552967625
-0.48351716547255774
-0.46728245265889684
-0.42883033735053633
-0.41288221714455065
-0.37756175982554574
-0.3638766605005868
-0.3278738605156029
-0.311860322463574
-0.28740756727812483
-0.23240679403599362
-0.19495404994775606
-0.14930587881021865
-0.12598984771256666
-0.10818526522828067
-0.05553575676555557
-0.02371374609022417
-0.0072943230957396386
0.06412879009576625
0.13043462354372867
0.10369388269429426
0.15152283720547213
0.20353536658235277
0.1744996897234341
0.25559126633651336
0.29529671557190307
0.29635671664446395
0.352383306111111
0.33863956428557307
0.41050841729769877
0.4206903328319628
0.4600056291749602
0.4709377745991895
0.5077844373950969
0.49746685406349506
0.552473577809193
0.5471839032976562
0.5210407371544307
0.5745827169920941
0.5665998325330693
0.5426036026396117
0.5664842740351425
0.5955958368898208
0.5576263676065311
0.5433616816162942
0.5605320030488334
0.5617543903988946
