-0.017425239490839694
0.17579003665817133
0.1463854199569051
0.047255371118525166
0.31453541543159774
0.12041318372901158
0.36076556195019027
0.30076288256293005
0.026368890269391897
0.10418535277187167
0.3566198572434694
0.11427611833918037
0.24000173731786198
0.32715657185945707
0.2869066090157568
0.16238747792223251
0.17959482868761253
0.02590852720495239
0.12386851203805282
0.07455447419557565
0.10766544002425556
0.07092725042851131
0.29544230983730735
0.19803757732927377
0.11144063620357646
0.2194351764568959
0.05673853485008918
0.16795830972064857
0.3367529187799863
0.19155250781552713
0.22484025302243366
0.07295157874425218
0.18198186900248733
0.3868566033857271
0.10753644504691368
0.3127339751335821
0.0882910662919052
0.009008100630549111
0.31291792916210015
0.2288926808684205
0.3434396370132928
0.27402511370436883
0.1476573874756668
0.04306579345242051
0.14761677718437896
0.13827425158486356
0.23898972492942522
0.16404218698585737
0.31113727601842833
0.2527352545966274
0.22269722573658848
0.21338118903076606
0.1108294695391173
0.14796895142955055
0.03135932556877638
0.256096556597574
0.002704301341649727
-0.004729038296270017
0.010932464871591645
0.15712945425119149
0.03888658895853051
0.15942525655486137
0.15467017932049473
0.14755383641318953
0.21976820993974888
0.09370797398474821
0.049359957896871136
0.08361089310908261
0.31653502648224024
0.02971379578461159
0.17934144926309956
0.033169858585884206
0.2803043006578552
0.3478752978526066
0.2192220227950694
0.2990948003360363
0.25823562290110635
0.08935688337914527
0.14190485037071418
0.13166401745151118
0.342699947054242
0.051809273801991435
0.02780219066747128
0.07968346744306253
0.2209592639489245
0.05110491365874096
0.17836070599199455
0.058968030913096055
0.018059613872728437
0.07936667188837801
0.08583477934969833
0.39739240345114574
0.04734055567417152
0.12323864907923036
0.056589636365925636
0.18788080602637308
0.14124185235596626
0.33783760878522884
0.11826740640886746
0.053798331770986335
0.10162261918340006
0.06114124563927742
0.33686466103518
0.15314806272476153
0.2861760873930012
0.0975273905077202
0.2711016128972725
0.3527287668920593
0.36341105278900515
0.06685027775506654
0.07698703060378902
-0.004418967745717814
0.3132733602078258
0.31354619018314006
0.12955835640701824
0.34345128468855424
0.22268374883158343
0.0868600072918115
0.18420532380501412
0.3047697655056156
0.03335164235830954
0.06557928162278794
0.3182985784525874
0.2691195383853425
0.10396585699397927
0.3350996637891366
0.04051317721521734
0.215613010049626
0.24423128748251
0.34511648983362114
0.29160661200861604
0.0684197586656209
0.24732739704078763
0.18088642417692452
0.2533296717866489
0.3425286163927729
0.10998577582301387
0.37618884527959995
0.1098467386084281
0.16458538621849614
0.14916684392228363
0.10653492911778788
0.09223583420879661
0.17388898938298378
0.11346446851374392
0.1465175309752206
0.05270690302994887
0.32677056306588637
0.2810829323787285
0.3483468848563565
0.32567716919749373
0.2876828809395937
0.09385819142173552
0.00450558453542085
0.315080348565537
0.03210374581593679
0.3116073314850914
0.2582228361540491
0.03599065064044894
0.3110144296250166
0.19179587831030662
0.11225930525930865
0.23877899600243802
-0.03592024603168622
0.3192092846980371
0.20511328195191486
0.29749711543729324
0.10441780861715719
0.046233926403459656
0.09903940490661874
0.06461969451593841
0.19025260286460338
0.21041563942268454
0.2195441465510292
0.3431652164772614
0.3232234765088515
0.1140955826975479
0.13811766774839518
0.34004096942890105
0.04731205752105942
0.17099699960030026
0.029558607959468675
0.08691736734028742
0.028795684431781234
0.11521117135555456
0.11963280533405576
0.37948728222728917
0.10659343257438339
0.07975736721354774
0.006726785956528671
0.008770737236644954
0.26029759547003445
0.07216655542973023
0.2621472538756962
0.2708366032291781
0.39342111483362363
0.32686302171536197
0.31177538409332706
0.19368647403480224
0.2814077317142755
0.3018342774083568
0.1864033317639946
0.14990798902113708
0.03331319223965486
0.1832168019511122
0.039656811039979555
0.15912812929504036
0.10900822083462353
0.3558026227917428
0.3458617513719971
0.19742998022116404
0.0070392113516558295
0.31771088209932835
0.1326340818395272
0.3438206513690994
0.28023041044725827
0.20551699142307103
0.32922265552132135
0.36500587375859295
0.0027819599791906943
0.14852854416202624
0.06875694056706269
0.34104365288612004
0.11621440569692797
0.19544313417112338
0.2731681342305913
0.05293526745503872
0.15752685000571037
0.3140861747498516
0.15958167876886528
0.01795713162446315
0.20964733493753004
0.26671663522482847
0.047348590825819215
0.07266116446635773
0.11663380686944534
0.03794755722377567
0.22286843117151417
0.24471724233035985
0.27196040159413504
0.046335484929550766
0.17281001853352476
0.0925165781770544
0.06493454247716424
0.2175623217379216
0.17720196740797356
0.1672398697468064
0.10851233151418825
0.16986064032149403
0.1922278621874574
-0.002015158270136888
0.33346799465378735
0.2314183322426831
0.24952237965940716
0.12134397118788295
0.3188675819603371
