0.6223289299186358
0.6083586060859464
0.5560465474754187
0.5305639258305529
0.4656518250370515
0.42010752275537616
0.3730413253241343
0.3239649176051977
0.2969420043436642
0.26538913135441716
0.23307547551200034
0.12084911604552002
0.08549244104925503
0.029767494434900763
-0.03399948818785353
-0.050541011806264205
-0.15245697373739509
-0.15397313597147302
-0.23549657283634504
-0.25290202829204333
-0.31787635289203253
-0.38207588986903224
-0.42201601731766913
-0.4980732991816426
-0.5599656004766351
-0.5934744783738749
-0.6220340271351465
-0.6134345701814046
-0.648457844440072
-0.6730260052213267
-0.7263393817540176
-0.7080040150944372
-0.7973085097434018
-0.7960875015279953
-0.7985589835999123
-0.7913973313888522
-0.838534104378958
-0.8297534446083561
-0.871365572373621
-0.8253812668939172
-0.8402735982338662
-0.8682124389552098
-0.83019050641227
-0.8364879329584685
-0.7888246442405934
-0.7855117612028262
-0.7549826319582373
-0.7332370094336302
-0.7223532139718961
-0.6395595647427027
-0.6767609445516224
-0.5996335612762413
-0.5512644790829382
-0.5369325535448121
-0.465606262322894
-0.4537235349092704
-0.38897986980559096
-0.37054274155064765
-0.31813102140185273
-0.23552370105069798
-0.18879987374908688
-0.15762858554812625
-0.081229630799827
-0.058322548005127865
0.01347464936468091
0.05075722197568454
0.13545021240735708
0.19038316202679398
0.205839030665588
0.2751668305089105
0.31425786776080666
0.38411751296822527
0.39873751461026913
0.46049576309324153
0.4957605320666649
0.5605328444486867
0.5810683085987871
0.6160594925008445
0.6638689443551792
0.6699628704322321
0.7092026086990836
0.7579867218944958
0.7451788866924183
0.7962048738829043
0.8088291156894335
0.8048870230979152
0.8285002239176514
0.8685167508895285
0.8615201481161956
0.8299345234143998
0.835576491738989
0.8453722071751897
0.854486303266138
0.8309661860995738
0.7990778584823908
0.7779952870000681
0.7805649023871124
0.701292379806216
0.7230268154202305
0.7070541676835023
0.6230751738545518
0.6108305324122265
0.5692849063338583
0.535044819644588
0.5021483074049424
0.41859401911348176
0.4361583973209842
0.35034473176917097
0.2929104325080083
0.26250146510602235
0.21711474404620867
0.1524436652432143
0.08510314521673407
0.05612240206096064
0.03121732425739683
-0.062492819732371786
-0.11641360604652731
-0.14711321479003575
-0.24681916415062455
-0.2474824644904872
-0.330611718546597
-0.3704802333357101
-0.4171526583937518
-0.43139871765087623
-0.466392881119248
-0.5175132563209273
-0.5854755721819933
-0.5904621556379716
-0.6508937273289148
-0.6895927913839294
-0.757760902318185
-0.7367518061256442
-0.7846223250279001
-0.8143814128071013
-0.77898010800191
-0.8043301460251057
-0.8314476383026402
-0.8207102664693785
-0.8694987457452137
-0.8659503724523883
-0.8539763053065419
-0.8532292647714861
-0.8311947491462356
-0.8189007267304744
-0.8148465505499993
-0.7603877352960673
-0.7763695872539795
-0.7525014462464181
-0.6844617183390983
-0.6737453895332306
-0.6593845286679026
-0.5992566064017186
-0.5960400136942117
-0.5764908526652781
-0.49870265379368717
-0.4551203432467874
-0.3900618944721904
-0.38531633524582426
-0.3397025676398526
-0.28265760474840285
-0.19740771772163349
-0.15754052378100766
-0.11152020353749598
-0.030303625080618127
-0.02927545028117568
0.045739466853677246
0.10711886786386815
0.13821699702720308
0.23597231235234623
0.2994191769662591
0.2925842940550211
0.3675808832220108
0.3885870859836789
0.4283713123966312
0.5047871054366664
0.5599606439070143
0.5733559780744099
0.5882721153335149
0.6370496167345436
0.6433065067149691
0.6932487409280044
0.7455835473996082
0.7800668986437619
0.7975972057422391
0.8486160621343639
0.7965904962673548
0.8080471137094696
0.851223247357047
0.8707966795887064
0.8683106732179039
0.8273176670618045
0.8367054934791316
0.8546873526581937
0.8007931096424334
0.7981596419419749
0.7869404456665027
0.7857166286525958
0.722773466033561
0.7236721671347833
0.6924632764337681
0.6481518010013032
0.6276274165391208
0.5675432337094037
0.5157705448409128
0.5359528848423131
0.48834145041603083
0.4191630506883299
0.3865297884652774
0.33051256233192633
0.25597151343966523
0.24013945331710534
0.19954987467863392
0.10613295452423198
0.06388124746885367
-0.011598715537939442
-0.046082130299113865
-0.09025314042460338
-0.12395716746327143
-0.17358108749485943
-0.27579318451960666
-0.28885604162111245
-0.3151118411764867
-0.38354955962894466
-0.4791114903638453
-0.46479063740025484
-0.5200515005377168
-0.5730005437509992
-0.5725608947584127
-0.6448935210863183
-0.6272496419607805
-0.7161462442354326
-0.7389239496597114
-0.7680992344608832
-0.7844033522403272
-0.799282235491306
-0.823659723128129
-0.8175709294716957
-0.842349445760967
-0.8200246002216857
-0.8443607855505907
-0.8721084646908025
-0.8670190895521298
-0.8428680078973944
-0.8068435764547948
-0.788332711665328
-0.765182301215607
-0.7268814376210687
-0.7356386785201151
-0.6943688449368302
-0.690613110002823
-0.6608324218673289
-0.5838378258286142
-0.6010807577796266
-0.5542992528266595
-0.4754837442989823
-0.4341709722844943
