-0.33941536288222757
-0.3156228566710851
-0.27235189065426485
-0.08035363188185346
-0.09613204441864798
-0.16206604725515275
-0.39825843826387225
-0.2632956083972306
0.01906711844437593
-0.3596852644882738
-0.2828019766082298
-0.2363057451755821
-0.4554760691137824
-0.22307523742228297
-0.5497163246014157
-0.5562063344293399
-0.3377224952963001
-0.46291992407016114
-0.3562831104313076
-0.46792205756094407
-0.31448781212696475
-0.272140657249532
-0.3297181623414348
-0.1245512490611329
-0.562700871886259
-0.5252466054911675
-0.0026370686492251695
-0.15220420147051558
-0.5883522386386748
-0.27717973329681667
-0.11839086432927338
-0.2645646475540492
-0.39665914487834897
-0.04887740014368295
-0.37819475860416063
-0.24836860625385707
-0.2517109311176777
-0.35056782529285524
-0.26787390863837973
-0.48058705088939685
-0.5721518152913487
-0.25105570909038577
0.023629398393582836
-0.19723468800827731
-0.5940575754906745
-0.43072144251463906
-0.49401460567346805
-0.3087062082810166
-0.17251573063546727
-0.14277243369268564
-0.18163017996172082
-0.24608843343029815
-0.049720728151113835
-0.08276024069227145
-0.493494646400805
-0.18810778128406905
-0.2900430825707849
-0.10747254555342502
-0.07119228815796658
-0.19196275593214074
-0.3363908946742906
-0.418062489777114
-0.42479848310509
-0.2508087444310625
-0.21319959526522864
-0.5572852686629638
-0.08132566741500764
-0.18933561537049293
-0.12994980882915447
-0.3399248590888435
-0.20267179909619404
-0.34140928789153313
-0.17052832854342517
-0.23148247169636957
-0.023743445549695433
-0.3490767057836538
-0.37041213941532425
-0.15901449537818538
-0.22040819585014074
-0.26054840548176633
-0.01500567648187065
-0.019791390696938728
-0.16761058892423875
-0.3678263883965546
-0.047662098943979894
-0.38888029510540206
-0.18315692337564093
-0.3290806245267383
-0.25400300681065363
-0.4332578360788169
-0.4307806714768443
-0.33987748566353115
-0.011412352781545707
-0.007920599200008585
-0.46314887438249397
-0.551428280367677
-0.21057907242355628
-0.435533248414884
-0.18545347476943314
-0.20834389857528024
-0.5515184410161612
-0.45082477288966394
-0.3290974695482932
-0.24283739024723594
-0.19747161880350153
-0.4969986531040419
-0.06053008315614615
-0.3821143915382131
-0.4374663806272525
-0.48536448789227815
-0.421207788811925
-0.4629551505476217
-0.5369770758960265
-0.42798234731129015
-0.3584297523377122
-0.07217982271451502
-0.26805978957373705
-0.20689205789231163
-0.03870938169700403
-0.492035666597155
-0.5529294491880932
-0.5101709220364572
-0.24329067095777024
-0.18786402141686484
-0.39572113986119484
-0.39347386286524766
-0.09318621760805616
-0.1349131845590568
-0.20907271946353645
-0.3126983611024148
-0.39071225609951077
-0.5808898671634519
-0.11324323059820289
-0.17174288249605107
-0.41568959139818
-0.18057878022877397
-0.2781606252864071
-0.26975789595118754
-0.18500747331104975
-0.06193570472024056
-0.13111803052746024
-0.37833120910188384
-0.22094324142856514
-0.3512569606526854
-0.5232411955286672
-0.34681483152479003
-0.19574009100422274
-0.14728074350863274
-0.09796899460357618
-0.35982097576749505
-0.4131789556342164
-0.02124160080306808
-0.13454181522537906
-0.5381141857675782
-0.290421631200367
-0.2991931253808423
-0.23131889072076423
-0.17657977114384246
-0.20519762183982276
-0.07229490816526411
-0.0300183025245718
-0.47129925304598996
-0.18087823204503792
-0.022194186972703304
-0.27206641969192313
-0.2812182765534337
-0.2725838962647832
-0.47960963848169763
-0.05184533127588027
-0.22051954314729116
-0.32552385868349304
-0.5188929111496628
-0.16477875025290217
-0.3049117943554525
-0.29454489005185047
-0.38840071841405543
-0.5316630137979581
-0.20493710047911826
-0.4288012370225474
-0.4649251428425074
-0.3023789128722687
-0.32610526326242356
-0.467715630116894
-0.44994994796230464
-0.20967971713429212
-0.20647414905590164
-0.27820572638814817
-0.34066149364085696
-0.1585432061236424
-0.23503043475509078
-0.4461103066178007
-0.29924425525363124
-0.10692697547133724
-0.5836440864443976
-0.29259886936761903
-0.12699071992081443
-0.08314730903103311
-0.5369915037421175
-0.35761970085996514
-0.5745421999626565
-0.17613791497170547
-0.41249040925322983
-0.42192833401927254
-0.3169921995573798
-0.032578168624843175
-0.5954390404969078
-0.23143382401770224
-0.5538892591366577
-0.1932602313729787
-0.4893529798616211
-0.44057116673210905
-0.031427121231513984
-0.15771771200155063
-0.09744034776812553
-0.2931472455368326
-0.2440660676886583
-0.33807533675688706
-0.5119333346663452
-0.34189870439692654
-0.013406130359906898
-0.37538155216016933
-0.5544593387990779
-0.28392104582985217
-0.3766795923180057
-0.47097006667642566
-0.049141289532588804
-0.4326127468140503
-0.42363718992475347
-0.13436251244892497
-0.44189659227511613
-0.38639699285025414
-0.38263111859258475
-0.5774760082597963
-0.0776178865324984
-0.009168970961910503
-0.31339940664919275
-0.3355010886899736
-0.31738656709238655
-0.35551376897169507
-0.15756965413819837
-0.38819388354553414
-0.15392308874221658
-0.533243734564816
-0.48160326352606814
-0.24954776721400174
-0.2970305053432604
-0.409264044488584
-0.48208378792961903
-0.3654123795904857
-0.5304964908128427
-0.14877468452339124
-0.5138869334512143
-0.44997709426506954
-0.31389033787293874
-0.2972570306154045
-0.26247310376445937
