-0.23670497438665014
-0.20928661407210894
-0.20723824291026577
-0.1510715395582495
-0.1412759482288625
-0.09518654923473416
-0.06421042487634457
0.03434993808338711
0.025174327810626885
0.07358345291310546
0.1106798127907623
0.18681358936137665
0.19481108419910637
0.19924317930975155
0.1728875756263813
0.21232309867171356
0.14527992832860578
0.11441029541961929
0.03327949790849586
0.018607261170239843
-0.02805486109014862
-0.050265295389510176
-0.1316721437574124
-0.1417593729568879
-0.16775176227623037
-0.21345509424888062
-0.16955096828634883
-0.19602745762252072
-0.15446953558274498
-0.1717109456109649
-0.10238802881300575
-0.039587921440346875
-0.017341698100953644
0.060266807914829995
0.07978642517128923
0.10022769388169181
0.1830814214739367
0.15684636318410938
0.17340740863195822
0.18404001598878428
0.14416027624552397
0.1540332044838317
0.08736080748127838
0.11007409940044541
0.06970302185219787
0.0602008630719025
-0.08873510294799022
-0.09690432108321106
-0.15718212537182635
-0.16190607782252478
-0.20824484862442696
-0.14573041736312625
-0.2013195972245051
-0.17484899265956103
-0.13954921864428455
-0.10082235248381789
-0.08088992632210401
-0.009570358776548228
0.036500711855922324
0.10909394038031646
0.13422203957244275
0.14359673708749088
0.21879276844844614
0.2049957328594123
0.1691982252236655
0.14575849787776174
0.13133811996396477
0.14860823094750863
0.0841679506480449
0.02205922579469644
-0.039004232859110845
-0.09180238116416398
-0.06692053271422088
-0.1304274430267656
-0.1853814373952786
-0.1743064798535237
-0.2234656644611825
-0.18642775950559626
-0.18498121886720337
-0.12738916830535302
-0.06983673571913036
-0.054083836710405585
-0.0391972438247372
0.05602229717621911
0.09179390651160259
0.12162992336274808
0.11165047733911629
0.1746881039661806
0.21970239794697366
0.18461974664915828
0.17200444935830014
0.19239592949793546
0.11937308135664675
0.10606608917450956
0.05555870517612323
-0.01926545428651167
-0.06354790135768404
-0.0969791933965917
-0.14244861024602162
-0.18763184850178122
-0.17372425504313815
-0.18421505627790952
-0.16179360259305756
-0.17970648411550696
-0.17349964291478617
-0.15003920263253032
-0.06089239270209747
-0.0008981577901625917
5.728357314796137e-05
0.06932962447037602
0.12391206456468828
0.11671186825539966
0.1776293515091417
0.2246940140309031
0.1895416839589649
0.1751586821592765
0.13409104776755304
0.15465549628317116
0.09628373920660038
0.035628932089687634
-0.027285029350462973
-0.044682253536515545
-0.07512284563541555
-0.1114817384546149
-0.176645804446086
-0.15288129445272408
-0.18748417313000074
-0.1887731833673166
-0.14654034879991346
-0.15587961651191043
-0.13368097927752529
-0.06166702165767656
-0.029833863047555746
0.02387959315224283
0.08036835538880326
0.08550127253497912
0.14856041692821967
0.16886608084839355
0.2176154666392977
0.20834117234570096
0.19128713575008804
0.1373998468017325
0.12382518090206247
0.10086123410503305
0.052551594467800625
-0.026309304051791167
-0.06991286801270033
-0.10811456896047428
-0.08708714913671288
-0.12839151466997747
-0.2307608437927542
-0.16584609736815992
-0.21374355441824627
-0.15200726910945794
-0.17817178090465052
-0.085266982171683
-0.03623117738345407
-0.024519844608781715
0.0343370946914929
0.08125176281229893
0.11983396913474782
0.1612675105032255
0.18349771030440082
0.21747731138953857
0.17278439378697497
0.1654815867611503
0.16924929133756791
0.1267248946294448
0.05277422519134726
0.0672096335195607
-0.008148743173029228
-0.028835214081114037
-0.08688652080959389
-0.1262439498263726
-0.1582969802766427
-0.16283606449740443
-0.16480831241172822
-0.18454909895579513
-0.16831090504539473
-0.14602782998785718
-0.10564559056689318
-0.08329635094410473
-0.04605681947858066
0.008431963352445379
0.046639680940029044
0.1015644909991866
0.15986903389357113
0.18936836765794443
0.20124254515302525
0.19897197873792638
0.1959516474738914
0.16847934800529654
0.11600249870947096
0.09977023942091214
0.049953805950008555
-0.009644926214248537
-0.03219335071354442
-0.09398725039053626
-0.13125060357124904
-0.15916255754510508
-0.1674956092496383
-0.17988960434099344
-0.21348488981386757
-0.1799519763618578
-0.1340328923427546
-0.10742607022485473
-0.07732752959734446
6.035975963385523e-05
0.002847675472072788
0.08952831074597126
0.1746417383354878
0.17037867326131959
0.1527486812676817
0.19481146404511962
0.20587854769746994
0.18722435046283764
0.16507633607451425
0.132191329953604
0.0853039174938325
0.05645880918002838
-0.02017193047066973
-0.043996838411599896
-0.05861372203528504
-0.11224149704326296
-0.15746857184631363
-0.19624804636822554
-0.20028347941354024
-0.17735157274130237
-0.17976358963415437
-0.15853287873608424
-0.14164344653462457
-0.07568619641955296
-0.03359001110045186
0.04151955999900218
0.046424731132569105
0.10535641002806692
0.14987817961999433
0.18015515655304243
0.20505109484638726
0.20702028910319556
0.19293481255091544
0.13821062573467888
0.15313868374903453
0.08169503160887119
0.054533191071181444
0.01306675010020532
-0.017358688455842684
-0.05684898919206742
-0.12044062760532817
-0.13236774846965763
-0.20108888638329797
-0.16052376632874948
-0.167868244821538
-0.20357849838794173
-0.11267288062423927
-0.14709105868693206
