-0.15179002059564417
-0.13192499949120098
-0.08277701482061423
-0.02532445550176881
-0.21947387343783703
-0.26398241659567045
-0.011439727178916176
-0.2208281496260766
-0.20504191538116737
-0.23038872026691698
-0.21737804406973144
-0.15015740559879603
-0.1552361628091386
-0.13726949383706027
-0.22155620956884614
-0.13775360660383923
-0.15799685559118046
-0.19228757814355296
-0.16996981821488358
-0.18049739674778242
-0.0683727007246651
-0.15949011952875544
-0.09701849744156159
-0.06875663113100149
-0.1988374317716811
-0.14992624336617497
-0.11514945589649062
-0.23144797089565758
-0.0721631401113695
-0.019447950092346185
-0.06881448347748471
-0.15073752553787434
-0.19705529405367106
-0.05433747893079548
-0.05472969536180393
-0.05368376409215891
-0.08649603354905692
-0.17196485845143009
-0.011589614779671922
-0.05940332885724379
-0.1433368650970764
-0.11945700151083415
-0.11925112796438797
-0.12865904988076834
-0.13969839469792072
-0.20573196285367532
-0.19301167730960567
-0.18351707320777885
-0.14354211926615137
-0.0017420659146869452
-0.16715487995442346
-0.22446442589222285
-0.0966491849867997
-0.1435896304690364
-0.049566493433610116
-0.12213635532140726
-0.009840309970975927
-0.2569201861392261
-0.24007070973422012
-0.028789396640165672
-0.1396996319461491
-0.19753049855951152
-0.07905949818246176
-0.16992685206520222
-0.2297815809222116
-0.08038994512407673
-0.2436078092450735
-0.059890842714468276
-0.17536326696971294
-0.06170789674583906
-0.14960453739935328
-0.026636856147556624
-0.11970632172789356
-0.24888265209410634
-0.05019137245940866
-0.28367849315686205
-0.04525830725331895
-0.17565780775737885
-0.16903975080144237
-0.2696258370618168
-0.05119611161511273
-0.11682720553106737
-0.020652448811363338
-0.24976898841680062
-0.16951198620606198
-0.2131287425062569
-0.1481702271592973
0.028715872111740082
-0.14333373870408053
-0.1850344330807736
-0.0013821559390965257
-0.0678602040328492
-0.16824591475403836
-0.010930884882987803
-0.032580207899975615
-0.12892767003969235
-0.08206175608305843
-0.16774082613966304
-0.04431605338923746
-0.2509924445766629
-0.07402343090298168
-0.17357285815071208
-0.23816135061859958
-0.12330152673865466
-0.17351663365953388
-0.20275649067091592
-0.10280328761442374
-0.030052087775068077
-0.11042718753562877
-0.08300486619007472
-0.01751368155022138
-0.16210306403392483
-0.025614179309126524
-0.20599311020815406
-0.10408321022593393
-0.08438841223824681
-0.15453879078402882
-0.0663350601297164
0.030801184445877865
0.011520343030414604
-0.1838905785726253
-0.137961408846092
-0.05398060969835582
-0.2609538983940478
-0.14557140281119607
-0.11707889561552144
-0.04214633089703505
-0.21819142358445368
-0.24227004478165218
-0.1389530278161407
-0.02637777789854105
0.009289242529707595
-0.08381024632989696
-0.17733208605678166
-0.10850030081954126
-0.13854912807304992
-0.05935760015635155
-0.07007416986359234
-0.02373990096218654
-0.06984676991800456
-0.1717111677920377
0.025120689801076183
-0.18747269022903376
-0.1906347498562225
-0.17957443130894463
-0.030309647467608954
-0.1972026250797975
-0.06100173830915846
-0.04554398036250411
-0.10630959263175536
-0.11976366027061719
-0.22347271771497537
-0.1370434578682158
-0.23080666571988306
-0.14089792527401213
-0.14626280724968738
-0.03139861892659837
-0.10048375119553582
0.014108717835992973
-0.12412859308506749
-0.05325978292680136
-0.10407799184266162
-0.11116265548195009
-0.2194757290715851
-0.17109882387360648
-0.07090552892612918
-0.03915759258047066
-0.07025248151532663
-0.15910354925811926
-0.01971925756680136
-0.18037667749015618
-0.1711461937134989
-0.16298966562323036
-0.15658970643379855
-0.040467066019725814
-0.15122938155678584
-0.166872120893104
-0.14799935576272452
-0.1889335236749668
-0.07599067400267834
-0.05779091113377137
-0.04419220640203046
-0.17864163350103082
-0.08181747139491041
-0.0057212010798697935
-0.019557907426797173
-0.13029975388131226
-0.1635235066656749
-0.07473828551082262
-0.19350375992096072
-0.20933510800731833
-0.24775787872831723
-0.1647837775986025
-0.20450154817859803
-0.1337924276202054
-0.21093093892193304
-0.04108658158528976
-0.0857273332235279
-0.09684527456476744
-0.053368598689090975
-0.21213910433923594
-0.019806364582374236
-0.07616495724781697
-0.026738142937670337
-0.16436841934031138
-0.06330610811069202
-0.25199192549796523
-0.14670002445947683
-0.036331232471583055
-0.20881170626292744
-0.19134807414169724
-0.12862333034773785
-0.10287682380593471
-0.1377342858687423
-0.05039351390401146
-0.1558388964479036
-0.19899319360724904
-0.1932852413915882
-0.19380871319149923
-0.17475893505991164
-0.21924840078240526
-0.14682248232171674
-0.04828540180992748
-0.03213267350287319
-0.1847638701067703
-0.03392203506345127
-0.12422463117113447
-0.008407515505983345
-0.09589640542298887
-0.12346301640940367
-0.06480894497026564
-0.12603750733058372
-0.07103452627309134
-0.19412977880353838
-0.10181387413240207
-0.05043721112730401
-0.020728207452339935
-0.1358441307260597
-0.1810005202102704
-0.2334662533254706
-0.13431266804143677
-0.04821882954402443
-0.09195854247864002
-0.08603394963594764
-0.1662283796018465
0.00039644524986785085
-0.2661642547646207
-0.13757092184884032
-0.0245111062462826
-0.09360482542824083
-0.03184907342424258
-0.17597790477097236
-0.06161155946351559
-0.1634069753214138
-0.0595939128800997
-0.07562177731399625
