-0.7312667750053495
-0.6994070143933945
-0.7148910756105914
0.7294892255317021
0.7162119460534139
0.761358465723389
0.7315036619410704
0.7261531886107107
0.7293456513103377
0.723878575619547
0.7259892315615097
0.697637283913029
0.7036578533312475
0.7262308212945431
0.7112619946032108
0.7129807787252133
0.7282784342309682
0.6806607103499894
0.6726348651485915
0.7380507306039459
0.7148262078573433
0.6968188159991753
0.7356453321918662
0.708062111444649
0.7333146513453147
0.7843833401596031
0.69899218184958
0.714054067298235
0.7318917344101602
0.6800352526230482
0.7161275397516516
0.7499117469369528
0.7193051028811112
0.740045484923814
0.7211412437599888
0.7467434090061135
-0.7543447590242796
-0.7242764013262912
-0.7262684668596142
-0.7332863394143692
-0.742565550386823
-0.7132941110063461
-0.7177192000618098
-0.6994047749669142
-0.6897755791277674
-0.7043367058452172
-0.7540691828438867
-0.6997976514153463
-0.7095943268302609
-0.7333998095659298
-0.7189636279240165
-0.7344355687281918
-0.7394816605788896
-0.7295267542253717
-0.718566082945196
-0.7247929766563193
-0.744405994616993
-0.7602892797672002
-0.7206670720455325
-0.7095515184286896
-0.7448903896304209
-0.7347181342290735
-0.7084829576512063
-0.7007975420131108
-0.7625193255868263
-0.7276515363215534
-0.7081402125697641
-0.7358075303129495
-0.7174534871093152
-0.7100766090394217
0.720411624182955
0.7370306187314732
0.7224548035775068
0.7203999067632038
0.7206849122822754
0.7414150543764066
0.7193097358560645
0.6963031371951898
0.7579104924787833
0.7183620983205455
0.7363386357747925
0.7454992351007657
0.6864656976207404
0.7339629283845378
0.7452303316938004
0.7421468581653895
0.6871060960569791
0.708265412525144
0.7119312277932521
0.7159946390445416
0.7754799182405373
0.7073445194642051
0.7216309744343716
0.7144766856292716
0.7142546818010032
0.7307664640499112
0.7407648725090343
0.7121540767464595
0.751429085593481
0.7139860748881041
0.7110264114443288
0.7464434006258124
0.7142902867585381
-0.6916131808337167
-0.7398266736979521
-0.6954540731802435
-0.7182362300930225
-0.7827348926579691
-0.6925790305403121
-0.6908131359705386
-0.7169404123876235
-0.6900890656031052
-0.7358830128692068
-0.7357463236304491
-0.711211431759744
-0.7263453788341454
-0.7227342164276039
-0.6971713229889498
-0.7166240320009857
-0.7085950444397557
-0.7514628315901092
-0.7348096560070566
-0.7205743215953201
-0.7106731578168995
-0.7137869418791957
-0.7469398344894669
-0.7372429199680318
-0.7067044174499372
-0.7234371519055248
-0.7256563305358807
-0.710579152636289
-0.6967666657706886
-0.7197789751504248
-0.7440889600514421
-0.7288354233671781
-0.765137043245003
-0.719213245399286
0.7182228824352773
0.7219282259774781
0.7148386172277188
0.7163148148638127
0.7257914685814197
0.7309494808449045
0.7621942799569247
0.7218905734586885
0.7044148010538747
0.7376048691663787
0.7491205929965209
0.7625407727541766
0.7129390864876549
0.7676457065283062
0.7159206642936954
0.7476431862049848
0.7070599475801598
0.7150026677828051
0.7032819154078367
0.7284357422662321
0.7505061987733692
0.7230901407537912
0.7194613175594506
0.7457897199040219
0.7136230614186627
0.7339618126118584
0.7485042285493702
0.7190824615494267
0.7315487722853373
0.7450221836570717
0.7154045535548699
0.7080754892136906
0.7230413742998064
-0.7060325357587833
-0.7350009742358967
-0.7094245330745877
-0.7200178534104653
-0.7278768177896977
-0.7079618740158482
-0.728447384000177
-0.7247917972119555
-0.7141073600248823
-0.686841132037258
-0.7534015528637519
-0.7274067448991265
-0.7588126422287884
-0.7114405544658964
-0.7237368223285893
-0.6960772517151876
-0.7291777778170604
-0.7404136010681168
-0.6827651886660039
-0.7188960131496742
-0.7139391718214293
-0.6988319274561603
-0.7624569672460121
-0.7234227874587462
-0.7020815021234351
-0.7369435066193847
-0.7353756515104355
-0.725347348491439
-0.6872064117163339
-0.734467741176945
-0.7414580435260247
-0.7400130548635172
-0.7085435407677666
-0.7456875105395326
0.723750562555525
0.7568300694281238
0.732759983843331
0.6983045243440341
0.733293825824962
0.7233459834716538
0.7305166341014342
0.7431970733695165
0.7493351215113866
0.7053785959305421
0.7596045662093129
0.7278969466152766
0.7066212582557795
0.740020993243404
0.7428553695516293
0.7064209118265762
0.7400360197975473
0.7173949448978659
0.7232332870126016
0.7293208872810911
0.6933965098549801
0.6911887231685876
0.7204444282381618
0.7063018019407555
0.7045680469423311
0.7580948016912915
0.7133022779524185
0.7126229716461185
0.7069067595829174
0.7233728262990197
0.7577570367636038
0.7255243173883045
0.7547619555731306
-0.7459319729752263
-0.7210588886668928
-0.7197033375903249
-0.7423416362315753
-0.7475619039787051
-0.7086615814762479
-0.7055203562253404
-0.7705704145090563
-0.7600259447705957
-0.7432555504211477
-0.7162512912932889
-0.7051352479779732
-0.7553939786094547
-0.6960248934976738
-0.7337035352953447
-0.7307854657963557
-0.7042524987752607
-0.713089433399841
-0.693957935289817
