-0.004532329515403642
0.2552709714707352
0.2778148088859575
0.42332479366800807
0.4128112360741792
0.4335046240770805
0.22088916210048912
0.0864839958728924
0.08202751254580325
0.5869115525030871
0.2058763753100161
0.20120462454437266
0.9763005262979203
0.09579292555759232
0.18179404404074428
0.46481580261470756
0.42496631158801373
-0.028394187528454688
0.41222166773496627
0.8873745803144035
0.8009613984884256
0.8592058760403681
0.09315190136496339
0.670109762833365
0.6506908507947732
0.036765934613927735
0.508883784843534
0.00897007708998499
0.35878320983835477
0.4438301586026384
0.11909899631961288
0.43177820180357224
0.23852885371449042
0.674100014656222
0.8110326800292362
0.08261912685041697
0.22613456469140664
0.4394843518049863
0.7418572189347139
0.6359938059374782
0.8813620008356202
0.19751345920849758
0.6594490651282534
0.04337627039165294
0.13436926476663272
0.27903853532254813
0.48360634978702793
0.6810980056190271
0.464003647445993
0.9272131042190538
0.602536250568776
0.08813820973605743
0.08133040890595694
0.32341061977107266
0.7261022049913304
0.08643990956028628
0.5809756388303337
0.21763071731308756
0.3491888484600594
0.6417227548201052
0.9581136145855962
0.7336715013686076
0.610445623699659
0.20939984892894578
0.5813595249365809
0.4909970315925656
0.22787549913130825
0.8119760385520882
0.871385968102758
0.8130956554947908
0.6819350045665412
0.8245765685488905
0.6093702104521794
0.3572131795177162
0.07489025930945867
0.5950899822852126
0.37462405819964106
0.4756697905147282
0.7272565167152283
0.15943511797514884
0.9092711630329262
0.671264928285705
0.6496705980721741
0.2813461737643911
0.506013175915971
0.612095568162743
0.38814955386201444
-0.006973748488081859
0.871783264509833
0.2287713321920662
0.16923465851527908
0.5730208781618564
0.3757612409183431
0.45676074634261343
0.08104911256885111
0.5573609421112824
0.13712453654195642
0.6397639423248281
0.23413111206858217
0.7197946828716482
0.7675989404728435
0.493822297724035
0.8500565306256079
0.8189342792178844
0.6438105177104564
0.709973165150063
0.4543825248575642
0.1965902522576265
0.5334630585627651
0.3478163610206949
0.15720123834031852
0.5416351992762639
0.462715697064673
0.5447043205526447
0.7556662967207693
0.9047656469773779
0.23835139507147723
0.695742217804734
0.38999060216376097
0.12222970377493043
0.3277181904317241
0.6499640633186566
0.7328274297127431
-0.02929676127704987
0.9605808405883537
0.34409231742123997
0.2997477385407837
0.5304938169838906
0.8809420707559525
0.695496049159226
0.8390945349593093
0.8084424903411795
0.39810101508560275
0.46605470268608346
0.7894814803828334
0.18860515449703497
0.8638959745620366
0.4568391940000607
0.010305720153638441
0.6529188724768307
0.27337864263705863
0.5354577664841932
0.7779513023687947
0.2974263348524329
0.634990013234177
0.6499005154579285
0.6886362996187507
0.505473799358474
0.46378410442039075
0.33309162122063923
0.7567365919017317
0.2993844730201089
0.900613742074706
0.10777467585237906
0.5417602770444234
0.16989476418874958
0.7626023199677849
0.6742294643719442
0.2802063342210016
0.03503922725192723
0.602060392810525
0.29367067649317463
0.5405569659231039
0.39308932546002057
0.4218593171549316
0.7171981694070024
0.710186057161878
0.08117845770648946
0.2640207899475826
0.05898720936036915
0.6521037961644085
0.5103483688172405
0.2311893600517254
0.7604090380942176
0.4464424860269635
0.8564958320274234
0.521707071708984
0.6619825804895128
0.5716015768226768
0.6623951047772485
0.19634418094067155
0.04378128783259426
0.9494914745295219
0.7570168508564644
0.8398217202412019
0.4578796162346976
0.19139053239670642
0.9909301101605936
0.12175432706090844
0.7259714867422774
0.6274950436326098
0.5233190376494044
0.42460703931800114
0.34613003111423823
0.3032152571985761
0.877899673802112
0.0329113842130364
0.020146030300273485
0.15366617429428248
0.599683433148551
0.4440737775912707
0.7583590959659702
0.37937706330877163
0.31817933975381946
0.4966800284113374
0.8425001229583227
0.5875549585869136
0.7538813566785882
0.8391982658953624
0.3910924867953578
0.3361478003381186
0.3889665969844742
0.16466844813752757
0.49262501606664966
0.7729103551440349
0.6286920874861582
0.025971714703961646
0.47938021439982687
0.4119957915654811
0.43223872897954835
0.7477463765951686
0.42019837548290023
0.6335967780245646
0.4585299356597538
0.4989817181211788
0.4716915900269829
0.5450580731099556
0.38294759826129615
0.81566941017923
0.68579624160501
0.32429626057918676
0.07917175729531556
0.14083248763574274
0.0074273388881419
0.1411523614505666
0.1402264473618571
0.46646623223575084
0.6310965264384437
0.8012446576186905
0.1522199226451771
0.17267958677887088
0.26318041662717184
0.14628696059479848
0.1068939831170897
0.6439094489656887
0.9173619805598066
0.245474426351925
0.8548761087079161
0.6467514606297569
0.9015646862440173
0.35809914603975224
0.6612098025207231
0.5457246486680534
0.7479404883340258
0.14717474053087048
0.5357652254924928
