-0.12943958072762984
-0.5782431918442545
-0.2455680091267075
-0.743733215080477
-0.4655991561134397
-0.4628768125686772
-0.26267416366080976
-0.8068877325645009
-0.5802893531085306
-0.25598547589038895
-0.5165409062130767
-0.7854011722169995
-0.06165813457501433
-0.7028008126819071
-0.5823077108716355
-0.7415685720715288
-0.30292837476454637
-0.35456538347764716
-0.6220105805817573
-0.5333822632477738
-0.11534019075909333
-0.5977703777555651
-0.46476955470226594
-0.6638827645323788
-0.24499712724477862
-0.6013960502538344
-0.7976406514798687
-0.5525032485288064
-0.457700591502479
-0.24894218521023134
-0.1759846103373888
-0.7083907942247184
-0.7512120659036448
-0.6943031673133784
0.001127658120041666
-0.6650797654888725
-0.03622340689740376
-0.08206279530409542
-0.4509787431754162
-0.24790133558963662
-0.32907298979992916
-0.7701688149417071
-0.016521590539822297
-0.4197715506396084
-0.44080352228155595
-0.3764362677763935
-0.648359683864246
-0.5713189631547355
-0.7095686055895041
-0.5675606650231593
-0.40599127059036394
-0.5582568653948499
-0.5375904299859109
-0.6904202088833622
-0.21754445177293377
-0.7117721452047501
-0.12771602945986327
-0.780196775527163
-0.341092329601844
-0.33699506927438033
-0.18791185870203175
-0.38682165492042714
-0.5453246120949697
-0.3728247586631407
-0.25529612775121974
-0.03650211177521426
-0.2568031785317935
-0.2783020610772621
-0.013388461180640417
-0.44281550413785115
-0.8106136734161019
-0.2650734170726299
-0.4759688879144735
-0.1619087961882278
-0.5890675140411914
-0.750504540775231
-0.3359888913900007
-0.0185860949060591
-0.3068015174315009
-0.6500664799776761
-0.6395994645678377
-0.1903890005650814
-0.19724152054018448
-0.2876512858594252
-0.6293974718837676
-0.10695682051471664
-0.15393014690251594
-0.3411291290415232
-0.18479644819472596
-0.00464110888584059
-0.3555996976100745
-0.38613585102455245
-0.34749961976019295
-0.1396398797794883
-0.36049713346292805
-0.3650968641423068
-0.37289972598076465
-0.13451231097851096
-0.2504356550204464
-0.7447847907338438
-0.7089327917316565
-0.6003290040536189
-0.1679762857774016
-0.144039551494703
-0.12285336503257316
-0.20760480256085162
-0.5387668570941603
-0.06279745286541943
-0.29240836132289083
-0.03192528078888622
-0.055380004891539075
-0.4658395076565156
-0.06232942707966109
-0.4251395744296279
-0.5428639276026306
-0.6467898032303028
-0.012364671787816212
-0.639962244190979
0.0021874281236483606
-0.264358623780956
-0.6126105163486765
-0.4006498426863553
-0.7790588024469779
-0.6118439774419848
-0.5409477372404304
-0.16261467975426172
-0.6798804196851786
-0.03514408921114273
-0.1548274410435178
-0.24716095452938908
-0.6364697116100827
-0.24072987381398114
-0.16638741563676987
-0.11693799971960532
-0.30146629476847076
-0.17778175425377493
-0.4043227021320903
-0.455311623695655
-0.6086997335739445
-0.5689466614670161
-0.08526659169228558
-0.484194879319934
-0.04336550146790837
-0.03288798540866129
-0.5147360414166278
-0.6820086229508722
-0.01809981546600215
-0.6234353575412409
-0.31375950624696897
-0.5587862696858839
-0.46816021722955575
-0.059091814938718984
-0.4704889151832104
-0.6296557399584519
-0.43436410100209466
-0.570866366221584
-0.18306902550945153
-0.6234634836224636
-0.07356593108187653
-0.1568582979360113
-0.5333388281823053
-0.1670767448307428
-0.6270617654598303
-0.32115329107725166
-0.7566351009210732
-0.2523129647372849
-0.7042757433226655
-0.6377780476564254
-0.045270583860442616
-0.008695639326739224
-0.1875894328725698
-0.23244923592478797
-0.5575531145901939
-0.16928772325692754
-0.4916031103329866
-0.3424054114938957
-0.7490145001227074
-0.6463836378567723
-0.2174467126265231
-0.6831383820066088
-0.765453289937314
-0.5406778319798807
-0.7638395466500888
-0.21681819152347462
-0.051476961754785354
-0.25189090231169176
-0.14064190894210535
-0.6173313873148155
-0.03352968457156022
-0.46077298837771197
-0.5448779472434221
-0.06760237480276193
-0.5086295277889854
-0.6811324542406944
-0.6998000543728373
-0.499283632604313
-0.5180359194030271
-0.5283636775352253
-0.6266863188761828
-0.28631160798737
-0.03935754876970614
-0.7464249011766305
-0.1530388469279383
-0.4521888157171177
-0.37228642979008325
-0.07223309935633197
-0.23673423801257035
-0.6094812577721824
-0.7621362007429153
0.02129245243958666
-0.4548310195937976
-0.5019641376002819
-0.5265453652326462
-0.69637281236857
-0.18560400241000166
-0.2748698975059835
-0.028910791568996008
-0.651842466616061
-0.25315598040895165
-0.48745752890111005
-0.5620724386247392
-0.12404467674626886
-0.5928591230444121
-0.3552840232287032
-0.64731166744839
-0.46354915669258073
-0.3209496304075772
-0.39072518193819417
-0.6822626749242205
-0.7681613593389162
-0.13431303209280335
-0.059537130617150893
-0.14327928467678214
-0.3770707537613253
-0.12713726412931742
-0.20326572180526262
-0.32274914515376835
-0.12141174093422019
-0.7273960846599838
-0.7034122568420027
-0.050038190395052695
-0.6037796630251021
-0.06424559118485634
-0.20969465198927184
-0.045127272265547747
-0.33938295829584664
-0.5166038425608745
-0.06118381784189897
-0.15779825956433347
-0.14231285340718727
-0.44969589447141894
-0.12681497700923328
-0.04024049388365608
-0.34154994667174127
-0.14741654107274588
-0.35139787139821893
