-0.5345102892704627
-0.5992284423260544
-0.6291011257440929
-0.6881980601344484
-0.6937745123391551
-0.7615192170718388
-0.7299664345777239
-0.7017536597101051
-0.6413724519111446
-0.595256303369641
-0.5920251585270807
-0.5303406300252755
-0.5016904795827954
-0.4244091533619586
-0.36930712978070174
-0.34327232595781343
-0.24700874691070646
-0.25611981058390176
-0.18019223879169324
-0.14721038524897234
-0.11274586188690965
-0.01138975493752218
-0.020843769849475703
0.018325325490910038
0.10110843017053898
0.09800112729513327
0.147514083157026
0.22032868304653014
0.27189600160258764
0.3205720214085946
0.38621598562416787
0.42084830903705983
0.4405626151742655
0.5131378256156277
0.5776033523878554
0.6145823715433585
0.6720658668624286
0.7323590425141739
0.7267732670312899
0.761175758777976
0.7259578612049173
0.6586490621309848
0.6259959788289622
0.5842811883124903
0.5309626116693994
0.4847013804028144
0.4686504182546218
0.39132063906679193
0.3433355703168346
0.28695705095492496
0.26273925529896125
0.22227188693185518
0.15762609113756576
0.09033359715739679
0.05592480765928794
0.0065101105689024455
-0.0002484926772721406
-0.0740262630818572
-0.11037510898921728
-0.15534054118570895
-0.19025355177225134
-0.2515785135865663
-0.31078986028875794
-0.3573008911035004
-0.39240647171069026
-0.4409335430359648
-0.4744196292527205
-0.5516794234980297
-0.6035279154521179
-0.6310009776308557
-0.6740255472920357
-0.7214388847801179
-0.7542114320856973
-0.7625887034033777
-0.674322217234628
-0.641733972672619
-0.6114870316394027
-0.5605192952288893
-0.5262748979047583
-0.49621953010971226
-0.3915404168109547
-0.3541740678484942
-0.33750964722490967
-0.2710197447087023
-0.24052006717385985
-0.16376163453887427
-0.1303106441395893
-0.05027399949308489
-0.10469942178975064
-0.006799922324026945
0.10537498399859768
0.1047964276805416
0.18489821505103726
0.22742060567531874
0.23000429725394497
0.25348803685267096
0.32175840251914645
0.37370449396675604
0.4436422320383692
0.474810614574013
0.5249757659544336
0.5672818789451356
0.6516589797366109
0.6888688924691393
0.6912200366986716
0.7672115951006161
0.7789490842049854
0.7276142351642815
0.6822533174201739
0.6292786417151667
0.5696687435165194
0.5488036922017435
0.48348453327061675
0.4319016754910174
0.40725741029112766
0.3495447649724228
0.2948179842963205
0.26042930006150444
0.2080748574013354
0.14634826966032688
0.12787017243174764
0.04613938136720941
0.01736162137390403
0.011287159151313671
-0.11372053883287775
-0.13563924492444926
-0.14452494616616468
-0.22913116210457224
-0.24246823008203747
-0.3056216676669874
-0.3627193199444397
-0.3810017431526399
-0.4258937113823026
-0.520808686591769
-0.5536680605179672
-0.5718648732430189
-0.6380174629276137
-0.6767083921253383
-0.7471799752818761
-0.8023551050207127
-0.7491585199943602
-0.7030802275296448
-0.6574977827504486
-0.6047983641545055
-0.6088527851955434
-0.5085598443701228
-0.48461053787194214
-0.4057738132263714
-0.37122978474623125
-0.3093250388698921
-0.2779552982690919
-0.22387329522054708
-0.18825653821581423
-0.12294060191240216
-0.05856445366130288
-0.08703568880781963
0.017325875781058278
0.03904504133283759
0.023691926082597473
0.13559057896073778
0.23968143486351368
0.2496587634350786
0.2849823160762322
0.32299045145999217
0.3610283784544177
0.42444866168199086
0.4565578784527449
0.5315495128241914
0.5495519176137149
0.6046156053429003
0.6669424493091757
0.6903435981334513
0.7522704020934814
0.7564056474908799
0.7018720413841909
0.6807339548950829
0.5923175741740254
0.6217260714400994
0.5261414318611928
0.47955069677242385
0.41364721929491904
0.43150986428555743
0.3667852068571518
0.2848042727561214
0.2684259063830125
0.20891531145063538
0.17065796456110285
0.11360502371290469
0.0741714503808497
0.002714473465437567
-0.002894794534946968
-0.07806463806274168
-0.15835547163641323
-0.14864469746844985
-0.21101629717648115
-0.2792238275646795
-0.2941354051337213
-0.36321976757478797
-0.39739407449195563
-0.44606940137943374
-0.47767529708387263
-0.5493611895830756
-0.6231197287853228
-0.6483246861570058
-0.6856733099230113
-0.7082772370095006
-0.7914897543446572
-0.7150637018525072
-0.7144383078438991
-0.6590976880270702
-0.5584740305376351
-0.5712413518597376
-0.5263370285747375
-0.4595232207626393
-0.39919665614298716
-0.3887087141694675
-0.3251423697271179
-0.27570852385070777
-0.22282840194211984
-0.16675211486773742
-0.08993791938337392
-0.04884463372550174
-0.01415586230625707
-0.0038943615753860347
0.08816993400241918
0.12023334596494956
0.11742856986129374
0.18668865593270212
0.21681636352756736
0.29887487059674506
0.32938646305576325
0.4118614350573806
0.4540714931253778
0.5136111803551953
0.5753257463797595
0.5727130214401608
0.6158089525227374
0.6657207250689058
0.7026522361298111
0.7840396733823061
0.7527226312173982
0.7114709984828186
0.6266703261119834
0.6284966149523491
0.6000579019722297
0.5091181551814217
0.46032385235022144
0.4375784903391862
0.4175767312844611
0.3569245623596144
0.2867650056164981
0.23449482563960872
0.20822448660469414
0.1336166852670101
0.11990248529013947
0.09169359101706542
