-0.26696276863707796
-0.23831434189192188
-0.22612298179385978
-0.20186541708771322
-0.1689872508682795
-0.18580074131043028
-0.17558166604234493
-0.1879664068029487
-0.16495632852698647
-0.14903525816048832
-0.13333887631769115
-0.11228566720826653
-0.12254511941471838
-0.13476908866285256
-0.09721646767295496
-0.11670563622038478
-0.11485820499830522
-0.08183981564997336
-0.11015230938421725
-0.06313673049768034
-0.020324487421942664
-0.027702010253514205
-0.011624864316400321
-0.055173594583930126
-0.029326488685687407
-0.005013587120500205
0.009769468378075649
0.022014228211945375
0.022120832752094515
0.0008745012995010973
0.015797712882864526
0.04820720802578543
0.07019669337962398
0.06968836732811462
0.07440651315024431
0.08444929616272902
0.08681652999948192
0.11466197209907347
0.12254410619716238
0.14702869844002617
0.12189159541749889
0.15966139413710217
0.1266243739725469
0.1743895430912845
0.17533931912240955
0.17454634719469597
0.182011894187773
0.20280939627774913
0.16532584369785136
0.2194985813923343
0.26091922665535316
0.25273879528881626
0.25248561583822643
0.25796238909189834
0.26210506461291905
0.2787856693483
0.2764550763640737
0.2909986669402052
0.2932431349812404
-0.3211122262163569
-0.2987093402132209
-0.28182632729267293
-0.29599784473936674
-0.23653335849815904
-0.2621390825392786
-0.24385419396863375
-0.2541104319845266
-0.2159554699338733
-0.23945551517285008
-0.22946914901789364
-0.24140451531089424
-0.16031454728360373
-0.1673619897754812
-0.18052958606948105
-0.16214053341966858
-0.13256597550899463
-0.15492468744896926
-0.15885393455865834
-0.1613581960041559
-0.11421672279037856
-0.11891263648295719
-0.11238751067360744
-0.12175135698089544
-0.08866862357552736
-0.06617334461445051
-0.11441526731361235
-0.05642669969864311
-0.051267426129774266
-0.016884072647667683
-0.007466596894536062
-0.04607711710589542
0.0027118058581628163
-0.0012505453059753302
-0.03745738127094512
0.024937481234000504
0.042578518917961876
0.043362653672660414
0.0421200911686869
0.02805150448162297
0.043854603114755336
0.033955151143155754
0.07705864285235117
0.10080997498051546
0.08831080636196298
0.10987464108127334
0.08671703531109168
0.1019728821228948
0.1592277615511693
0.16360250341977617
0.1347939649340156
0.15910299950876225
0.18184672917998243
0.20434068665501381
0.17638616955514455
0.2064215083719877
0.2210177400094036
0.1955683118820281
0.20276026848141018
0.2913747611004923
0.24707808247938842
0.27025085902138635
0.2454539142731313
0.27411246844570253
0.23652396476855678
0.27950089829059444
0.29103473997487206
-0.2988841259511791
-0.2817017124068298
-0.2589592024610421
-0.3054066096794849
-0.27014807543526326
-0.24695940649481496
-0.27980065425326067
-0.2665305121280179
-0.22352202658608325
-0.2023467482674859
-0.21531660783348974
-0.2045003641534244
-0.2002088912321372
-0.19870440618604265
-0.2130587718193704
-0.17803912776591194
-0.1609470190871987
-0.14253521506023714
-0.14115157366353545
-0.169464975816948
-0.1136968929564398
-0.10485777457114417
-0.11615415667738373
-0.12968205794034077
-0.13074859670677022
-0.09666848856556925
-0.06074532930149613
-0.0768882438833443
-0.030262319416114274
-0.05218447251986162
-0.03560084333188763
-0.006337188076472964
-0.01865086101627795
0.043624816437612665
0.019647745714606833
0.04206022138510852
0.0036286268917203636
0.023627208283559693
0.0779049420115368
0.09556462103693736
0.05862346909149026
0.05756273864731094
0.07293868538285088
0.0677561680131333
0.12115058946419505
0.1338968836635939
0.10210391506680877
0.1565021805999788
0.120078282351454
0.12441642545011301
0.1687846774662847
0.15614521607856435
0.19365286927199973
0.1684072915398454
0.20518682660297616
0.22207065253166167
0.21530155541087087
0.2232729315824071
0.21439732211711923
0.2505447145010894
0.226011312362568
0.2829761436215218
0.24420703865360127
0.2965201352315353
0.301818918511613
0.294091505003377
0.33173760706736255
-0.32348616971757854
-0.3135613396060397
-0.29334871758053366
-0.30119183512924924
-0.2808200737913172
-0.28984428616760094
-0.22696155682014515
-0.23263751126067014
-0.2532285932496436
-0.23380464795318037
-0.19130400617293408
-0.22242079338186221
-0.21667764842735748
-0.1958428812524399
-0.18145388823345493
-0.16003621964975298
-0.1741355725974018
-0.16464876387405195
-0.14399449537943879
-0.14839997374777789
-0.15894679789765054
-0.13287893398322875
-0.09354085747042332
-0.08874251131952568
-0.10870642233315747
-0.06617652086832342
-0.07039489834648459
-0.06578268276620788
-0.0406265126558526
-0.0615907789636782
-0.050122636545817716
-0.009212321418013984
0.0010460576824798378
0.010310000781136894
-0.002261248892077564
0.021189495718180545
0.029412474416756124
0.032605443261471904
0.033140285692215755
0.04603066195831129
0.07853855994212935
0.060536130658388476
0.09901520316486975
0.0734346714583667
0.10921999097964737
0.08374171099014026
0.10562284364010024
0.13321296399771798
0.10195494167941258
0.13679678283598276
0.17933609748704285
0.16933738657519531
0.180440470608996
0.1780241229463576
0.19866597202083688
0.20924935726048655
0.20195970189161394
0.2416503591804861
0.252477599816687
0.2135562460426766
0.24897895701935555
0.2536872249424042
0.2674933739711586
