0.5993398535189266
0.5909690707814234
0.6217645930214144
0.6346590059853359
0.642306423269529
0.6371026935753726
0.5770256700176578
0.6712653999578609
-0.608357092420543
-0.613452624099396
-0.5935236931800941
-0.6070262588069473
-0.6239293934941582
-0.6122629023423715
-0.5970866751595878
-0.5969108976041113
-0.6184823290061608
-0.5824186636189264
-0.575246934077062
-0.595045080055143
-0.5867716261330499
-0.6296119616602429
-0.604039494763166
-0.5750381690784357
0.5797350134211241
0.5940083617609746
0.6177316605092039
0.5653505363270466
0.6377960870292839
0.6219385334770703
0.6093422078711282
0.592308821487501
0.6396661861729469
0.60350876287249
0.6018838147269302
0.6152571908503275
0.6056015110848748
0.6242489198492047
0.6203245441630362
0.5738281513715838
0.6109000063352098
-0.6114284937207818
-0.6067393851917673
-0.6372030894422027
-0.6014359079776705
-0.5941110460170588
-0.6162051298748571
-0.5476901901398076
-0.6173767590777871
-0.5921713721292219
-0.5861712679135723
-0.6307329512551327
-0.6083581625446274
-0.5847624361790182
-0.5864964636925974
-0.638953612816666
-0.6309145211897753
-0.574523425147959
0.5560273269894596
0.6007792319729987
0.6220701038961147
0.609890199067461
0.6105825844971788
0.5998340107612552
0.569282112677551
0.609801737259539
0.6051326805779484
0.6018368356218988
0.5900501360725819
0.6057660251766764
0.5848011581637613
0.6085430035886301
0.607814051569091
0.6042843955888045
-0.6228211297047137
-0.6035673443968588
-0.6195211243367101
-0.6199453428651474
-0.630866451909353
-0.5935745945007604
-0.6314696940614024
-0.6106138125820177
-0.6382488689224507
-0.6349459083690419
-0.5897071119753623
-0.6092039610671713
-0.6236355537025877
-0.6161276564606231
-0.6171081310008437
-0.5956856102731841
-0.5941338207791439
0.6140344080874063
0.6194860768543388
0.6081688428123048
0.6208976307345713
0.6032531393807132
0.6168371577845502
0.6302341247214092
0.6018175981217888
0.5927617554903729
0.5960887755331121
0.6063436364380914
0.5971588105452004
0.6000445147707683
0.6288276674375154
0.5896841753552469
0.5912486084272668
0.6065968005475996
-0.6034578387939432
-0.628681134465937
-0.6131987687936464
-0.5764073500477264
-0.6047104273284719
-0.5754556634208562
-0.6099546118702114
-0.6073908151418002
-0.5977797209688045
-0.6064632644873035
-0.6328388831467572
-0.6048458771168742
-0.5906907968872493
-0.5754275300345331
-0.5973324174917564
-0.5968416174085689
-0.612767970275831
0.6029390664948637
0.6394402499501687
0.5611788794335091
0.5723080391236306
0.5864664506752519
0.5919582002048793
0.6211402118948441
0.5921300804089128
0.6201701333766049
0.6019173527469284
0.6056520693180896
0.5837848053421661
0.6004324212169477
0.6162671470899037
0.565179904377261
0.594158681897838
-0.5793718366553515
-0.5966813593046287
-0.6243584542639832
-0.6025737123816729
-0.5992800096649148
-0.6192635039006519
-0.6180871640041368
-0.6192083480873312
-0.6413243404742605
-0.6058322277326549
-0.587798072441526
-0.6153372271335487
-0.589946367445804
-0.6008972769763313
-0.5982923368048605
-0.5993878150377754
-0.6008172906593665
0.6026840981325157
0.6002267526635218
0.5811175074071886
0.6422409951319445
0.6278336846086596
0.607828851034767
0.6047370569456242
0.5981185928621614
0.6188669190609909
0.5815001550897383
0.6178700328032155
0.6336566970022182
0.642308532079615
0.6158320024097155
0.622084463118891
0.6112251988550202
0.6012564860820503
-0.6361635238316333
-0.5695093221506532
-0.6410918565914927
-0.6090350811408074
-0.6211084693796086
-0.6250292191251366
-0.5953918896518164
-0.5911758204050925
-0.5914036265129691
-0.6022726438768704
-0.6088920178291685
-0.6300378777906244
-0.6128860624483602
-0.5863844978505173
-0.6266461766341789
-0.6072165374086059
-0.6233038176234188
0.596893655631923
0.5759981848510125
0.6144472221062491
0.6008531839638622
0.6111831769820625
0.6153736112601482
0.5812589823121422
0.6080383210359567
0.6221102500715142
0.5994730577748293
0.6130991934986134
0.6332023009308371
0.6522771448159745
0.5637477091329359
0.6014127068946643
0.6146979775048547
-0.605659121547869
-0.6472232055222333
-0.5929832734278213
-0.5788539975586244
-0.6230363294316797
-0.6520445095941281
-0.6424727997811149
-0.6314914015080024
-0.559058753140427
-0.6042818693298889
-0.5933890117210967
-0.6037221295445151
-0.596570120224066
-0.5860313506929091
-0.578770791037697
-0.6271057105021711
-0.653939955458233
0.640447891864336
0.5910101764929256
0.609143324746921
0.6215038572467322
0.6101465003344705
0.6021863709045684
0.6094645882199785
0.5850095346850469
0.5998207232661072
0.5745811696308614
0.6229820974165156
0.60836859311918
0.6264190921525468
0.6084643520885468
0.6136454537374186
0.6265440568587515
0.5996332111839568
-0.6361274690240314
-0.6214818877128927
-0.6149694861783157
-0.620061582663068
-0.6485450049797479
-0.619973966046614
-0.6185436354055743
-0.595715293180809
-0.6299561898663956
-0.6169885030031791
-0.6161886439264631
-0.6347561756450671
-0.5926171739910411
-0.6130258016799515
