0.9552134701857438
0.9419976932892027
0.9744258358913656
0.9798943973552259
-0.9745414826604142
-0.9608437515605185
-0.9458588768949208
-0.9787074569766075
-0.9456016772563147
-0.9533180283631009
-0.9578103147964373
-0.9415573587484336
-0.9723217990343341
-0.9301249279761274
-0.9698274973820653
-0.9116833473329337
-0.9450354631690817
-0.9787806109520197
-0.984673034827431
-0.9673846244336453
0.9753735472587541
0.9792298665407321
0.9656941798324143
0.9482376224206418
0.9496340045747457
0.9402166741846688
0.9893274626565647
0.9885118833594004
0.9674140557830261
0.9559466617130392
0.9022748666736377
0.9550661418383025
0.9761689108957978
0.9490958664951874
0.9391740121477629
0.9675348525206233
0.9371220076770328
-0.9863011544811326
-0.9893172754848889
-0.93134793972571
-0.9298168571013331
-1.000539442328869
-0.9901884592997872
-0.9621803176817487
-0.970518431562877
-0.9530604972417711
-0.9752887902966103
-0.9671044410698323
-0.9581531434180933
-0.9621890728432637
-0.9339434936742971
-0.9918922873438281
-0.9850849548130403
-0.963590895874207
1.0011677685587408
0.9526889777402211
0.9627013451707391
0.9588469548863907
0.9439657656253542
0.9282110915115296
0.9735236318182678
0.9441312352538298
0.9597594925531128
0.9868831480029338
0.9775968952208283
0.9439221189919171
0.9465606487589383
0.9173850821268079
0.9446628605702072
0.955998217068244
0.9616919631312543
-0.9615077735433685
-0.9338359004176129
-0.9666162163703561
-0.9608750387985958
-0.9776626059472255
-0.9425470566955315
-0.9785155680017235
-0.932161870066337
-0.9369766028075486
-0.9946237669443334
-0.9767233417251799
-0.9278026538125682
-0.9762210527726826
-0.9636021733928963
-0.9391353452441937
-0.9407055460375822
0.9363113104134622
0.9439130556887814
0.9393089947301188
0.9626597677115354
0.9475600734956765
1.0023218480519451
0.977035347286124
0.9631799245204983
0.9427662737508549
0.9501921643357084
0.9416863376790845
0.9886694032056963
0.9829126999562604
0.9304022834610215
0.9309043225326573
0.9583977237149867
0.9637911214305
-0.9417699649883953
-0.9582078273297041
-0.9877869929970524
-0.9505508502412626
-0.9559754072680711
-0.9891950079129662
-0.9538858386825975
-0.9598811624552394
-0.9857395419416559
-0.9550425257542451
-0.9350165204347864
-0.9662694604505381
-0.927125574906757
-0.9329012626123134
-0.9754683612577829
-0.9675439263296697
-0.9630884044578472
0.9874449253839964
0.9497212145871012
0.9718021304745527
0.958355236647005
0.95186673548064
0.9941650501426518
0.9871904304826266
0.9361135562385128
0.9775000976600616
0.9316115859064462
0.9559591648023208
0.9237047966756313
0.9241352871949535
0.9466202561811481
0.919443989658406
0.9455341130570238
-0.9711947232672269
-0.9827462516625295
-0.9184829803945826
-0.935822941514744
-0.9422963603891997
-0.9751375068376312
-0.9640747835411122
-0.9654013031432455
-0.9821950272952998
-0.9584717296890733
-0.9618507567928926
-0.9268455244602537
-0.9392721140584256
-0.9481090114933884
-0.9913788658832955
-0.9547367452249161
-0.9540496931869225
0.9512308820151572
0.9503332994323654
0.978696130324656
0.9483183217416518
0.9924556864303381
0.9940527679210419
0.9425779474501971
0.9738323573089382
0.9481270018861232
0.9364904018738671
0.9912675046970079
0.9846239108197857
0.9777177215502889
0.9593241737702464
0.9626091657777459
0.9607906242277996
0.9767311327044916
-0.8974635391079695
-0.9218950462839196
-0.97508134688511
-0.9107929200670597
-0.9494849208056925
-0.9359374115445332
-0.9401336308183643
-0.9396916481087956
-0.9826867306386052
-0.9702978358668418
-0.979511374423496
-0.9572843214568483
-0.9747137217932723
-0.9344843480308302
-0.9926109142161111
-1.0072501717806734
-0.9864592142773736
0.9643323419103739
0.9339894713611906
0.9726382094149693
0.9633673762676067
0.956242425380553
0.9528516609202078
0.9609241147047077
1.0005402692709873
0.9623624698782375
0.9460586643618997
0.9338908299625297
0.9532775908081614
0.915991697359391
0.9693060176459207
0.9536290021615998
0.9711401219365459
-0.9727503465795383
-0.9523681355478011
-0.9181146188808093
-0.9707928655032464
-0.9815956321998593
-0.9498258538414697
-0.9423653496783585
-0.9304717338071794
-0.945526789601613
-0.9537274896566704
-0.9916713949323264
-0.9303935046712916
-0.9548715642723139
-0.9535500565820973
-0.9684065093646694
-0.9452005399996781
-0.9780691447230109
0.9662403026571487
0.9839309803620332
0.9862721467635179
0.9794546348693104
0.9602593303634729
0.9551229324838327
0.9363434378208569
0.9587652448411144
0.994036393529505
0.9553230186552841
0.9945633112855616
0.9501340087285222
0.9236995297959372
0.9338189839581221
0.9757864267056018
0.9683512663984699
0.9645819712636242
-0.9314263611095887
-0.9794712009909305
-0.9783287708118437
-0.9602143789640947
-0.9642972337692471
-0.955788146858404
-0.9466805963714036
-0.9546550483009479
-0.9495253728799616
-0.9547747979404425
-0.9502364258858845
-0.9554856627778292
-0.9882918422006686
-0.9589968405063702
-0.9966282291881524
-0.9428666790202835
0.9742376761443938
0.9593368421236221
