-0.07089846374225152
-0.08022277646256579
-0.11219170654682742
-0.11480950597174366
-0.09419967926146199
-0.06101018730876054
-0.08683367090906106
-0.08057416208746043
-0.10735863275891637
-0.07274318929713595
0.06581073690082483
0.11652457002001457
0.11606853357240782
0.0703448472912662
0.0905715875918671
0.08770612480749623
0.09683656972760542
0.09905713622905259
0.08608763072034245
0.050613421932240596
0.09230130890762861
0.07469936573758945
0.08789298936811876
0.07920019624395593
0.07136432500299054
0.09196551014591163
0.10390467625589213
0.1073298303160051
0.08529867691679363
0.0687538322844295
0.06256992817809516
0.06552292478098228
0.07996376860547251
0.1046603702049518
0.10896123035286294
0.11225578425237044
0.10640699124317751
0.08842527684651587
0.0763841602295412
0.08247703018424372
0.08771007002501031
0.10232826524137585
0.08051404966803234
-0.10909949947004716
-0.09146049834267482
-0.054731738809141714
-0.07199634839905837
-0.07699336706938706
-0.10426320996661008
-0.10325620819654689
-0.06738488711607458
-0.09027801355136414
-0.07331851176359337
-0.10631748557385473
-0.11712641263083173
-0.10147488024342882
-0.08116094918339345
-0.11478748060137449
-0.06973014020929794
-0.0397461345669248
-0.09398541748932185
-0.06724475324447111
-0.09055497010830368
-0.09861116694605665
-0.07853431965104128
-0.06510485232757642
-0.09015757448099222
-0.10260708178204328
-0.11156932321747993
-0.09140702465338743
-0.1077035033264941
-0.03966827499900952
-0.10817992733744838
-0.08441536903661817
-0.07914110793634926
-0.10432327139691679
-0.10887649727517554
0.0684987777865074
0.06869453232407896
0.03570063071418957
0.08251045765234952
0.07482290870711392
0.05400825305214217
0.06562408975244627
0.06266215915893636
0.08877966459821116
0.07561620157453984
0.061837335297991
0.10261742931409709
0.08808505924767727
0.10643039830344708
0.09211217917912626
0.04884009385739048
0.08004505314611332
0.04457659287250013
0.09136584110791185
0.09973394282680273
0.07766329067139756
0.06426328775156057
0.08902257457483986
0.09076809782905841
0.09901548666720064
0.10884324300654696
0.04874975739159144
0.08667641664877906
0.09504564202927544
0.08966439913245824
0.070958701406762
0.06114225898965307
0.09679017817380212
-0.098182348113471
-0.04960285935717746
-0.07346374517589076
-0.07585669242535412
-0.10819035522318601
-0.07524951136482431
-0.10574623047281029
-0.09434630353985007
-0.07727245656909025
-0.06534498977404929
-0.0970658824552389
-0.08344822665923048
-0.060170432812256223
-0.10019411875504566
-0.083038405654113
-0.0667547469230167
-0.100237157637419
-0.106791003123019
-0.1404537808750095
-0.06010921488124639
-0.08536578015125265
-0.08752779493281482
-0.09197307340628286
-0.09401549938355058
-0.08344012463010277
-0.09805261796560782
-0.09517930966929909
-0.11645334015289893
-0.10010750160295766
-0.07593450024201925
-0.09463902290277573
-0.10058137844934681
-0.05704202364154942
-0.06838847950372466
0.09640490555974378
0.11793538968044867
0.04915421624004576
0.056344992070663937
0.09515772267950974
0.10554817467613595
0.08451808014309303
0.0820185682107604
0.08925946826475087
0.09073719985820333
0.10016785525789207
0.09447226354100167
0.07009528148977642
0.09667470375822906
0.07001084421805014
0.075219646783892
0.10287046068931618
0.09307014525205479
0.13580502609737521
0.07099117178361208
0.10286421293095094
0.059827038903360816
0.11055377006496195
0.0787538300137883
0.08997562576000841
0.08051375588026474
0.07541252954289085
0.08988709444814039
0.10816872593549669
0.07398077814233281
0.10218027469309315
0.11732768017884243
0.037529763442238843
-0.04703951042940389
-0.08174181500863016
-0.05558791562072042
-0.06455597495845654
-0.07245758945291267
-0.10748754792392091
-0.09758964633944557
-0.10474360182677456
-0.07330396205461609
-0.09475989008931268
-0.03863995631572027
-0.0637911259529047
-0.061256192470048335
-0.0836538749942377
-0.08961484418808385
-0.08541286366663563
-0.07986361100286475
-0.1181846661074403
-0.06587010566782574
-0.07047927098462994
-0.09221079243301004
-0.0869607193965683
-0.08447740546054057
-0.07391870722916666
-0.08263682355335762
-0.08106014398850388
-0.05451651195322073
-0.0883842704464789
-0.11644130356874853
-0.09512525768427875
-0.1103442380707349
-0.07073817381343496
-0.0702805736087834
-0.09830846407470854
0.08478499347192425
0.10007340380291067
0.12366418844664971
0.08165729412328888
0.10962235278818372
0.07457538143300407
0.09522344030260674
0.08039179222582148
0.09433884196256274
0.040867463308853706
0.10769119053532271
0.08995318867499312
0.10380691169061779
0.060185932960395636
0.08759549518691004
0.09877367070331276
0.118115760368176
0.060422478483300075
0.09100944908791327
0.09666796027759524
0.06085596777214769
0.08822965135974097
0.10807529773581953
0.09662167345395846
0.09931227306141314
0.10560177860935899
0.07520169952214367
0.0787705494290986
0.09083120667177269
0.08357587501013433
0.08892818363427428
0.0766252447893699
0.09340218174037498
-0.06545064836597414
-0.10554297349869007
-0.1018531690999146
-0.10322541682865566
-0.05382582254760185
-0.09660094815626477
-0.12342015951394628
-0.09517216268522392
-0.08903219902382489
-0.06513196492455078
-0.08128417240269126
-0.06887628031498003
