-0.7009009831400369
-0.7276649667163726
-0.6909661678227751
0.7177632978053933
0.7008458497413707
0.6798015563124193
0.7004185350320229
0.7093852647497103
0.6990120531357659
0.6992597940592452
0.7086966682461705
0.7191124385705701
0.6912271334784605
0.7160840944456914
0.7418982822049582
-0.6973459323403525
-0.7244034658627383
-0.7091330959893146
-0.6908354708142912
-0.7341180058311958
-0.7128156083507049
-0.7651110542988856
-0.7374649102637809
-0.7106461925781573
-0.6802191432583328
-0.7470680237188309
-0.7069399694708621
-0.7590952330591063
0.6899607650033223
0.7005808807093545
0.7032690730788411
0.7155682040192815
0.7144810415974281
0.7103853639967007
0.6727886294348653
0.6526956262073874
0.7237956242673889
0.7186726035270566
0.7000104337661394
0.696663495482767
-0.7302948454910887
-0.7300051764750037
-0.6961961906857054
-0.7114663262846916
-0.7006896752771137
-0.7298988226773211
-0.7146928021607787
-0.7222294954625015
-0.7423341134308662
-0.7259884833397043
-0.7205292562690637
-0.7231180351643689
-0.7249725036630914
0.7027034430684035
0.7253950973101786
0.7240728334842639
0.7475441505513563
0.6688290780323679
0.713614271916825
0.7395291791392318
0.7631202304803959
0.7516180727441771
0.7208941683226132
0.7176073354991153
0.7284172326448638
-0.7029321191914687
-0.703428940430119
-0.7028542681770091
-0.6873849667034979
-0.7323411489771501
-0.6974071081898207
-0.7375553873896481
-0.7367897253213789
-0.7062066894180639
-0.7320122812381533
-0.6831814841124579
-0.7048056848681173
-0.7212150880238383
0.7208041977113012
0.695626341859049
0.7192456730690281
0.6971552530136633
0.722795182050492
0.715847361707625
0.7152737578426482
0.7447402433971114
0.758575356547792
0.7259006847028766
0.7249184169301712
0.7370058274535736
-0.6954535495357833
-0.7248360538735649
-0.6913144618021207
-0.7412130629873928
-0.7289819022733414
-0.7464541266671334
-0.6971943883064845
-0.7010043317180183
-0.6931975381911791
-0.7153500706721461
-0.7288101854898897
-0.7188983126996182
-0.6920580708451187
0.7158212449118418
0.7150542510297523
0.7011122303596873
0.6955152597119176
0.7005250807535081
0.7513274789630509
0.7045546953766865
0.7156301147659025
0.7122345894314588
0.7389167364527002
0.7126450859083809
0.7041901529888493
0.7501095382133429
-0.7095645477534029
-0.7284960775348179
-0.7126941486193121
-0.6923492684331597
-0.7111903650443527
-0.7266102335914355
-0.6825707161421211
-0.7116968294468129
-0.6845502921392352
-0.7327502496926597
-0.7330735944033162
-0.6986001991415224
0.7356483037400665
0.73430411521559
0.7248949303798222
0.6959302836542083
0.7191938046173677
0.7064710861516184
0.7518120894318409
0.7021486368408353
0.7342547460326894
0.7224325724368881
0.7080077456387386
0.7231646104681074
0.702259007251479
-0.7251119636441546
-0.7316622652906494
-0.7138989594289615
-0.7160940366448441
-0.7165571660770367
-0.7136994823741554
-0.7208012963172268
-0.7430098953812021
-0.7288164104876337
-0.7299342108087038
-0.6873789762794885
-0.7088199425476401
0.7080379007295695
0.7451224701247592
0.7014107134793481
0.7062963920867428
0.7322378483385743
0.7286445079910621
0.7530406498806786
0.704034692356982
0.7450190880037124
0.7275754932988001
0.6771132240647442
0.7044116247685843
0.7002073650547931
-0.7288027886719695
-0.7120823551490161
-0.6759769322762881
-0.7292219582416375
-0.698242034150735
-0.7346742292544878
-0.7118685526908776
-0.7453224207276672
-0.7151692035719386
-0.7059160645119608
-0.6892526478863631
-0.7412963109671771
0.6884139425550841
0.6888898312313082
0.7383044195102506
0.7611963204075392
0.7175214209863291
0.704691057795736
0.7138909693049095
0.70012562765922
0.7293175137391661
0.705177562401826
0.7502594243291827
0.7198015429709871
0.7613627813276965
-0.6919022055312375
-0.671783155877668
-0.7051396491153588
-0.685351180085358
-0.7498039530879235
-0.7103167134145135
-0.746757894084067
-0.719296501253269
-0.7486432473575139
-0.6984738274615372
-0.7228173966459215
-0.7260875051929634
0.7353603435685102
0.6938589984109406
0.7209680755951269
0.7116359581950069
0.7140807588990692
0.749682522005228
0.726025700808908
0.727238244253807
0.7386039779561931
0.7027699798561289
0.7213052352927644
0.7090505551465085
0.7265648428537251
-0.7523678605178572
-0.7213541228862734
-0.7351976062337549
-0.7351514284903468
-0.7153262487744672
-0.7012231784412906
-0.7449868434337741
-0.7120416094542111
-0.7150579923559135
-0.6964170482995651
-0.7004983292990253
-0.718239531054782
0.6761070560767183
0.7374385292181357
0.7031854818084083
0.7281969977646862
0.7130103104325844
0.7240456481273129
0.7260545611019996
0.7075401758898487
0.7114994117985385
0.6994219218752608
0.7100663857047113
0.7192105457084271
0.7227267265684197
-0.7474309910131334
-0.7240413118448159
-0.7392559109889029
-0.7396996224930139
-0.7132107596254992
-0.7314335069840869
-0.712075512824639
-0.7426584998054572
-0.6816483080679716
-0.7118505286350714
-0.7181438644418953
-0.7340191745897432
0.719544966148414
0.7428796535200967
0.7143058621310855
