-0.8028643545991597
-0.7348339362731606
-0.7065051201262895
-0.6270727223204353
-0.5470216798500738
-0.4630303227371385
-0.3684023245128607
-0.327907611027865
-0.27962536589063336
-0.2125463459720558
-0.09779872224678396
-0.086962654322167
0.02064698490637826
0.08479067570237064
0.1520990143401116
0.1936764300460861
0.24842101127599434
0.31381270204235145
0.43732772936588155
0.4952720992230279
0.5878110582560002
0.6438067945190101
0.6717071263437504
0.7731852682243375
0.8380435192352815
-0.8326214371231954
-0.76961321155513
-0.6700770472116536
-0.5737475423833563
-0.5336478098546698
-0.49283844329380133
-0.38596645245651995
-0.3467300984936398
-0.3001435176153906
-0.20702375484282956
-0.15279641310171702
-0.06917763606682487
0.004693922134534255
0.12944750208689976
0.1577144096545773
0.22977459940431805
0.29687631133202685
0.3540373731818722
0.4057235257426926
0.4945312764414953
0.5482264145864976
0.616203794737251
0.7170823697645741
0.7677269376953619
0.8156345461247998
-0.8157052872900754
-0.7359330686903955
-0.6591176608434314
-0.6187491876248489
-0.5613865082656123
-0.42786245125823613
-0.41359764153473055
-0.3392228390885958
-0.2525388949939956
-0.17637788066810525
-0.13336191488340007
-0.04934843607690209
-0.028384382836306565
0.10358597248013737
0.1543820729008147
0.2248729184703551
0.28661746996413073
0.33954749375759974
0.4415870999160688
0.4728372615764552
0.597776805644378
0.6469437314393556
0.7242587068428036
0.7311634803042574
0.8573745974524121
-0.817161090294601
-0.7390601552221441
-0.6655436688071368
-0.621225294621648
-0.5619258063495051
-0.504116538644347
-0.41214118820173135
-0.34066191640989585
-0.27584387115102715
-0.24567957863983486
-0.1379478462898445
-0.051576437774297615
-0.026715697148279018
0.08194554146783811
0.17256800648674936
0.22200832238206192
0.313686040864152
0.36629560416162266
0.42353785162397106
0.5048893656716239
0.5805314371139233
0.606629681280604
0.7312100285865081
0.7355203058035745
0.8106032963719708
-0.8169374353883452
-0.7616973519020229
-0.7221888989981732
-0.613272265125025
-0.5827406835782313
-0.4579370492218398
-0.40779617369732307
-0.32302937714339713
-0.2594032084787963
-0.22977175747126194
-0.11779207356855496
-0.10552540364815743
0.011583206126039946
0.07685817819001832
0.18694555226891563
0.23192871861587896
0.27226891067853637
0.3351457848010994
0.40311271702158247
0.4678154947150255
0.5388312506972143
0.6287977606053736
0.7125071455074999
0.7575381273831829
0.7968422211929793
-0.8304592859298404
-0.7781345952369257
-0.6817116660917582
-0.6468566530560631
-0.5697571076343334
-0.4948182439482873
-0.453874287977331
-0.3674025196522689
-0.26527621726704015
-0.17797552669467612
-0.16476201323771839
-0.07049049338945611
-0.005031261357447755
0.07504009538713194
0.13003242783548374
0.17818385941581324
0.23941232557394262
0.35146801505052555
0.3992091060759359
0.4627112612985033
0.5295362967128233
0.6125696704789565
0.693071180568134
0.708597350135076
0.8220781496137781
-0.8337217278106647
-0.7895558856225503
-0.7178687781224146
-0.6225003513557744
-0.5804034157893662
-0.5168957834252388
-0.4319838166632092
-0.38330018988596776
-0.2971141651844891
-0.24847331251373636
-0.16722434870868025
-0.05166028727212821
-0.018391116759933327
0.08825187767988608
0.1298304912463586
0.23237969397791075
0.25674862463692516
0.3377838786034038
0.4324782784489373
0.4993861964408331
0.5458978174884631
0.6125827181044
0.6952606644717538
0.7621065660098832
0.8074496704073064
-0.868509887844839
-0.753838542522144
-0.6931980134882942
-0.675268380644049
-0.5503394001309966
-0.5090347787908356
-0.4367679236418781
-0.3780596171299957
-0.2572852191276669
-0.2384472478496763
-0.15602386761158743
-0.07455006708598541
-0.02300303545006384
0.06572362064260268
0.11192996908441485
0.21056933029938657
0.2681889339553042
0.3048095788337807
0.3740469622720175
0.44996659058609895
0.5272561326929649
0.6037405073874649
0.6916925078015852
0.7373097712344407
0.8307220528856332
-0.8746862590130463
-0.7783250784448603
-0.7458092570083031
-0.6307359698746949
-0.5819236474184009
-0.5194894713889513
-0.46925330959516887
-0.35247931325408854
-0.2767698731563615
-0.21448532552865404
-0.19058547750095164
-0.12314722862646285
-0.015413098029973253
0.03801129091985164
0.1514420337206945
0.17065681668913787
0.252802633307111
0.33529966279230067
0.3582906616668147
0.4949486094811233
0.5473436950687188
0.5956134425081214
0.6584307278682968
0.7660865253779848
0.8217718525133184
-0.8640560339266515
-0.790698268536742
-0.7277505681573714
-0.6670995179573944
-0.5514881097567268
-0.5094427096636599
-0.40172893672070387
-0.3602683341454535
-0.30498012329951907
-0.24478521194784542
-0.14486656259505915
-0.058085771744824696
-0.033349384728706855
0.07447454087763292
0.14163400440465013
0.14117397436712642
0.242781130254343
0.2867060579062435
0.3913127357263395
0.4751232479273789
0.5063246934919783
0.5878639234305365
0.6538064730768081
0.7295687120918115
0.7972447751356607
-0.857420993224036
-0.783157723145509
-0.7219893079763847
-0.6576225561234009
-0.586450661451624
-0.5196874758698633
