-0.29533150253840035
-0.145350750992526
0.00209547433943566
0.08386603106832312
0.1665294020699228
0.294567778167945
0.40123432684155047
0.5195329684055269
0.6095904004853767
0.653035889707944
0.7713989681470471
0.8104155887596097
0.8633903729146701
0.8732525293205731
0.9184482285898233
0.9063499802493028
0.8773476931662678
0.8888089346574104
0.8181830465581144
0.7910494139698986
0.7258870755030601
0.6423139013557684
0.5633296101664697
0.49150618831743353
0.3689137124289658
0.24908037445260242
0.14565510573330914
0.018171521491435572
-0.06075935137356055
-0.15795781107090756
-0.32652565201560135
-0.37789707996176314
-0.5335514794948556
-0.6098242244437461
-0.6324357550316794
-0.7463899731500043
-0.818512763283085
-0.8615293041212873
-0.8859662556816351
-0.9219778065725175
-0.9077465215015272
-0.8685724246965556
-0.8488422764921514
-0.8282652047189095
-0.7764531771940991
-0.7495942682857311
-0.6371082153710355
-0.6015564862683632
-0.43168807317254904
-0.34883872570767693
-0.24995069787168378
-0.13629643258356472
-0.02321202873194957
0.04365687193151371
0.1820482542892525
0.27590002814087955
0.3570755066825517
0.4965634054199374
0.5812038702376321
0.6977671973135886
0.7446406377181699
0.7915370694561132
0.8434057106162688
0.840428152437859
0.8763120105040593
0.9039225296268013
0.9320068242853847
0.8678471423815542
0.8250443025061134
0.7964717344657866
0.7308207160660066
0.6451642147566762
0.5575754649801972
0.4755569053967178
0.3931060071018361
0.2581593254958418
0.1401064139146477
0.06316419633133846
-0.09037720975998989
-0.16098861617542884
-0.2855678379860978
-0.3865416257886252
-0.5071728604985427
-0.5634432054854173
-0.6326238331258248
-0.765647676592926
-0.7974487089326907
-0.8553084847883708
-0.8947118580764704
-0.8984398497988972
-0.8923281530240421
-0.8894137235767189
-0.8708246862131774
-0.8460616722686036
-0.7603776367950201
-0.741421292852058
-0.654730478033735
-0.5755355943784595
-0.46064351265095477
-0.3728377951703033
-0.2983081838917127
-0.19096073019955093
-0.07906312697738843
0.05040092266062496
0.18759805626256643
0.30038636151206605
0.4043432578181113
0.45704498624937673
0.547711566599336
0.6659796110238982
0.7313371213462067
0.7950973994853433
0.8613691207277069
0.8312948202306296
0.8943845468402326
0.9061951995676846
0.8902236371448162
0.8472811231439779
0.8451955083717111
0.8207590240053981
0.736545853365463
0.6608933071869639
0.5531993389070409
0.48230575510592605
0.40688735984212016
0.24692979146241684
0.1777153834422316
0.1061467244088017
-0.0783879498685642
-0.161019258776549
-0.30778271852865136
-0.3454956686915426
-0.4728819330385009
-0.5523468980244995
-0.6404192575475839
-0.7328291738343508
-0.7585268882813267
-0.8374964727288425
-0.9215962895663585
-0.8990361109746519
-0.8854387204159011
-0.8946660533681305
-0.8773638661732469
-0.842299403314943
-0.7755684408316995
-0.7205396343573758
-0.6527114663209583
-0.5616837500236068
-0.46979126354603035
-0.38748478802581005
-0.2858917310064835
-0.16809360880045462
-0.08418508536657877
0.047374405655273254
0.14439105079480272
0.26844622815858576
0.39282809644856603
0.4471234699444847
0.5860041303444391
0.6303531368167384
0.7004618820094872
0.7832170029081136
0.8284647847311152
0.8818264342396533
0.9080771857405165
0.8792515269812462
0.9061267735954454
0.8556631600679906
0.8441133155121875
0.7720594227622417
0.7319338079052492
0.6829333885357627
0.5473243068259013
0.5078712103142553
0.40574215227621735
0.27704860730362457
0.15931137481908147
0.09030328114675289
-0.04755360506519109
-0.10419811551605743
-0.2734773485718233
-0.3895810146045753
-0.44861260746578885
-0.5104782337982896
-0.6215214580764553
-0.685171985935527
-0.7606515886681997
-0.8127919481069139
-0.8646829432588458
-0.8811038607705065
-0.8969650125467875
-0.9162970453596347
-0.8824044603023231
-0.8278469390124564
-0.7615346788079097
-0.7558607619014541
-0.7071318079813986
-0.5772119212004307
-0.47346867050175595
-0.38656518340231816
-0.28570566753945814
-0.16798633635305132
-0.08291758132609581
0.03550269636115192
0.14054691235265446
0.24366891979482974
0.3519453122290869
0.4658185329463371
0.5313605566091201
0.6825313202213742
0.6890292221199408
0.7723228164045687
0.8287979747581127
0.8693489273137647
0.8654776685481507
0.905477824043349
0.8709798060259749
0.8825079705927433
0.8555382393479651
0.7878955020747377
0.7436887350934787
0.6946632444709201
0.5877641936972172
0.4888987087527519
0.4440361326982676
0.3294884055542855
0.1866160547061412
0.092193485255819
-0.03076532164789346
-0.15511125175189142
-0.2483312676127682
-0.30981779373294066
-0.4539241620723099
-0.5664635602822611
-0.6515361347318054
-0.6839546939344208
-0.7832112517294684
-0.8088684816897808
-0.8569063005669445
-0.8849992643017801
-0.8801317338482124
-0.9058641382761902
-0.8652268777458015
-0.8297768911220105
-0.792457445483762
-0.7584544961769312
-0.703903818861684
-0.6018950219392525
-0.5001168900355343
-0.4188243366020376
-0.29749104117407577
-0.22920174449081934
-0.07668555688146178
0.00988920174280968
0.12080690733600101
0.2511754977335192
