-0.1638539664527457
-0.3437137196802308
-0.14047101041482152
-0.755992479238185
-0.7547749983270428
-0.17915398016276143
-0.6359286714168598
-0.1376036165613241
-0.7319215263011105
-0.5606191424451679
-0.7343256268299384
-0.804080629510514
-0.7286958369524155
-0.1992706734889976
-0.5780306176416856
-0.1280109249942083
-0.1638100908112689
-0.05313317185499606
-0.8136287038524745
-0.8153175227813182
-0.5185561962216133
-0.7394174469733502
-0.829503752813868
-0.23231210967379834
-0.3351249036687399
0.008329970704684352
-0.6255305982726723
-0.49748504492241197
-0.46029518125676894
-0.07022920945538971
-0.7957679107908455
-0.6744548401822184
-0.2505139503389102
-0.3155785153696165
-0.8028859125181671
-0.8151464319089585
-0.7172943046530216
-0.6894837715167859
-0.7213690643624748
-0.04772785026039191
-0.7271077110851015
-0.5359654026806919
-0.08063157676632987
-0.6388020150367265
-0.7297259033152534
-0.2296954984287563
-0.48977968697494095
-0.4061142749054324
-0.23533554408855267
-0.35991303977875655
-0.7654534939088559
-0.5227932594065188
-0.8380467205557388
-0.6999610010444731
-0.41555495075293936
-0.7128708406562442
-0.18867115404989251
-0.8394200941588192
-0.34081347511361604
-0.3129533865939812
-0.6194409985223805
-0.8009388725926193
-0.7551034846435071
-0.27203042796015087
-0.3224126208297923
-0.11558066155986381
-0.5454727320296112
-0.1628278849460017
-0.035011968916507305
-0.05901094095937562
-0.7971148215453406
-0.6879181698906173
-0.5877278333047292
-0.39133980393754375
-0.33708520076520804
-0.11685718582853341
-0.21175167513430335
-0.012066590187588109
-0.46704996195848075
-0.3838611008950246
-0.8066664032776869
-0.6912497695123413
-0.4586029147403622
-0.11299387455247578
-0.40250221910109646
-0.5328892046961228
-0.5591047342996159
-0.5604329164873356
-0.2362747052526146
-0.6869287029688015
-0.13132370189532694
-0.8078887752781851
-0.38466837364512585
-0.7032645031401339
-0.15077031560344728
-0.40901996797257234
-0.09814038363874543
-0.8473195039849375
-0.3844116583284963
-0.28832988241214685
-0.24507702189526603
-0.3762829360420249
-0.4946339467297495
-0.3998822884326712
-0.7121414943696509
-0.08193325950199257
-0.30965030643193703
-0.4129544801524417
-0.6829467302225631
-0.4790923297776754
-0.7190277696632138
-0.1608961037016572
-0.05522019394242475
-0.406217842985242
-0.5643689079331089
-0.8008912883924908
-0.4975684228707164
-0.14659022809995026
-0.1015603553332449
-0.15250637587673524
-0.03534633399143999
-0.26917388319363067
-0.046091661227709996
-0.2828895376716562
-0.10868730490840352
-0.11746083941118592
-0.8000300272862438
-0.6599520082880489
0.00691564062728791
-0.5843626979587406
-0.4721808438174732
-0.658797587314967
-0.25491252523561636
-0.4077534304528166
-0.5897965714370936
-0.6921865396691512
-0.0031169561184640924
0.0033915028611058284
-0.6695284923594753
-0.5546305248217605
-0.4458257110047777
-0.7605534317545082
-0.27640488541872327
-0.3563090348866945
-0.621885341603691
-0.335997443986214
-0.4678316553448889
-0.8523138690611147
-0.2546566691941889
-0.2736484780443573
-0.13592812546773897
-0.5782593711784153
-0.17676750820384404
-0.20173385004377026
-0.11186122627984475
-0.43943265489133193
-0.48887609622748374
-0.12918206463650533
-0.04820645402690227
-0.32530215974834165
-0.5022230221526708
-0.08007301419295405
-0.8103118655482124
-0.6904570227268877
-0.45253065026546385
-0.6864729461619261
-0.4122816765186997
-0.4623526511037224
-0.5386111661058381
-0.3971421122699352
-0.1847112678869565
-0.02703455961660759
-0.338967518299397
-0.16025151937953072
-0.682193787162295
-0.42633242703900387
-0.12816898415146244
-0.3203331542375155
-0.10820204677081745
-0.7403319644351652
-0.2327754666618677
-0.05004626893681892
-0.34749096939330565
-0.482019525606092
-0.2694982661882085
-0.3042519485571607
-0.7744454155552345
-0.5678079170492731
-0.6001287606525217
-0.7360255189770091
-0.6422408432676786
-0.20318849623783253
-0.35290137129248933
-0.7923348993842015
-0.5041932875267892
-0.8512168385896305
-0.0029690377683478097
-0.1079817490146338
-0.7726394589786296
-0.32224430509852253
-0.21968458960676077
-0.35150185729824296
-0.4496515634394949
-0.6909853297618312
-0.851057074420992
-0.6285778518432592
-0.7241131606341797
-0.1203690255031039
-0.4236070449831078
-0.7767050464418739
-0.7351455312341286
-0.013784604831196597
-0.6764813559364937
-0.16146460915908128
0.023286809626486393
-0.19843159869212065
-0.6792191169694418
-0.12725373072141935
-0.3695543228997743
-0.5293787832661927
-0.2854553196519882
-0.8133618423286508
-0.17234343735680485
-0.3238592007802382
-0.46128419701411144
-0.007395820603745175
-0.8202570911205923
-0.4503920709071948
-0.338593782726733
-0.04115276294517675
-0.8786200406395769
-0.6004645156263639
-0.30758845473529733
-0.065503941659062
-0.4593239103274697
-0.3076233711829271
-0.35104227258333714
-0.6042054761853987
-0.6893229489210895
-0.08613248739477664
-0.24710225748131526
-0.4759889585767676
-0.548094585634992
-0.03017638784308004
-0.7579016003605632
-0.7953248152735142
-0.20614138644901656
-0.31852714939164184
-0.5014199962684399
-0.054961256498740174
-0.15926603902136957
-0.3105161324458019
-0.021867926878361588
-0.2283714914379304
-0.558020881988703
-0.3375845809110219
