0.049079955387848435
0.07451585235950313
0.08405383219570785
0.10973927704975844
0.05720413191436473
0.06896443041002494
0.09394683707755402
0.09840923386796539
0.10255978548286605
0.12956173323958012
0.12433154357359986
0.12349200406864863
0.12522125108715174
0.14199047584843744
0.13379187305676582
0.09379459273550023
0.15162453372933554
0.15329846476668013
0.1349856441559676
0.1508468210228443
0.16977808705888656
0.15947066168903434
0.1509810320562254
0.1348406250700806
0.15952780510079523
0.11002511727559958
0.1463672707665247
0.11221617634390679
0.11024214547288977
0.10841721910428523
0.16118209104638204
0.08923704851880096
0.09073136053291225
0.06914211571752507
0.08464464973545287
0.06944982016929804
0.05982012795247772
0.09203196403484935
0.036219240956266156
0.07881487511452744
0.03823979346666811
0.010325786650132337
-0.006097785472272545
0.01544316910043764
-0.01097306314819202
-0.009071643717887216
0.004189119932523643
-0.011608697157360256
-0.032081749995765484
-0.014827251088148023
-0.06941012401522792
-0.0897726803884406
-0.060961981018254154
-0.04804787131670716
-0.11383756573133647
-0.11751270475404288
-0.09633297830983213
-0.09381009741649879
-0.08896662747953439
-0.12001645187947248
-0.13016218941546337
-0.12391489199339471
-0.1358897483448278
-0.16339506837565876
-0.16425849094953957
-0.1314534235133986
-0.12448678409883285
-0.14318869577964838
-0.11193797522866644
-0.17515000227771238
-0.16586115476620925
-0.1549187876507253
-0.14359576500267512
-0.16963954021983682
-0.16512957997329764
-0.11942713382471326
-0.1475232165586873
-0.15194479577570488
-0.15500190399985844
-0.14304983584045533
-0.11951007805946944
-0.1187970456921636
-0.09680575667844309
-0.10789898242293842
-0.08124272820294975
-0.1117043718879267
-0.0726175112993595
-0.06594825269497512
-0.07798748194670278
-0.060428347282106436
-0.04215387705267741
-0.03215139383333077
-0.02650166896026143
0.009644673962091503
-0.039835952632742595
-0.03765862634056983
0.02907881767895757
0.021924806037492334
0.031296347763382214
0.05955664715785479
0.04445536027362512
0.048585338760362674
0.01863009445635505
0.06036932117150902
0.06059671017449089
0.09501208598380491
0.07627395184484184
0.06981808402466208
0.07133303603505958
0.12449476055774109
0.10695729188612066
0.13414667401364283
0.1571317277327705
0.08907606199355428
0.12271784460771715
0.13788640652784198
0.1563045546230203
0.14807352173592875
0.161027112625306
0.13775189495067885
0.14792879451964377
0.12040432937891805
0.1537247229605788
0.15912445650786822
0.13675234291966737
0.14321711822126448
0.13203770728538616
0.1325179022760083
0.12135830648524719
0.166046931529178
0.12010311470189984
0.12222153896535032
0.11360272622695039
0.1135792506321546
0.07673855891110165
0.08732971348298095
0.045105512209872065
0.10021462870450203
0.06537165924480072
0.06021772279503754
0.09580251088383857
0.02818545916708236
0.019732529064001317
0.04172876013126314
0.015012176876856957
-0.009957809053276886
-0.03814913088894255
-0.027922768402644047
-0.026476265396498878
-0.05332053429989534
-0.03297667297169245
-0.06640533626066698
-0.03960512069931664
-0.09456978588088868
-0.08560160010471535
-0.08386191984958487
-0.11092713698008923
-0.10633021188402138
-0.0898930339302529
-0.08776554726665858
-0.09316175044449196
-0.10601428867841169
-0.15765631149035036
-0.15001452346579547
-0.16702447826631384
-0.1627087942604271
-0.14299833858845662
-0.1546832959983845
-0.1522245099473653
-0.15540189292574494
-0.15813870739778504
-0.14262158230539151
-0.15181564825643598
-0.1675991347968917
-0.10611851285384424
-0.16125100869503708
-0.11772402914563174
-0.10273673883848948
-0.1465149153129999
-0.10935463102297976
-0.11171915026811863
-0.14455110572372284
-0.1285573887145202
-0.12103231676441792
-0.11877740122322505
-0.12512198758341594
-0.08337508050624994
-0.07317957772853867
-0.0708973165226433
-0.07414185892939215
-0.10184931803385705
-0.025805062713893975
-0.032518019003608116
0.03842722102339935
-0.0021457607266372244
0.030627646538205832
0.014340645911321162
-0.022480278004903455
0.005012530941816751
0.014099098999350437
0.07131001235466035
0.07301047265489008
0.05338375576886766
0.05619682024041345
0.0898769562227016
0.08664003541128999
0.07100204818262734
0.11303317894582672
0.13829057657249844
0.1287543279980013
0.13403473049137224
0.11422189717843181
0.17161150158466396
0.11414260131521413
0.1437541268214104
0.14988679904807733
0.12699018025089842
0.1437313223955077
0.14227108684520523
0.10777629014486087
0.07938439000731201
0.14144538103686463
0.17178106994628778
0.1275011817634678
0.10809659879245859
0.15867963397403628
0.13121655176266064
0.15660617815218852
0.1477561528227055
0.11938469700717301
0.08953153446833298
0.09053566214491239
0.06648795219426383
0.11050864447492671
0.09153884309434644
0.1037841535993419
0.07119367646721737
0.07209313343362277
0.085767240320771
0.03595002775922169
0.06598910277494854
0.025857961614166536
0.007799333017125348
0.02742277573900282
0.03940864797598426
0.0098357176183114
0.013473474194628222
-0.04220779018860395
-0.03290079011229155
-0.046174564466840984
-0.06682639466794929
-0.04854802174100068
-0.05368752083572033
-0.11073773624298164
-0.1020270293170985
-0.0928184453378966
