0.3442794241298424
0.3838369867144727
0.45715016513076806
0.5552791533136013
0.6443541992525201
0.6707989690825183
0.6806883889852514
0.7682257486049079
0.7805488636939673
0.7876345239912007
0.7463472621848198
0.7986016121308487
0.7393257704910254
0.6858032868706754
0.6579385756302969
0.5883408255014394
0.5032511661134471
0.4790003720919303
0.36650695030180813
0.2674656723897764
0.21922597080203127
0.08319116163558007
-0.004390802465238968
-0.09093102848800724
-0.19829252384538124
-0.33574856209860643
-0.4004764622330577
-0.440544377893357
-0.5578879470198217
-0.6053789243726413
-0.6906737866534618
-0.729028247578655
-0.765106323969679
-0.796541501077894
-0.7669367327854177
-0.7793848794647024
-0.7869891407401307
-0.7367158320128996
-0.7101792899672491
-0.6403171840962469
-0.5564891222739237
-0.5640406355118072
-0.47980109498724177
-0.36353433955449665
-0.29350840673695777
-0.21602947587169166
-0.07108334105161898
-0.00021723711559862996
0.10007574663255503
0.2120122024149477
0.2939803154454468
0.3776542241393469
0.4878381635933144
0.5554729379209522
0.6334057391639416
0.7068057102885729
0.7222108734135301
0.7544230721282777
0.7864097136238476
0.8139169951913742
0.7733100317950115
0.7814581524526368
0.7266415833514296
0.7238636661551799
0.6662279284730197
0.6459102935949693
0.5500821515527021
0.4474920722484119
0.3939598512160789
0.2793754646680852
0.22120498769582034
0.10610075935801332
0.026363235360829858
-0.11796016143787832
-0.1837771692179022
-0.2881961340188658
-0.3598309080493066
-0.49101603977604985
-0.5460296051895658
-0.6115105487329744
-0.6446867515731973
-0.7083512034312542
-0.7621772215543313
-0.7624277116288548
-0.7883436936449048
-0.7603263521678516
-0.8066142594971557
-0.7626908427186111
-0.7371935467278627
-0.654092046690374
-0.6222590422842129
-0.556572351647111
-0.4762314817344551
-0.41466437209337637
-0.30910275109669766
-0.1856232380778964
-0.10215143290354077
-0.031577298726997625
0.1115466243347048
0.18509065978092792
0.2988411434009621
0.4114632562046688
0.5101892026205535
0.507566099883978
0.6209479673032398
0.6689910041116749
0.6884267521440712
0.7737181516190492
0.7920679824594287
0.8495929153854613
0.7996941556262215
0.7945987332912118
0.7504707605539419
0.7409994996471717
0.661660896338528
0.6196986556625359
0.5412579130697571
0.46647486081431166
0.37792734597419675
0.28344645448090205
0.19713634020982856
0.10314837492290874
0.002550413599531306
-0.1180813622408028
-0.16558763599922197
-0.25972513698232097
-0.37228218932650486
-0.44261156419786907
-0.5216646236482544
-0.5758706670320134
-0.6353135997197102
-0.69499465555471
-0.7600110383313402
-0.7677185606990148
-0.7883810943491352
-0.7932468377589118
-0.8145904271775474
-0.7412931700043093
-0.7139938673169286
-0.6798656414973232
-0.6230672746275762
-0.549737054494754
-0.4939549441194525
-0.3944142443326152
-0.3375667528212246
-0.2105219122833901
-0.11827778776103212
-0.03557084584786256
0.09420346092632399
0.1589587274676213
0.2947986956331618
0.3607757112773414
0.45108965016094227
0.5148603030457123
0.5831005089384854
0.6775333482689246
0.6942951849812868
0.7345951716966018
0.7597136488336986
0.8078096035571513
0.7601992397943225
0.770258704305453
0.7421398313482696
0.7210525523715541
0.6484020386215938
0.5928731711697296
0.5694904761596993
0.4358539978592516
0.3895217899906979
0.27487372157352785
0.22501564437926622
0.10269372958340939
0.032469369698193334
-0.06465296445554328
-0.16561172635060853
-0.23865052452910437
-0.3464810878095032
-0.4411078044107675
-0.526009282677776
-0.6055245752733174
-0.6551938013168984
-0.6735665991257747
-0.7487267145359583
-0.7615977075142546
-0.7880644810679934
-0.8221990190839732
-0.7948755375441098
-0.7427783960113433
-0.713273643876326
-0.6862046988752785
-0.6232118628324597
-0.5734121129601537
-0.5002730242511215
-0.4278639224797659
-0.3102885587466219
-0.22064742157555156
-0.11618083343282651
-0.011730302622005657
0.052437520304687055
0.16726679152404605
0.2481641327767017
0.3938441153312502
0.41997617621163236
0.5499971957543518
0.5754044220391487
0.6455581653831715
0.685546017225339
0.771997908690276
0.7592824618169536
0.8032582781441426
0.7762839438109169
0.7657657302529918
0.7638325950309979
0.7416116224095198
0.6906514528119982
0.634878053900441
0.6020294174540688
0.4934965670434185
0.4246870101997159
0.3314030583912454
0.23327506150407679
0.1294415166075087
0.037567610769679405
-0.060033100257172865
-0.15723375843918233
-0.23458259954662705
-0.37967303652652057
-0.43598430234215546
-0.5443353763053302
-0.5982477303471074
-0.6235526462520927
-0.7284410482556688
-0.7258128627456846
-0.7656814983620843
-0.7679341484218634
-0.7878278175854994
-0.794438782507512
-0.7339158791041346
-0.7293055456559906
-0.6349671928436751
-0.6375953888594473
-0.5814634131246009
-0.5349711324391417
-0.42470823766263166
-0.3264583704567138
-0.24954139130808867
-0.09552613822309734
0.009191981590777762
0.05472209822343585
0.1441486937960546
0.25391735979184066
0.3496156220274327
0.40095141117619415
0.5168168441699958
0.6120435432004154
0.6673183348538285
