-0.029352115282136673
0.005289887917661386
0.02515204331991903
-0.029131598893281777
-0.010317202448721896
0.01776301530913655
0.0009702277338473828
0.003201933191788262
-0.01127996896566219
-0.001378870164964225
0.0053108106098413215
-0.016887212594818988
0.02255567522934535
-0.010048875601026056
0.017425705438776487
-0.01589469216031677
-0.015421702200323201
-0.028242094800233583
0.024409239329191194
-0.019819698760950608
-0.022599176071062155
0.021082841562313437
-0.0010731557669148885
0.02917877058293155
-0.013645121508304759
-0.02231417430865594
-0.03056707038571063
-0.023726728890153117
-0.03338113706782173
0.006821953250177324
0.003946209552058658
-0.028191955216577316
-0.026349738074563426
-0.009279693752491458
-0.035960850220557075
-0.02970299573640724
0.0016354708879631266
0.0026386568067004214
0.017493412554671885
-0.04660887032312994
-0.008782787713627931
0.014378820635945509
-0.006196703763471744
0.013360363022987393
-0.021256018746719053
-0.03837488422298141
-0.0160288698379627
-0.007947313455415366
0.014942426165598145
0.00888130005612282
0.014788078839860472
-0.0010307638081234398
-0.04504484279535584
-0.023576135995774013
-0.019943708832816723
-0.0016053823319876295
-0.008387092880929729
0.024763688065054384
-0.01535900700971442
0.009235670915613775
-0.0028645968779494914
-0.03280302960564596
-0.0024252100700895823
-0.0035991763178388984
-0.04334764042868659
0.009395153280631053
-0.00594276657009281
0.0068727987126066745
-0.009920322840738934
0.008298825037206019
0.02344507907922338
0.006298694931045989
0.010718974299992247
0.001189086479354273
-0.012915197568965316
-0.008622629496943758
-0.019935211859219797
-0.002739315074558631
0.02019421863164519
-0.036095061237376734
-0.03552088410398881
-0.015035832828911414
0.004512038582569385
0.010937955592834062
-0.014792072030854251
0.022246974212436106
0.04947738670016493
-0.006055182715242255
0.015868150273172198
-0.05224537996656119
0.03254729418961911
-0.017637194989828492
0.02682895621600356
-0.00567177587097485
-0.006087243233773872
-0.0031601181530396373
-0.001692731842905337
0.00038963376001052534
-0.012193347040811358
-0.02545133185929936
-0.006938349517887866
0.013762905861229278
0.008190851017710797
-0.02015564907594388
-0.029904852898835262
-0.0184636186860741
0.011840051714902643
0.00010749178835895443
0.006096153167455343
-0.013106207712600095
0.013760171972154981
0.004421089896638548
0.02159702120419971
-0.04146123743679728
-0.01582123725248606
-0.01820873700945676
0.02288019189417817
-0.05780096726668321
-0.030411508644024466
-0.013323609104566585
0.01585014559039529
-0.019697121289684927
-0.0319460211404559
-0.00896590191504781
0.012225368457507867
0.006170190307704137
-0.01404877842198532
0.0025983890994529593
-0.028727902809863613
0.0114870066172851
0.004808382057491437
-0.0038835309359278444
-0.020823224978145757
-0.007476797351185787
-0.020097332539418943
-0.012854625295552289
-0.03773309168216326
-0.013136139543746362
-0.0028436078211533343
-0.02047830345498089
0.006633645532047001
0.016351280374931502
0.028029800454938723
-0.0264836692298199
0.014298638870914503
-0.010852660923902347
0.00020960830475727412
-0.021010916011705766
0.033555510881714413
0.02755411132207191
-0.018437502824675454
0.012234592067094487
-0.026157405645955412
0.025240311095612557
-0.031085064540519045
-0.009720140100768054
-0.02831045624222902
0.005752239607373127
0.013590205369164228
-0.048334514253626185
0.03175836140579947
-0.0077586797960531705
0.0038054423575157635
0.0043067564081034175
0.016943040153350512
-0.005991309254082788
-0.02450521336596942
-0.0023917026349045663
-0.007073145797783827
-0.011862521829990147
-0.004345978957292039
0.00018932310674719607
-0.044046408024676874
-0.029127977669474406
0.00887305824672241
-0.007539400163489435
0.041155405506011
-0.003421563406715712
-0.0033439612837095917
-0.019226070448159036
-0.02068502942978307
0.0014075139810421217
-0.044801103549183936
-0.01931029148898338
-0.01795316127898981
-2.932134213892365e-05
0.009690787269814953
0.0015386475598810987
-0.018360900573290585
-0.011033958128085296
-0.02010234300011024
0.05649601821941901
-0.0016642636237821397
0.003877043624709033
-0.038062023112090164
0.008528603152755235
-0.010326907068448729
0.024891133907952816
0.030904051436726396
-0.00035574092478604224
0.004507249918014891
-0.015501161851271839
-0.015695290484744467
0.0048042652588126756
-0.0176848438863735
-0.007723859469062281
0.017067259001855038
-0.023595702706216637
0.02495544878577286
-0.025609277244418728
0.014996514617116794
0.008858036938873815
-0.03449013300847462
-0.001605791484353825
-0.004331150159505889
-0.022538626251618527
-0.002791700476152037
-0.04418175123440291
-0.03645016599942333
0.01774422367681183
0.010571320040753415
-0.009820927878462449
-0.040494589236749645
-0.007524403972221629
0.015877625684048453
-0.002506432189872558
-0.02673597288143654
-0.03899776748042152
0.025364303781721567
0.003060138930794324
0.012471294606716692
0.017859128598067625
0.0021309956861756477
0.00978106965645417
-0.02360503549264554
-0.025270590293587473
-0.018998393878586116
-0.04855183665020879
0.0012017935618626229
0.0009021471668519791
-0.042414392244065326
-0.023150185747659202
0.007416911782260027
0.007016420471674644
0.010481681029619883
-0.015435023704549636
0.006660074078021583
0.0023470501287064047
-0.005005062888808934
-0.003240692092621018
-0.02397968509616428
-0.026592576737247298
-0.028146255069967235
0.010928568038627713
-0.010723070220013913
-0.011611927986424528
