-0.059004318573492726
-0.3230140870431339
-0.6902928420354268
-0.0649771193418345
-0.5547126823861253
-0.04000989478091688
-0.5876996418074076
-0.32652339144944026
-0.1486606744362586
-0.6152875571377407
-0.45483979797975704
-0.35745622616434813
-0.19183726271746396
-0.6011284403848756
-0.25955837584611907
-0.8114226637184673
-0.7737823189176167
-0.023998974324528445
-0.26073314095152816
-0.7965480326046248
-0.022824016568708937
-0.27640765207647955
-0.008821515694834005
-0.2256115208397004
-0.580279531289539
-0.331172836125181
-0.6175664308229124
-0.021176152966471774
-0.04096457672282251
-0.6704749352118085
-0.25006510116832786
-0.74058229172101
-0.5606444090295548
-0.23772772008066562
-0.010319102701434851
-0.4897937522421167
-0.6355911949648482
-0.8520661716659328
-0.4977630463019377
-0.3031749792361046
-0.80461908186139
-0.15455599474034248
-0.04772132511334407
-0.21343283540150404
-0.2839800144848391
-0.12898454670959125
-0.2554769025821442
-0.7628119489091297
-0.4287290826311733
-0.15207680307001703
-0.19117317105661574
-0.3578277101033235
-0.6683412343202808
-0.5981412637956262
-0.8941115885890053
-0.5610268433366825
-0.06203970710679048
-0.5987541224261386
-0.8285549768972372
-0.8211747577350704
-0.39688159810195894
-0.6581842044191302
-0.28525848165525436
-0.06393052566809973
-0.6722653661868138
-0.3950156486337959
-0.09845661666742833
-0.07782116713477907
-0.6702284437734662
-0.8515733579912634
-0.22109093373610697
-0.051020258247150764
-0.12661753508771578
-0.8083823830905017
-0.1493637145995361
-0.8335616409097046
-0.8610602534753936
-0.04717435548769862
-0.26030904172265235
-0.12022029497661467
-0.02294206121673528
-0.08762460602096256
0.018752666036532185
-0.7599724343582093
-0.49509751099697336
-0.22967603373845855
-0.8472281401194814
-0.09956734946292489
-0.47868923660955864
-0.7920474693926642
-0.7005404568028106
-0.4799153332986957
-0.7336025858897854
-0.5581071811916092
-0.21566418197288573
-0.24429937456412643
-0.13343607413453293
-0.4995371293875736
-0.34323936420365514
-0.7967531696434383
-0.680868277923976
-0.7577246070760402
-0.5140395974419558
-0.5513047803185757
-0.09802563474890355
-0.1365848045014461
-0.49234112036785643
-0.393785303616695
-0.1286512965329234
-0.8347099177172568
-0.14246094255465042
-0.8070612275814062
-0.022052339298164646
-0.7717384806921626
-0.09530436759250742
-0.055292741273378056
-0.6357077240374719
-0.8837248157729941
-0.5883959925962603
-0.7796363020428297
-0.5696823631810645
-0.47212339641349405
-0.547101808874344
-0.5301087930631061
-0.5873880929485595
-0.23948094160333497
-0.4582494031268739
-0.5643457176341002
-0.5524338170685885
-0.757311355955046
-0.13333021877684362
-0.8177316272944222
-0.5297638182992576
-0.03063142629246008
-0.22007821759814392
-0.45836989266540046
-0.4390826263616177
-0.11384539668892558
-0.6306940872119081
-0.6455148764417831
-0.22258032438125655
-0.4761402285812361
-0.06671900205961658
-0.7029443020068025
-0.2824349565321611
-0.6482131752092783
-0.08061119853589484
-0.8880467247417697
-0.39706692076349304
-0.7016331246663721
-0.7191550537617987
-0.4035652629490786
-0.696581416671273
-0.5798580140450587
-0.32425540932020613
-0.4522891736033924
-0.6100971227530094
-0.12888073069322856
-0.3389334676106288
-0.1533456463806258
-0.5599964577459128
-0.40126857644757175
-0.5568389797785415
-0.8062554751520467
-0.3070536091049728
-0.7542299205962166
-0.7354657665865525
-0.6556026299197479
-0.837837243025193
-0.7749827699524867
-0.5583107236142982
-0.34239732294206554
-0.3382985254738775
-0.7660948988085479
-0.24756244020020493
-0.32158825293462634
-0.7590094350300046
-0.8597023992512687
-0.08014996237081624
-0.20524127748366466
-0.8572117957867481
-0.09336925373553358
-0.18671360433353884
-0.8347875719381848
-0.12441653160267313
-0.28858180232501157
-0.7387584069899906
-0.8755232163172958
-0.8794923463287803
-0.35390461939929785
-0.7268716192476203
-0.7411181151696528
-0.0812891636086426
-0.5651084155264251
-0.6537113117122935
-0.6042476757615095
-0.10379995128871296
0.023704446035124407
-0.36460429541318135
-0.3549586655003664
-0.884003559075165
-0.2794860676684403
-0.6916387216163805
-0.8533255819672375
-0.669876539221701
-0.7296461229411139
-0.6105854313844006
-0.3715518191372452
-0.8523249485825806
-0.42332097586600415
-0.8064808699147422
-0.8161469087147372
-0.0412303838647767
-0.827588651284166
-0.4836922658253562
-0.6881188800235736
-0.2241583230093785
-0.5033085927799208
-0.8224461592786465
-0.09580006706811983
-0.6688971842532009
-0.8648276151630977
-0.8034829054494531
-0.18831394125942197
-0.7948552136875786
-0.7885351000526708
-0.42502626389103565
-0.36442162787837806
-0.4593912786154071
-0.06825759655936119
0.024876582913872333
-0.5970319650086866
-0.13160914443453775
-0.48476300881225953
-0.1683153962858447
-0.5319607419567869
-0.04881491966848836
-0.4886464305565224
-0.060151102506361354
-0.8194475458890274
-0.3375797958492158
-0.5432808520737872
-0.44623363438541025
-0.3366565672065961
-0.29589675351132444
-0.03840726261575671
-0.5998746317628421
-0.30904719048098694
-0.5974879033762547
-0.6814195189952703
-0.7464750021294646
0.0035418983512627584
-0.2527754501049953
-0.5361828344379459
-0.3195087908644347
-0.6553678447877641
