0.46478659578054293
-0.4578459559256806
-0.49138965505728127
-0.47105864412759707
-0.48695091137238455
-0.49526019229863283
-0.49305265938381854
-0.4797670720419299
-0.4774070010210326
-0.5013005773263394
-0.4238901002298119
-0.47599195610473743
-0.44562189818310044
-0.4896156844103956
-0.46260854075832625
-0.5096307752449011
-0.4962252430073468
-0.5018492669057871
-0.5137932556686035
-0.49868395426183604
-0.48313540099987184
-0.4626628086978957
-0.4747495874612616
-0.46324513512854826
-0.48381250775045287
-0.49910205223545095
0.5024512319297028
0.45209678708579226
0.5071095199526737
0.4873032149215044
0.48897983685894025
0.4593512707403999
0.4621119094522189
0.4811672611339056
0.44962014930890815
0.45154714965609666
0.49269038803267184
0.48469558454142564
0.482969824969556
0.4425036401258351
0.48808465874633516
0.4973965729927738
0.47139994970348315
0.5036008567892739
0.45084815859387223
0.43213185984493696
0.5039759450851614
0.448698426535938
0.4877549831229317
0.48895790454640814
0.4638279790006874
-0.4711032495158995
-0.4614960135747463
-0.5037001211836274
-0.4957317804905865
-0.5206834772285154
-0.4381094626463813
-0.4809389020742184
-0.46218644270076664
-0.4688226816447192
-0.4723953670588473
-0.4450148654256244
-0.4524161089639597
-0.469044121982997
-0.49344609779883025
-0.48109855322937145
-0.4911868349712441
-0.5041380565341341
-0.49808105220155097
-0.5210369197348064
-0.5076596334859327
-0.4818866622978179
-0.4865935075386044
-0.4804996172655564
-0.4664831660179778
-0.48805035956721343
0.4858548944846075
0.4928391005929973
0.49208547933124674
0.45344567969989114
0.4961811188923186
0.4554940585073124
0.4766962375094048
0.4569969357744125
0.522874972180577
0.5185103281880491
0.44448224815047443
0.5035670998297541
0.48280838459455594
0.5184255234847185
0.4862095090720514
0.46133807526601917
0.5099374898935062
0.47100141879025686
0.47150755667851096
0.47504785832902136
0.5174767341586562
0.439168171415241
0.48808267449341736
0.47249768343588416
0.48938896657284886
-0.4721341603891727
-0.5051348559647366
-0.46904909667619893
-0.43871600952006023
-0.541899158817553
-0.45824714713069564
-0.49833941019128664
-0.49994486218016154
-0.4933455219533122
-0.4805189883087562
-0.48817312499257975
-0.4722048099119652
-0.5001422566791287
-0.4683776073652056
-0.47945485919187664
-0.47461082381787145
-0.4801704826027852
-0.47377817554105167
-0.46674204466549757
-0.4399623356253469
-0.5070616778879398
-0.49584666163123103
-0.5186564451324285
-0.46981426941432214
-0.469919451502242
0.5122756389513258
0.5049266484385212
0.4957942865621692
0.4785399228164396
0.4802675950015568
0.48635942190737924
0.48290820149728325
0.44989117774717124
0.4793334632197097
0.4757204491723156
0.48660329633820426
0.4667511483183714
0.47885001250566916
0.4894180846496594
0.45535560720066925
0.4958793482800661
0.4579059832443954
0.4836054865846833
0.4862641116065156
0.48337293426475164
0.5015291202756058
0.47635709296627327
0.47351862033544617
0.4837672896480888
0.4806427815297321
0.49127817459308787
-0.4946177460665958
-0.4434256421745276
-0.472719244822551
-0.48908298149776624
-0.4801012743390585
-0.4773375558246124
-0.49055555490125935
-0.4469393378946158
-0.4927811697318175
-0.5048177149356287
-0.4791337981191988
-0.4820983703262032
-0.48061877044418416
-0.4975398942527708
-0.5085753348287415
-0.49245552843713336
-0.476433788321865
-0.4510705605111745
-0.509211948056879
-0.5029948539892339
-0.466898285915291
-0.48215006617206013
-0.47783914458894416
-0.52923568154684
-0.4769498377324683
0.5173919777855049
0.45927122497023914
0.4668893430670843
0.45916234552716756
0.4619558338405248
0.4770552113320084
0.4872479951823606
0.4595839980933799
0.4442996455761288
0.49889607765178307
0.502788485195795
0.4747044354959565
0.4803038911219258
0.4584309042734502
0.478230965025454
0.5015715759362133
0.5118940978834596
0.45994182903612946
0.47716741444235056
0.44934212693073905
0.4718753813589596
0.4711864001294909
0.47182642564982985
0.46489382917109445
0.4747191973098991
-0.45672500322876847
-0.5006277058494972
-0.48739614962911965
-0.4514694183023205
-0.4697409270937965
-0.4272345014809413
-0.5124578050379542
-0.49290711777846863
-0.4965783592389224
-0.49854351703271854
-0.46410835662326966
-0.5067985656360712
-0.46786709351690814
-0.42541517441988824
-0.4559045866047831
-0.49271083856167236
-0.45226519029626133
-0.49402966388922054
-0.46182813397676375
-0.48682222205458514
-0.5097405246224281
-0.5252188754063981
-0.5409721034575219
-0.49856403094404056
-0.4740409357363549
0.4652081775717531
0.4543719982779551
0.49167116960566987
0.49131638641186476
0.4661590066790093
0.5113118999043648
0.49145246960873556
0.4627041441223347
0.45171409398141904
0.4740160667406311
0.4896904121236068
0.4477496188893095
0.48234496122908876
0.46099308037021425
0.49031991045015627
0.4826861821962484
0.4701297221760999
0.4666468901562002
0.5139826698326545
0.4640928471252617
0.474990709983209
0.4840271347038727
0.46019285487321154
0.5089806380707422
0.5127147825786881
-0.4672350883157746
-0.49298795464426076
-0.4600878219185438
-0.4641535471291828
