0.4478640336059809
0.574250570687326
0.22961517355901592
0.17215934022263496
0.7594013635001345
0.48990487712806746
0.6735831527752788
0.4350452069893385
0.27593084140200635
0.20016309371323265
0.10738794677512176
0.6064877437944175
0.5223773006604714
0.41897089827556017
0.44004090621088776
0.3890295866886642
0.06822749210977802
0.395751869826464
0.2149898217341497
0.633886975379128
0.05479715984121279
0.375436821868649
0.4957710669229872
0.48017581728450126
0.686251609799295
0.4952021227100089
0.5669327483339168
0.3475896724575667
0.08397052592293869
0.1704404428764073
0.5651719675655322
0.7114812222858494
0.5685247497110416
0.1472186304969847
0.26466774496752016
0.098403204789194
0.6819758216642609
0.40611152540091777
0.5463789470866193
0.32996384042011145
0.17522913983364571
0.6505629045268536
0.15445027573031436
0.6416630905833576
0.6210321144155515
0.2855449057562595
0.48492221620846293
0.5237246392283819
0.11172801236433315
0.05750286144163165
0.01769843467785378
0.44314171403859237
-0.0011974944344128984
-0.00843703200079157
0.7176448107639837
0.13317472610295344
0.5772055463763143
0.18627265991958203
0.24816907934951826
0.4023702913434539
0.5616987703439451
0.5663450255970732
0.7006667153241979
0.3075163308947513
0.6494678464834105
0.3486814993731619
0.4161536253742417
0.7152974635391861
0.22524457790338046
0.5474036266789715
0.7296431804212294
0.4275906745038053
0.5067578909125195
0.16602463336529313
0.6034402206576032
0.6334161588547785
0.11950505831783535
0.5141374684268563
0.7388765124922232
0.0335132848872796
0.6014793533324515
0.556474401326094
0.5932750148474136
0.3492539022000075
0.5992180179952693
0.011378007242486663
0.2818375664883676
0.7424677535982975
0.5196692359024131
0.24535585306198898
0.5645445621432151
0.22840233917384423
0.20793199242405097
0.029344164252511552
0.7246738846686357
0.18755177097218018
0.4096066616995501
0.06430811495723887
0.2437150816932851
0.5006114135668346
0.7355895789317237
0.3110336882691332
0.5954782711907205
0.3344140607567775
0.10184005504004637
0.5852971165156086
0.08962133780744033
0.1764444754095517
0.21325191863829163
0.6581934433609642
0.08149065641782721
0.31320085998110536
-5.481122211499273e-05
0.3877011884236575
0.5167705963059462
0.6995542208094416
0.40442829600186064
0.194940837716887
0.5517301593303542
0.4425914644808441
0.16568190528531673
0.4266245423850306
0.11749985022677638
0.5533832007285273
0.6648167630407208
0.5418505699451704
0.6718363170888395
0.732717881895556
0.05585307131868224
0.47252593205517374
0.06649183092693567
0.15745644519990407
0.2141186472750349
0.3180657345834441
0.4343359863637547
0.7138048782601891
0.2736263024585106
0.24527771475844018
0.4391457694311125
0.39369736923365917
0.6293928428702225
0.2551570049418755
0.4354321785616631
0.7375618548911688
0.5442561555173131
0.46671758692361553
0.5678031804077172
0.6047917702779537
0.7297619318936376
0.3264111691443975
0.17351280781737108
0.4770611282972259
0.5751358138436449
0.429146008155261
0.13461189164902607
0.5333182524567686
0.5796798990273685
0.4721037438690135
0.7066155246908059
0.6924161324967464
0.5701279579375214
0.35828608215880486
0.4287439060206507
0.19194096634711433
0.24536140902028578
0.44251948721166573
0.6270453353061338
0.7285036580927957
0.2781499375416683
0.19969356898769125
0.3558145945600023
0.632067186623683
0.5815722804499989
0.6790231793248815
0.5283993650984056
0.5288117007686816
0.11559837063801233
0.08820328006653987
0.6930888843498002
0.7191745592335363
0.3624614096824917
0.65004506999933
0.6847983720692634
0.6445843194676489
0.06924652052268294
0.5525687776024371
0.483383447047366
0.6692461775686865
0.5404221264489677
0.5740562567118355
0.6023207269966511
0.36765715044171465
0.7217330743269912
0.6186821494438783
0.4391593343812915
0.05034094297007689
0.7899614144499191
0.24593423977862827
0.7197565256899718
0.1868976179300435
0.5693824074576433
-0.01682551825106819
0.11307383146974896
0.2283673303558824
0.5781652092116497
0.24586852697517042
0.7169569311220032
0.46784005578598326
0.4554410021718356
0.7509017028635626
0.033123945388197094
0.508534998631461
0.45765422305889003
0.627417897505171
0.0754265434374799
0.06957439815055838
0.5801965095397279
0.47166792981531347
0.5731079718584637
0.6215318117309385
0.3098490951761994
0.7473434840642031
0.5233574446222271
0.3415238490532967
0.7283848562699332
0.03885433998335833
0.3144811551675986
0.6645189100255107
0.29914077658960503
0.5029884142812829
0.13860369466399286
0.5951036355028665
0.19119990366869363
0.16766336995451608
0.6862398829214226
0.06287806728996836
0.02660209867457367
0.5379493503164
0.36113082478683817
0.44903199964990764
0.4002370628335958
0.2661261045685862
0.3039703869960655
0.35002603263887055
0.22313343958887202
0.2502725356088737
0.3475525384084049
0.3249969788600323
-0.01966490838524388
0.7277335893255734
0.22746920096508658
0.5374240315616029
0.60639783740688
0.7131098780676088
0.4667358232407147
0.40729575215054287
