-0.15301138136789663
-0.04346764035584413
-0.03260518994387925
-0.005493418012525042
0.019965052449354734
0.006083370334976405
0.11947099776094341
0.1274305699038372
0.15540271281847298
0.19677451565154055
0.2455403279771874
0.21848371841083009
0.24698776853396623
0.25777534384020195
0.229260230030005
0.20894878588875151
0.13929700366206033
0.1521604223800438
0.0586742613073241
0.04891983175813254
-0.012935823001505888
-0.054371024629041406
-0.09121358596400989
-0.08166677593701163
-0.15101876074834458
-0.1619709280673397
-0.2179701503834892
-0.2502275569504245
-0.28016979873087405
-0.25852473639194823
-0.21522256584366065
-0.17178918334208826
-0.14702081740371192
-0.11670006815603955
-0.08747438453665196
-0.0010895570500889726
-0.010594749705859063
-0.008142812945264396
0.047521372351377184
0.10447685390255067
0.11724844163296418
0.12679427457548256
0.1753215427185558
0.2265925321586491
0.2524083013660365
0.27172194973007624
0.27474028218505886
0.21833025447550644
0.20073250732287645
0.1558102831606915
0.1043461278922787
0.1029186926589289
-0.012953319325058069
0.01470409999843042
-0.015848720092724523
-0.06468135032955524
-0.08994323804085161
-0.1427857012875573
-0.15793127371975896
-0.21393014686842854
-0.2112885085007168
-0.2290733260218898
-0.30326373894096503
-0.21699527325722306
-0.2076099639505685
-0.17477675501839887
-0.17346393668253127
-0.07824884343620735
-0.042908359718339006
-0.05159454419541089
-0.014293576356200223
-0.010556696931213888
0.11487868793437475
0.11960955157075617
0.12702376880143856
0.167263406728317
0.23552345773366268
0.26512408799825377
0.22759415776307737
0.22768780825412832
0.20354094946061443
0.21023590185972213
0.16019080018201892
0.12303238390503246
0.13175389641709434
0.08130368936383456
0.028309804357205745
-0.03542626765981307
-0.03380343044711694
-0.08804736776399624
-0.08200029074416325
-0.14288240172884412
-0.19495386183637892
-0.22252904651166888
-0.2307753898211937
-0.3083295166940435
-0.25628880172659874
-0.22729454393286772
-0.15407483917532858
-0.2137717399194172
-0.12848297733789066
-0.0887057988057077
0.015187274312879397
-0.007388968872613233
-0.015733622541820202
0.05353460916651364
0.05331941383774831
0.10100983882604857
0.1609580580670928
0.19361652554580802
0.23415269960356141
0.28318933635421006
0.24842689549238003
0.23487148302687663
0.2544477425740356
0.18199873068854452
0.14183909624457894
0.1022678673606377
0.0689168760227808
0.045761839367342315
0.01945585690352809
-0.019956265502612466
-0.05095192438259898
-0.09075932238698121
-0.12609329031570624
-0.14029646136557117
-0.19390832937937397
-0.2343117238445747
-0.2531431759062241
-0.2631184889402908
-0.24896497117861507
-0.14425193814654927
-0.13533849947933901
-0.142320454783678
-0.08752439397858444
-0.05900599890925694
-0.02805263095959737
0.038518001777607565
0.03562604738274616
0.06396649773493324
0.13779295143564982
0.12542289927021896
0.19897091105847906
0.1825574345168352
0.21009706329107197
0.3076585141481054
0.29586599067705904
0.22054350903689002
0.17108892302149623
0.13987008119449998
0.1560134274196759
0.08121329768395147
0.047342239172506684
0.015808414491066416
0.005913508832599185
-0.049519874576636695
-0.07494412178300586
-0.11451954086170284
-0.13300379550585023
-0.195641267678341
-0.23370859377458753
-0.21110663078637248
-0.27137467894891437
-0.2725016922133206
-0.21187674894390052
-0.18061183533769032
-0.14905554538869728
-0.10712997349916067
-0.036977481037203906
-0.010379811279334648
-0.03361715362638821
0.03704305511572872
0.07480616659681934
0.06327071513291349
0.12936146690974348
0.14515057626623185
0.17739840505741597
0.22902761166417754
0.25165214873423297
0.2223553551457791
0.27173756221227857
0.19208508293075596
0.16613623349478968
0.16109218438762268
0.11714734778460853
0.07535994666845858
0.04684543078632172
0.010749924657950705
-0.03711542695542898
-0.060856912114716236
-0.11040472621414206
-0.15354602105876836
-0.18780636170975687
-0.19650517542545326
-0.24962024296593216
-0.24999560292913267
-0.25797836558172577
-0.24630643877613234
-0.20166977840746583
-0.17046389295395775
-0.10407710263204331
-0.06166854703934701
-0.09205746600507157
-0.012681734052949001
0.042035662559614384
0.040292048438908504
0.09031446114624542
0.07943013907919175
0.13917935432603215
0.18363731496289143
0.19689379225727455
0.2530329485621982
0.26159604204332193
0.2056953500466994
0.18600395561986469
0.2129154301333187
0.12938291252230957
0.10337713411781999
0.09810506745673428
0.04551771405844336
-0.020834587847606854
-0.01927874154479355
-0.04959170727592795
-0.08265040103669208
-0.13862828822555334
-0.1482138386966921
-0.15688957327527747
-0.2089780650764471
-0.22150758531458933
-0.3142074391051906
-0.2390294340721265
-0.19615042297757215
-0.20402688423591495
-0.13840259912258882
-0.13550880409056318
-0.10783278020197613
-0.04690587859668125
-0.023390911511220833
-0.020451609230612375
0.06237972398926256
0.10276058350747813
0.16582281252045325
0.16387031150989245
0.20108630165239375
0.24028050796733616
0.2573672860146385
0.2715731089659093
0.269064324023404
0.19839392119297283
0.1960150166941377
0.12273846275227786
0.11462989341619749
0.030316018449436426
0.013851076986101628
-0.016041833837613057
-0.01696352073157226
