0.01716954213666737
0.09519622722287034
0.10715055179787139
0.1633644082103017
0.250701630909274
0.26403671555760455
0.355657540558289
0.4446230344605552
0.5092159545486822
0.5138380123602474
0.6115352079575496
0.611613091202857
-0.6880701818864208
-0.64336119107451
-0.5761752697385777
-0.5659796035624879
-0.4627379657260792
-0.40471560538606305
-0.41653486625295416
-0.32438351328182696
-0.22212167795569815
-0.19361396310035991
-0.10652705237028479
-0.03149674381123439
-0.022550529341270074
0.0001955676581320634
0.09940638902828543
0.1655376770547195
0.17129585799006208
0.2703409671993062
0.32218642495615063
0.37745927841513727
0.4389819336536097
0.4434757288083797
0.4991435487217647
0.5846482454864272
0.6284464159907395
-0.7239419938403648
-0.6622340898759476
-0.5847914747791273
-0.48793521125626793
-0.47638700181301363
-0.41483961997871793
-0.37595285329363015
-0.31567464734565776
-0.2600718913537684
-0.21530468093206379
-0.09737139303922553
-0.10350035972949848
-0.0009904003147476886
0.04796579872394402
0.09564332034781448
0.18405971184556882
0.20142403998198244
0.23922583051995164
0.3285931238963567
0.36271341778776556
0.4108355034316343
0.44867674243640404
0.549184617944865
0.5804467170681455
0.6367417104364644
0.6995813544588295
-0.6655518170824068
-0.6172258177688725
-0.551071744045322
-0.4977578709122997
-0.4147822834618168
-0.3543066564911628
-0.30118633987346155
-0.23172373548491945
-0.19091166360171238
-0.14034633495968268
-0.08177706355014952
-0.021268488769856115
0.017833204083473334
0.0766457720754174
0.1522079919243377
0.1613305060108065
0.24710468759333576
0.30766191271764987
0.39403364731173085
0.3723542863438736
0.46438490355963663
0.5458044789536848
0.5747729452454539
0.6557536135765176
0.7095484433982129
-0.6488261717252167
-0.6216727002939736
-0.5078306814057613
-0.45297888103812656
-0.448657973593799
-0.3519329075121728
-0.32218175949394523
-0.280913534837084
-0.23059524947553095
-0.1486321266794048
-0.07585345113504774
-0.04418983928567609
0.03436252025234329
0.04095268224883292
0.08982995145361654
0.21267639385235013
0.22521967372153331
0.293445681451771
0.38308952824468495
0.41779648818246934
0.47082989398520253
0.5370204756826222
0.5574615670989055
0.6420978541881635
0.6847646003863672
-0.6757696908832951
-0.5735334897405511
-0.5542458334147878
-0.4409938432756497
-0.4573376684087224
-0.3793161784769109
-0.30276760434399913
-0.2685796765662084
-0.2199775121825812
-0.16239661828019172
-0.10314306575360148
0.006275733059823929
0.01458408490736851
0.06174338158530588
0.11095537689086171
0.22449669609921252
0.23829608611854491
0.26760324431829463
0.3638241614591872
0.39557836639277144
0.4560541624638838
0.5224481547762483
0.5131911730443868
0.6332749691183056
0.7196146948179428
-0.6707746244447348
-0.5620006310124471
-0.5251229728108486
-0.5073808607026515
-0.3846293417571448
-0.39791860503726195
-0.307387553070823
-0.2590954178399344
-0.18810414975208356
-0.1383137895504965
-0.08065640527256385
-0.054694224465951756
0.009251256204577224
0.09107807275661894
0.16524460424583148
0.15114364551079862
0.25462924874977294
0.3273718816457947
0.33821438528020314
0.39448336188215055
0.4581670887489572
0.5270644751858237
0.5575539590383646
0.6476254899527752
0.6756014033607719
-0.6621080837291613
-0.6236417972175908
-0.5472393575702316
-0.5152718305380988
-0.4267253070910193
-0.37996386148967964
-0.3304627879992635
-0.2955812799773801
-0.20404970945627787
-0.18693401109878255
-0.12390974338525096
-0.06063250371618834
0.0342999383738916
0.046289091929793344
0.11432965778315635
0.17381857623389413
0.22328270586250573
0.31898767187025034
0.3453171761555698
0.4252201325204509
0.4783199057841105
0.5197262613261393
0.5728953537755292
0.6184024675106926
0.7143925265873466
-0.6949676639389415
-0.5972513496027886
-0.5569321512404074
-0.4931148895295295
-0.46195601028334643
-0.4376655702377106
-0.34437745719824775
-0.25117301993937613
-0.19602963870453716
-0.14926547514978505
-0.11129067349599521
-0.04373406383563574
0.03856623149200374
0.063115923927915
0.13512963975745038
0.15846090007770303
0.22629447525934188
0.27371817020369804
0.3579851056166367
0.4150240055819929
0.4730067171365137
0.4863448817729898
0.5503003817426203
0.6223731553243707
0.6577976124732875
-0.67426410615768
-0.610840079060828
-0.534389891949478
-0.4770847692139172
-0.4702495351956221
-0.3585322689513949
-0.3344352710609941
-0.29395130054810065
-0.23346176881010167
-0.18250381438512464
-0.14204784814285246
-0.035216239188926635
-0.012002392564275138
0.07451585019753404
0.1189231830517983
0.13666539052955623
0.22696541654011068
0.29415005485399165
0.3451938786327838
0.42408797746754645
0.4613633612984006
0.5204582167055322
0.5927988116630284
0.6411877523140245
0.6926130209164628
-0.6807237484590849
-0.6084196231723109
-0.5445553291637437
-0.4739979592204796
-0.4490261234568646
-0.3703207765722917
-0.31567052366233705
-0.2636030004853616
-0.19333544565729688
-0.13497340384146875
-0.1246333169312795
-0.03585771820808198
0.003399177166286846
0.07020532300267485
0.10276230453907338
0.17202701754652724
0.21918866710064655
0.24664430845790733
