-0.018505868450400594
0.0263142544658806
0.09379715424362384
0.1503544607841471
0.2094849276987066
0.2600105446431212
0.29128969998029924
0.30432455186755825
0.3362836100571678
0.39350309584825444
0.4004476484089278
0.4116963388995947
0.40194511670287103
0.4168612063177722
0.44171311905790145
0.4211014704425648
0.4019709206751426
0.37274675430206733
0.33886763506964207
0.29016136201554193
0.2571884154437277
0.24784049663348137
0.1605887321770583
0.15844691500399663
0.07807194769350093
-0.009586533736594946
-0.007934370588462133
-0.08889841367723697
-0.13732226795960467
-0.17742528395911192
-0.20346066970495327
-0.27400211685435877
-0.3348974314696438
-0.2957104109543832
-0.3799959332741384
-0.389922594593576
-0.43429635592320737
-0.42160026049628857
-0.45178385094636536
-0.4314505610475671
-0.4136634781257647
-0.4112365070985709
-0.36694966150975905
-0.32421857709397517
-0.3180055116620039
-0.2676052835430374
-0.16453730122718185
-0.15289763421409638
-0.1358481353731593
-0.0735743395954984
-0.003402460873127122
0.042179382204214584
0.08844533075350403
0.13314940998284724
0.20010454233987324
0.19318576445225494
0.25639042593067857
0.31034573650922226
0.3513434318257261
0.3886094987561705
0.39419497065838116
0.4506553779666168
0.44172298990804404
0.44075645214001685
0.39182060573535293
0.4251116025570046
0.3792978949222464
0.41273825077890464
0.3376393562806287
0.323726743592548
0.25863920595240225
0.22233999638226593
0.14238428227327501
0.11559473220541545
0.08262242812005782
0.04856592291409783
-0.043088513410180884
-0.0680008311516306
-0.11588696964339767
-0.16242472177261658
-0.19805456741532182
-0.2696687672191416
-0.3030804147128736
-0.309946240501185
-0.369554342014039
-0.3796396733195015
-0.4181897739179417
-0.4481782532884706
-0.4385727983867645
-0.45366255344006295
-0.4094815856045036
-0.3869234514474462
-0.37145888918404724
-0.3783237202966561
-0.3035981139552663
-0.29462915194051836
-0.2399166203302473
-0.18273103128147744
-0.12087233160338756
-0.10749275074230706
-0.03401970919582408
0.004921049379768477
0.07335022870970893
0.13938660520698906
0.13873885243474188
0.2433479960442314
0.2857458143836372
0.30124516297841447
0.34205966238779545
0.39089338351136416
0.3924096902833955
0.42301391555276235
0.41933883704427743
0.4645443107799635
0.4525903643360503
0.4059539865771577
0.36865424137397773
0.35546018276669794
0.3107344749561296
0.3241111403751729
0.2857793812135272
0.20183847868789295
0.17231568895200203
0.13749189156233446
0.12666986797852794
0.03995003621740423
-0.015429522564568341
-0.06315817727420209
-0.12188128383359548
-0.15555230009251841
-0.21809387887247136
-0.27238454897005365
-0.28811788290011486
-0.3422324258976137
-0.3361340428389885
-0.4103984260978228
-0.40086073159884683
-0.40418875945799637
-0.4032262594262407
-0.419530871748427
-0.41919563681809746
-0.40876653355087744
-0.3785083877817831
-0.32431033413888866
-0.31262424653653237
-0.3073943689013141
-0.22461729823257656
-0.16888029907131483
-0.17433343187460387
-0.1147163013218679
-0.034164705592503786
-0.00865128264386898
0.07560644907806603
0.11566801264906075
0.1704212100874378
0.21863074295462512
0.2412776868379523
0.2876067951177469
0.35969543032760465
0.37786281817273576
0.40563204764513966
0.39844310746926276
0.4243031502079469
0.3932931123380845
0.4051928434425021
0.39954614476533346
0.41287143038325474
0.4091327472580526
0.3577435527033846
0.29743271097280116
0.2637821446523871
0.2308389058939981
0.20454249410869144
0.16890869091624322
0.0637895995206435
0.05440119298795386
-0.0035545446208313375
-0.0718751652501509
-0.11194418966647254
-0.14835092417695706
-0.27217101151801537
-0.21001270818859052
-0.29711620923461807
-0.28632441845076056
-0.3646850168244323
-0.37710900002630254
-0.40369476430368667
-0.455195712870415
-0.4314230659901322
-0.4236559437634409
-0.4062197143388
-0.41275720538221244
-0.3774679120261358
-0.3213371416269425
-0.3559075744751452
-0.2991858273493743
-0.2423862495724862
-0.21454939990106076
-0.13579625825273703
-0.083402130841841
-0.028477925233964627
-0.0020707288988981998
0.018809108065673742
0.14103729419557418
0.16350512932821223
0.2290527037165575
0.29396251807216867
0.2885395831987205
0.34779387283873026
0.37630102606556687
0.41616669712282184
0.4074863015210933
0.46942772756260454
0.43883034281128414
0.40528656030945776
0.39671343314773666
0.4220258569122144
0.41951109768836026
0.35742534985584173
0.3197423325096513
0.2855505186485183
0.26965697772929764
0.2205707931291493
0.15447113908919718
0.1008060845001099
0.046611087918497926
-0.012007810665683698
-0.0388630296995897
-0.11757750490593223
-0.13339970885823357
-0.25879442879036296
-0.27329367372231084
-0.2988041333298401
-0.33557996102773235
-0.3512324177269833
-0.3981466160292631
-0.4152384121648203
-0.45412468335502243
-0.42434978188927697
-0.45738927033678195
-0.42618214082862615
-0.41351453030042246
-0.4067413141270115
-0.381601994665082
-0.30076921467598056
-0.25115817529529627
-0.2249832973924843
-0.1759029405603474
-0.14463822113075378
-0.1259328639564086
-0.04735809573149932
-0.010608706966895653
0.0508543315731321
0.14682431402451443
0.15977402456718257
0.18728188446713753
