0.595927652233484
0.5555952930405051
0.5334975990917267
0.5779846251537375
0.5795864568396515
0.5563622556097
0.5615326146158661
0.5625409952167311
0.5899831555011696
0.5609556312606915
0.5636269305227366
0.5557914589281747
0.5753506874574015
0.5808274563081556
0.5482325534182783
0.5670725386596979
0.5378771272673558
0.5593231172915051
0.5509114830347953
0.5869435630248777
0.5658503679754151
0.5497089123360809
0.5672760983861231
0.5459764831665342
0.5155674478779404
0.5566253604168109
-0.5407517325643659
-0.5634482420373965
-0.5857724422543635
-0.5523350092661358
-0.5810786383522089
-0.556689899823689
-0.5356277617013049
-0.5248492664731665
-0.5803872126165109
-0.5326030619177468
-0.5246654554178762
-0.5869777016840846
-0.5365694991361052
-0.5652388968214063
-0.5408395905368943
-0.5946119658858571
-0.555648297583475
-0.5376088296284212
-0.5717537998932412
-0.5697152588309364
-0.5191798241434619
-0.568699967043096
-0.5618510869778137
-0.5696812411859454
-0.534031136490791
-0.5610705140510193
-0.5754835864055855
-0.5196910961192319
-0.5317995900072646
-0.5591609338260914
-0.5696877368643897
-0.5414564193940189
-0.5746833945604298
-0.5611334598350701
0.5675287241339442
0.5681076234683623
0.5674636094046045
0.5177017895342787
0.5451131925222881
0.5459434791483425
0.5245280576460832
0.5758605239936921
0.5539651820672467
0.524033547525968
0.539754227613979
0.5864935114220869
0.6043378386343095
0.5431773350318009
0.5446695727155342
0.5786166964961454
0.5860895621615131
0.5683669146195877
0.5436664649414761
0.5736743400383506
0.5604329316794876
0.5397043202442142
0.5351724718627323
0.5479507611213021
0.5427680086659743
0.5674763230788016
0.5472643067764958
0.5060760101954193
0.5529773964226096
0.5502684429413897
0.5314565081449951
0.566235427244385
0.553889731247776
-0.5680691931253355
-0.5584111188214448
-0.5501245764227191
-0.5286435457181403
-0.5452986574722287
-0.5744344888104319
-0.5954109055595884
-0.5730631900504392
-0.549979542848977
-0.5213001697422726
-0.5202626469832998
-0.5482362749772457
-0.5263959392610975
-0.5484184432026763
-0.5700729144495414
-0.5683471716889221
-0.5831973841721512
-0.5469117550434742
-0.5457278279222851
-0.5316318252670136
-0.5399404717731464
-0.5557522763790125
-0.6000759722716383
-0.5545188912838876
-0.552392976855805
-0.5624493220712454
-0.529439799743507
-0.5586404224819056
-0.5250618490350055
-0.5515175524387148
-0.5852301377135443
-0.5609707145114129
-0.5314317033327227
0.5451303527641447
0.5345473579093631
0.5942803190397683
0.569941563828954
0.5303944049882499
0.545713384104587
0.5343119498577287
0.5640273924093941
0.5625702737460443
0.5193969395808358
0.5775576234005844
0.5253081846489309
0.5576050497734798
0.5458138285294534
0.5795819688731847
0.5028093079900303
0.5617730342343644
0.5347948894324914
0.5293156685258497
0.5305467421122382
0.4913137670079186
0.5317265723559051
0.5723568901587529
0.5514376781592684
0.5643356517072242
0.5838426147642177
0.5631279282402488
0.5548455035738242
0.5484996658590671
0.5315271693331103
0.5281405718213292
0.5433594394913362
0.576073353760186
0.5264510991207731
-0.5597717695857891
-0.5486801132096591
-0.5493287876883601
-0.573582004840403
-0.5812031901944676
-0.5850191784448157
-0.548495928408721
-0.5335796200143587
-0.5326551126961894
-0.548846014670869
-0.5519225866317834
-0.5598589276178662
-0.5666070135636251
-0.5485817141623385
-0.5706757747025318
-0.5837934765315416
-0.5941554236423865
-0.5858227776245858
-0.5584601614781044
-0.5522479138945872
-0.569549298538441
-0.6068758473696225
-0.5336524797608249
-0.5647003285681028
-0.5234561652246162
-0.5122036317755888
-0.5696243722593424
-0.579291217498141
-0.5577993616092383
-0.5326489993864019
-0.5351238556416518
-0.5698159487211967
-0.5704605048788968
0.5175087366172619
0.5382476517688687
0.5409376816672761
0.5360781643971588
0.5733903254436358
0.5432015525762308
0.5592762907746105
0.5350325750076128
0.5549708970320039
0.5499789437233292
0.5601504073656399
0.5391557511528687
0.5756116257844582
0.5655595784671202
0.5612021042813881
0.548987678346678
0.5764235655805805
0.5448121322040672
0.5453632998511275
0.523776017146836
0.5891106257501062
0.5564608844310006
0.5318160628742141
0.5648758847642407
0.5792948247152441
0.5511458264985687
0.5626148795106753
0.5245613336039201
0.5549310369543359
0.5228104849900386
0.5601206349607752
0.544006214526206
0.5515506516112586
0.5890280504910808
-0.5658706588260338
-0.5382494873169449
-0.5374258136646007
-0.5236324839771724
-0.532954418068351
-0.5455001678013992
-0.5128977263121791
-0.5999455572930645
-0.5407002610157258
-0.6044413038335136
-0.5690926185974658
-0.5344489114721249
-0.5247940450629112
-0.5569462931006254
-0.5870329433965644
-0.54076032823016
-0.5544288739003177
-0.5492666659816742
-0.5510853065186947
-0.5295048813342174
-0.559304052746952
-0.5549485414136223
-0.5575429798545498
-0.5492769534598008
-0.5466188353379472
-0.5484653735669133
-0.525166004640133
-0.5545765801137449
-0.5459109707043154
