0.08799994358735094
0.18262536416445843
0.21385110520708459
0.2681067206709352
0.301360946906789
0.3878096128221345
0.42936238889284306
0.5193250987230851
0.5506228479328131
0.6249662174636605
0.6541321381289562
0.7090822997837748
0.7739146755160982
0.7919059298547134
0.8753218278723776
-0.946382600114388
-0.8784637582492264
-0.8367392886911751
-0.7741656415162322
-0.7307924653623339
-0.6331600928601628
-0.592417691866678
-0.5690935223367753
-0.4683496168365719
-0.42852593485349805
-0.3739645753525016
-0.3109861550599891
-0.2672010782719531
-0.20730615829092763
-0.16022345194560428
-0.10738738477777991
-0.057854137407609106
0.06287666192596565
0.10967340958214741
0.12206442919519907
0.20605612390913708
0.2484084081865894
0.31331236598626616
0.4187351222430849
0.39309394756286176
0.4795635990278802
0.540872524183467
0.5931665277322511
0.6251019451243398
0.6999884165630221
0.7538091298966795
0.8029360745185354
0.8865852590397382
0.9349623659655935
-0.9121366548892618
-0.841544976943455
-0.798097995107128
-0.7510711557485107
-0.6760155097411183
-0.6475475071240496
-0.5634221204030986
-0.47272611811582127
-0.4730287780681821
-0.41675732479275146
-0.3393509085467861
-0.2857560567460074
-0.21658030564770156
-0.1294216756537898
-0.14053856070893672
-0.03524474884403932
0.0009162504498779565
0.05108930468074457
0.13921813188215368
0.15222815320546637
0.222294636670493
0.3145019567980213
0.3365246742675506
0.3726153841380011
0.42565298241837446
0.5005081828720768
0.5796878828848271
0.6315036297467446
0.6984414502567875
0.7086647444616679
0.7999884611590192
0.8588060496823279
0.9076064755740835
-0.9352349353401237
-0.8675627010388843
-0.7973175824389223
-0.7593161685615076
-0.7042112620201528
-0.6576677402567599
-0.6129711511264895
-0.5247686860648397
-0.4473602333979351
-0.4252866687038851
-0.36600541645764184
-0.3302855673297431
-0.2737512862742028
-0.20351145773221477
-0.12404731044905212
-0.08857846323001352
-0.03212859297977736
0.03688606578255378
0.058277571007990005
0.1210141964158135
0.20509419904070225
0.27926022864478867
0.3015734570571927
0.34476022325524824
0.43781406056454897
0.5125253027607158
0.5612090113266713
0.5892064504180956
0.6392633375645409
0.7091471034483954
0.7819694993815289
0.8107111005296486
0.8657719137575054
0.9171744729134041
-0.8875453929009268
-0.8070158036790952
-0.8050431194494581
-0.7191653639724628
-0.6817174307796592
-0.6119374349957714
-0.5369898257136775
-0.48699453841567863
-0.43259641341407373
-0.3978211558392556
-0.33961571900478305
-0.2537042816339172
-0.20189566475861215
-0.21163531608135977
-0.10431441129082636
-0.02205034449690947
0.007331548316993447
0.035234386807163294
0.09178868213563846
0.17027287547104947
0.19930402581689172
0.30293187901048657
0.3586868380855534
0.4038925155033846
0.4875262662125792
0.49984424976194625
0.5639730609634502
0.6404239511662742
0.7022208707842653
0.7345341761624207
0.7936179739060011
0.8445521322244487
0.8725377761839846
-0.9248339187062625
-0.8368210386077056
-0.7799859907475004
-0.7453801306414869
-0.7062863503364507
-0.6467949362423225
-0.5668552519330488
-0.5185215836578121
-0.48132329097262927
-0.3916431186989419
-0.3647261570266163
-0.3136013265639255
-0.26627378397203805
-0.20222131787682138
-0.112678924201154
-0.07070339276473837
-0.03612490293311264
0.02965672113472089
0.07250390047633863
0.16601584652508083
0.1807583754987206
0.2631556726594322
0.33957829681067525
0.4129364687061132
0.40817043034813005
0.46737085338525397
0.4928341110618444
0.5863501478632702
0.6473838726143281
0.6929340548997234
0.7683807034576318
0.7970911198867836
0.874467269045042
0.93685781792698
-0.9171292254563252
-0.843117105976614
-0.7693367894672426
-0.760082209085043
-0.6679154120075876
-0.6244258163816502
-0.5745443924181446
-0.5179140232097164
-0.44101013390172933
-0.36233381624518923
-0.3141850008912429
-0.2728155388052232
-0.1728193010200905
-0.15918986218598138
-0.09141396178124078
-0.05773084276138083
0.021491074633035873
0.0805408692414496
0.13308284701464176
0.1543847251514446
0.2719251660471418
0.27356712032937563
0.331360788770765
0.43498747485354455
0.458707940090259
0.5146488859203425
0.5640675215869588
0.6331667429364911
0.69452351865412
0.7393447011189547
0.790213988588351
0.8498204979199252
0.9277377023316785
-0.8793057445694064
-0.8714939911606084
-0.7927874061388611
-0.7044871775590108
-0.6834046732770923
-0.6285067255419308
-0.5659626952513448
-0.5511722321175658
-0.4700907896670129
-0.4407974424128521
-0.3519801779736144
-0.3124615293950875
-0.22063740520112224
-0.21263000192574932
-0.11587663161525871
-0.09898555923360576
-0.025317377866725218
0.02903684622228663
0.11167220472134064
0.1486965384456353
0.19294724177550915
0.2879531064865742
0.3343374060145337
0.3558718971006226
0.4345442176184728
0.508615135867439
0.5478893810510967
0.5973503270341664
0.651574235027963
0.7523828428848237
0.7805386832051774
0.8015821470841619
0.8678619510900197
0.9278314636031445
-0.8734606832991001
-0.8168418096266634
-0.7872946130798989
-0.7394541692941706
-0.6810936592865603
-0.6082035207814164
