-0.6139483747435756
-0.6041038536850468
-0.6088110739600253
-0.6099912647802642
-0.6117889496066998
-0.6103036211489759
-0.6016685128102233
-0.6237361075808786
-0.6420973186486962
-0.6014186306921736
-0.6216376876815148
-0.5958289982453661
-0.5950217493847736
-0.5969911903287183
-0.6174212298968884
-0.6059571308207824
0.6267452575526264
0.6410614778987539
0.6125317689480941
0.6016793956759978
0.6088582454379722
0.6456284664265187
0.6375720802878814
0.623246229970395
0.6029630432114278
0.6421670086501542
0.5940699248562107
0.6154541254055754
0.6106258195901633
0.6026603011314312
0.596046898597641
0.6385014006214677
0.5883960509162193
-0.6342102115568462
-0.6413326741960123
-0.6072997394920495
-0.6375009230931739
-0.6363024831880313
-0.6427193148790117
-0.6428053234819597
-0.6399793053570564
-0.6229231471666293
-0.6266821836275327
-0.6067454487835727
-0.6557067089381458
-0.6324673642402744
-0.6069895464992144
-0.6268675207878865
-0.6419202893745003
-0.6117731180504827
0.6075750603716935
0.6450184688179469
0.6053634726567478
0.6128825366851361
0.588394008384439
0.6228155679893538
0.6234257938780747
0.6112273520355728
0.5744593778320167
0.6604183673267422
0.6220246486916876
0.6006338473901287
0.641749451072582
0.6133320840187995
0.6373586824735605
0.6104920602660638
-0.6422309640032596
-0.6483237624494156
-0.632894086060941
-0.5970086517796853
-0.639122821843506
-0.6213247553770089
-0.6341997225622885
-0.6171948630496212
-0.6546979137469523
-0.6176274211759243
-0.5862401982615905
-0.6203235605362815
-0.6283589001450827
-0.6175813767047375
-0.6579474692277893
-0.5964309952391615
-0.6089537727877654
0.6179093027765088
0.6256619667726263
0.6466115842469182
0.6437812675775403
0.6242786362726112
0.6087060160939652
0.5957150281972374
0.5979397781584442
0.6281529234654624
0.6150312983636864
0.6283587812520975
0.6221851862229576
0.624779163527742
0.6214882389154072
0.6221325650304919
0.6251968907724835
0.6062708099526464
-0.6092616742458352
-0.6344081284432408
-0.6375380589168236
-0.5701634949346345
-0.6302530338998821
-0.6062943298047939
-0.6390945561308247
-0.6295784891123751
-0.6449153731922845
-0.6270153650124575
-0.6221827105291887
-0.6258544130438377
-0.6090509337399931
-0.61946375514291
-0.6040715864139256
-0.6505962279061888
0.6337125363959297
0.624286822750434
0.6002858537892964
0.6274670161681356
0.6461966925525001
0.62236271293762
0.6099832874716276
0.6614217697614444
0.6412661054556463
0.6241614495550115
0.6324037804990107
0.6412331868758647
0.65993933497743
0.6024943736468844
0.5864106349905377
0.6569686750156283
0.6271688675308196
-0.6442680946947764
-0.6349666598431556
-0.6462783714839828
-0.6341239222592464
-0.6353916711428719
-0.6212646147341526
-0.6251960085936505
-0.580852618518086
-0.6143644733438298
-0.626560408398699
-0.613949921212868
-0.6037176405942133
-0.6318296409057993
-0.603332214354619
-0.5963929635906488
-0.6285978434888675
-0.6100288879518552
0.622734733376152
0.6034102228234639
0.6168956244123782
0.6206968056468247
0.5775839383276214
0.609225740273149
0.6053373240394774
0.607649471935916
0.613262367237354
0.6007947904627958
0.6307994107293954
0.6307674081170996
0.6087669471284937
0.6082185683802224
0.6452078368862636
0.6107895627846198
0.6076922090410947
-0.5986651694537368
-0.622699801126079
-0.6107511943785733
-0.5923271234825631
-0.5924256887957757
-0.6570267841587034
-0.596278245500119
-0.6023512919215748
-0.6059181360191169
-0.6272267445928832
-0.6040205018805422
-0.6326349106921302
-0.6548509869400831
-0.597732973305559
-0.6106650511074273
-0.6267279200557693
0.6030517625596805
0.6459745401704373
0.6117901804191934
0.6466117685219195
0.6259205580030378
0.5942701592554006
0.6183595353153537
0.6279518028093216
0.6264666254821207
0.6274849561928666
0.6218032702960387
0.6261376623529283
0.6412204170556656
0.6332602493349736
0.6096850717212582
0.6142782238538429
0.6107783650580636
-0.6209941915446046
-0.6393449677718709
-0.6489789896415066
-0.6478637593246572
-0.6524811055134402
-0.6106351278593863
-0.6284615488410439
-0.6192157899708953
-0.5886057752481977
-0.5789945218067326
-0.6132597828163826
-0.6263969159132927
-0.6603596635900062
-0.6292542734636852
-0.6494916379187777
-0.6311291702749039
-0.6527335419335736
0.6385178329225376
0.6323830839454202
0.6131186455926693
0.5989625952706003
0.5930155855130952
0.6122300489392664
0.628116777911614
0.6054896483795794
0.5972699333366781
0.6141289951005034
0.6379101222710463
0.6477448957679814
0.6471983566743703
0.6380807485014263
0.6427898844263742
0.60549623547605
0.6554487700243354
-0.6431712781871715
-0.615637764291877
-0.6373915355303384
-0.607524070653319
-0.6433226511395624
-0.6455341212295705
-0.6392351942390555
-0.6001564698522118
-0.6296249364032858
-0.605647510729409
-0.6718943929411229
-0.605906196378539
-0.6089241997077235
-0.6110741856949371
-0.6140770225879388
-0.6236999092084059
0.6284050155435527
0.6266159669554979
0.60918415707335
0.6152747514165822
0.617958146085842
0.6329243450514236
