-0.12944699107622254
-0.07740575844944633
-0.053211135376944836
0.007402054336079222
0.05200646406886055
0.11729682171379492
0.19501939168743201
0.2509192007279049
0.2809905653748426
0.29632314823186856
0.22558390139890963
0.18802038686062308
0.1556515921593509
0.12082769069917132
0.02993136217119664
0.008869019895806863
-0.05526328048866018
-0.12504246006806266
-0.1652285578309446
-0.1990971501440592
-0.25332043495178125
-0.3071843957707077
-0.28839298103221483
-0.21527730146627028
-0.21600701685649562
-0.17752708401866746
-0.09423939898024955
-0.05113634034673781
0.0024917107673664597
0.07708235698805424
0.08039624679729505
0.2108221121285297
0.21919914994161743
0.2953231674860731
0.34115847213947
0.2947729925323424
0.19564417944730178
0.15385842550990678
0.10282600794411474
0.08179948504280135
-0.01461750366911261
-0.04544234125071804
-0.08282103646453653
-0.1515308967952039
-0.17418377934783097
-0.25577658508479
-0.3210104134154099
-0.2947931415989497
-0.24829780166289667
-0.21106929660506252
-0.11518540803992475
-0.07901087042422393
-0.05399250511312349
0.0472784558365647
0.08930504003146146
0.12744888232793497
0.16725801490624626
0.20029032786001133
0.2888042785391464
0.3267736858058948
0.2736530617645086
0.22446148107947358
0.15077912819118292
0.12442342831733916
0.04440604964049904
-0.005851256222067473
-0.06125946778234796
-0.09247262688235429
-0.20555830058520697
-0.16280284873945972
-0.26298489536432107
-0.26565698778055646
-0.27031753946335124
-0.2530047147084793
-0.22193241284807516
-0.12280455609630381
-0.056432179128857056
-0.025051407252865282
0.03668517966239519
0.035610204758154844
0.11392131054702614
0.18342860474330816
0.21684602270495967
0.2592398925243458
0.3689540515676941
0.26232296528837334
0.20174174467004014
0.16812077442314646
0.08249472219230228
0.1114785372299805
0.029481380195965204
-0.05619350403866555
-0.09743778613897769
-0.12255489099977218
-0.19142350608030265
-0.25506720071452804
-0.3097720329531527
-0.31777677426166173
-0.23342071582415172
-0.1774504492515267
-0.13516267669543452
-0.09958244447875927
-0.03922622475265159
-0.008213177845990313
0.08238950957015721
0.11576112622921263
0.17724179028480608
0.20863112694780606
0.2498814450110257
0.3128120783939175
0.23738507844571433
0.19825218792952015
0.16538693188322454
0.12248094063478546
0.07663506665678663
-0.005660626344343335
-0.05439143449074956
-0.10913515779832468
-0.1522655525927716
-0.19639047370209892
-0.24590150373382333
-0.28912355427129766
-0.28202352337019504
-0.21559246449194316
-0.1938113552502972
-0.13448891825494816
-0.07479684061365376
-0.05383530789533391
-0.01127575842039893
0.05356968299374322
0.07112687501802928
0.15317855438848507
0.24972551348104838
0.2777278163382775
0.32668362383749516
0.3018266862858211
0.21078978477453955
0.16001877757116661
0.15782229505678155
0.03833077271971857
0.04943344393011489
-0.021113344154298518
-0.09278908748246986
-0.16410789158599826
-0.21061235315037044
-0.22963715004456994
-0.2718295231391009
-0.28650465890256316
-0.2561580324062549
-0.20190884535818956
-0.18849327683686157
-0.11060397963798133
-0.03679252659497442
0.02912819702557056
0.08895827300382986
0.115723748450872
0.18790431850254738
0.2314814257641595
0.25338061153479446
0.3137161873652905
0.24258249389197584
0.21613409448464055
0.14652733053052192
0.11026559814069348
0.08428035617301827
-0.00023935341228160587
-0.055476569474277676
-0.07850776218768866
-0.11485590658032743
-0.21534772158097423
-0.22872414346205489
-0.29312170739822113
-0.28066511032246944
-0.2572453887852181
-0.19057922082932222
-0.17153692745317106
-0.16452799365787554
-0.04989016592016087
-0.00577970807992902
0.03614175558560631
0.0942258063941564
0.14563854805958829
0.20368144210976283
0.2772804998167118
0.3325788957272224
0.26054048608396985
0.24382805191188486
0.16366962537514282
0.12419043548967462
0.06618713814576341
0.03874262491574228
-0.024525804597453398
-0.07879136968412469
-0.1532314971356444
-0.12975302889524262
-0.2538997367305132
-0.29577313083422263
-0.29567422746726263
-0.23076627950891024
-0.22881911189690127
-0.16471204528672478
-0.06553483349715988
-0.041210479699943244
0.012649961535950681
0.07883175991569133
0.10637132031784091
0.16805180523159882
0.25550020311073995
0.2759098582974687
0.2680046633754568
0.2969647399173886
0.24714786665906785
0.1651607472511811
0.10299577735838006
0.08447402747122437
0.04839164434945126
-0.003969187796172783
-0.09467674558131126
-0.13223865125157228
-0.21057019628119755
-0.19133584856843486
-0.290035068788136
-0.3281900562253816
-0.27820408069945113
-0.18467983663291432
-0.1714474512318328
-0.08516262493118948
-0.056242046586632975
0.02199307675405999
0.041948649466630746
0.1201347249030071
0.18256213108649505
0.2515646855091184
0.25996196221161083
0.3052242434898305
0.29889777807841494
0.23832079268382356
0.19152589371518666
0.12081511581313396
0.09068288790636275
-0.001850343860285989
-0.025557367173996537
-0.061867968673315135
-0.10806004473249659
-0.17072806938045362
-0.21738724149902333
-0.275269699221305
-0.33473637216256263
-0.23890529316973239
-0.23706900961966798
-0.17025769147043338
-0.10556831674256383
-0.07024016734661814
-0.033802601620893574
0.038389620865229734
0.12025117479271305
