0.00986446523382253
0.052697290450941944
0.003129880388103955
-0.005475134420031274
0.04863768807375408
0.047325700042350496
-0.017989466418546284
-0.008548522811931199
0.02747165325291668
-0.0009141097877013483
0.013388532743992619
0.0012216804681933653
0.010942066925354425
-0.015257884331507595
0.02715488452157691
-0.0041899274121826105
-0.0024257335165978854
0.0031089166691201826
-0.006802262208507312
0.028436508189600185
0.015379782849406606
0.05503187766821892
0.0056792680106840555
0.04342203009627581
-0.007645742604782556
0.022555915543549666
0.0031944120226705276
-0.0004562002128081495
-0.022639380822686742
0.02683313271664582
0.0038885899058842765
0.016760451725199417
0.022128009498355715
0.04073159818625988
-0.007688470342046561
-0.009411548642142949
0.02975256741596901
-0.010983592816924834
-0.006582493415298336
0.01838641933659054
-0.0014250195805444298
-0.035248206807896226
0.029159779035732615
0.05765191446681133
0.030075347174559175
0.042970318735002795
-0.005272696115949157
0.014150220195287132
0.04913760988170079
0.022532143356801478
-0.008974045674123273
0.024996070719721576
-0.017664107519561198
0.0017782443479797232
0.03258749117302994
0.052388747800504676
0.045079460365457895
0.02169045358297235
0.01870436738740427
0.01571017246845995
0.01754737534745066
0.029694209309834366
-0.006366372172316656
0.013170536621141118
-0.0031128746812708694
0.024463462204767455
5.44070952524095e-05
-0.0020521870006545116
-0.004097675154911914
-0.02609890356401466
0.045451319128817814
-0.010181069140383357
-0.000989428811815447
0.059158625391112336
0.019960745662135175
0.04623404899213283
-0.01829622240580112
0.00751414129144441
-0.003267426003789469
0.025916261836145125
0.037433529946199695
-0.021950676310262592
0.02963041840204895
0.006278003753299151
-0.02075356946902951
-0.0016555214769230948
-0.007324433679572815
0.015853513448866118
0.05818573208356235
-0.01379811687402182
-0.009186621059421356
0.00456830974812443
0.01883461238230153
0.018777292371825356
0.029550313928036975
0.06477390689125903
-0.014397774189921438
0.0190239121174521
8.729226135934486e-05
0.02350769957770265
0.00288341133658844
0.027598573507976332
0.024133952167564494
0.03430573513914851
0.03438479480728676
0.01855663900708955
0.00956573703857
-0.0160939631317113
-0.008556792947339194
0.01644985786273927
-0.024932960128754483
0.0353019185258268
0.0014896922987809149
0.013576956556565205
0.0393091192573909
0.05760474191412815
-0.014299658108735843
-0.017491976308417853
0.03250360973158734
0.01938365143989783
0.01574587726718226
0.038298951841682645
-0.00568484714948583
0.014734222859540926
-0.02761025034080749
0.006320326691904009
0.005103980428919422
0.01086178884297043
0.056201752168061586
0.01228099860455628
0.004238667159918921
0.036743378012818725
0.008992659408938546
0.0017256371508122606
-0.015099551467528113
0.004732466968494598
0.040208973590368506
0.013218392047822517
0.01432879409510486
0.045627403994326625
0.04363513311429971
0.00661894748021992
-0.011053836240622665
0.017043708019055658
0.027573534744782746
0.02568795692287415
0.0013336912554568862
-0.0022490828319311684
0.02893919127508629
0.04896204969033085
0.0383063436174569
0.012268079179902277
0.02471893013781924
0.04319472976582682
0.042975645492211
0.006668293026474833
0.003594173014778792
-0.009426203813113234
0.024801434964212637
0.03342252408999273
0.034936881214495424
-0.006974405507974048
0.019497706148298925
0.023654322358496068
0.004815065708701931
-0.012806593326148764
0.026293415647512097
0.03817784111910921
-0.0016819246508975594
0.019752707948830012
0.046136435395953655
-0.013657735714566736
0.04169537213127935
-0.008872038823152198
0.006523144442811617
0.0021933489207080275
0.009293889173407278
-0.007579661625365757
-0.0004670150747878299
0.05714047974931845
0.019429702622995388
0.029904760875091783
-0.0077344547668642735
-0.015136156400514267
0.012974768551759034
0.03582797987985676
0.02014703472782653
-0.006232382533532313
0.013157493536725576
-0.015678727803037085
0.003008653784439177
0.008339222868908243
0.026327419867371717
0.016646012592584095
0.035660979408719554
0.0025070765477084984
0.031993446254658164
0.02164867662868311
0.012348550638790999
0.030896498705477
0.016339328387401254
-0.0013022767126587773
0.008494161888383233
-0.008173887829071238
0.03805582380380122
0.02261301934430103
-0.032992758787451296
-0.017530152759383313
0.02490245626233239
0.015726556950047117
-0.003800209761107374
0.02337137517591075
0.024982110923963213
0.02411109913167266
0.04858544530028443
0.0261103045783483
0.03918462980437866
0.028075456447909885
0.0027818347174479023
0.026050748110092208
-0.019606639252496606
0.0383572256198638
-0.004290819125209707
0.044325710078177455
0.002189671366923048
0.006940222415409286
-0.013479504317682524
0.0019072150094189
-0.018980233595223814
0.024255831720089188
0.0003260670305960632
-0.011012121465090677
0.0035292302012398784
0.014651993697201621
-0.0031447039710353793
0.0076283945254900145
0.024233762546825237
0.023554431475376177
-0.025984404370820682
0.006699344718709331
0.012803191632280409
0.04798376778491235
0.054492442727388145
0.04081571954041829
0.03515181205300985
0.007070753449345711
0.04119254876154636
-0.006756625058138397
0.02453073120079511
0.017136133879018932
0.011863266303786937
0.02632095998373574
-0.0022455142367632658
0.046383348978495775
0.014610290684631426
-0.01580486751703817
