-0.25641216174641096
-0.18857044825953634
-0.15784918739824247
-0.1554153447539721
-0.14136364311698832
-0.10183812770868275
-0.05130506798840692
-0.024436328812540497
0.01749550567366588
0.012164809837404226
0.05411428857190094
0.12097699977349431
0.11080219957484613
0.17931579272368556
0.1559761739665595
0.20115756054815878
0.2394674675738422
0.25744273536959367
0.29994136265172194
0.35687115643907263
0.3748809873733199
0.3868663834206493
0.43899998915444927
0.4692309624348139
0.4593733556591977
0.5154476146912872
0.5212615850825338
0.5885794066962307
0.5977323444729024
0.6602293283866947
0.6751348914205336
0.6861183868228302
0.7435859225280692
0.7414499933179763
-0.7816939180914305
-0.6784227336415413
-0.711519771275665
-0.6667899715673586
-0.6271739174263985
-0.614062840772753
-0.5523382161899865
-0.5292349910861448
-0.5030665904231305
-0.49156846667979426
-0.42091318078771894
-0.384148332836947
-0.33900227539729877
-0.37638946271416984
-0.3076874383726032
-0.26947608211993423
-0.25422684040284466
-0.20810107857024354
-0.20404109818539082
-0.15146241002225136
-0.10755203020984969
-0.1089757856681439
-0.08648819596369378
-0.03693507186286839
-0.030006199382800497
0.04205655486705926
0.11040607895797463
0.07856460775841148
0.08470950462872633
0.11767966551838224
0.2265221362251448
0.2131269455707983
0.2074573004577022
0.27319629868036577
0.3051010187775407
0.30721013769493194
0.33081972734850495
0.4184639447626385
0.3942706912125553
0.4621965850926096
0.5112636985973342
0.5391470431992077
0.5604867747049948
0.5747884273939384
0.6033807002288208
0.6169515417852028
0.6459034547359256
0.6949255078986265
0.7203828809011799
0.7075648986776925
-0.7803786338851677
-0.7120857121919089
-0.6532514205972099
-0.6528326201419341
-0.6171112435753413
-0.6086609728419505
-0.562562294767446
-0.5586877798468959
-0.5119842409311767
-0.43677226620591836
-0.4551928119106312
-0.3893347993915738
-0.3719401219512681
-0.3344719853250095
-0.3362927108605835
-0.3038901862726427
-0.27702631499214136
-0.21798826862698525
-0.2217755339170944
-0.1554666828427293
-0.1216527800429478
-0.08765066090635987
-0.07444494509827224
-0.02678855305900057
0.019032034758438544
0.012598554891222784
0.02956323738550443
0.09271720902236529
0.11210080580534575
0.16134737292954238
0.16576411255217088
0.20732392514146708
0.2411287295064758
0.28552438663445556
0.30017924625691217
0.3087344805854205
0.3685692643467429
0.3925316967818957
0.36625900080615587
0.44332029265443557
0.4559983711125439
0.5085422479250676
0.5306240130085469
0.5344451221726525
0.5764206945599032
0.5991815999473827
0.6594190904065145
0.669807319998909
0.7295242073755067
0.737980192347995
-0.7443366965215544
-0.7138997717191623
-0.7129579654749854
-0.640090317738443
-0.6098832195178148
-0.6046129524428753
-0.596519729910369
-0.5319944154412064
-0.5167063120507565
-0.4483556281552943
-0.4329965035274661
-0.4044417284718838
-0.33138055035361896
-0.3686510620439701
-0.33561087005124957
-0.291549049018355
-0.2394501569051455
-0.2041006962301141
-0.195398655218329
-0.17375122776968688
-0.13334055783807533
-0.0726130937915978
-0.07604897018315028
-0.025736487662684476
-0.02421486706412944
0.014255553109238721
0.06563620778403287
0.08974674002734226
0.12033398977467917
0.10550545872304376
0.2047862624234449
0.2100299639445392
0.23045282703724257
0.24753006791548568
0.2770031658008739
0.32275305400949733
0.3638402126274357
0.3739356916690541
0.4054603994752573
0.4464645662128936
0.49614687765325743
0.48060624851033595
0.5403282328685464
0.5659158848989431
0.6354521149753042
0.6167022700961491
0.6524834791598552
0.6778169460309852
0.7094985613783216
0.7549203375139802
-0.7660631767450176
-0.7376535219031891
-0.6487489740234051
-0.6531038809416293
-0.6259498219805104
-0.6429097000346689
-0.5851087194949696
-0.5498247843954268
-0.5432657611545895
-0.45658056182344403
-0.4511589022321771
-0.43339047919962514
-0.40331124113992933
-0.35163121430080535
-0.32918127283106685
-0.27946953864434243
-0.28674275899393553
-0.21135122174256343
-0.2265056997607572
-0.21936483788124406
-0.15179212107651677
-0.10543254078952262
-0.06995948896056567
-0.04369252151851444
-0.01842483387559146
0.01171939165922454
0.05433267372891652
0.10706729292945362
0.11096424502507118
0.1368826347534856
0.17663628146843538
0.15604867357548155
0.2227707388941937
0.28289276496601934
0.2667407912792837
0.29969237229019935
0.3394789520767317
0.37335828410126526
0.45460093079297664
0.45132808250454753
0.4811878897426351
0.46773038342013584
0.48950608699816156
0.5566557150619752
0.5733105991759629
0.572225159111187
0.636546303988939
0.6921673026985498
0.7241938626161367
0.7313663510123808
-0.7554699549911542
-0.741309577325494
-0.6839733980703823
-0.6556227909952074
-0.6470689671016132
-0.6075131367173457
-0.5493482084392185
-0.533968959998813
-0.47283563985595317
-0.48238133381380205
-0.46325063915880316
-0.4108180974221251
-0.37988564885675175
-0.35115852623609883
-0.3288269949030953
-0.31480258219136387
-0.27218444376287665
-0.2322449902341946
-0.22044629213736597
-0.17630383839626793
-0.10436428853662591
-0.11472089128982874
