0.044984128292779466
0.03216202191402584
0.03754270194524096
-0.007197279759372156
-0.02303056210240543
0.02802996053489348
-0.010944392801896081
0.02707828522051741
0.02169242885193311
0.01780486986092593
0.01838556695460731
0.06741475654791382
-0.01498113985225456
0.01872549028837648
-0.028452401611890242
0.009106715314619398
0.010311121797824384
0.021268251532769296
0.010651903251862705
0.010446916505780753
0.004963700803784797
0.024449644010465395
-0.028589272929464622
-0.0017416822982922369
0.012531018888816182
-0.009003146212867028
-0.00890202164155361
0.014272153954517322
-0.015269002200463818
0.021096766646778037
-0.02972690841890398
-0.02784276869970754
-0.01579321590364336
0.0035491403623123165
-0.03445037936247283
-0.031759545433852544
0.002466832562519344
-0.03674456688381768
0.0019798575952474588
-0.02511004782863712
-0.026268264883741288
0.012822131111904823
-0.017168808073550593
-0.03565554449039942
-0.010192109117366762
0.010467545522854286
-0.021806161986752722
-0.03544719326443557
-0.058688660342664394
-0.021824833296899913
-0.04958829175986093
-0.026906489328693096
-0.042960534010855214
-0.028724969250209294
-0.024997463754640514
-0.00822175834422343
-0.04408852540290566
-0.01980080118360104
-0.03182178622843561
0.029036201103469154
0.012369962938725297
0.06032355062731172
0.041941568825307446
0.04747365314056429
0.019482134981001934
0.03500264518422926
0.011273008733300297
-0.00498456873853121
0.015789817895602038
0.007268406306695795
0.01716403302574019
0.05782233298992326
-0.006379374389690402
0.010567053518084272
0.055851848357420394
0.030675638470253595
0.036593366321279235
0.011910515014453265
0.021902065616573513
0.02365311082265393
0.026515164654845325
0.054229287810435026
-0.006351920422511056
0.0049447846003928455
-0.036361670201797994
-0.03106171735041035
-0.03427713003128836
-0.008089687832455308
-0.00015287459393074736
-0.025442661360154925
0.011057772083029261
0.014618176889348721
0.00965849172105898
0.010520628183205052
0.010680342198893316
-0.024759409629624148
-0.02167551507668241
-0.02449922278003481
-0.0049120112250546554
-0.0025967068563825316
0.0076757594351705965
-0.014593734027271451
-0.030627242942174976
-0.022064355052724978
-0.03807277177268954
-0.0073480024666084795
-0.031110425713557488
0.009072264668869939
0.006901537298664863
-0.04665525634776091
-0.010473838183237332
-0.018128863803889665
0.004618322891825174
-0.04469472360497878
-0.01514610569390733
-0.03384361560791895
-0.04275327737441609
-0.04519052165562969
-0.040085633074380685
-0.048664629069872935
0.02466230127761128
-0.06337157331476372
-0.011455165349189458
-0.06561444409418304
-0.04607565464719429
-0.07226701586661298
0.03403555724763888
0.0688090191084235
0.055369207154682305
0.03692562531950057
0.03350468763802668
0.06964487697389443
-0.01889474271516095
0.029666559284810285
0.009912041444453984
-0.0172839991426559
0.017424234075248974
-0.004658300409246741
0.04472978701294109
0.040899679897761096
0.03264519105554474
-0.0037516465615661035
-0.0009723924608198986
-0.009379359174169915
0.00756431626178819
0.014404136875383871
0.012118699651658826
0.024585077578303312
0.040452248137298315
0.07202852287925857
0.007197795075865048
0.02596352245299193
-0.00640467732745908
-0.010415848530823352
0.0026421142007939952
0.03390523468523925
9.549749001485459e-05
-0.0030262322343304663
0.02352848672996653
-0.011562827173251316
0.006893692241250487
-0.009149352044957221
-0.03152545509279825
-0.002852126251518148
-0.01564320007945315
-0.028390639071010443
0.00012625031517100958
-0.011634657744485188
-0.02938448782023296
-0.007518209753643959
-0.015028158330672711
-0.0498553427590962
0.01769922889445272
-0.005790232956071225
-0.017148769400105363
-0.030017357399798404
-0.01632203375098727
-0.04139511738800128
-0.017786296085604777
-0.023177529924787874
-0.03955270126082526
-0.02628964176649856
-0.02687832414119971
-0.013768433987735428
-0.0257608160393773
-0.011198901808334806
-0.03876812640963063
-0.05524588412444237
-0.037515946561268575
-0.05587635049375349
-0.02369671060627633
-0.02106933174975026
-0.04648541298362692
0.06199021078446168
0.019481941223362116
0.03353365821585365
0.003420783656510211
0.030752032055738978
0.018766991308656243
0.0374509506345819
0.032377781417378244
0.007936566620933203
0.011958734345590773
0.006285160276278068
0.020741617216364135
0.016606929717930305
0.011771224152516978
-0.015342383669934373
0.024562341041645733
0.011594605876229565
-0.014457265371498017
0.04623437476493303
0.03350535353456577
0.025991938219675867
0.010092738477029515
0.02607371920472342
-0.0233743602901267
-0.012459064081030985
0.017250487813609557
-0.0021279147471922524
0.014805392647866813
-0.005806580622164155
0.04231031505998144
-2.0302734226651086e-05
-0.019886825082173633
-0.001298395022289943
-0.04119813058888077
0.015306048765996186
0.014667450511185329
-0.029599317866759015
0.02583884336689582
0.02493544398878116
-0.035602728904594365
-0.014147671191034803
0.0012406780287322876
-0.0023858048803765738
0.002622318597660737
0.0475428622534202
-0.05246936329537933
-0.04351415174453775
0.001258888906827075
-0.01119753217284708
-0.034148153955074464
0.005728197279536176
-0.05054990329568129
-0.024999745180973202
-0.026872367945480733
-0.036316623845063116
-0.02381911027839879
-0.002648556994600367
-0.008665895880156007
-0.052869782842537405
-0.010087302489233868
-0.005220237534301713
-0.03709606306142052
-0.015258566661642863
