-0.11267366606246884
-0.04890283034027354
-0.021013499051560507
0.04372250109638169
0.09186801819389598
0.15732016903920876
0.1938741663080848
0.2235357314975662
0.30735656658319244
0.28097387066412194
0.22439672478752637
0.19488241128091532
0.15101292686004555
0.10659819100759955
0.031697839232784984
0.007106572928529117
-0.06786750981375951
-0.12951908540644486
-0.15643620262415917
-0.21999842047178103
-0.28231462383619
-0.30655558889144396
-0.29784972698796586
-0.2255277738133356
-0.19934416156504386
-0.12749941569765105
-0.04363894456258243
-0.002727462003512763
0.04359677379763327
0.05913097808640737
0.12174228786556891
0.17304218073650598
0.22322418882543105
0.31520814473650344
0.3241176684327664
0.2594068749889509
0.19028091400758226
0.1743961579127581
0.10807206566459082
0.04634101811624991
-0.012635518710668084
-0.06003390225437913
-0.08587900911520394
-0.1516243771480918
-0.21901672006150708
-0.25605930360298174
-0.3445542568480218
-0.2981775379982643
-0.22906759003643828
-0.19500026332404363
-0.09812708745606315
-0.06120810438921684
-0.000683290889778667
0.00512508095727833
0.07911130009190313
0.10595314724784574
0.1947209350696927
0.2233621676801909
0.2703320895885223
0.3135292811312851
0.25242478148782277
0.1673962269968732
0.15106470901996677
0.11412401953733223
0.060291894531382305
-0.03075772882383185
-0.061119766746887724
-0.12074446711176452
-0.112384829796319
-0.20857899174761635
-0.2718199709248534
-0.32743791387482674
-0.33391840539368584
-0.2000627177328204
-0.17476190364109204
-0.14797381456410058
-0.07038411436422773
-0.048891822223125936
-0.006475447489179997
0.0913547409594855
0.12495843640961098
0.17987985132263523
0.2524610959143966
0.2506908280598907
0.31240614848288695
0.29377465210472153
0.1808793309898567
0.17119624399381292
0.10239630598087214
0.062422462181596555
-0.009713318809212487
-0.004990990717072895
-0.133821932681365
-0.1313120145921662
-0.1868797369157943
-0.24037419441804211
-0.28606675188399094
-0.27317052997529206
-0.26364183766066357
-0.17526660423014792
-0.13974897507314685
-0.08373072320480981
-0.05486085963285195
0.02568124381303949
0.03522098663276379
0.12381267217008676
0.18359818615230727
0.2202070211022154
0.28867200003288157
0.35041721986959495
0.26616169328747374
0.19604643294321056
0.19859195113104272
0.09748890552872878
0.07348934475958102
-0.008585061242487944
-0.03100750974692154
-0.11905767154998939
-0.14369488749265805
-0.2031431089736866
-0.26713615070973723
-0.32141373275663104
-0.2949903178148792
-0.23417841191391814
-0.15059677090055767
-0.11433964017036789
-0.07988969568707077
-0.006777023324333099
0.013737236295618183
0.08536445740859018
0.139682690380607
0.1621663231292855
0.26157937941051124
0.2383570704035222
0.3044033694640981
0.25728341665740434
0.2233656121888436
0.14435193798270465
0.11171110346521172
0.051906877550039275
-0.008740665367219565
-0.045909527895233546
-0.1431621598716753
-0.1509700361829009
-0.176306775824905
-0.2643319997267815
-0.27265056871541327
-0.3072338415292721
-0.24409791226636812
-0.18735773855669258
-0.13094961420742043
-0.09151715991621201
-0.033230910556505094
0.03188460612193204
0.045651276330526055
0.11276589002453019
0.18142382158422074
0.23744577089762825
0.2512399249062901
0.3516183444812182
0.27072370264151935
0.20370171826406225
0.19754203380846108
0.10119682248631458
0.07562929061920283
-0.008601931665167619
-0.0967364238049131
-0.041193301511833855
-0.1651531508257193
-0.1818107173293047
-0.23158924433897082
-0.2600284069268197
-0.3022340993461409
-0.2343412224864185
-0.21530455798724546
-0.11890719135464392
-0.08101486981159657
-0.060460835066385374
0.02196296179871083
0.0623948415042476
0.09635263927765735
0.17686812731398455
0.21605304720641472
0.27757116824473343
0.3344602453039171
0.29737149410615127
0.21625105241069725
0.1505938537945261
0.16060196007974709
0.061986768091103615
0.00010766054570011258
-0.006485974813680684
-0.08745573577483952
-0.10668875794992218
-0.20498340629165251
-0.2550721245496084
-0.2796983920640899
-0.29036854052179745
-0.25317261101662375
-0.20514439434858175
-0.20496779283662492
-0.09458525625270146
-0.006955686428147652
-0.014644735358526683
0.07414825405171994
0.1452611714102592
0.16787824244010702
0.23273130883062543
0.34201827602774165
0.29992540251320554
0.2702169186449336
0.23496504526219228
0.1904334828472394
0.1054747750497408
0.06854222620695227
0.04358576651127491
-0.015583393215671152
-0.06947546107789225
-0.13162139931634007
-0.16420195949700495
-0.24536098215770508
-0.3131170300148437
-0.29147120256684994
-0.2570902072781224
-0.23141005280605453
-0.1578587186849443
-0.08946760481833738
-0.04335683335347748
0.024063300242375924
0.08785046031305166
0.08251781515132571
0.1323851010518992
0.1859196805056288
0.2607592303067762
0.3228113684543259
0.3186967045370247
0.24652085173632585
0.14981260303301197
0.17020506863056678
0.0793154552862162
0.0047962678209740595
-0.02977528872685752
-0.10020671124555616
-0.16363937844860446
-0.17879538274322357
-0.23101206641673783
-0.3000637842505571
-0.29298626713238524
-0.27831538709123893
-0.21771351985467108
-0.15276222978407022
-0.10410678981953708
-0.08363195378597871
0.0026158819774809803
0.0681228640685866
0.09529236538585839
