-0.7263029658843091
-0.6859829986018555
-0.7304968333227455
0.6816703123192266
0.7295296207155139
0.6665492086508543
0.6703632284249043
0.759250732931616
0.7105337381122473
0.709148531145858
0.715851741745791
0.718226083630606
0.7076263412057394
0.7158288011496368
0.7212452719839878
-0.7021566801028332
-0.7023759465069322
-0.7210052907304845
-0.7320040777220289
-0.6766770646440413
-0.7202131915781473
-0.702713072561255
-0.7136292086445338
-0.7292768208645828
-0.6984709224294058
-0.7636679404679566
-0.7133545731150599
-0.7185148404669462
0.712621594991264
0.715490134224245
0.7331114512611256
0.6991504146028072
0.7062587459766679
0.7135119067010839
0.7442422219803458
0.7195922755785957
0.7404236119673148
0.7021943899428718
0.6902106742551791
0.7094527709459144
-0.7210128215831764
-0.7417113662874065
-0.6619244904781887
-0.7116708356350125
-0.6541082089582809
-0.6838218608362341
-0.6949573135691565
-0.7017327836105598
-0.6843334377852248
-0.7615272048466547
-0.6889511100838218
-0.7086198286687231
-0.7105184009889567
0.7134623030322039
0.6776991034974043
0.7243344295713823
0.7141578081670187
0.7108296865020166
0.6766524829822832
0.6996911602869357
0.7389343445726315
0.6767477631797776
0.7098234938742819
0.7025080192826124
0.6993896040680272
-0.7324341702710465
-0.7074909346583131
-0.7373269228598298
-0.6872895905520268
-0.6642638085877695
-0.7028131398919
-0.6959329957114037
-0.7215216244021627
-0.7180445600580866
-0.6906099249133939
-0.689697999201965
-0.6876606397646426
-0.7148701753932838
0.7313403382240252
0.7107889477950025
0.739410298932941
0.747112424483597
0.7243686392455827
0.7237184491809461
0.69671835068921
0.7030863021915905
0.7272886969885273
0.7003437481187755
0.7121132710905176
0.6803475665067141
-0.672182216833163
-0.7273821572057498
-0.7076108233034937
-0.7243565959493357
-0.6960285805093726
-0.6953643430046087
-0.714064748186245
-0.7099059958689512
-0.720836698578628
-0.6988015061306566
-0.7243336100740039
-0.7277607458298979
-0.6952209568172365
0.7283891754206688
0.7362727585618783
0.7324641346232891
0.7207547203521205
0.7130029169091943
0.6959605589648613
0.70741270625237
0.6798769623101216
0.6707750032367574
0.7445299198225281
0.6726487384825786
0.7046622792813976
0.6995947564324367
-0.7510887481655143
-0.7398838899469784
-0.7310253396815167
-0.7266042263573038
-0.7069817935734524
-0.7276055413138109
-0.70125898819086
-0.7322552108577812
-0.7247800332544136
-0.7072409318714025
-0.692390568012198
-0.6899576576013965
0.7088889810414538
0.682472438131326
0.7319526354682919
0.7385843012348497
0.7052189161137193
0.706079619987507
0.7261617114402689
0.6985780746135043
0.7079187091875567
0.6728804996124371
0.7396629210290395
0.7237305071446196
0.6808876884864394
-0.6966063508646815
-0.6866895860750791
-0.7334112379941166
-0.7104151879616715
-0.6912064881236493
-0.741580085506936
-0.6963037953208869
-0.7111943105453733
-0.7480631994213616
-0.6823781496551116
-0.7188132890097088
-0.7318283549423524
0.705230986164736
0.7907606706580139
0.7133653313972199
0.7033937644857465
0.7007804890813439
0.6959552774929066
0.7071069014495561
0.7228704874827998
0.7110855457299242
0.7404627403647658
0.7104176568698164
0.7171581432696535
0.7120180001401656
-0.748498371558784
-0.7149858847655038
-0.7159989320259474
-0.7071025101905369
-0.7195084042979492
-0.6855098374541655
-0.72257637809111
-0.6742000562738893
-0.6900310951851627
-0.7299310488851363
-0.7315077796433325
-0.6659622796600326
0.7180505949646253
0.69183703061044
0.7286123682326738
0.729087589507381
0.6993421137363276
0.7471247316350178
0.6791127467512811
0.6915340967591431
0.7230384629226319
0.6800366676022681
0.7135199285961062
0.7125176358950981
0.7328516211211736
-0.6955208531671657
-0.7002176212362542
-0.724611561051204
-0.7495260189849191
-0.704100629323701
-0.7169956473321363
-0.6984181313651326
-0.6858073462670317
-0.7349670839468629
-0.6968167659751681
-0.7474351082829576
-0.7116281950332248
0.6790256148664788
0.7247538603955068
0.6808497624338101
0.7254469733667239
0.6899299420391223
0.6875422525759356
0.6939637027755367
0.7227788579163819
0.7176112635244025
0.6842605914478544
0.6932726089912546
0.7024472641091758
0.6940785944120765
-0.7359568713012826
-0.7288701703415338
-0.7266014227066747
-0.6946332680941223
-0.7023687792854709
-0.709531743051751
-0.7385903097957359
-0.7522970682073704
-0.7035242734584749
-0.7030337212056654
-0.752062036776181
-0.7438365414897672
0.6773635927744598
0.722076289623625
0.7368739650611404
0.7261158568082171
0.7177340966737173
0.7020769970622954
0.7226658947445918
0.7143504287606185
0.7069939165967104
0.6989194602896971
0.7373272734999945
0.7175364187136999
0.6616505788960291
-0.7327269785855727
-0.7317318094523096
-0.7261621404547646
-0.755161322811746
-0.7347021332275142
-0.7271536483842832
-0.693318593636135
-0.7441711134232617
-0.7069147056816394
-0.7051412350214481
-0.7264615735868862
-0.711072407898099
0.7167511624038839
0.7073632201441244
0.6804160335155257
