0.8731924433780881
0.8782144945223292
0.8650490567469676
0.8742464368743571
0.8755542503447464
0.870828554453941
0.8493332477079358
-0.8779965380940199
-0.8329776522413322
-0.838769382815022
-0.854289798602689
-0.8371692584528339
-0.8769301946220952
-0.8751535997568453
-0.8503976762915014
-0.8628616748777728
-0.8743538099801704
-0.8777675616292424
-0.8563463370290867
-0.8662929252152646
0.8617351289604973
0.8157871999920692
0.8752623722832079
0.8692544942329805
0.8787262834309236
0.8515350690718776
0.8279711862866842
0.8723667251271661
0.8345200661791337
0.8287880070174026
0.8962814132386282
0.8705088320379474
-0.8588152275541933
-0.8560358625824886
-0.873111991362093
-0.8833876578373462
-0.8772022688203817
-0.9015485925981647
-0.8586673303984879
-0.8875540091342096
-0.8858612988898849
-0.9146005219070716
-0.8615578102821834
-0.8825339782714967
-0.8747556615979261
0.8831004342502397
0.8634240216271714
0.8982635702510476
0.8761388976150329
0.8510289407100964
0.8481020826133366
0.8754667503027707
0.8781915169674771
0.8762820873974934
0.8832767531969072
0.8507801432677446
0.8704148535033782
-0.8684299194075232
-0.8602880976050794
-0.8660450305704053
-0.893398242247821
-0.8617435552642357
-0.881485490473944
-0.8472122915807904
-0.8823174008661193
-0.8772449699027565
-0.8479527618137686
-0.8576951113271515
-0.866328634788228
-0.8265931916692836
0.856844128387241
0.8975254315982542
0.8854007404517937
0.8630880060949497
0.8640591486680272
0.9017932099734141
0.8984812857751842
0.8281692321938877
0.8966888097609699
0.8789319565839785
0.9027653972604942
0.8796696534678893
-0.8762907594326502
-0.8700594770553447
-0.8627133144549098
-0.8659370817100963
-0.8596034551761765
-0.8622953389789295
-0.8710559771575834
-0.8657739880380946
-0.8651091048922812
-0.880541294938622
-0.8646689684933812
-0.8406220011732716
-0.8515969901128446
0.857831655823628
0.8963155568502132
0.8705073756689982
0.8404400806660534
0.8752102203951455
0.8829524259424215
0.8795677978426298
0.8340339708378691
0.8487213807703005
0.873564368232238
0.8797643267286431
0.8549170132075539
-0.8669246623032907
-0.8481607168639226
-0.8636164185569307
-0.8528797112257582
-0.8894706792387076
-0.8772273933196222
-0.859737901539413
-0.857434927908533
-0.8891790097673009
-0.8802044483307063
-0.8701932163373661
-0.8718411225749879
-0.8718937236831756
0.892145662959175
0.8565989096210097
0.8581966925537459
0.819777062430152
0.8426365047320746
0.8795703735147054
0.8454187719141092
0.8265169924883596
0.9015892099762401
0.8691782997566523
0.8625039571158141
0.8711702687168321
-0.8833582960426366
-0.8676168098923541
-0.8840365278343716
-0.8553315510274871
-0.8514754854495027
-0.843349028599327
-0.8422576360408678
-0.857606120762502
-0.859116642286512
-0.8685428500382787
-0.8436639263665285
-0.8864844222307786
-0.8493196451387038
0.8748890355832469
0.8290496173522002
0.8627618610977142
0.8372458259755433
0.8672247449775201
0.8660119342083077
0.8259703355224001
0.8823890091725141
0.8906061205541735
0.8898155681321676
0.8772494092615739
0.8556853052644808
-0.8870240297633769
-0.8544042087578407
-0.9206462506373787
-0.9013717905043249
-0.8771837437918809
-0.8830552412398354
-0.875046871014352
-0.8967506421674512
-0.872813449926987
-0.8674558912460333
-0.8496731148575227
-0.8599902625594461
-0.8814155766500852
0.8670768599289298
0.831081959529744
0.8617017223316699
0.8604000518448791
0.8824458757330855
0.8704131269892249
0.8637238759451433
0.8972264755532112
0.8554346274940009
0.8695736525126557
0.8943556555155839
0.8464004009700132
-0.8470718132880876
-0.9004305544186055
-0.8802350013320904
-0.8640334728083164
-0.886827063523413
-0.8636153935319071
-0.8916807477040735
-0.8653005282061296
-0.8593048108573816
-0.9051149039454975
-0.8965656759975326
-0.8945322370566328
-0.8542518870600038
0.863519940671056
0.8676017324341178
0.839154413567889
0.8538608392094327
0.8578669762111064
0.8841908481741861
0.8874863170849555
0.8740852262876249
0.846404460134245
0.8531213708123179
0.8612661427781878
0.8713000176323153
-0.8461687379757044
-0.8742818680803806
-0.8687499752136189
-0.8612823544330608
-0.871595933812296
-0.8557292642050931
-0.8633103558736656
-0.894737851322176
-0.8786765456697442
-0.8634757342121508
-0.8452101759588146
-0.8768170034838351
-0.8857502446211556
0.8558434195039427
0.8684401327170143
0.8910680930891927
0.84849249068309
0.8404492447933445
0.8659872830174101
0.8940283992455482
0.8773087541100638
0.8622844144695665
0.8612113890725771
0.8852304748371891
0.8542251987626689
0.8759451364267404
-0.8675884476058231
-0.8432233104922559
-0.858913545593092
-0.8703124689888221
-0.8795494274309483
-0.8807355762243942
-0.8827147003978886
-0.8618823049450389
-0.8966581535831895
-0.8271152354171616
-0.8745794174554212
-0.836403331753706
0.8936997531992769
0.8428418134453999
0.8517624440679022
0.9204019995507878
0.8958774097943004
0.8692184183188131
0.8482668309072773
0.866558244873534
0.8365250204570952
0.8544607793604734
0.8870859601893577
