0.31538932305820166
0.31182990376807335
0.27918354943204987
0.2591956558463995
0.2602187686596246
0.23476178200015224
0.15823750108969495
0.16934043510011437
0.1646101991431646
0.1466212267434879
0.1368565221502014
0.10244588013133285
0.10142524620588976
0.02688609895888603
0.027885947977391898
-0.022258638338674197
-0.008970240796309707
-0.07507162093609236
-0.06483632693701633
-0.0744565182685536
-0.1198859846628525
-0.16563621601770567
-0.14971486468797618
-0.16594761273293823
-0.2240097713770119
-0.2506522806504629
-0.2525082812717406
-0.2762281809275096
-0.30233950161384904
-0.30798516349046445
-0.3567808256018243
-0.38177821816386376
-0.37540167076603137
-0.41538328566790345
-0.4450771431227951
-0.4563955699406238
-0.4831378642460397
-0.4630293327220898
-0.4906191906582471
-0.5566742955185938
0.5609091194907557
0.5583549277371906
0.4570135198207286
0.49340860254904634
0.4827961478298883
0.46534376086787066
0.3857445977016652
0.40158753717879137
0.38656053841002697
0.35690543527206725
0.33912130977597027
0.2770771136234654
0.30903380582448886
0.28583999013042866
0.26683607797904385
0.26163129733876395
0.1977277641078917
0.181359873031548
0.15090527894646902
0.1574608458753857
0.14536245249096935
0.09368785887272454
0.07984295094367012
0.06828317648514512
0.04890814945915384
-0.02819443531294797
-0.005930728344397722
-0.03579442302941181
-0.08381307676778432
-0.09446519322192874
-0.1081688465107487
-0.12802626231089193
-0.14541739681498944
-0.1929090849453237
-0.20211048462330886
-0.24859337886268412
-0.2740145741619885
-0.275964918814515
-0.29462141007354253
-0.3019010910946409
-0.3210509424505991
-0.3591133329681932
-0.3970901411677307
-0.39402506056388414
-0.42776353553928825
-0.44556612162861314
-0.4506333252096543
-0.4971049758594768
-0.5073021629142063
-0.5273656549467916
-0.5524345597714946
0.5456267221738629
0.5309698455435827
0.5186009501809709
0.49114936932056236
0.4453839166593367
0.4307481626283997
0.4515575916657234
0.4118804863912879
0.3464610279144281
0.33074540718128553
0.3099732122349989
0.28943692117748343
0.26190257347422546
0.22976555242033916
0.2110654009278247
0.19227774131169534
0.18935064378556685
0.1431849188898546
0.14718874424633285
0.1235191832681643
0.08429826655295689
0.03685140583242128
0.07597218443727383
0.04657998705862798
-0.010350307497460184
-0.018403564822389428
-0.04121071991637769
-0.04980926922792214
-0.0652280553772621
-0.11968180903121459
-0.13317895047361158
-0.1567361140384554
-0.21074140335365157
-0.24133575723905248
-0.20805238567255316
-0.2626900374180124
-0.31316021373339453
-0.2648502855928238
-0.2991468954037994
-0.3177806133533386
-0.3649557179869111
-0.3670878494173471
-0.4131917451713423
-0.42918950157282787
-0.45283926047554746
-0.45245240256906927
-0.512056133682551
-0.5301974003689192
-0.5511432322182893
-0.541258330910371
0.5334265539336787
0.5405759055808965
0.506796719776426
0.4593823793464513
0.504819807180916
0.44971376875150376
0.41021095403622254
0.3901727844868261
0.398789214614759
0.340040587465711
0.32899212436892367
0.2748164940807081
0.2582345446709297
0.24744305484039744
0.21851144196156444
0.21427629252863803
0.21542697955029333
0.1802066037812988
0.12213202607044808
0.1101301928657491
0.09844002801028837
0.02291020822349308
0.06790693590485576
0.03597649987437882
-0.012385549639506884
-0.035186359346558845
-0.06150462398166582
-0.035102220672634084
-0.06739868516297014
-0.10106274547656378
-0.16441527566216363
-0.12307205837031028
-0.15982942907656808
-0.2150896819325317
-0.22386378675465854
-0.23587536322688635
-0.24539488897574513
-0.26252385555877705
-0.3256154497704
-0.3324252277165255
-0.34656744244229026
-0.4227693149195326
-0.399206732593273
-0.39438541609641575
-0.45849389366603555
-0.474558179669202
-0.48330449984550916
-0.5285208934987714
-0.5186988242358163
-0.5612426016462025
0.5187107801189026
0.5165575601730638
0.5359481949087216
0.49514524129604265
0.4480696186534024
0.4382508635947717
0.4108564027185182
0.40549406823196665
0.3464592529998692
0.36212541239913143
0.2945563797875313
0.320809397541517
0.26824560441904377
0.24797349251252646
0.2467135886649389
0.20688599036523186
0.17347547481789086
0.13070498072730977
0.1965982270860666
0.10610501296071562
0.09056109999315806
0.09400684204817325
0.07539145997148433
-0.0012984171496957658
0.00401006301063799
-0.05061558383354747
-0.03970118107922407
-0.030210255549880577
-0.08604655357926519
-0.09710239831231313
-0.13132601529593976
-0.12493528340797021
-0.214729268555399
-0.20840885098396478
-0.23301876395121168
-0.2896649030591907
-0.28071085470387086
-0.2581684127738409
-0.28953052979070876
-0.3415896980066235
-0.3418020187755478
-0.38203233484295646
-0.4290899356186063
-0.387619240639555
-0.45874236879760283
-0.48482186418339074
-0.49624007751728033
-0.4829294005692014
-0.5430670951072974
-0.5691667097864845
0.5662535239429348
0.5160662934719435
0.5151530706542882
0.5138122626431312
0.45945202733334345
0.43932213951114274
0.39805116624164993
0.42841959107464506
0.37527081911900734
0.35011380089236627
0.3221711852818517
0.30755942239650574
0.3040107710660457
0.2552831741309311
0.2301831797511251
