0.027503366129790062
0.046580590674087506
-0.014988371792150736
0.024111748349647025
0.0037588428104830896
-0.008379713884102923
0.031626118507636004
8.137737915672814e-06
0.02793179040247976
-0.01476039758669857
-0.011092093809837554
0.02311732239049755
0.014207180430667763
-0.033744407588521486
-0.00866046796087536
0.02796607478118595
-0.025741044893435445
-0.009633624240084383
0.017796091519503513
-0.03587238409690463
-0.02725519047443902
-0.03110715272762408
-0.0018046937858883089
-0.0330641264255397
-0.019982417509540436
-0.06357010971374166
0.007851446775899615
0.015711506460107508
-0.0532802109376293
-0.0352488397116612
-0.01759164564374683
0.0002792313628348867
0.012574232104056275
0.016016023688261643
0.018555601322816855
-0.025271204742404664
0.0639958069032647
-0.027113645967501376
-0.004060180020789615
0.016782588181210364
0.02051100165034816
0.01871404505051503
0.04322594712218236
0.03758437953731557
0.010312171940269394
0.017160810172461297
0.0016573386943159255
0.005240470118688233
0.021841788645067084
-0.0004155553276928396
0.026162645162962402
-0.0009146150037386298
0.004096174503312233
0.03237143267558435
0.024185757887546115
0.013608878795244694
-0.023589400759915592
0.018123157813573085
-0.026305741139477888
-0.012127067776901762
0.005131778549722565
-0.011036402377129603
0.0122494375036162
-0.025975706153071307
0.03911915086228692
-0.028588325258656316
-0.02749013911244627
-0.027931010182203033
-0.021603622998889814
-0.029112388042355143
-0.03888549307086242
-0.036095293711481354
-0.07707602773009807
-0.006763568999995986
-0.0328529808083053
-0.0197479152353713
0.00854947980801001
-0.00777389643053651
-0.023551120952273255
0.03522949219601001
0.009681580979368151
-0.023863938289130963
0.00780309471416738
0.025839500993359923
-0.0247810883624925
0.04292355151487337
0.022598559301614786
0.013639474962726505
0.013384594253238426
-0.008534647493035384
-0.03158527471106026
-0.0032955957541163684
0.0019088085022957342
0.007095877392828598
0.019036349333976736
0.013356754514852822
0.06067478224315234
0.006345727342383088
0.03958177906639124
0.011915233666229296
0.01968140369405711
0.01004601274266511
0.017800649681994272
0.016184577956488304
0.001958756361544931
-0.0011400209002898967
0.013350210845317581
-0.006686516013447963
-0.007477016395508149
-0.021017562596588567
-0.02563353301481286
0.0018890190275775527
0.04770054815512993
0.011067210360725093
0.0024495347911732725
-0.005151687216885968
-0.018961630086508384
-0.008785947136792231
-0.027526450098609233
-0.015261649696145237
-0.04565082140288675
0.03380726000370038
-0.008632779808265857
-0.0068631340795606895
-0.03256377696048833
0.008030680915490201
0.0016166375562745704
-0.0215498965877005
-0.013040665689098882
-0.003338201701859707
-0.011621661476425526
-0.0004861792623319498
0.005239276251541296
-0.04300308813713462
-0.001976690410786116
-0.004312623918951291
-0.05071409158659125
0.029552377720996687
0.013892790679656488
-0.00761260906552667
0.0011512115132207169
0.021580884291855406
0.04136698134497174
0.021656730401233323
0.012191886660774328
0.0333284322102094
0.013283587956058648
0.030874521044054675
0.023423613062570462
0.016174689194284615
0.009295128485972406
-0.02385191188701353
0.003313871346765778
0.038133556565588235
-0.013260965369935672
0.015879412795829165
-0.0011314801634045905
-0.00522220956272529
0.0031468466377146303
-0.03728899117415401
0.001791304350895805
-0.0022669667466731942
-0.0004641565906332006
-0.023556504145335666
-0.035421867825478126
-0.016562197312270568
-0.027469862881968524
-0.0088522057620169
0.011334073057671284
-0.010676538154407972
-0.061233783329740665
0.007118405439262038
-0.02522783860541256
-0.027116931906074962
-0.026303873437283992
0.02708222020691851
0.007667732451716923
-0.027216772813590737
-0.013651895034830334
-0.008154063031337365
0.0171930999091966
-0.013248417542215481
-0.021736694556747666
-0.020705789772495563
-0.021908142316566584
-0.018572574993113863
0.02960336196347691
0.03224980982371938
0.04311896439365824
0.0299974650476035
0.01116974087476481
0.03724941537822943
0.014427762564656582
0.021644457350932324
0.037330935231058786
0.02087479793371959
0.016991633263840893
0.01587205594008617
0.006574982897192589
0.030423432777549074
0.018439093976630686
0.043186112723138693
0.02403820036610557
0.003998451123030452
-0.004430896877353081
-0.0046244839334868264
0.024003289714101646
-0.032514899537551156
0.02645344619197848
-0.017365484344290628
-0.0019196737936459747
0.01633839787998153
-0.029317904139437023
-0.037889478359297395
-0.03649557657164571
0.023212437985858165
0.008116631662832732
-0.001671380926724475
-0.01399955901034132
0.0007504111872918724
-0.007653117781977515
-0.03316202528306522
-0.03166262877923653
-0.06655364551893338
-0.026447055875817943
-0.04342461480850532
0.029044824704171645
-0.0010919471903291043
-0.006813984750690153
-0.003939544482714355
-0.004008587077914342
0.0056828219675199125
0.007587910851445218
0.014205283200022218
0.012945578078074185
0.0031747074871770514
-0.0026858068123362545
-0.03194279432966573
0.028284059120889826
-0.012486426037477539
0.03811060513210978
0.01573603650794783
0.03297317072871904
0.03262877069655394
0.028215117488818515
0.05194802375010331
0.03821373873226683
0.030575928346739386
-0.01926661303638393
0.020564576102711406
0.023481620281123668
0.014923190825847471
0.0008769628823721547
-0.018238305862611895
0.04351510983925713
-0.01929685212398486
