0.8474589116278747
0.8092220458976135
0.8193423719036035
0.8452459342864866
0.828269317821549
0.8140061175144226
0.7728955706195442
0.7937998514095373
0.834993236074782
0.8455043569542589
0.8179887008665497
0.8102079227683885
0.8460030258349579
0.8513586551805105
-0.7975954316467069
-0.7920788281503247
-0.8193114138706918
-0.8448428961160339
-0.8276566111391805
-0.813913827862732
-0.8182201666351475
-0.8146612645900544
-0.8161777303952826
-0.8362831557477954
-0.81944173428659
-0.8664834779687033
-0.8031931306493455
-0.8138072736032904
-0.8213502833646356
-0.8363376938662774
-0.8603755160737977
-0.8228007474322603
-0.8078177936036264
-0.8495125463964402
-0.7981256256046698
-0.7998085506864645
-0.8240524164167382
-0.81702670172054
-0.8334478830316797
-0.8117701575847314
-0.8145081959329662
-0.8168030414256603
-0.7756094451826695
-0.8119593657584766
-0.8345978660771876
-0.8724244280582358
-0.8010016330514966
0.8253130433451917
0.8486021542250082
0.823278838097548
0.8211844553994042
0.8102945362183729
0.8246533859621249
0.842576843970298
0.8352288334707155
0.8071986715976637
0.8309637472644729
0.8189430692431448
0.8593515113947581
0.8306902998273976
0.8399462821008365
0.8175267284442584
0.8729963360262323
0.8295754295271613
0.8106713015013522
0.8173950186169213
0.7924708250002123
0.780206793178093
0.7994121323544079
0.8382954946786609
0.8422406609200629
0.8682300555519363
0.8228560924455685
0.8468401764921478
0.8048827378577411
0.8082834300201894
0.8159923818691902
0.8113080334873327
0.8065762935752898
0.8324884919753381
-0.82416266631865
-0.8196743512850958
-0.8320233813762814
-0.802333440645139
-0.8226628843409287
-0.8416910436861645
-0.8073738693157263
-0.832789304478549
-0.8351451574141118
-0.793511277728229
-0.8089070067443509
-0.819699700459068
-0.7876465432293023
-0.8060527039405125
-0.807246852077376
-0.8269048619892723
-0.8178381151691445
-0.8491868302174883
-0.8306177219398517
-0.8634113733635528
-0.8024338810096197
-0.794275189573331
-0.8105990015790931
-0.8273383635256685
-0.805391381620533
-0.8216965810689641
-0.8106961108472603
-0.8191524904297438
-0.8270287941834611
-0.7920209260947462
-0.7938576513073259
-0.8410034571407617
-0.8044986946283641
-0.8168075476004028
0.830745746063552
0.8103907166333417
0.819696934566715
0.8062200360355024
0.7621037005936665
0.8087958057217329
0.821654893422144
0.8203117858983998
0.791440260581534
0.8089953768193302
0.8207356815977497
0.847025627987489
0.8068377867956005
0.8038526802447565
0.8243554426785764
0.804766788659022
0.8183914377131796
0.8347924835032128
0.8093862652294141
0.844558684902108
0.8297709944112158
0.8391943024951073
0.8267028539486487
0.8127203035068493
0.8250551230494697
0.8516381176404637
0.8045883633246168
0.8454489754737776
0.8273399520622323
0.8514146232456996
0.8129387378428543
0.8317656820219224
0.7889290044429708
-0.835622743960827
-0.8347686155037218
-0.8248673737951323
-0.8139407018942985
-0.846365862939365
-0.8331489595837991
-0.8159838897877911
-0.8254049810376802
-0.8028616227796692
-0.8137834083796304
-0.8300372790484752
-0.8485820999615603
-0.8179053899152641
-0.8262727654162575
-0.8264355626266315
-0.79962233462986
-0.8540707948392673
-0.8080716776786797
-0.824101668752602
-0.8317379899953653
-0.8460425383821013
-0.7905068455753841
-0.7998243812647586
-0.8054641722012372
-0.8009355515524532
-0.8100574012396959
-0.8075983715431159
-0.7843700124628066
-0.8381169128428776
-0.8221967730819798
-0.7923118079272291
-0.83303975413438
-0.8376271851175946
-0.8240964331635142
0.7792602312491715
0.8084714453284338
0.826838870031208
0.827927967246376
0.8138955050918493
0.7996139172269537
0.8264227586712579
0.8357502656702959
0.8361363135810497
0.8465169175979177
0.80662991562515
0.8268908755022828
0.8172655613094355
0.8384315858365367
0.8437691914819474
0.8272816105664201
0.8397205051710863
0.8309617263422928
0.8287883927997525
0.835720767214354
0.845628222255877
0.8206054247273609
0.8224277789650357
0.7951645589347743
0.8452680469822916
0.8116145796526559
0.8163760001338624
0.8018623669121061
0.8392879540952015
0.8340806302483554
0.8122113081977878
0.8450239418610883
0.8024573300569436
-0.8295201544940137
-0.856160745384046
-0.8315909937943748
-0.8299227629420363
-0.7889038730437729
-0.7987255818229103
-0.8412197838743954
-0.8013046758042085
-0.7907743342108755
-0.8046826795017574
-0.7918179333637159
-0.8047464409853267
-0.7793830235156601
-0.8666865991865047
-0.8200493257493144
-0.7586084484848592
-0.8391624102542984
-0.8055381290111419
-0.8193180961343586
-0.8022923084188166
-0.8429910264415857
-0.817261194176843
-0.8719531126189721
-0.8195770089017704
-0.8117028561332355
-0.837415323382362
-0.7865125483474943
-0.8115951394667384
-0.7978547445891074
-0.8308434358677851
-0.810862718588988
-0.8132145093202849
-0.8552856855215978
-0.7790497409576072
0.8000687728897221
0.8327935305020496
0.8104473590831451
0.8180372579916396
0.7780161571245956
0.7860878658319683
0.8068291360605451
0.8269434353857205
