0.6510504686063727
0.5565164187280933
0.5006508892268131
0.4366483428283043
0.40412979419499045
0.3341249304872997
0.29221085573746935
0.193243465131437
0.13363245407968888
0.05310427024602419
0.05022379953714689
-0.06589550622156043
-0.09393790816765218
-0.15273272664386955
-0.20951119931356318
-0.28865059197005194
-0.32307488612727286
-0.40010543660438913
-0.4424568538674867
-0.5373347096830065
-0.6205708174620789
-0.6626668098392328
-0.7487870278955868
-0.7664027024982508
-0.7111395305322039
-0.6256829505503063
-0.5741833094538716
-0.5101141948196535
-0.45365407538289504
-0.44088204856292273
-0.32166919136829014
-0.24184745143956285
-0.19517128108752974
-0.17058222184221286
-0.0759105766770649
-0.028273754733634672
0.016976410578396592
0.10829500387331714
0.15461588062915788
0.23113636896119757
0.27564384459512653
0.38113091116551234
0.41286375058549274
0.45485772702078087
0.5379926364265227
0.5797715303385566
0.6649694626558106
0.7302002189829138
0.7813202533170147
0.7113425103865694
0.6364687592287568
0.5853600715467653
0.5142638329211492
0.4376209268277216
0.3734305080815687
0.3358928332387284
0.25665195909809746
0.22948451184864863
0.13956837171714073
0.11419031796103757
-0.00018551307696186223
-0.04731164399864098
-0.08500859180490328
-0.14590023829345383
-0.2212134121072826
-0.2911888423901589
-0.3439212269226268
-0.4166965409465537
-0.43775525629415263
-0.5201838283050928
-0.5972014855765174
-0.6638442546340573
-0.6855944258881831
-0.7600971716307252
-0.7133203369366988
-0.6359703919617854
-0.5716346622373637
-0.496105350618787
-0.46929952361726945
-0.4053643173219902
-0.3328446161828835
-0.2648614921521026
-0.1957164848019407
-0.13123775908171503
-0.08601159430061514
-0.05620707482239147
0.012843163056427097
0.07793831334650805
0.1426546675662597
0.2128765350811157
0.30027783295117894
0.3328903721366837
0.4203425580969151
0.4587945716839534
0.5355165469145579
0.6037113199404985
0.6576030149164196
0.6744879227465829
0.7560221776121232
0.716584423795068
0.6547973265993509
0.6012620377520826
0.5258102126859858
0.45069331302007065
0.43810122545847785
0.3804228175730308
0.3236032034990835
0.253556226257761
0.17910859236006255
0.09769628947159813
0.006172997340948713
-0.0016238076185786446
-0.10592138503447243
-0.14194337779671734
-0.1830347664771528
-0.2859083383600494
-0.3319301129784594
-0.40343797853512897
-0.4252176690096138
-0.49982146915097775
-0.5856198774776367
-0.6314973083614318
-0.7096196102941006
-0.7683842596525919
-0.7405946233230942
-0.6261416367756255
-0.6201914682223769
-0.5298507372978165
-0.47551354314018324
-0.3962031147804665
-0.3559922202412318
-0.2516104032289614
-0.23123518945164756
-0.1663284416241006
-0.0875470452724696
-0.0541902343093664
0.01678468482932753
0.073053953834628
0.17034937722836843
0.19898754099146654
0.27908772129068415
0.34029148858430813
0.3731779154772972
0.44356587765565747
0.562285356187903
0.5980851551446372
0.6356393618194764
0.6625398653015417
0.7359148143348141
0.7048683843519736
0.6599173085365193
0.5580691437795329
0.5565583356405648
0.45560940859447907
0.3990669873694625
0.3829226251108386
0.29731835046393995
0.227497425122854
0.17942740920704148
0.08497234936081544
0.026095612166530807
-0.014143903990535021
-0.10286576042589732
-0.10834625845009555
-0.203273038383202
-0.2664835898163219
-0.32771541383855207
-0.3905362377072066
-0.41709928206099683
-0.5155558115339547
-0.5578078098352742
-0.6402498037732246
-0.6922730061706027
-0.7660353112562232
-0.7420917791733741
-0.6301828381912367
-0.584482764970615
-0.5232804897136967
-0.4773996698535252
-0.4179943669036469
-0.34365566145537063
-0.2766933361035738
-0.2208815642563439
-0.19479043269893678
-0.09804644328098044
-0.06854406253790732
0.03845212287743832
0.09879102231572558
0.15815247892109477
0.21297174574090444
0.23187669199938277
0.287636078935211
0.37533779801682354
0.42105181943937325
0.5030338261329074
0.5696094073551632
0.6463018955730804
0.7282564186152957
0.7811530091797391
0.7351819616409415
0.6508107861584146
0.5851626764243953
0.5653625927229018
0.48707457224761014
0.3848985568655159
0.37445112325390095
0.2861726669590233
0.24297399578400772
0.1714585467680896
0.15860561332596118
0.013192292956435057
-0.02805117115857405
-0.10866090112088997
-0.15498999447737027
-0.18874665989608574
-0.2759632233038187
-0.3175314110837235
-0.38465127684850575
-0.4517990426335231
-0.5016491380142873
-0.5627968081677666
-0.631069125236398
-0.6401788624010747
-0.7513397353843513
-0.7247750170266095
-0.6743940563472984
-0.6091177859616932
-0.5537971002137633
-0.4764747049144686
-0.42477177814509487
-0.35103224313875586
-0.2653805811921828
-0.2467215500783811
-0.1886314110918382
-0.141077636369432
-0.04634726654685163
-0.00230599339274324
0.08086023433094104
0.1515656481581161
0.18398707967208575
0.28538173809400313
0.3046884861786652
0.4256163372739951
0.45467270912401303
0.5155808614272616
0.5869009438099495
0.6015366154282628
0.66669778066849
0.7533446668971533
0.7387012888879876
0.6703972994763089
0.6146852354495019
0.559173720318651
0.4983962607473015
0.4112643258089789
0.3614342233748862
