0.0510903621151816
0.07348901657365253
0.12488413036074562
0.1363540800711014
0.1449093585640723
0.20658232254986414
0.23275144974029563
0.211598593607397
0.26461352611544003
0.24623476773263506
0.2562078436555473
0.2589863959192432
0.2748135829733327
0.241001458940992
0.23063963613279073
0.21406708817240622
0.18361560535582352
0.1340104672924977
0.11892075937665775
0.13260550603356736
0.09604417354011585
0.10068260416810906
-0.012228325916038743
0.003540172971555276
-0.026143485271396302
-0.09201251969946737
-0.09791139350168912
-0.08913552915864316
-0.1744457050164026
-0.18158761368715237
-0.21080225633202165
-0.22126586252634242
-0.2563347613565752
-0.2389552643936347
-0.23161206871131113
-0.2508265872787624
-0.24935135917821444
-0.24842107067901364
-0.2722818261566782
-0.25339338449542637
-0.22357882125197676
-0.18146423040779658
-0.10578094376403026
-0.15376948075573346
-0.13405308112733233
-0.10062371592169256
-0.057721263115191795
-0.04136903061871096
-0.02065084080987074
0.011596973928635804
0.09809426046830191
0.10140461899950319
0.13109507265141468
0.1571236324197222
0.16794769856351024
0.17277371031087624
0.20559525174261084
0.23374698832300797
0.23273865378753858
0.26112094235248134
0.26353037622350706
0.2229567896518706
0.2073858681804789
0.22928420282016013
0.22631607981942467
0.2072751396989331
0.20888412348462096
0.10977465816902209
0.17097268620501618
0.1572290049654033
0.0926254106484712
0.06934775455833792
0.051213110734813945
0.042611688783325434
-0.020991226095206643
-0.07343778292086449
-0.09203726562989181
-0.13885201427908686
-0.15975693892158685
-0.16202083482093693
-0.2015136378915999
-0.2222189875881028
-0.24044282840896614
-0.25510087616007165
-0.2887930742807002
-0.2613680280735969
-0.2443041544519557
-0.25837137124446163
-0.25654366724415517
-0.22973680973106486
-0.19728380492707104
-0.18254017014049354
-0.1922951931310258
-0.15736940277391828
-0.11692019732537043
-0.12005510270136875
-0.0683373787599146
-0.05002681822684759
-0.011300527233189982
-0.004462221604126605
0.05857092092758099
0.11374267464665413
0.09432027775756803
0.20729716173099677
0.17365901636964942
0.17381769276887948
0.2133799881338062
0.2383518770290432
0.263261990532117
0.22037027316751984
0.2916991772347739
0.24230126085813133
0.2070882076119806
0.2285150464511231
0.2267000306954345
0.24409042377895093
0.1605655057914507
0.12314092339344432
0.1395186083880383
0.12459766502776493
0.10851880447039124
0.07493677802189289
0.053736035368407334
-0.005833683177482807
-0.043211850448598564
-0.04132370870232279
-0.12706857391503956
-0.14091381450235457
-0.15622709337132795
-0.18188615412824125
-0.20899642701163368
-0.20333825069214806
-0.2182095164961822
-0.24721839061086565
-0.25647766571595015
-0.2518657459832959
-0.24864515891125907
-0.2637480296718664
-0.25015651511695247
-0.20080425841194957
-0.20374661544792325
-0.19627071826331927
-0.17762790510633383
-0.1469761469207695
-0.12545569823549316
-0.0853511939841465
-0.06912308864465239
-0.019073257158223098
0.00032124413260557153
0.02098582565721939
0.05271329226058899
0.0811312720443029
0.15434858909276505
0.1552023803027375
0.1962442156631236
0.17683675596878445
0.22071583399051514
0.2416988660359914
0.20063354058036553
0.2165110622023118
0.21999674588856957
0.23876963674715457
0.25126815021014376
0.26350091373924456
0.24382135268926952
0.2058135943686035
0.19798051737904535
0.1505977955470792
0.15528659321762064
0.14467627078025513
0.13799789098317974
0.04353622193288986
0.06482398612323433
0.007684151903132143
-0.03587492125047726
-0.06424605622635038
-0.09676501193644481
-0.13244718335087613
-0.1582471320767462
-0.1223367366973227
-0.14627421496316365
-0.21628762046012218
-0.22707415439214088
-0.22208872172320349
-0.22970933165166735
-0.2360346399800052
-0.26314757206093936
-0.2537990975542739
-0.23085909809561403
-0.23064325348593528
-0.2071730527941396
-0.23208285283144447
-0.21334133579724487
-0.15935112080604014
-0.11693859038156423
-0.11675819973911687
-0.08779951503854076
-0.04439350001209507
-0.016028916232033726
0.01477742204220479
0.04138675632183161
0.06140079028435181
0.13592647491907814
0.14382160282941836
0.15247839763570234
0.19349050479149346
0.177545001049359
0.2316703706258872
0.23405482609100656
0.24627731494001026
0.23590869962196764
0.21069395089332862
0.23870654309043693
0.27463142703718413
0.2243885094486121
0.22654422438220537
0.19653091878071538
0.17403999253576824
0.14105101278032678
0.12047891615163923
0.1418877737296906
0.06612843793154657
0.009916716589255713
0.025037812141245883
-0.011298695111383572
-0.08832376001696324
-0.0627214817807875
-0.12768169918673372
-0.13442062636671132
-0.13324283134733705
-0.17759868160929987
-0.17191993947302653
-0.21693182253732918
-0.2349516340811851
-0.2492533140544067
-0.21497485661743387
-0.2658546528116212
-0.2772321556834737
-0.213633962630654
-0.2196429700568131
-0.2408082100337388
-0.20012018610280155
-0.17761118821896182
-0.1777487199040546
-0.12011645755665414
-0.08673147886519764
-0.06072503677741871
-0.03534131033040802
-0.033117894702268655
-0.008344209293066944
0.050817998896761925
0.05760380991873723
0.11892107408180916
0.12713633409698505
0.19364149372310904
0.18024403547826914
