-0.36986827541747286
-0.36177770648419433
-0.392472818422287
-0.3352082968863834
-0.37874937588808727
-0.3596543437960682
-0.3931648346684788
-0.3410796105482814
0.3453932508526285
0.3783887449803541
0.3826767006653017
0.3653108523172853
0.3682745168009294
0.3873251823977381
0.3544646529724578
0.3666688955670725
0.32171249783545974
0.37845976657235186
0.3515579072587109
0.3798651050376491
0.32684550740711743
0.35344278248592453
0.35162352350492987
0.3554824493015487
0.34780124960457093
0.3876725720784594
0.37821733744490327
0.3855020078453186
0.3830395484159889
0.3679657939047778
0.3321014995818893
0.33784188716585745
0.3828924515729265
0.38138266566215745
0.3526040852231926
0.3181035513204584
0.350326560945856
0.3612403830076323
0.34647505182470517
0.39329310528118006
0.3617540216388002
-0.3679370054155764
-0.35814310500400753
-0.32486426028695614
-0.3742877278030669
-0.3737575079085883
-0.36318328350237505
-0.35245940792792413
-0.3703484032641937
-0.36413665866324774
-0.3475361654145339
-0.3421917738891075
-0.37356535641132793
-0.3776823783577363
-0.3703453954953869
-0.33371888396510335
-0.34006365885438045
-0.3138125688159929
-0.35940759105356984
-0.3496232740199109
-0.3817977650080372
-0.37163506725010376
-0.34442753894604144
-0.3632590392153867
-0.35634080039064264
-0.3822951734108273
-0.32599936789680095
-0.34518783049702123
-0.37072607573600763
-0.3451676282837903
-0.31869729087419807
-0.33651835120693063
-0.3577191183179309
-0.3697497431335502
0.34495700319632405
0.3803072976102266
0.35203798220937793
0.3720746463732777
0.38970818654817224
0.37338708907401424
0.3735838274283079
0.35905185114885385
0.38768910558420716
0.3035459420075877
0.4022483065637463
0.3903228660373531
0.33268850814568773
0.3644878266073287
0.3602209194385419
0.3547154755068125
0.33013629610970596
0.338449083429333
0.34828484628362105
0.3575574715306641
0.4051343168248481
0.381812968498345
0.3686941767873169
0.3133233086153247
0.3336060412276708
0.35236427370866275
0.3517859771213526
0.36071476871108515
0.3404404273596042
0.3385854936416728
0.39454360044374015
0.34378678768274956
0.33327239570705186
0.39142385165758203
-0.34903817216457556
-0.33976219827443355
-0.3721592936192722
-0.35463964254281477
-0.39539657282343166
-0.35986606314976755
-0.3461158136493417
-0.36869233722472594
-0.364229579792477
-0.33532796974563045
-0.3643673757069594
-0.39270912131265634
-0.3837149898300976
-0.3530900345721049
-0.40939008283032774
-0.38078478354711065
-0.3927776189278598
-0.35356993916005186
-0.35441382955402667
-0.33729264386776175
-0.3825747483539421
-0.3889193849710582
-0.35835159281277024
-0.37594223226662515
-0.32119846625173204
-0.40503918879967543
-0.34112885345883026
-0.3411915162591206
-0.3808541438813201
-0.36498252862094827
-0.35467236824228715
-0.33207366143318806
-0.3449684599112305
0.3690149387452972
0.3563104836659359
0.3937609700930829
0.3715698751572234
0.3214598003399697
0.3994113471703909
0.3536478423304029
0.36000853403600475
0.38562996060470867
0.36320578565824013
0.32797437602508034
0.38818072183394137
0.359042154073477
0.3051181587478759
0.3209678166583616
0.3764386405237604
0.3564869461763103
0.35242314397665103
0.34796559224693874
0.34363314873422873
0.33817553959278657
0.35456266901321176
0.34063464167227636
0.34597877765149315
0.3721424023698656
0.3569816076539591
0.361953221219024
0.3079548185348555
0.35640383265787867
0.3551375292162702
0.3548294189012765
0.3931505032023955
0.3599307975712004
0.3816276765949303
-0.3519552013794719
-0.320172717288144
-0.3733118042856129
-0.3517426729271662
-0.3527470560974139
-0.3556412890239858
-0.32298912249433537
-0.37036897216787107
-0.3533497657204025
-0.36845171205041155
-0.38491022320779095
-0.3832594263320977
-0.3507459701676199
-0.35753226688660183
-0.36402033806571915
-0.370126018354638
-0.4064031813464829
-0.38055249639326066
-0.3668692508659655
-0.3910619915198608
-0.37687789314032333
-0.3561019120903875
-0.33348183064598275
-0.33837390911056114
-0.3602941915765865
-0.35097726999124523
-0.39962474993805
-0.3664093584854284
-0.3166268745919423
-0.3530563201457368
-0.38357459686108175
-0.3570622006648469
-0.34507821382277176
0.3350242548928165
0.3137365896817456
0.3560492683678461
0.36422676501763673
0.3818469221622077
0.368550298597222
0.3455973825646171
0.3697683790950071
0.29835314104132515
0.31839583865529875
0.3477069629790606
0.32381205057017926
0.3250734749639745
0.3610374217352493
0.35545622425540774
0.3540604536611543
0.3652840225345885
0.3270435260722132
0.32895804449800864
0.34469284047010446
0.3386235267390779
0.3724636225132735
0.3440720492097091
0.33255394741017297
0.3621934253813486
0.3861962792115656
0.364199839458589
0.3164279469542087
0.29308671176730117
0.37668786609699123
0.3455190049378152
0.3645617755697091
0.37928837152248557
0.38396001268372487
-0.3411579310917477
-0.3715532474056007
-0.3773190341109139
-0.3771089584330483
-0.3909331930567808
-0.3565081532703519
-0.3586912810683416
-0.34975205325681225
-0.38854763247900576
-0.31979837859307625
-0.34644410792358604
-0.35788212164399896
-0.33018642087347405
-0.3564570335410409
