-0.27180487942888654
-0.2885021858008453
-0.22175646909657282
-0.14469298362381433
-0.09209000789069671
-0.03039432774669002
0.019659859801494158
0.0623952413878367
0.06111971487350178
0.13672115401693855
0.18083439651790875
0.22834273945220204
0.26995653721753377
0.376986738462396
0.40784473279260264
0.4329996584500441
0.5177544874726261
0.5610982645231588
0.6240427051223325
0.6595618761239999
0.6828649825849491
0.7574128048652862
0.7912786936620999
-0.8396380729228865
-0.7895734874517765
-0.7486983992774545
-0.7190987203664946
-0.6297585574029849
-0.577444844442066
-0.5448949149143977
-0.48869856562351166
-0.4374093123183693
-0.4548218382482144
-0.3593321354698257
-0.2617913968060642
-0.1919112732589704
-0.1947376219157546
-0.10821885501869141
-0.060961914291820934
-0.05485431361732228
0.028340333552666474
0.08942010236813853
0.13907168964876082
0.1704259149257905
0.22485911642923126
0.2710558961699189
0.29837689010918483
0.3760202029049707
0.4276162164785763
0.490978833453133
0.5294582840863334
0.5342147814140707
0.6425157414333317
0.6853241068072549
0.7800994204760582
0.8238686980617349
0.8352974554671309
-0.8289215737844596
-0.7818067228878639
-0.7203321726345543
-0.6733547257554213
-0.6177607305315296
-0.5774516911166436
-0.5131288924979037
-0.47292854549698715
-0.4257302251054414
-0.38040263997382157
-0.2988454137987758
-0.2701610153128169
-0.1946930401328687
-0.15005504491533558
-0.11494098041870848
-0.04520850238923659
-0.02538389221353627
0.06677666881207042
0.07791091743621625
0.18842176276076028
0.19256391017245186
0.2652159378627242
0.290319726913816
0.3757763531811262
0.3856765452304477
0.45901322616440954
0.5013402101393329
0.5591592036450987
0.6022531326543411
0.6660568385089967
0.6950675867525401
0.7432976261259944
0.8117592949467273
-0.8499748931414544
-0.7836079983623057
-0.7607216862261706
-0.6960991398772789
-0.6266489643343662
-0.605739071017714
-0.5261100382955467
-0.5076114300867125
-0.4527806256830311
-0.391381410648194
-0.3398237806734616
-0.30103172990744553
-0.19612379716831005
-0.17158077369356545
-0.12131158378522754
-0.07849916639698805
-0.016415692989031016
-0.00030936044546032646
0.07732953978605651
0.13790289351870227
0.16226759324568152
0.23729748231156314
0.3103494221953839
0.3574361805916376
0.36663766120183255
0.47718644766241214
0.4565838046501671
0.5397539466511432
0.5640113923661149
0.6399663622619851
0.7001134423778019
0.7199291903819066
0.8121370379091598
0.8764685300891872
-0.8236163954183024
-0.7582469010599883
-0.6925215729833752
-0.6494117871513923
-0.6084021440302722
-0.5614185897335692
-0.5142951381250154
-0.4467843668045375
-0.4330575257997451
-0.3294940183716718
-0.3047833934848508
-0.2530808012882303
-0.1693872438391921
-0.15943410118773804
-0.11343875605871685
-0.038777367074313576
0.037290651910522644
0.07703067892039087
0.10495438074670613
0.1343804758053157
0.1706823149858504
0.28173631658293224
0.3128578438708938
0.37212782610884115
0.4211821708684685
0.4341628901079798
0.5242662252966457
0.5805784208663727
0.6144884044152485
0.6599480276353908
0.7192238318921639
0.7620398770933005
0.8473783891038418
-0.8373737367834321
-0.8018594850496114
-0.7093007333138127
-0.671549101149454
-0.6064458010016768
-0.5819983278690923
-0.5584966644676729
-0.4750837826958826
-0.42123813304689667
-0.3945565636430346
-0.3119184746519547
-0.31288577541694185
-0.2425013292094648
-0.18201032554992147
-0.12324411114883284
-0.06230007361736563
-0.0180823807593584
0.019125580508432043
0.10005064340543215
0.15070672372722954
0.19164102806137615
0.22672461637683966
0.24446288452378284
0.3750436772093629
0.397183158775474
0.4712066959263999
0.49904742508432476
0.535881617087163
0.5866756224512959
0.6542808463916743
0.6845786119494328
0.7679096563335359
0.7844497455397414
0.8857687337455812
-0.8014972463663187
-0.7642408235123516
-0.6933360321298516
-0.6737226454549137
-0.6127336817732552
-0.5591611132348169
-0.4831776651453876
-0.4329856174008609
-0.43475974076028207
-0.3469464183397417
-0.30176033868371926
-0.25372264553812296
-0.2134947898179356
-0.14195340431101877
-0.05934178314358455
-0.01328916880332999
-0.020087580873046632
0.027416290799075725
0.08853143176116593
0.16445111231573922
0.17565621713047833
0.29283075794369345
0.2776140092361106
0.39586852285877794
0.4059198673275346
0.4567707262043001
0.5563636233057787
0.5824775770516285
0.6267897223176107
0.6679986618590438
0.7165678703932797
0.7748139784606478
0.7886013211257974
-0.8337622511145448
-0.8061303539350262
-0.7370218261577881
-0.6737211904325253
-0.6086605242216703
-0.5710162354251883
-0.5686451388666436
-0.44413725569161083
-0.3878279623456282
-0.36610499599250124
-0.31079586605161835
-0.27585810476369177
-0.19293395616113868
-0.14521305343075208
-0.10916751034636085
-0.08701978097626245
-0.023327172785327817
0.0482127385010499
0.08377812097711702
0.16009230622800535
0.2521437191667973
0.21529716660997156
0.2812286561716208
0.3360989600285219
0.36986696071069025
0.4531992016884757
0.5123019648334999
0.5453169454731629
0.5969943170818012
0.6197873083976984
0.7215279283663
0.7872199272480493
