0.6201243353210942
0.603113755404636
0.6296814785106575
0.6141506610341065
0.6014326994401268
0.581907862206991
0.5645795291046332
0.5929602311613724
0.6283430309274991
0.5983262504340653
0.6157325655858529
0.6187356182101419
0.630251019377063
0.6259773551760356
0.6052463731511987
0.6222366300861484
0.604436550023097
0.6040173482007665
0.6281294850696638
0.6616717089414791
0.6316450225188626
0.6219943667996036
0.6414192284584649
0.6384281241704516
0.5945442814627357
0.6342151577096033
0.6444205726424763
0.6262364338666109
0.6303857538361952
0.6411457735822452
0.6522506440380437
0.654462974252498
0.645100425818962
0.5952369131370884
0.631650582354433
0.6021022202521498
0.6073993447548234
0.6220908487076311
0.6050909516996142
0.6060847897126679
0.6085977045992261
0.6010332405998354
0.6279939682270971
-0.6167530180953127
-0.6070176026446493
-0.605885522659225
-0.654372143884263
-0.6324505769778496
-0.5959267053588101
-0.6217971340752163
-0.6336535088215819
-0.6001277190315416
-0.6091478263835569
-0.6243640684312585
-0.6481205754398294
-0.6242629751961721
-0.6023413400803743
-0.6428768830036495
-0.6106497224966867
-0.6461061717005956
-0.6346197370898914
-0.6050694319926672
-0.608068972639262
-0.6178241850407619
-0.5971334127884593
-0.5905060423736884
-0.6461676492685416
-0.6066550831320214
-0.591530609772891
-0.5813207443354482
-0.6254898943811111
-0.6492197444211268
-0.6264042807011349
-0.6020785626322684
-0.5744598096729834
-0.6055533055187263
-0.5972644907173361
-0.6282093334069943
-0.6033027372488372
-0.6100295822120803
-0.602291441840015
-0.6285220897386077
-0.604140552108763
-0.5918550906845962
-0.5953609674226855
-0.6147785470874451
-0.6425186584279942
-0.6074823311086559
-0.6138837880868677
-0.5966737775952039
-0.6279999219704255
-0.5825301869130254
-0.5980112466097529
0.6034261117635713
0.61418360947918
0.6358958276814547
0.5679147344768192
0.599561869171493
0.5987060908796871
0.5906263499160038
0.6106949701706099
0.6246152921982329
0.5862371554848077
0.6002134150805667
0.6054767998587737
0.5996629409634002
0.5774860223858734
0.5982015559346135
0.6138842752719047
0.6413651999843907
0.6163942348211204
0.6142387022123993
0.6160578915143279
0.5723153317005261
0.6246561307274274
0.6295092233715314
0.6018555709603601
0.6089786174097409
0.6026960978992055
0.6061893393578982
0.6065971970527181
0.5981086472518227
0.620559467002923
0.6056166360005903
0.6477212603007643
0.6010897546917955
0.6558379252861746
0.6265789775553153
0.6244574337701898
0.6142806617911356
0.6395623280986515
0.6211590078020036
0.5886101234437451
0.6423872473677085
0.6223097455094843
0.6200214925051579
0.6093860242946834
0.5924601060398547
0.637526295455824
0.6228000375764298
0.6021333340903785
0.6041069546693236
0.5912579825684003
-0.6110881432213298
-0.6418317185372365
-0.6181348311533356
-0.5892155416529875
-0.6304372693926613
-0.5721667173288614
-0.6494828993629344
-0.6348428952672351
-0.5902485968587395
-0.6033849549883479
-0.6525474267577582
-0.5667082484181378
-0.5975427306237217
-0.6414103484238367
-0.6046268660594601
-0.6005409354857153
-0.601418806757075
-0.6389703359409018
-0.5954865078104737
-0.6212148434363911
-0.6031467601192104
-0.602230796048006
-0.6206647927006795
-0.5954363206755988
-0.5913647322426793
-0.5956611384978852
-0.6354716149319738
-0.6050606519207059
-0.6278619420411342
-0.6329970710850897
-0.6511793127869505
-0.628168750868896
-0.6075767105429949
-0.6350327146103669
-0.6211125941455624
-0.6228763606194107
-0.6107795983755067
-0.6227536175791848
-0.6171633786341765
-0.641867410349605
-0.6173207992177118
-0.5947724173064322
-0.6064976517991714
-0.6419493403333744
-0.5938093162186688
-0.6145640170064971
-0.6356417113395192
-0.6158754842685179
-0.6488001961782437
-0.6115569710599439
-0.6372725103765211
0.593490536775852
0.6037770011702412
0.6176321532308878
0.622818509492983
0.6422343343966188
0.6094442842588457
0.5971652069674224
0.6103420215103138
0.5736317106197488
0.6013936689489136
0.6091842445014578
0.5953889490891555
0.653490658406986
0.6212168783028528
0.6094727783113463
0.6068772839529857
0.6102498397798987
0.6013774391328734
0.6068159938551889
0.5988151151821203
0.6039542125248119
0.6022016965142722
0.6359440128860616
0.6549950311551126
0.6355950624285582
0.6167483602073588
0.6587507315649813
0.5996392157570481
0.6173413935235694
0.5704804661717813
0.6263828217249753
0.6178342880534009
0.651418689562732
0.631924636141173
0.5994554630573775
0.5785850170262644
0.622649085346913
0.6446029521578501
0.6098063590744314
0.6123068602795924
0.6137765526917182
0.6156772959876222
0.5694737700550137
0.6597694316253815
0.5760839225626798
0.6188328604293573
0.6197737600609494
0.5974556858019895
0.6276572022574359
0.6484315415952819
-0.5962187321153242
-0.603891541982593
-0.6079909542026793
-0.633395242141508
-0.5752755876919947
-0.6021244129805634
-0.6347849668432879
-0.6242510126550279
-0.6032081567218567
-0.640317823769325
-0.5779301128920786
-0.6178941608612839
