0.10056780881038965
0.05909442876122115
0.08681265129599747
0.015722272616809863
-0.013606839784372743
-0.009254711121686996
-0.05535165419549246
-0.080173302783029
-0.10745602886771025
-0.10060360502486856
-0.12124630312733828
-0.09326871225604397
-0.11657342239492428
-0.08913233759875921
-0.04121468067763684
-0.07385716059085487
0.0025479583134424676
0.006332335441114088
0.04321028705830903
0.07587338224072059
0.12822931903352958
0.09635266750082551
0.08981895566737358
0.1589363804581539
0.12039523757062523
0.10418273324538137
0.08055932621852484
0.021673173020898037
0.03981423418511221
-0.006295342447395977
-0.06221305556655742
-0.05634619565625822
-0.05879765439973038
-0.12044130112050848
-0.06818293029990757
-0.11194744651215913
-0.08848418243362158
-0.1088653340097858
-0.12087609065969737
-0.02733120425276484
-0.0319397450421125
0.006582068254894553
0.043257497532346895
0.07901979376542835
0.09860744892459625
0.062277099223976326
0.09180865195523423
0.12115948372128399
0.1109677142153618
0.09527256430054734
0.09555191146306828
0.09275821026211596
0.06645262573202565
0.021867242077727136
-0.02623999674811046
-0.027801557307599277
-0.04571110313021417
-0.07550905730914677
-0.09898378861610384
-0.1147857857936683
-0.12388509262850404
-0.10137408318913221
-0.07492595705623724
-0.08566402349904656
-0.08027880824881516
-0.058157262211844876
-0.01917483702522183
0.009556892866081275
0.034737372871268206
0.06912462791948866
0.08113958745316974
0.12587705859655965
0.09751784324758866
0.09171576311331361
0.10879514824800979
0.11829119074258496
0.07238184557009868
0.049199331890818675
0.03841875933570957
-0.003318718379756845
-0.00770805000263244
-0.08683545403555515
-0.06151767584935322
-0.1388365244171375
-0.13104980565219299
-0.0989545973374881
-0.11705180162036154
-0.10789656187185022
-0.06481856857887544
-0.07599370761643338
-0.025488602351571302
-0.02228162661826096
0.04015117069998623
0.06979142659756354
0.05017173070956261
0.09095518531805229
0.132134784979887
0.07633020599272544
0.08082111167799576
0.1383956706162657
0.11951155723962621
0.0734213396869698
0.04496908210007321
0.03930277154136918
0.006400780197405419
-0.03848314206032988
-0.03555294980049944
-0.04422229185428334
-0.12588817566170468
-0.13307870782883646
-0.11064621552777391
-0.1162393682657592
-0.11572090842717454
-0.09732520455653969
-0.07282041283640432
-0.050879633384805716
-0.004310943301557709
0.018756464022306657
0.035568215130268886
0.07379232776848169
0.08936054403977706
0.12586937188619063
0.11200395378273555
0.10057176174838235
0.12588301180057215
0.10914914658213268
0.09519789698220785
0.028318871983047913
0.059406456993657444
-0.0224792095093904
-0.033017280925699444
-0.028060129870251173
-0.07964044155660385
-0.08426149690264428
-0.10918553581620347
-0.10506076956514773
-0.11076114488414626
-0.107762321384215
-0.11685749246083366
-0.03250304097826307
-0.03199153549631084
-0.020335393307803373
0.029100127522608085
0.02553196500348294
0.07574061286024383
0.10475393341090639
0.10191975066486189
0.1315646733267631
0.12519159192300572
0.09090756803518488
0.11185665184651482
0.06907310721649583
0.05669789057565168
0.0022122244997300478
0.00427823721519374
-0.014973199670489108
-0.060953401762675385
-0.06995011470263135
-0.06779952986434515
-0.095257850283752
-0.11034960601518186
-0.09636792468666086
-0.08225713099103628
-0.0759944553215919
-0.08477033926973347
-0.03403373366939076
-0.027833259530064332
0.03419855790054643
0.04079268498617764
0.07654392211196429
0.09394030678715867
0.09956019603018564
0.10198495395725572
0.11114630396540974
0.07745113466376655
0.12449687488733314
0.0989377682231068
0.07560859009761187
0.025683262583843063
0.004625910358782892
-0.023951448924450516
-0.08227582116036673
-0.10451147516524516
-0.08395906188038577
-0.10205673291313662
-0.12126733614067206
-0.11724921060263814
-0.09119326954641552
-0.11765920856360619
-0.09165444335171828
-0.06516175852298049
-0.00947980089746172
0.008812854957478702
0.03571417259751465
0.025421514968099225
0.0897284716609245
0.12113546928333266
0.09999219381912028
0.09919221434776432
0.09325225955434568
0.10067664066377537
0.09359236715574751
0.061436526993201394
0.03501238821895635
0.0062272784396669
-0.016449737462834724
-0.053584815025316604
-0.09727230105501466
-0.0993765772265145
-0.08484917852660855
-0.12671757124297317
-0.09652735662403684
-0.09441509385185898
-0.0767651395175493
-0.09475649934884288
-0.039312240519363294
-0.023192042943281248
-0.014288458553805249
0.04490168952093778
0.0893126511287709
0.08650004801102765
0.09799357588874406
0.05771490372578061
0.11753480476469524
0.06969743138866641
0.07526644422509729
0.10096742805811984
0.07121238198544937
0.045505257104563324
0.020495553459983704
-0.00907445636151619
-0.0532779995629611
-0.10968704790038222
-0.08346750288761318
-0.1353167726753544
-0.07387477379660289
-0.09997722439014664
-0.09728271380353222
-0.06057406789483616
-0.07880447292764071
-0.03531174719276425
0.0001551470794657582
-0.0447470586802175
0.019932702719789155
0.08007001568280538
0.05581745541662078
0.05756294219420074
0.09867240003327221
0.13770167813095527
0.10752841009211925
0.1152964794820463
0.0686806524480798
0.09495937416294195
0.048844995403953276
0.009600936714220755
-0.0027036870596223433
