0.09866777282909672
0.017435760351464564
-0.13120252415755151
-0.26031082484030355
-0.3464609362003236
-0.5185425125170398
-0.587436902843801
-0.7370609539218624
-0.6812392402620184
-0.5633600739058973
-0.4004469411222833
-0.2888897389146672
-0.18778275562046282
-0.06896674978899106
0.048024071968974104
0.19577043111509077
0.2900932619310488
0.41480385369258227
0.5409060154217927
0.6247018928019528
0.7347705744428092
0.6229355133808193
0.4931976369295253
0.35562112824719805
0.2212834108395939
0.1055541273640739
0.03477692718658268
-0.09145307074269964
-0.23474874574732693
-0.3788602006153742
-0.46695225495344717
-0.5855340093275933
-0.724088859712058
-0.6843011880026182
-0.591363963561635
-0.4696628882369412
-0.32483750328746586
-0.18643384770007018
-0.07488641407945401
0.04628083409897124
0.15239820729024284
0.2666546735624656
0.4446488861135796
0.5317689577287528
0.6611393396337205
0.7273764590740136
0.6320922344575104
0.472217747955671
0.3862843943178777
0.2567204442923638
0.14785267782098385
0.02020477450158873
-0.10234956380673023
-0.22428248582008897
-0.3708074065181812
-0.4575294854044095
-0.5531310277625923
-0.7055437433263589
-0.6793864969364629
-0.5914891450310673
-0.4090095500858912
-0.28120386498612143
-0.20553312539574245
-0.10017348287816238
0.019028504984199227
0.15437784664898024
0.2756515870742987
0.4133498994711274
0.49642799240513
0.6286318148661052
0.7650418093339731
0.6322905924939356
0.5110143855711631
0.4094871621525705
0.26729578829305006
0.12730576042340158
0.020558334949895108
-0.11147402654380945
-0.22584616096473195
-0.3420762039836926
-0.45026415561518673
-0.5862339169553286
-0.7260466009266784
-0.6885353672783386
-0.5745334189792473
-0.41361990983193114
-0.35042462712129974
-0.22997574949308872
-0.07626931512291345
0.04015512629716916
0.15794357543863388
0.27867955352351415
0.38801583389681055
0.5080269500644755
0.6854206083800523
0.7203107971312469
0.6049096547172849
0.5250426838788208
0.39218943810543055
0.2799096148272858
0.17524463202541463
0.05067931182607386
-0.08969132044770901
-0.2551342025138596
-0.34286675691477386
-0.4725489159971415
-0.5945075295433282
-0.7076126442361561
-0.6970528562226186
-0.570487788431844
-0.43842507136496195
-0.3143772128098319
-0.25296996469068
-0.09380179787991877
0.0015472330455789454
0.12038162569097165
0.2766259111455419
0.407448352063395
0.49554008936480926
0.633974067333969
0.7427096676842523
0.6660867678246472
0.5213463287984564
0.4167616662021245
0.2580744391254535
0.15435009004885403
0.05155045395768837
-0.07523519556082105
-0.20432594521682632
-0.2995217791451238
-0.4675788724575118
-0.5951920486347468
-0.7031113663804675
-0.7200287339707863
-0.597609761087071
-0.4635112350170641
-0.3405021349196126
-0.20261381667317532
-0.11516312019309365
0.002490836021846847
0.12587275851632104
0.25716235975047097
0.37069508522364675
0.5193448641606705
0.6222356736960022
0.7524481892614066
0.6437094643149163
0.5449586715360458
0.4419118858318738
0.2492178921739014
0.15761142019662466
0.04073786195101865
-0.06172569755653255
-0.20150776019794148
-0.33842939420698936
-0.4071281097073773
-0.5531369748372842
-0.709156012934719
-0.734714308265497
-0.5606108173508443
-0.47954747546944926
-0.3542440077374936
-0.2480102551763828
-0.11370696490790894
-0.024228722091234767
0.14785745631203032
0.24516215288019638
0.3788160725055433
0.5080719784695062
0.6265059239596467
0.7233591642082436
0.6128623824849179
0.5459302042118485
0.40523468332556273
0.2943940718493407
0.1906664734667138
0.05918362622279675
-0.0811502539901759
-0.19151862693364174
-0.346321431577979
-0.42042945696230904
-0.5327984224949612
-0.6833081891123515
-0.7059669973315983
-0.5909212359532369
-0.45377992294489033
-0.33718898427660543
-0.25134878766201046
-0.11639490945696648
-0.015040362815821794
0.12412328952468965
0.2592807629400883
0.39346744533902467
0.49025106461742757
0.5801739781790187
0.7357373605867461
0.6341476536649486
0.5234437352435862
0.40641745542641344
0.29236356761931054
0.18170439517799397
0.0819156015964327
-0.05778965727907155
-0.17818655701758568
-0.268669598325291
-0.4240806643869552
-0.556975382447445
-0.6632224459047782
-0.7434488005658165
-0.6151130780999463
-0.47207083824264684
-0.38029940031755055
-0.2536129867520015
-0.12023046977795115
-0.03356950298025098
0.14305195608553303
0.2461717687209082
0.3266763138203399
0.48679771778340464
0.5887945645769672
0.7049695931047278
0.6641358600247784
0.5403987457141383
0.43297367867501657
0.2967089613714694
0.19581155693576194
0.056331303126697464
-0.06979269863987798
-0.19760832750327473
-0.328736209921472
-0.42689054800716725
-0.5408334333147459
-0.6515094985415899
-0.7425744593836563
-0.5857917834473372
-0.49258457225760954
-0.3835345237249056
-0.26083335139718444
-0.11109206338540129
-0.021900609056507786
0.1108756123112731
0.2539363657708039
0.35445998631047604
0.4597411062398627
0.5770815807220817
0.7320096132954959
0.6535890506295496
0.5888110157603559
0.4332170933317033
0.31502290204714156
0.2152526474153838
0.06998391705161949
-0.011809942451571749
-0.1821680217039007
-0.2972775378284404
-0.3738091862012782
