0.006672118330278351
-0.27679060942701605
-0.3205911651661384
-0.08399707280617251
-0.18245657316285163
-0.363857829075919
-0.19274696409324685
-0.2108930196640281
-0.46557304973977354
-0.36671858912578154
-0.4549079506432799
-0.33628990186213253
-0.08460599835601673
-0.17416355208083645
-0.0900318712142803
-0.2533394687480953
-0.4199288481529206
-0.09030579583295638
-0.36391413587686683
-0.3401043761384884
-0.15731593669856725
-0.4973303348389547
-0.21350150305505913
-0.0353438281430536
-0.15695989444105168
-0.28816159497467125
-0.09045735738984498
-0.18560326683933
-0.41685389292140623
-0.4471807915528282
-0.44753166390583576
-0.4331998291812897
-0.13160494354166752
-0.4718038979337807
-0.3238302186293068
-0.21524402506227758
-0.3767087611990708
-0.4346544348963172
-0.5200980532350118
-0.4644067847448758
-0.4120504632957787
-0.10245797035202152
-0.3481625411825311
-0.11700116274683081
-0.3546051703988997
-0.43941812028208266
0.007268691306961788
-0.3472855506632945
-0.07946597329979455
-0.4533257128493664
-0.08812023659997117
-0.4797120144042007
-0.09134107379596143
-0.08687912375783677
-0.17153228787670768
-0.039038625489618145
-0.49983728810504174
-0.19726424749373078
-0.3893501917322945
-0.12339613842762993
-0.20021751417311606
-0.4286226277779324
-0.47371324099954726
-0.17544682654950494
-0.10621424381907851
-0.5095676012314674
-0.19893034908959756
-0.2181817566503016
-0.3932527616478908
-0.19283470820577395
-0.1007632448207898
0.007742949124743604
-0.09660097248366205
-0.2765856367238603
-0.36403006324147424
-0.06880473937090054
-0.2137451688367755
-0.5487928021261327
-0.3451400863209219
-0.16066891782033868
-0.17798205904940978
-0.02142215854035833
-0.43188804337408876
-0.11555966579462072
-0.15568437191102857
-0.034695489963936996
-0.42625106262127
-0.4401761924926993
-0.3944146961551492
-0.42976308134265817
-0.3664964680986994
-0.1533095982198793
-0.2892046956800349
-0.42061798967368075
-0.40837264584937694
-0.49220378374957907
-0.3088946058533845
-0.2815259805658526
-0.481291291881118
-0.0320314470380032
-0.2432858460174671
-0.28939213047124085
-0.1090551837428629
-0.3288979865166586
-0.5049879393510115
-0.3727205672066959
-0.06224564045794044
-0.5062393961086534
-0.03264620377952556
-0.12696303710144333
-0.28941878560450385
-0.32791081416202134
-0.05650017600512745
-0.09300319331995342
-0.48772396142910274
-0.4010566505408671
-0.17886133135337817
-0.15256767716034283
-0.08038893558864357
-0.11149539137431838
-0.060939403579651566
-0.1661087330215354
-0.1488342819092584
-0.02889120755800066
-0.22672663160168188
-0.34891230841638476
-0.49239622797671734
-0.38720214414849613
-0.5444675543274076
-0.5619104575133866
0.0007711306012893118
-0.4455182269217213
-0.08475103759760594
-0.09044915424734445
-0.13193540579133536
-0.13146212360201986
-0.28397680289314137
-0.5570658142032888
-0.10034553562612529
-0.42040642784039517
-0.2266693995659468
-0.38575399829565854
-0.3893030313391821
-0.35037367890512505
-0.03128282485300568
-0.4346433590098629
-0.23009601479940742
-0.41168574142957126
-0.24616582776649915
-0.4816006714996916
-0.18356119699433301
-0.11202575294691927
-0.03367483458004404
-0.0035929582082978007
-0.5260698800017483
-0.303114440216362
-0.36972193981097584
-0.35108654205209255
-0.437610751225163
-0.31254105804776033
-0.5174488892012366
-0.33373259629890206
-0.37043692841663906
-0.0494981249405732
-0.05970161722884712
-0.25426101221674313
-0.26889216381846914
-0.3836439710945273
-0.09858951349714941
-0.35902007901317823
-0.2345731648271496
-0.3337907502311762
-0.21159938187160013
-0.3006459903779437
-0.4538102692889543
-0.4414824928472064
-0.051657181214959616
-0.31577644633208707
-0.10818209773603565
-0.25053369694235883
-0.32680569076350663
-0.4244236207617418
-0.2866078856684919
-0.4073408860135268
-0.17327655790552088
-0.18108195910138747
-0.08728885973016587
-0.09756838950725732
-0.3565776405511661
-0.32561287368921094
-0.5270328883204077
-0.16138659093585336
-0.3234665071565276
0.008133347484310643
-0.41912648873145325
-0.47665059462060716
-0.5238024571051635
-0.20382032568753297
-0.3215160014580809
-0.4793319907515969
-0.17531439547813188
-0.46030416789770323
-0.3904622975378309
-0.12665637772757227
-0.31318194609590067
-0.29558282009441694
-0.4584842663263281
-0.23099441897699002
-0.015479440537162652
-0.08396546361940743
-0.18829160083338925
-0.03473568142093923
-0.18073520121664594
-0.451471162039938
-0.37746749793998996
-0.515653452851164
-0.3260370766339823
-0.3831498061194447
-0.4002516752752582
-0.3668748438833908
-0.3683915765144478
-0.10998504183822251
-0.2801583596007417
-0.44306722495233725
-0.24958306069412314
-0.16737542978071934
-0.4867917359007077
-0.37846344803918003
-0.032891356101665166
-0.19322290344888765
-0.2498805788207321
-0.46625789467089945
-0.02706767804029587
-0.10825187979254486
-0.47244668600330564
-0.4812473368131043
-0.4051238660577798
-0.3256734732036804
-0.47394273056875125
-0.355341979076089
-0.3355122737555736
-0.4961475342981192
-0.19725348513337068
-0.33212811376530404
-0.023791865407685676
-0.3675905511134709
-0.41039049701483515
-0.13941162348962904
-0.17850232783912162
-0.04400648253329829
-0.2808380951347476
-0.3733880165467218
-0.17668863756161834
-0.2493313086603683
-0.004660260682782042
-0.0444069252797268
