-0.2173669016031741
-0.21051974919870492
-0.1603533182716565
-0.16741550032333752
-0.17678573465807482
-0.14329327034418152
-0.13142600226758028
-0.1398170912314661
-0.10834638371101786
-0.09351085881000082
-0.07084743728563547
-0.05337504706757948
-0.07976414640300505
-0.04933012234270591
-0.0147489198157836
-0.006301071052771773
-0.03902992611285131
-0.0025100993774657115
0.021020069426209632
0.04844548039919447
0.042937701094080884
0.0376042278199676
0.05435338657449354
0.057818399413846935
0.10598558062375286
0.14159672263072506
0.12192068480277082
0.1329918791483472
0.11305356251453233
0.14225975790845696
0.14954491910000142
0.16726852993556554
0.18107524497218902
0.1678567080540527
0.21284899087515638
0.257879649332113
0.2845066765671719
0.23171665287617438
0.3164698310484216
0.27164978081885516
0.33173921851107946
0.3388512493130301
0.3332591980079188
0.3284369221597231
0.2760106293748443
0.308987364195245
0.2676411510814508
0.27331863875607193
0.25910532352983445
0.22887423188313613
0.24083670117945408
0.2154393246714763
0.19795110218504183
0.18219434790972355
0.14751332940098022
0.15613306684342346
0.1241476514104294
0.1389509932021107
0.09309512568740812
0.09332497916049366
0.06015373652705633
0.043016928674878774
0.055090231429929866
0.07218944509783876
0.02598055434590308
-0.0026518771988040916
0.0021966037621390846
0.015566905657664488
-0.030738174905019032
-0.009071388014854867
-0.021166279948069435
-0.10585011873475758
-0.04983626793775716
-0.09231356147830215
-0.11465739389776733
-0.10410803526980833
-0.10738518911782813
-0.13967682783883387
-0.16975717518476546
-0.17676983947633043
-0.17965829440512915
-0.16523391254524286
-0.19696323581092395
-0.22304147295461896
-0.25930303178586567
-0.22693315624534346
-0.23894860888197886
-0.28713810071271745
-0.2566086926290738
-0.2939372098142716
-0.29576584997594574
-0.33148393008289473
-0.3425539487593049
-0.34999717931175695
-0.29030603969714264
-0.2607737755305121
-0.28849910692863723
-0.25535550192585277
-0.2250934502119988
-0.2632901729861029
-0.22610489457270416
-0.20418437618503527
-0.17963707092955256
-0.2264404106037284
-0.13350289597708764
-0.15145471355848
-0.14237273448086374
-0.128019339168177
-0.1197007778683501
-0.12349323599332732
-0.08646062530902882
-0.06151121828631411
-0.01069403438910227
-0.03028037320761474
-0.023593713133141923
-0.04160483727694298
-0.046458782079982726
0.023618211902961327
0.0044688844574174765
-0.0022449608279316927
0.053621381088422425
0.07222695326281589
0.07779051290379246
0.08179104970171895
0.09812324515888791
0.12334873059479698
0.10689009199847407
0.12252466396768533
0.15998884058489848
0.1781225455686535
0.20549439762897087
0.20479945717142972
0.20235504366448426
0.22234022252750946
0.25296203178924714
0.19334544862028677
0.25859499516024287
0.23089069611680274
0.250966760227399
0.31814284804613124
0.2994405766544541
0.3425984005554146
0.32397586151170504
0.28545661376843956
0.28451822569613744
0.27347913950447944
0.25828544197408726
0.27807597663174227
0.2531331969584599
0.1938945236414116
0.23102085506368222
0.18826923777859664
0.18255203614568688
0.1571520683839933
0.18672169728269997
0.14307024916961159
0.11876458341574044
0.09086032108274378
0.11681000252548991
0.11016833855262824
0.11801865666453552
0.06432112822151198
0.03550327291310369
0.07280333053760307
0.008779363210488753
0.02939162945943731
0.016981184645541603
-0.005645334066219431
-0.03588622893769401
-0.04085279688190028
-0.05701403742239505
-0.03869909399655115
-0.08100576582410703
-0.0887948652310006
-0.13828063112012381
-0.11099250950501309
-0.15938938210868858
-0.11646313405900872
-0.18553598747058883
-0.19662562407901577
-0.1634213718630922
-0.19226484016473636
-0.2277369582676038
-0.22466477107488786
-0.2628142673042423
-0.25505499477477017
-0.2567496704699167
-0.26870755877324104
-0.30241486281104457
-0.2838746253606818
-0.3493692670931108
-0.29939204660318136
-0.34019860096144594
-0.3133222571594673
-0.3337115927867711
-0.3001575160518609
-0.2765700315572466
-0.2787208496650185
-0.24807817269624205
-0.22605712350324547
-0.2118721883237895
-0.21048973882678945
-0.21577644970002827
-0.20381349116438197
-0.17838330984117667
-0.15665000767220477
-0.11612888955746398
-0.11690440836022933
-0.1034932849939218
-0.08989196981605256
-0.07899990850895852
-0.09232670719609268
-0.04563743709863913
-0.047665409047352496
0.006941206812041932
-0.03333718502608189
-0.017443487066656375
0.032152238089224454
0.005780886342520568
0.048695065901384
0.06846408173683996
0.09099906450962081
0.06319038456565754
0.05187856052723901
0.07489972016220971
0.11946727564357267
0.10519002186372184
0.1238995391552703
0.14469612412046334
0.16469039724224582
0.14963799624974808
0.19717070006607035
0.21243673138717045
0.17125623568269485
0.20469401329344733
0.2524818495760184
0.293726570063948
0.26379505493776734
0.29347379000831225
0.30544964416161996
0.27903068870735726
0.29552070598634506
0.3187367096824414
0.31858529220155923
0.2829879527043149
0.31165534789155924
0.28899255150906966
0.24586153720738632
0.2325129595439454
0.23689172302670472
0.20988095491232156
0.2144693662687886
0.18942299281265856
0.20408542035238073
0.15445895259626505
0.1665316943949538
