-0.18298077591781728
-0.1923480592582699
-0.16233247485355623
-0.16380806372281842
-0.11336335093775805
-0.131374407385745
-0.11946502838264512
-0.07201650027716491
-0.09610590191663455
-0.0828354806262102
-0.06444836863898531
0.0018259912057431611
-0.010888756363659314
-0.017847708022830103
0.022822559829879435
0.00205920495019081
0.04968536539981194
0.06792382974185099
0.061104379893660896
0.10889908868262878
0.10333514191044216
0.14413268196520237
0.15976972554668983
0.15768289446136266
0.16346333589238543
0.19476728575046154
0.2211145566407926
0.2311574641869141
0.25079839127579334
0.26105114359737536
0.25456597631919486
0.24742454571452777
0.1985323729665957
0.2157238427799796
0.1975012927555374
0.18591161419594923
0.15402938591260582
0.13312462738337666
0.13275945606798542
0.10341558905787601
0.07708176948553358
0.08200533688228359
0.10240880860038123
0.06800002181953978
0.041950487699336396
0.024448416885103935
-0.024426726082423196
-0.022425421013633734
-0.027951778649992636
-0.08501493241156938
-0.0639292066594356
-0.0297569107367995
-0.08837450641702434
-0.09988695198157853
-0.1430808557306221
-0.12528196977885186
-0.14092849053920825
-0.1613742966477158
-0.17962435922092332
-0.20684760294162063
-0.23338055473437966
-0.24744132759492327
-0.28020309484820655
-0.2658985734630602
-0.2313953418389811
-0.17130959285351438
-0.18294707234701582
-0.19549308871760154
-0.18310162961531354
-0.15527226786301726
-0.12027179270531568
-0.14675815621837968
-0.09972761896165329
-0.098291857029857
-0.09340855987670449
-0.053875698231471404
-0.055961808507628906
-0.09153805367479576
0.001943763291361908
-0.04624653135225736
0.020800539118075258
-0.00750265902853536
0.014318748086637984
0.040978105474853393
0.037354490115934204
0.08650642872909929
0.10107980008814196
0.12071395463627096
0.13537523166537715
0.17142279070676858
0.14343418782171366
0.1404788131483971
0.19472144454017168
0.2215214459509913
0.20769850117830357
0.2617703606575356
0.2511723512667869
0.24528994147588312
0.24369337774987393
0.2007216022316847
0.20549732224690215
0.2163404210616184
0.16683723421115565
0.09855727525905988
0.1653562493095972
0.11684552199278704
0.11233835058717567
0.0844044364118307
0.04007683598738912
0.0677537742030058
0.038530115858250974
0.01723081860885082
-0.007989267005142018
-0.06948798597037478
-0.01997793068131482
-0.03597530638608124
-0.0167909286386504
-0.085621496966808
-0.0370511985211228
-0.10878332530830469
-0.10918822380362815
-0.12070764751345965
-0.13720997948853014
-0.17338190464337372
-0.17822841452638014
-0.19765414033733547
-0.21773888747621456
-0.20434576020639558
-0.21840523169942605
-0.24634749718977128
-0.24869223314248345
-0.24468054442233642
-0.1854624182389861
-0.21096858452525347
-0.21876583268206812
-0.1560212118938282
-0.15078964332669567
-0.13917930043383775
-0.13091853838131132
-0.10234244900695934
-0.08031050190579485
-0.08472852453761837
-0.09407650840702711
-0.10689056763559479
-0.04349251343090542
-0.057537198686124176
-0.0029288593639399986
0.009974062574916315
0.022650626980346974
0.04318196276602648
0.019153742850639664
0.08952347598860966
0.07901542842312559
0.10266177252265749
0.15209641466591733
0.10144147851359991
0.17025363621392323
0.15246397572703216
0.1819151076541257
0.19169068894126107
0.15914002018079887
0.2479422767930004
0.2348016925956866
0.2587985095940118
0.22265345164147748
0.21910549056651873
0.24386711885336443
0.20674731797516963
0.19109265806101736
0.1282286176283983
0.13968217873430241
0.1382377101082024
0.15909224619754772
0.14052612720533608
0.1051381459671667
0.048600696524095544
0.06702220917474377
0.03299825029931915
0.012075166934031722
0.030905751562725868
0.024247031455734765
-0.018446614290421638
-0.027710450678300053
-0.05936357822867385
-0.03314799307075626
-0.0932147704607223
-0.12317089323516367
-0.149781700679911
-0.0970342989745891
-0.1472846795021502
-0.1474058150200036
-0.19169748378496546
-0.17315515923051722
-0.18359107177928552
-0.21519904865998327
-0.2216616649654346
-0.27767993373134015
-0.2804279416695372
-0.22626152996194934
-0.2306055873059203
-0.19251444693099584
-0.1977856839735858
-0.17875540049061764
-0.17080511135081328
-0.13576903943057334
-0.11712798821297321
-0.09312201642481907
-0.14701824936858238
-0.10192044253187256
-0.060118787122242986
-0.04958418863043612
0.008444361867187656
-0.028686988049987303
0.004014902644577837
0.007756746697929149
0.05647559541333261
0.06013794214467679
0.057858246091232544
0.06290463680911598
0.1034020508227991
0.08888168086658291
0.13379426882312412
0.12057037276908089
0.1583540339209931
0.1825304960872911
0.18767865222189684
0.18709553394275777
0.19247435730022988
0.24012247275482745
0.2349248592380375
0.271513563011567
0.24601648341859433
0.21913766153696834
0.2058642429360044
0.18132846517930246
0.18003532093962335
0.17277113487568
0.126312110946256
0.0797549531272474
0.16575523480858773
0.05893349463405372
0.10292660723290456
0.0378086935334543
0.07472541187788528
0.01817591737401479
0.030544250824562857
0.013633667460842266
-0.014277740514495728
-0.016925775873897243
-0.013374834546817125
-0.056758024754286776
-0.058774583526249695
-0.09170967855753762
-0.07209813933577591
-0.038792817128759205
-0.12715998906019102
