-0.31250386931734003
-0.310721850604547
-0.3450170449350201
-0.3798681570634904
-0.39851728608096376
-0.432370724537424
-0.4451780397972699
-0.4443896790153904
-0.5272613549708524
-0.5102375518689208
-0.5134309090149333
-0.5505728505640962
-0.6055050257754708
-0.5439355680365717
-0.5264026192102447
-0.5033323115528269
-0.4905500371854089
-0.4867600998995193
-0.4237954184898474
-0.4189313796050467
-0.3981442429837221
-0.3562262333837002
-0.3688570238199
-0.3154651557851042
-0.287843700163399
-0.2868267798200393
-0.2832450886716423
-0.2472711405277234
-0.1922280977515323
-0.20414280057392398
-0.16777985062122755
-0.11041494836032964
-0.13475444776502798
-0.09826971980454814
-0.06055082130823193
-0.015898698321726887
-0.022852749779445
-0.00812700963210217
0.0006952640373439067
0.007101235247778684
0.06582430311065089
0.11612485858289244
0.1191173713614923
0.09736162835489898
0.15391942257486513
0.18040143425671795
0.2132602207405422
0.2250779766231525
0.24193293463199567
0.2737662450252587
0.26527480468410347
0.349969614311419
0.3320818062703458
0.38235651245913976
0.40773069609555257
0.4103228113589505
0.3891002035315033
0.45951726456709363
0.43369292376790525
0.5230139171938677
0.542187385068992
0.5605022699452911
0.6102244596955353
0.5372868535248094
0.5243728432431632
0.4843205420936183
0.472450224222163
0.499281001027584
0.42835371184606125
0.4138587130097702
0.36747965825264245
0.342406347547311
0.34379011820265654
0.3656841879399147
0.3119029207019358
0.22992563992885173
0.2350315144832445
0.233530747091046
0.22516996778174103
0.20751326655584124
0.17363369304562648
0.13721052749071133
0.10728436675750028
0.08252813770456839
0.05744781536541481
0.03642853772909136
0.038104358632931934
-0.0017603871120399428
-0.04246684276324547
-0.007228861427759449
-0.048704165147412146
-0.1293957716418186
-0.10111927911273415
-0.10183811541278809
-0.17130089678644037
-0.18015622376349566
-0.19819348000667544
-0.22086695286953245
-0.23217227848532812
-0.2664834517082156
-0.30240479693960454
-0.34506453128177
-0.3335251519016049
-0.33081409686681174
-0.4395408417637987
-0.39436139411601007
-0.4325540604422709
-0.42259457675318407
-0.4553982991257982
-0.5119645833888142
-0.5051914438335382
-0.5636614410778124
-0.6023821303951093
-0.5437451095600478
-0.5188763395518908
-0.5126565538177285
-0.5192091628143476
-0.46968102318098137
-0.4271569095089736
-0.4157693496798182
-0.4284604571213746
-0.37674899730696965
-0.36633400235643204
-0.37184320196202353
-0.2759740473939125
-0.27687431320501327
-0.2876231269819477
-0.22491433927033108
-0.21920316696335482
-0.1925347312860278
-0.15934452155477846
-0.14992204048389446
-0.1410068953831681
-0.10258090048284532
-0.06493337415080436
-0.05717865318578998
-0.03535649625539339
0.008023945895132369
0.043324105394214135
0.05458960237149771
0.06288806362626291
0.09666955321313579
0.10703065242748415
0.14465096787560264
0.18776505355878015
0.18089064972869434
0.19089650898684737
0.24457099190852244
0.24837483037191893
0.26833654873891777
0.28111083479036947
0.317005283404335
0.3321068588198758
0.36472388793364346
0.369311843341687
0.4159205092869487
0.43375691601957767
0.4728431812082732
0.5021401904028697
0.4737860223041346
0.5401454257975151
0.5323989196722108
0.5663146618777691
0.5712585604930812
0.5329643580424903
0.5054027793518496
0.483093168376021
0.46652565344584984
0.46887156702234606
0.3877074093730531
0.37300875917376114
0.3787296602341813
0.3670965710435553
0.353088190615707
0.3314400270449181
0.31945560332126116
0.28230225429167993
0.23332516045183724
0.22724324706709492
0.19873385593596163
0.16038200717177137
0.14811929352285128
0.13546587724951378
0.12237003038634844
0.07284114388532605
0.062152656530111046
0.03892591553952295
0.01991143946115778
0.013763756830488206
-0.03560573267359954
-0.07599902400888488
-0.059893894677276786
-0.12143934062532884
-0.10376109544075311
-0.11900829136699977
-0.17858541453041818
-0.18503258450717067
-0.22099839650070613
-0.23927345248025025
-0.25243388254424337
-0.3176862979239564
-0.3011959425840146
-0.3517019222588899
-0.3891321826753657
-0.3812143531332349
-0.445200793645736
-0.45747745324159805
-0.47536512461416935
-0.47308862253859335
-0.487585001773731
-0.5422769825784134
-0.5803760943659849
-0.6000894054573055
-0.5404689546994069
-0.543067055498991
-0.5432519512501729
-0.498667437718222
-0.39666878473856587
-0.4716162413384477
-0.42096025089525263
-0.3798765443220153
-0.4106608284177055
-0.39468530968604354
-0.3163825021186961
-0.33702826410640785
-0.2700281161644861
-0.23399679186579
-0.2566760350507071
-0.23449832553085725
-0.24548868738459514
-0.19850664727715595
-0.15088220419489323
-0.11533587160808123
-0.09361021816415449
-0.09729020179774878
-0.03672303930413409
-0.04254109797191355
0.02020231704217651
0.012168519170159903
0.061194770215386766
0.08042349187115601
0.04232821664653022
0.09088551845114835
0.13182593927993708
0.14534195379241033
0.14111841459339033
0.2061046986666123
0.21246369720588054
0.22676335560986474
0.2616898790509994
0.2953430195950125
0.2930291732948981
0.32037487299858153
0.3628794454807647
0.3963479314136528
0.38923636154554464
