-0.3272256981363964
-0.30653544671027616
-0.2501566770029468
-0.21707363912162586
-0.1621979679009124
-0.16243374374846486
-0.05768381026039718
-0.03626413532830239
0.012638495096637711
0.04937236274607301
0.10803605805130534
0.1446637311344744
0.17297729270811496
0.1933849014326106
0.26705450231089883
0.3175808699654721
0.34289701234899733
0.339152144131865
0.39938262285037723
0.42074927611560453
0.42702365472603643
0.46067695345267895
0.4510755973641122
0.502891893697293
0.5124790421186767
0.5010349958913903
0.4810128209551414
0.4939611725507758
0.49431318975701877
0.4824919212881163
0.4496644416093138
0.3913556321402294
0.390947144927005
0.34015000680281704
0.3004362501879855
0.2685441370819619
0.26664155859401334
0.21645208165740723
0.16481586962489347
0.12714152884337435
0.08631709791418789
-0.0038852198101730386
-0.04516566818479457
-0.06053439262099042
-0.10652887729493603
-0.11990603528331019
-0.2233760475862271
-0.19273867390345933
-0.23920432988189633
-0.32393354841147315
-0.33671700733035725
-0.4110487453355411
-0.444768656545944
-0.46665457709150865
-0.48406089404622493
-0.4807270790162137
-0.5135835965497579
-0.4567016837076741
-0.48971763163609555
-0.48401155340975216
-0.5020076391194855
-0.4757691465763735
-0.46939254019962584
-0.4607612106968416
-0.41116730521823
-0.37721152327508867
-0.3647274115387249
-0.3199315643122706
-0.3181809996820049
-0.275952637331037
-0.24782754824746372
-0.1491760872297042
-0.1482957084496676
-0.10043145342098662
-0.022936976535533206
-0.004050332756067369
0.06053406352079045
0.11142726326555279
0.15383826143869567
0.20207479137151163
0.21214518861810006
0.3072041291665648
0.30550944992461554
0.3630502877021889
0.3912551679452904
0.4152768867412611
0.46802035986447593
0.435885490841274
0.45105207366537026
0.4813437886213469
0.5013471981133509
0.5238164949474652
0.47842217778349116
0.499711437255637
0.4980341401684195
0.4998503286133821
0.4383549064391091
0.4399756056481919
0.4092171301148603
0.37896328282327674
0.38303607435816156
0.26704815948051813
0.29798465989337736
0.23938963886064524
0.19069328512540668
0.1244276593144483
0.10018016853988142
0.062135864110355515
-0.039236997433069826
-0.004042174646953271
-0.020772573206765114
-0.11883717296653999
-0.1727101506510354
-0.2323025073353248
-0.265773035868793
-0.3133006363903018
-0.3084461777067852
-0.3672489478497903
-0.4195549002290314
-0.3781519512419616
-0.47139699999863494
-0.42640853493997655
-0.49623605725974695
-0.4723277003122033
-0.48889305048317594
-0.4916168339361474
-0.5263724292354284
-0.49254890939045076
-0.5054541673905252
-0.47227431032427347
-0.4408350054659424
-0.39909198226490733
-0.3834642221594409
-0.3685864343648757
-0.3300996333148887
-0.3180538691363528
-0.25446023524871725
-0.2484383352920454
-0.15306634763977606
-0.11789529427684475
-0.0902395000545827
-0.017706958786899575
0.012214763425332772
0.05913464458861382
0.1181096917068356
0.18885597245360602
0.17968139859064966
0.2190966647244339
0.28287578610566466
0.330578860448922
0.35741373006160915
0.37055372496612576
0.3853271074623679
0.4370037651146763
0.45359877462935744
0.496703902149038
0.504262571432008
0.49576305674147736
0.4791869172458054
0.48104470752331163
0.4566819953690559
0.45646640924904924
0.4735353443174416
0.4458568564640294
0.4497626892987683
0.41791895466967616
0.35689311539462054
0.35645883383561894
0.2849448055592412
0.25286341611432306
0.2425965184939982
0.24135881614736412
0.12182747888586173
0.09320742295801375
0.011361395481037567
0.006104801295296871
-0.03328056994395176
-0.06288254154593234
-0.15449181694849118
-0.17904993597525984
-0.21837243731766165
-0.2599683617424818
-0.28843557914939405
-0.3392609466776006
-0.3658558258977699
-0.40298428693759014
-0.4086465541781667
-0.4509962338051168
-0.49410324911154235
-0.48948205008988366
-0.5079002166802962
-0.5095672648931083
-0.471065587133033
-0.4987732996074542
-0.4729478746344728
-0.4502842257898036
-0.4832383466436712
-0.4408055459959293
-0.42063499650246544
-0.3662458485870976
-0.35580226757676137
-0.30927020157252383
-0.3234614313111036
-0.23623501724894508
-0.21072887971745843
-0.16882015995682667
-0.10418057938754889
-0.04923383902743454
-0.005588024328420389
0.01309248885376032
0.055958620452774235
0.14881211945070516
0.17248373191052208
0.20653515544427248
0.25921170266951243
0.2944126335657123
0.3437900873362925
0.3747930421374084
0.4126776641358013
0.3926667015714901
0.4217919026743998
0.4616406302353234
0.4694999516375339
0.47911837332299057
0.48294210846468466
0.504438810348581
0.47342820483421205
0.47795515160352386
0.47227815227318465
0.45530312610023105
0.4528048943586205
0.4579775841374981
0.4031128085660275
0.3704416560994074
0.3464018553507188
0.31885991153946863
0.27356045866983775
0.2541005542368991
0.20025141518968728
0.09368808207181087
0.07861802712632204
0.021014553239687137
-0.019971125553797136
-0.05272543875921081
-0.06880832894371697
-0.15491260728092376
-0.17774054773951595
-0.2191499479686932
-0.2844256639698849
-0.27031287176970714
-0.34460930885008184
-0.37801345267356207
-0.40747898099196195
-0.4214929003038645
-0.4039339469832383
-0.4626131399794342
