0.04373419573900557
0.23286812249329064
0.3800970607368052
0.5413002116288246
0.671872050473741
0.8441466306480351
0.9392850228470495
0.8102384626395183
0.664781290050198
0.46389620419020755
0.351283117937654
0.1546976516491258
0.038639393268097316
-0.1186854054804799
-0.2888273335092752
-0.47541346969547815
-0.5826378186091669
-0.7836310985194772
-0.9035452621600588
-0.8885938914128086
-0.7393106859630961
-0.5566087972691545
-0.4185170972145937
-0.2700074887158074
-0.1402427961161916
0.05925601231771303
0.18196336926988999
0.39914949937435173
0.5261838211284819
0.7082453812374732
0.8526579122450411
0.9294964476543321
0.8014446673273038
0.6235878766453937
0.4911974234580001
0.32493015448292734
0.16035221866024774
-0.010441185240704334
-0.1337721760891424
-0.27237841821171926
-0.47870511449764186
-0.6313810377479779
-0.7716604875832025
-0.933583150873244
-0.8864549090215332
-0.7444094550598328
-0.5722397989247804
-0.4224666760013194
-0.25881453567016316
-0.0862264610803471
0.03948451131820276
0.23524093089156273
0.3884341853806905
0.531843824150479
0.6718489668971513
0.8469253874150489
0.9946710638286964
0.806343486456229
0.6558666812939548
0.5133170085015297
0.34253891612418524
0.17983948651471574
-0.0025001254916733467
-0.14184911909110717
-0.30135035057954956
-0.44799294327944217
-0.5910932527785936
-0.7674026877091834
-0.9147638899827089
-0.8997122583297159
-0.7565975073300572
-0.6074642871647532
-0.39793640480902887
-0.28648134602090763
-0.13951602144786635
0.0756248096800449
0.20399044532604024
0.3468640729970873
0.5088500531345945
0.6908164722975922
0.7963912815986968
0.9569526975606991
0.8469694846289522
0.6755163218720054
0.4960888815204498
0.28679020980574554
0.21726170363581326
0.03566409978974447
-0.11647236121548724
-0.2781089988798937
-0.4272192504996272
-0.5824660032547453
-0.7151301692316216
-0.8835753270849543
-0.8921785387452527
-0.7928009483262207
-0.5823715992089804
-0.4463487320645431
-0.270168729542532
-0.09075146237903785
0.04320442257720743
0.1707644446767499
0.34442146137294677
0.5010759506089839
0.6251202598977904
0.7874342093840312
0.9699118845097965
0.8203357740615395
0.6899886843611907
0.5073026571493067
0.3910362369451066
0.1734512436062717
0.035188953131485415
-0.09147231203648862
-0.2611624131662477
-0.42665496105518597
-0.5719630462622239
-0.7326889046875205
-0.874176262447074
-0.909617088229063
-0.7609971507684513
-0.5842055788939319
-0.42498924524091597
-0.30399220337822924
-0.1500400252866323
0.016564492226777312
0.17384342031224284
0.3547646173563165
0.5223416713081023
0.6715345283366599
0.7732621153584808
0.9703042179952479
0.8384969695275333
0.712190860773849
0.518769784141953
0.38966841920450046
0.2260254642221944
0.04456209487198249
-0.05274448940119935
-0.2886425786347424
-0.4071870666567779
-0.5690774412938809
-0.7459215103502573
-0.9235098678655099
-0.9303883321799149
-0.7767616197566194
-0.6047274829051779
-0.4585398783130429
-0.2707598565090357
-0.10976091916796289
-0.0018140911471745628
0.199520047226175
0.2932523418877119
0.4587412550231178
0.6186120815273056
0.8048053910756988
0.9428785202843614
0.8540200506055373
0.6863791431293189
0.5331737274557642
0.37857361869997047
0.2515587193763146
0.08657992904227318
-0.07248768959228476
-0.24391575223111447
-0.44322699374312147
-0.5550735684892049
-0.691296234545264
-0.8609566166123529
-0.9393695100675065
-0.7569687686215808
-0.6048581893178232
-0.481856835155466
-0.3112202108188936
-0.15393411982422447
-0.01565710608064547
0.12313755840449753
0.335238680003569
0.4653295279334356
0.6463784327494131
0.797111553564247
0.9985603237302798
0.8479866793947967
0.6886108917612545
0.5530959665638417
0.3934671358897897
0.24192536497541056
0.0570622130426805
-0.1019232505609379
-0.23080428902920216
-0.3933011275557469
-0.5496619193762391
-0.6983005096010929
-0.8099019023025775
-0.9444593677910521
-0.7556504540544086
-0.5993977336912272
-0.4784332031985112
-0.33514956717983735
-0.19509103506296144
-0.01525379388240451
0.15805285967546448
0.33925405012884585
0.4481834697836092
0.612989889548808
0.7547585529036049
0.9186919011134772
0.8671826357936055
0.7416205563963976
0.5666470066789554
0.39147158678027894
0.2719822029658762
0.03583229236882816
-0.08867335469982697
-0.23932371621819115
-0.3781287100468858
-0.5093292524817347
-0.681467913956369
-0.858877846035467
-0.953676160383907
-0.7667791417395916
-0.630454488190259
-0.46977214310627635
-0.3261665601683777
-0.15918517120107362
-0.01614496828669331
0.11900251392302265
0.27940797999100503
0.47578587430487684
0.6229594735732099
0.7766542302941146
0.911151035081842
0.8947304880471648
0.7451048334305973
0.5496857563704608
0.4140087934328389
0.24938737624760032
0.08225560425478173
-0.06931051529843016
-0.2243666095869681
-0.39121720950330124
-0.5157665543020692
-0.6851006669687268
-0.8977575796338392
-0.9817080455482742
-0.7822989226905669
-0.6292104351945423
-0.5099332058043657
-0.3074681828015542
-0.16721404353281066
-0.02492799496685144
0.13856506169092184
0.3318891521973464
0.42931516705773787
0.5847629941030018
0.7636691391619361
