0.839758661855196
0.8768121859354976
0.9073174903604361
0.8648888631362533
0.9170484026846537
0.9123485970945661
0.8822051633411943
0.8671519302468981
0.8610330522973922
0.8886245303176606
0.8429273590268745
0.8415723306310687
0.850663798579489
0.8734063164582831
0.8752478225276387
0.8706148796051675
0.8847024200140027
0.8683048639501972
0.904298098779952
0.8668420785156585
0.8698111868528837
0.8860698012180814
0.8966458842769542
0.8574933290283421
0.8867063466617464
0.9163050063770293
0.876637987194273
0.8879984623138212
0.9113452398410634
0.8816867836763055
-0.9130341933733581
-0.9177175781153696
-0.8677668107582581
-0.8685983097641813
-0.8826545679711698
-0.8724695068543412
-0.8909391955181396
-0.917236484309595
-0.8888926109293069
-0.8864929382099492
-0.8550282336784365
-0.8907793326757372
-0.8893185326035663
-0.8714175671085321
-0.8620914038292261
-0.9171198829213267
-0.8783285842433931
-0.8923519474412694
-0.8888974733061713
-0.8954834551749168
-0.8808083293083588
-0.892668455310457
-0.856757095795282
-0.850788872126848
-0.8868361105388813
-0.8720606223227171
-0.8964340797659593
-0.9359858020145491
-0.8850701471874289
-0.828821314026436
-0.8934728120613935
-0.8625217389961466
-0.865970873533199
0.89846306446409
0.8916648316516377
0.9267448923056124
0.8634694750935554
0.9247115896533626
0.8618717692289415
0.8965336663739658
0.836092908234973
0.8568147944568655
0.8494032258376787
0.8889039907020521
0.8580049174263583
0.8890452100940642
0.8567300384992774
0.8702165876794585
0.8888515077945267
0.9017095954896974
0.8801950291788833
0.8942463879955768
0.8841582069657137
0.9182428130362392
0.8646207931129445
0.8998989873563219
0.8768012411654392
0.8907876043564436
0.8871602289175916
0.8839180053005405
0.8470665475276407
0.8823484895830875
0.8751337430333883
0.873813906179323
0.8847640930242271
0.8764533054599457
0.8716340858382771
-0.8632055928102588
-0.90603426488474
-0.8881980320347082
-0.8621331879517482
-0.8699144919450428
-0.8876959919060796
-0.8962440644843919
-0.8611873526028024
-0.8834329289815126
-0.868005288740288
-0.8426211858743835
-0.8824655375728047
-0.8893090684988759
-0.8971744463040693
-0.8574033559755614
-0.85431479123299
-0.8827575989176487
-0.8838328190470927
-0.8767899824632027
-0.8865283667466564
-0.8683798709912303
-0.904179033149148
-0.8863872473104732
-0.8738370126691245
-0.8810514915179485
-0.9095280284524476
-0.8577974064037731
-0.8972053225814319
-0.8659346909444616
-0.8648455489338669
-0.9183916871445523
-0.8594546222455379
-0.8947286961921062
0.8423973279484113
0.8623427258869472
0.8662669969849104
0.9104314103599783
0.8732122401550462
0.8754244429368585
0.9102114878807357
0.8800324099643768
0.8821731595417523
0.8621425903989944
0.8873253482089384
0.8804361034607452
0.8945535686878804
0.9116059100266047
0.8551645268595022
0.9044210317277988
0.8843725547101916
0.9039085201712896
0.8359519176489045
0.9014952866532266
0.879478308344728
0.8725060249170188
0.8892694892900256
0.9370938560112813
0.8535167898435659
0.8847044526041934
0.8668432832216046
0.8509235460165081
0.8535044517348085
0.8759131516214639
0.9159277378842864
0.8910609190712515
0.9217898702220464
0.8619232987582544
-0.8551023021410652
-0.8571776950483734
-0.8621765615811294
-0.8762666253668424
-0.8639090088288026
-0.8686745131109611
-0.9466202163672626
-0.8838168484211761
-0.8961055880905315
-0.8987577815552622
-0.8766277189276166
-0.890353350144103
-0.8576344712332189
-0.8926744995986717
-0.9149805586982307
-0.878322909635685
-0.8911887542278418
-0.8513121599714112
-0.9056053883159242
-0.9231134442548548
-0.886304460140778
-0.8845983984032474
-0.8544157774497145
-0.9119991842417086
-0.8550839276640329
-0.8741958030862154
-0.8979987522288713
-0.9139560348896938
-0.910812380504829
-0.8963067470615055
-0.8714689451825451
-0.9124104370444011
-0.8722069738858341
0.8711937896910844
0.8925194216869068
0.876794801959618
0.8485615801502738
0.9051853645295037
0.8788023354273593
0.8533093798753
0.8718083087312474
0.8476602983271615
0.9090173062646019
0.8631708688390833
0.8601768380855439
0.8822907103136091
0.8660954205451394
0.8771975236822072
0.883798733339939
0.8768114544067569
0.8889798133305954
0.8635018660599543
0.8707245120705014
0.8848058216656949
0.8763080540751755
0.880068245761236
0.8690401212034427
0.869552158752944
0.8729830853964248
0.8960664297736268
0.8686647286009419
0.9085203873550085
0.8860036918483527
0.8426258384093663
0.8747237840622013
0.8891984781461268
0.8671355722883686
-0.8974597881866955
-0.8739551490710229
-0.8844887831359886
-0.8901666467917311
-0.9292499440815913
-0.8774088670802912
-0.9075752701198648
-0.8570843907237495
-0.8943206860782721
-0.8834979032546133
-0.8576930950885179
-0.8881640419544709
-0.8555945051844738
-0.9217127084919693
-0.9014528903768193
-0.8736555796766292
-0.8779794412666874
-0.8821417239525746
-0.8607197956351534
-0.9019397270543669
-0.8935360696843956
-0.8706535563748308
-0.8911705974442843
-0.889530346377958
-0.8664737869488935
