-0.10060947850724053
-0.0892723810176348
-0.058330626196955004
-0.05469831761841551
-0.06455293263137894
-0.0664847939536478
-0.08807516119260886
-0.04719112999262855
-0.023557512971120798
-0.07314384605119227
0.07605581982718213
0.09664691365327414
0.06373356876886362
0.08711968489216834
0.09334644156183053
0.04578699259661074
0.03452356859251851
0.06473834786678295
0.08250212458342589
0.07395887271062204
0.05960984281525447
0.0863243252420803
0.1025881576701701
0.043161859221883384
0.07464117040774237
0.05184161193102321
0.1032888321104658
0.023769854708591776
0.09007249400740913
0.10562893191767675
0.09100659526141455
0.0740822279213078
0.08781667415432835
0.07179430181096089
0.05974891340566412
0.08993935250571798
0.05262990096737226
0.04920294857146833
0.06929038809274717
0.10569917450009297
0.07526643488086317
0.1063906126741003
0.043609417977148665
-0.07162484159170347
-0.0379292127947111
-0.07211897640183018
-0.056081044962275194
-0.06970797593312208
-0.05038990708474275
-0.0362631386681677
-0.11972565288002464
-0.06904491795843741
-0.06794737684099063
-0.08637835042165293
-0.02526152035360022
-0.04249171586999782
-0.10271250112734409
-0.04952002546459729
-0.04386086329488361
-0.09549820462751016
-0.04171979860421807
-0.09492727419137888
-0.0924142326223504
-0.10697023816362362
-0.044787893176148806
-0.08363172808423766
-0.04617419062106259
-0.11735065137634673
-0.07736433715240466
-0.08143681272904654
-0.09046988048653465
-0.07935716442353731
-0.08509522071859442
-0.08137731470870245
-0.05859521299043722
-0.046477014590381165
-0.08283172100106351
0.05541815208984699
0.07605070627084348
0.0431716457729741
0.037511387947751516
0.0624934309347331
0.0737242335813101
0.062491996802318005
0.050069463918317805
0.056273898452308777
0.03769715675591587
0.06463739332192978
0.053522258507847406
0.058167208464698285
0.044847779323182985
0.0482868525401704
0.11686159263941148
0.06637964110165515
0.06991190264867811
0.0677387925983626
0.09076623888635835
0.08731812478386901
0.05200183758425185
0.061623880414551496
0.05509875708297297
0.07800385539042624
0.0962486861653509
0.08279786380205902
0.0749140228060337
0.06815753723393733
0.04414463560473314
0.06511146099708458
0.06350709552754774
0.07415441539722219
-0.06437587965520628
-0.11807768675377424
-0.07975231954658783
-0.05695023877737616
-0.0764476477750382
-0.06083286704378283
-0.0549964082126039
-0.07241968443952372
-0.06899541368163938
-0.06329907865554035
-0.08933650636480546
-0.033189958010550843
-0.04891408405841065
-0.07510692510056169
-0.0905314970616243
-0.06938017913516321
-0.05781758461947182
-0.0966064507191717
-0.08591228765460583
-0.075248179185835
-0.015098183874656126
-0.1048682003609474
-0.08850804219833174
-0.048860922747181755
-0.08199880649437773
-0.06304968754789425
-0.08966371015320508
-0.06950045450359577
-0.03310649782939474
-0.06317314078824735
-0.07962411357243787
-0.06067944330708644
-0.07612847972164713
-0.04176026787556662
0.08396732803197994
0.07443715007535626
0.06126175800773578
0.04991719801538242
0.09935891047308049
0.06463690684976174
0.06051765499464748
0.0516976526990148
0.05826684354942897
0.07747933703597776
0.07887282076840689
0.029569746950303975
0.0614687650204847
0.0786728230988308
0.04876581877125297
0.10410036497980535
0.0561074867312983
0.08482739094570105
0.07622056133707346
0.09101434759578905
0.0837543836465919
0.05493535755733897
0.08913671754826825
0.04999124858396595
0.0575263856854988
0.041489188287801806
0.06583043902689223
0.07901449397100835
0.07972864021389955
0.06705027769435772
0.03192697804922761
0.1020918046784062
0.09293336886954334
-0.060216434686954916
-0.0764503435551155
-0.06844962143826272
-0.08527896724310786
-0.07441119031641624
-0.05357832579785203
-0.05635717973073847
-0.07364905255166315
-0.08790558731506529
-0.05921792539112665
-0.06439186487910678
-0.08866372169808287
-0.040736478462230774
-0.04352731516286604
-0.031215965280356493
-0.041851562774727076
-0.06709957343296168
-0.0510624660129264
-0.06460831421459111
-0.09144053632426172
-0.09155409493686872
-0.06670891560082952
-0.06858990577771125
-0.0720469548466776
-0.04313738675222423
-0.06435499499539994
-0.0826230272963787
-0.09356378720738906
-0.04699488730824204
-0.053298945040960444
-0.05035029256158596
-0.05570170353237329
-0.035752756547030105
-0.06564555932720084
0.08367671638436328
0.04840424342463557
0.07660389577983095
0.10662531237525266
0.03039837504401527
0.056850146151153684
0.06431120885334203
0.06767913892476864
0.10028539024412544
0.06559293876384165
0.07783066941839165
0.04862591245937872
0.05692634010387725
0.07485895739447647
0.07057334575629295
0.061692761807650806
0.06095534049065001
0.06984400447924807
0.10058235238206756
0.03313163384988142
0.07855486732331676
0.02706264811492913
0.06456999382801076
0.049279897257205836
0.07885652331764266
0.08267051916261582
0.059162614178726605
0.07853081355731661
0.07685643718374266
0.08911139203063317
0.029465198274432135
0.11470830799177877
0.10243670621633094
-0.09183892593624822
-0.07353373063427962
-0.06508131193721932
-0.057602730121668666
-0.05207153760058849
-0.04917725614365788
-0.07515839737836373
-0.06745442792504378
-0.07807667735581905
-0.06533069392828096
-0.06764505718396957
-0.09096025558892532
