-0.02400284171242953
0.004260691352768003
-0.02996083894901
-0.015941801296789963
-0.06391937421233851
-0.049783781631557965
-0.06359359154520448
-0.05455001070339892
-0.0915064304629516
-0.10781041008874649
-0.12766722557049698
-0.128139925744865
-0.1678907324037484
-0.16615413396373221
-0.17734487906750446
-0.1334047844252962
-0.18220169681962764
-0.24524758896678425
-0.18461463257610727
-0.2276466546796415
-0.20731335329063322
-0.26495537622898474
-0.2756519856268632
-0.2796115287655784
-0.29613815791711023
0.2890692767928298
0.3056981355016061
0.2441432037652001
0.2413053354032126
0.21707039792326013
0.26895800502319245
0.20679007755660017
0.21312261494679755
0.21001041502959347
0.22277769939767006
0.1683907946320497
0.1815689143761061
0.1452314712162109
0.12152002607044347
0.16703091057906516
0.11810923736520233
0.12962478412578587
0.09678399376485411
0.07503618142975083
0.07653328465363927
0.045819206653552054
0.05692424569967742
0.03831172486003641
0.029797433257141025
0.05816262156166838
0.018845415783550517
-0.021923281978916527
-0.008532146904922922
-0.02341350630778092
-0.06933262141611367
-0.06174710627189001
-0.03750751625581394
-0.10576228022372094
-0.10061477195426581
-0.10012352641661423
-0.1389566615768166
-0.13341709319025424
-0.134899548962796
-0.19341914243314495
-0.17089591460866183
-0.16466613003463126
-0.1691350481331553
-0.1819246612411613
-0.18513252452927517
-0.2112579914540269
-0.23468467006682503
-0.24176192164113425
-0.26528302865336945
-0.2606744840653363
-0.28785779260585087
0.27614928731439903
0.28373546682995926
0.2626568592957095
0.24422244742719554
0.21822416542386588
0.24162286860487808
0.23414668884140072
0.19185636869386713
0.19123826966767574
0.14747298902058467
0.17563515360582618
0.15598304996380108
0.139738182558192
0.16586775620394695
0.15438512164222093
0.1096279199921778
0.08203289989847762
0.1129026767366207
0.08903318321402605
0.05968191530072929
0.07608994445062933
0.05905719577321543
0.007261891984118286
0.013760683805378988
0.026564537821286687
-0.01728001843300858
-0.023275689720466182
-0.026276136560740883
-0.043959723146641205
-0.0708927699599817
-0.07703234141501407
-0.04959691230729101
-0.1065608989433743
-0.08754112523281198
-0.10856411871592957
-0.12429555846457935
-0.1499774592303032
-0.11076882852154714
-0.16432603682565133
-0.17744592439695978
-0.2073012071317188
-0.1898141422768387
-0.18749352641924785
-0.19140688487623758
-0.20939913429452472
-0.22399223583775765
-0.2387892396706794
-0.26408357899520946
-0.2645775850855663
-0.2972436747257472
0.28540045132352887
0.3044281348474907
0.25975069807970336
0.2438609657958806
0.2359648224762848
0.2419427228517599
0.224206471498032
0.214527266216605
0.15886388425585624
0.2080596175199872
0.1776447541707951
0.154787336524863
0.14717055899615528
0.14970454379469897
0.1228160503929841
0.0742946305353647
0.11681428163181802
0.07841031042568235
0.09575309650887315
0.02893494779861079
0.04401794237119171
0.04071778928480523
0.056001532464011516
0.033959165733336544
-0.007634522442346513
0.0076401940831962905
-0.016130393345906196
-0.024161831390858236
-0.00503979222076862
-0.0439298219412221
-0.06785972068660617
-0.06685920787468747
-0.10165640095067212
-0.08850382532622506
-0.10147358012165472
-0.13199758933490022
-0.15346903305620127
-0.1539619736773491
-0.13938811527584113
-0.13496597716675884
-0.1692318368420985
-0.16979087767603845
-0.1865673108261741
-0.1778692830839636
-0.22914733218558955
-0.27528805177415955
-0.2400112126862484
-0.22177088333470732
-0.2500293529455971
-0.29029166848277127
-0.32544553986835584
0.24896841551113935
0.2711464028586274
0.23455006988477212
0.24638774608165767
0.24776738604547063
0.21801314501368516
0.22055042648738313
0.18920344828335567
0.19774497150678028
0.15479087146019735
0.16370818874298107
0.14931631461854705
0.14916975390635712
0.1508080828732329
0.12255125113378146
0.14064120760633375
0.08950890802380682
0.09716874164090145
0.056296119082070495
0.08256267822030036
0.05196037887477961
0.013316542003755597
0.024949213216747014
-0.013890143471410547
0.009121037177588416
-0.027848739021171506
-0.012371431022258919
-0.063453865321858
-0.053640742756860836
-0.05074798987882717
-0.05367101360214316
-0.0597353432948753
-0.13344743531774345
-0.12026195405439905
-0.11223378407518954
-0.13672981925122976
-0.13603352468462301
-0.13617160553320526
-0.19950964016377215
-0.17817552520275012
-0.19548136152214807
-0.15318560578672905
-0.19352257139586396
-0.2060394074289337
-0.27711645676579333
-0.22135962435805923
-0.2745494564277077
-0.25798299511820155
-0.26043821331753614
-0.24961239665128607
0.26942363850762757
0.2935848018820539
0.2698989675279949
0.2752876688163838
0.2304061228150023
0.2146976449794553
0.1959149461161868
0.20047419308973974
0.20020032033162652
0.18363846453924185
0.14473419599747028
0.15822104668469383
0.14209506094516797
0.17192736644945827
0.12071139914645958
0.09565384108677623
0.10853008241082616
0.0642689023853487
0.04864698145947138
0.0313138706545571
0.10830448457943093
0.030467263119072076
0.03879224517640637
0.010887981622049363
-0.019960641818207243
-0.024014653708232723
-0.050202304206417
-0.04761748440296647
-0.08678670783466275
-0.09528506434800682
