0.044098607681953034
0.11955134315552426
0.09936819149755319
0.028598482393596553
0.1009128471714562
0.07724562176219449
0.04852533835793543
-0.058516247605036015
-0.03546515168498621
-0.05846398048524132
-0.06820868448536903
-0.02627068409736607
-0.07782969915943942
-0.03503870255104065
-0.06853419584148929
-0.0616901979834678
-0.06504525720659246
-0.05225680019770835
-0.06483097008992063
-0.10291480816620564
-0.06629834251350193
-0.044508784029503506
-0.05995132953396961
-0.04245789553028885
0.05958667648332387
0.056170227161642744
0.06177336708075039
0.06379279010687958
0.049056839953134396
0.05006026893405968
0.07409930251479627
0.06357986111433664
0.06795412460934441
0.04376313912919885
0.06722721875188954
0.02861383341169231
0.06547971910411757
0.0422452007992679
0.10276211430237728
0.07800477168249254
-0.06349648249400759
-0.0567763670126424
-0.11339132197889201
-0.0641947270853462
-0.03997628622389106
-0.045495659975727236
-0.06283940453015616
-0.1079384438890769
-0.07706780274807398
-0.04434343230890987
-0.0779315027901937
-0.07641207054907338
-0.08832648454327786
-0.07623525723265344
-0.11583075145751706
-0.047953699735653034
-0.05708413662705575
0.030810267790325842
0.06226265030947303
0.0666382672094345
0.006306365341391819
0.02626316051324413
0.057218366440420054
0.03986724866276351
0.042961257687833224
0.08293475609028336
0.0614798336419318
0.08107871841838135
0.06901109127614949
0.07811079840539795
0.038100849948465104
0.07532979799151959
0.07222556026557866
0.05139702435786435
-0.07151882574773454
-0.04754572402132804
-0.05557005506217759
-0.09091504875951856
-0.04880312099107281
-0.03592313485935506
-0.08493328564976277
-0.0712192390674218
-0.0705081397498619
-0.04392165419108827
-0.062119248152499654
-0.031179334984495224
-0.07096038922248103
-0.05604928715584365
-0.04248575323137922
-0.0934540023399892
-0.048984676245358044
0.05586434771424709
0.07178718259089437
0.048926248587244925
0.07151661294525713
0.056105765727529344
0.04797556067202037
0.06571163753443351
0.032759385498212154
0.06292387984030534
0.0646400964777677
0.06813945300001252
0.07653002527411565
0.05992393765008224
0.052782720808282516
0.07479649197406833
0.06336901720476135
-0.04468325480309078
-0.06471747654438006
-0.06799574715959521
-0.07709340019741943
-0.033291614137296116
-0.05506543257957583
-0.045050077645864425
-0.07941506677343697
-0.07372153428304717
-0.024376136280661403
-0.050750398665452966
-0.08137074323678198
-0.06529280304872181
-0.03142312465826947
-0.0732620971379241
-0.10253662893697649
-0.07294040139162915
0.005182359086173774
0.08662411572607888
0.022758235348032972
0.033913054712793954
0.04949924063434781
0.02760855786255685
0.024862634160685466
0.05773853786994645
0.05892790649990605
0.08645794211997476
0.050871352067286324
0.03869317298280445
0.05364716564165308
0.08017805877318898
0.05996952453838248
0.056875104204908225
0.0639735843265935
-0.09593603008718798
-0.04669136522353845
-0.0794208433048878
-0.04190840836854222
-0.06793363028281535
-0.014304363726845418
-0.055687609795419396
-0.05867305543985214
-0.04838840806556006
-0.07485379018571575
-0.07402051243616838
-0.07037320978201299
-0.05484749994061315
-0.0918834876286231
-0.07292521733368028
-0.07776482232593361
-0.08648476476681607
0.05885354466237086
0.03497783943124662
0.059042099676813634
0.051066193265483284
0.09400774322210932
0.056805986322407895
0.07756050393464752
0.0525383388855972
0.05940251660937672
0.053349426068316295
0.057357216454799624
0.048003022984538714
0.10983640037687442
0.09496358263294608
0.05037830089550477
0.07536663859658531
-0.0682650964563257
-0.0182962401262625
-0.052577692087369336
-0.0511819424769759
-0.07683685844588707
-0.04777571707044977
-0.08085530969678674
-0.05344408316446964
-0.054760837873481585
-0.0716162301654308
-0.05746910862480933
-0.06260306956916219
-0.060819616873318355
-0.06630700971595993
-0.05953953883348591
-0.038341425384985695
-0.04422752188094234
0.10358645407858616
0.090521765690496
0.07626815440705509
0.01649628017348638
0.09404059823717772
0.027042052280528577
0.04238773787006064
0.08423318698568331
0.054577749227221695
0.06652770034839832
0.06748943540379328
0.049035472676172115
0.041509909871833645
0.0681525037906088
0.0376198106092107
0.055711625267942454
0.031031107010225878
-0.06912839048603012
-0.07340928990255716
-0.04889606201547163
-0.0598318621149778
-0.057687851078024106
-0.0853572409731589
-0.07288775021956291
-0.07471351889691223
-0.04260672242671922
-0.06555037801644578
-0.04841799094019454
-0.05345408944902083
-0.053677263635808936
-0.03465031371404671
-0.046287956471915526
-0.046865316795015564
0.08844508069560743
0.08605047224384524
0.06657149625029872
0.07149946623912569
0.07137208635611518
0.0830494944629521
0.056998172212473365
0.05058001596290487
0.05951217065816702
0.032978491380656845
0.08845069322728104
0.05555880920201279
0.02814250724706374
0.04533453978838916
0.03667619337284882
0.06906891305569254
0.06545534448441469
-0.06326949928311323
-0.056248682110756884
-0.051262621798814086
-0.05344654851730053
-0.09257081605927017
-0.05841359982043604
-0.052828750828363844
-0.0983857151673388
-0.03937502536674996
-0.05452535861770841
-0.07206986207413044
-0.06155292667075751
-0.04869492479375052
-0.06155429903709328
-0.07596791207482528
