-0.07004190622468481
-0.17022496039991797
-0.17281271949902002
-0.21037563232614856
-0.21855070984026803
-0.2201601480969644
-0.2185120062491792
-0.16557230502771397
-0.17814701602353789
-0.13289028720066126
-0.09520530506885515
-0.05743147750140669
-0.043434716336986694
-0.04710817521760595
0.03495985526688374
0.04962165924638312
0.1061741371431887
0.09188439108389981
0.11724384243290224
0.1803397550092304
0.20646554520531116
0.234679355038102
0.2290091803861619
0.20477188457795556
0.1508381982507654
0.13213600117065163
0.14147565081246197
0.10388359835502976
0.04295835449340381
0.05275683693184731
-0.014412534918220732
-0.03504758426849838
-0.042174472602792716
-0.057019096772992474
-0.10867272494991898
-0.12543089568321647
-0.1807853337553462
-0.2037878104620166
-0.2631848061719186
-0.2485279472545003
-0.18959326350167263
-0.18386804533223267
-0.1604115143905466
-0.11166689757313923
-0.09324500050341594
-0.04950879745652061
-0.02851081062446379
0.010042254047272518
0.04578146210169067
0.1053884967750027
0.09828240170737539
0.13342566244380377
0.1761775539554326
0.16158104365116324
0.2654588235339739
0.24918824608102372
0.2130353255849702
0.17655276037494963
0.17900281871877757
0.14989162497505468
0.11228370144220366
0.07637007357979861
0.0644203566981902
0.01802845849459415
0.004642260438138285
-0.05738444636838019
-0.07891098769114076
-0.09056905331187964
-0.15205515838941705
-0.2055826793143446
-0.1989206655952416
-0.19121551027794967
-0.23299332389616279
-0.21740351074137837
-0.18266547174343742
-0.18814753217579533
-0.10232862584520033
-0.05934631352200904
-0.07452270646182595
-0.015442650066228879
0.022877856386152945
0.049547180688203574
0.06830656203101815
0.06815265249137512
0.10892313917085293
0.12699914126614378
0.1495220101283267
0.225597467748604
0.24737486545845394
0.21638270575691831
0.23248764474812283
0.1724996581771477
0.14819721343757672
0.12679040730502858
0.0859944424979458
0.06578185336807985
0.03989075147634977
0.019084188838023416
-0.0656910416118998
-0.05418620939834956
-0.09543115140126196
-0.1325180352381464
-0.13486953417142508
-0.13311315664444778
-0.2259228384698513
-0.25156259029638195
-0.23720433618755754
-0.215873364828848
-0.2109632207161814
-0.14607876288664715
-0.10646757423144637
-0.07804204596223246
-0.03516875162245445
0.0021554131710414884
0.013219592410205422
0.04552072478873916
0.07869585423588668
0.07275702993108513
0.10085853791867673
0.15571380334657883
0.1649161153846102
0.2209493710300213
0.20501879610319854
0.2036871889535678
0.18550395033266817
0.17436832024769264
0.14911597637941687
0.10206251187063595
0.09899481083980799
0.03674082147295594
-0.043761746795278444
-0.02459486888714616
-0.058746126352416654
-0.10662501150986543
-0.11580593989793812
-0.10164990807500174
-0.19820184273215172
-0.17494080833164938
-0.23286132373854515
-0.2522115773478182
-0.20076158644177627
-0.18568354011588412
-0.1336007282703239
-0.13099389873385775
-0.10280628407029899
-0.057976909731678884
-0.03962012344197245
-0.017897757836546808
0.019708579013358832
0.05317289890356556
0.1032066262884031
0.11330746884201934
0.14324900136983454
0.14987779055097458
0.21979774406835084
0.25066913935255164
0.22224322649724146
0.2108489255898923
0.16434276407208007
0.1454895158825788
0.09398606411101898
0.061955520564976024
0.059407121940887014
0.04721135555085332
-0.019976458506717046
-0.020590335245640034
-0.08603888183176009
-0.08403234696422494
-0.15789980318797842
-0.19729276430151357
-0.1436908472938465
-0.18641294806317638
-0.2464265334493933
-0.21023621483003752
-0.19193704693287506
-0.17097962914205989
-0.18065212188453605
-0.08811012312618155
-0.08159430615744277
-0.08476713538199401
-0.041738068599604994
0.013362048587940566
0.05548142654216632
0.033186974962436895
0.0715544180789658
0.1357606697132891
0.17506130924216445
0.20262832772204367
0.22777130062340425
0.21809917945332127
0.18114294734787
0.16812322013881564
0.14950952108246848
0.10991378900950156
0.0893920702368845
0.06932887090361715
0.009016988235621946
0.05222659341686117
-0.01757664912666525
-0.04243414601293471
-0.07842976607860848
-0.10199656722902742
-0.1584875264693789
-0.14039813758543085
-0.19739053004851165
-0.2414303523894525
-0.2183310461359544
-0.19291729953176515
-0.1913557091083841
-0.1251522006469799
-0.10143221994111029
-0.07754658000482151
-0.08000325064196609
0.0188324501483997
-0.005097371481835693
0.01783460527177176
0.08412996691067626
0.07417659041567358
0.1619062952688584
0.16126487697229788
0.14024711747640933
0.2113241441826734
0.24467155660467974
0.23114660336026527
0.1758264534750087
0.12509646723756346
0.12991215030613545
0.08172569649635658
0.08789594532569533
0.043911863694219795
0.015625866286248055
-0.030744800737005674
-0.01840146764548447
-0.09424339301245697
-0.08596320008754432
-0.1450040986096224
-0.18510120343847886
-0.17357466262606602
-0.22922047886978775
-0.22496471630882714
-0.22492309767462676
-0.19127294837891243
-0.1159880602307444
-0.12782117066556142
-0.08470868924490291
-0.068059940591509
-0.056306500015812735
0.004939122175267877
0.02721521269062207
0.04262554415895348
0.11627142557332218
0.11739388545260288
0.14391158530869477
0.15815884050449686
0.18400117805736854
0.2170026809378239
