0.07864228149649587
0.09893864568492947
0.1264769141931167
0.1146476727566646
0.1212135578158408
0.1929631024995443
0.21750627003505124
0.18559004016334313
-0.16844090040974602
-0.18213617071102292
-0.1260909798713062
-0.12474535957483393
-0.10442174611091147
-0.09581722852279097
-0.10375802456313965
-0.05810202118247743
-0.06992178634844486
-0.040290750116714416
-0.022629388817226224
-0.02153926101359184
0.02430903522158727
0.046303266485127656
0.0272475181356214
0.05515251590027214
0.05813727758352284
0.06739514625184548
0.09668864262381388
0.08002280868724404
0.13862826517989002
0.16511667564735893
0.1611888063582351
0.1568398705618717
0.14488109219706824
-0.1830756290973049
-0.1818469262682936
-0.1551909209459495
-0.15681823878820672
-0.13333197026493884
-0.12535016667077992
-0.054428941022377005
-0.07218246302260836
-0.059350277713207
-0.013892742958344879
-0.011549463566060054
0.0509899601636984
-0.02721287292389061
0.02893010218297156
0.009461000903243567
0.04145819727724559
0.04763584014567199
0.07534821088787108
0.04906943149766373
0.12397622584102777
0.0989314359241319
0.13339987149581028
0.1673704888041557
0.1454535664240822
0.20827512601494313
-0.1976800173168206
-0.1932078031155253
-0.14559291935243554
-0.12432095113849953
-0.12394579708988639
-0.13985891275242726
-0.07269946577234812
-0.07733324042007689
-0.05046797805975434
-0.005468791082981227
-0.027633218042758916
0.003007852872212422
-0.026385074042001758
0.007047766510773278
0.012391604000395687
0.05580009299113443
0.09190934323444071
0.06642061240410808
0.11761399847286672
0.10194336454581403
0.10806323635924817
0.14585913025830521
0.19961406502139822
0.13955916549870465
0.20862425181227456
-0.18069906631828206
-0.16317021618086397
-0.11285022059407127
-0.09349740606750928
-0.08050608243385814
-0.10032516171844176
-0.09251966148014941
-0.08493848034066107
-0.06540823895840134
-0.05608766123156824
-0.01319514610154999
-0.026246915545867576
0.031083900318844768
-0.0017360255967808491
0.04998950311129542
0.05586920490241158
0.04948427221401788
0.07270192416977486
0.08625161080347604
0.11366952388770404
0.11371081441894665
0.14496312750026444
0.14209506380678957
0.1711165273431035
0.19344067447392857
-0.18224964548521394
-0.1437120545718939
-0.1273694452722353
-0.11599808006178419
-0.12678603291435486
-0.10489901648649756
-0.10846496998980945
-0.03204344662703121
-0.04116661387151606
-0.0863992373496383
-0.007404457324662581
0.0009128878430616928
0.03477395692603901
0.02493422392282205
0.027476391936526394
0.043117148658230534
0.0989546419495527
0.09716245100245093
0.1261510200462987
0.11107180710291806
0.13047318391696824
0.1572361922971403
0.15169567065490794
0.13671185570887237
0.18488823539947172
-0.19033475566152583
-0.15829548659139395
-0.17589392179649282
-0.12460926182629842
-0.13898140227115788
-0.08770458652310192
-0.10239477229449684
-0.0765964779510656
-0.07393555154554805
-0.006852291561570918
-0.03338123283088649
-0.030516728439796595
-0.004074885810362103
0.025691781076116492
0.038498002254773005
0.007185148796185009
0.04955958684510825
0.049822861561808485
0.11675496762511842
0.15338140842531095
0.13575618157487562
0.17323223239151384
0.17890686109129908
0.16280560102250527
0.2136328494409431
-0.1814790069160312
-0.18216502879088659
-0.12695725592117452
-0.12307283960799442
-0.13667158644885014
-0.10431515254679674
-0.08571847161961535
-0.11841504885297571
-0.07408723237879919
-0.02402343844704536
-0.05294519591457436
-0.04378024911830402
-0.05019843680254014
0.02028645766684886
0.0491503484973686
0.0966308237366999
0.08237265690643963
0.047199811231719783
0.07815790879866998
0.10109225158361936
0.10934706270953978
0.1186890402355656
0.1425460059688865
0.16174532281688914
0.18742532167469303
-0.21394927150478
-0.18728240052715345
-0.15233465426911116
-0.1334467400935578
-0.11757393572762288
-0.13339159841664047
-0.07397106421845066
-0.05916856759188867
-0.04642797208458053
-0.046064426788830375
-0.025497204874039257
-0.026737441440002264
-0.0012497478312427247
0.00733965418881206
0.03582883097924648
0.08956082996613221
0.062223178536740156
0.04619848295567311
0.08755134316374358
0.09734253279550148
0.11910689097534845
0.12622555434170038
0.15598836750027925
0.1793835780532726
0.22404453123331075
-0.18535569993839893
-0.15714029047558273
-0.12395707774922317
-0.11825330285376853
-0.13895714506530338
-0.11139484970689449
-0.0757650161212593
-0.062055324373812296
-0.07515787696508641
-0.013878506362327798
-0.031218526084387695
0.015387365610183334
-0.009910061565364614
0.005472485742239587
0.031637426792910345
0.021810432673708385
0.07178014582490636
0.08969334719348855
0.09305484794395824
0.1025765597096162
0.10926741894470929
0.12116320063897407
0.14067859114125078
0.17763276016846613
0.18995261162904137
-0.1866477335146503
-0.17111637699365415
-0.14420435560948078
-0.14458556225643007
-0.1161041816590745
-0.05922161185676245
-0.09870377883190914
-0.0863436458609157
-0.059866178655767835
-0.010491156761597405
-0.018085990046724988
0.0181001137631037
0.03160071273609804
0.0015413159425663892
0.05404316381026862
0.04494737221857761
0.0755058127198079
0.043258296027964396
0.09960011143961053
0.09448062190491432
0.08548904294858348
0.1417084979034463
0.1665089090058924
