0.1845532338224929
0.19002623120409753
0.21069175951066615
0.21439947251926256
0.20994726398895389
0.21124858253755546
0.2280571309266242
0.19952318824664445
0.27215140722483944
0.2459867639084295
0.21233173913047815
0.22547795870197992
0.23199766703620164
0.190901968103051
0.17270970271302097
0.20449196196244943
0.13265469807353755
0.17377720703478258
0.1642218816289036
0.11666506143767807
0.10752641645067018
0.05243942714611219
0.04592545093343364
0.05334031189960786
0.02890383974414444
-0.011318724091964072
-0.050635623250511984
-0.027612990395181277
-0.04689569313636356
-0.0923970963111771
-0.11063496504343348
-0.1337943472018077
-0.14077475270666331
-0.1648948904715649
-0.17494871966453812
-0.20767574201310673
-0.21691602131602403
-0.22632818137187075
-0.19663259227793964
-0.22685141550744706
-0.2488919711969225
-0.22898617288421932
-0.24824038821320124
-0.2468382758873635
-0.20972014214981005
-0.2258682525403072
-0.229820221565658
-0.19861508989237217
-0.20529275777021963
-0.17438957342136194
-0.1349610523194029
-0.16180005424487906
-0.13771930414416575
-0.11901311763510752
-0.11802044460625886
-0.08623967125032522
-0.09150952970976967
-0.03941378313873475
-0.02505542146401247
0.02435262349787313
0.002089394831444269
0.07017904784462453
0.0922810438267597
0.08197858420838577
0.07553677634505623
0.15331863620677666
0.13481788757314223
0.1841862511745377
0.1832540204437488
0.20156227875667848
0.18452353802670718
0.20156172770523784
0.23506287992445946
0.2307657768971776
0.23385546815252048
0.22281301324400532
0.21929447325648332
0.2354143797569242
0.20851161657459566
0.2205682726665424
0.2031466514476772
0.19391772640707972
0.16627416843877113
0.14707633710398849
0.12817336975717483
0.12336721881316196
0.11405439727537615
0.09822177693541465
0.0805629639649019
0.03593771422152122
0.06774043230357138
0.053729221194350446
-0.013126343679307682
-0.018358511318793302
-0.045578539556112546
-0.07960185286738794
-0.09216421930614185
-0.062206210542805014
-0.09887225906802516
-0.14372754930218828
-0.13918511122724048
-0.18757522656609432
-0.18898441884409592
-0.18712310446493272
-0.20738905474822564
-0.20813573778572145
-0.21976100701998524
-0.22343539615418492
-0.20524756202062613
-0.23151199127352454
-0.2384467541231769
-0.24534776650380552
-0.19871684288697003
-0.24718870698445172
-0.19950410890962134
-0.17540848347970045
-0.17314961446483287
-0.16309251511364722
-0.11728564731144465
-0.09483324427609617
-0.09735882486093522
-0.10664563463054039
-0.05251354419199786
-0.05900541677948984
-0.03740689514764412
-0.015292397941950697
0.020203461974763665
0.014099202210182835
0.04550600961037031
0.08939359341358138
0.08114988896281768
0.10905917584961382
0.12703766994676144
0.1633127497913716
0.16541767112190237
0.18657507940123383
0.23226988049148528
0.1754235658376782
0.19078549498157682
0.23752209474480857
0.24351058803877884
0.2267752521923973
0.23630629587873683
0.2334809242353925
0.22383625494168313
0.195679906500097
0.1858746441695572
0.20958257771461802
0.17118192963944132
0.20165798652604125
0.1993270140287736
0.14449199897318107
0.17374983211646547
0.07697853229303134
0.09249303926903882
0.08010970232925323
0.06774981127984273
-0.010833183041507675
-0.0037780843447299383
0.028566638620559553
-0.004058415964964843
-0.08655664010344333
-0.09987535528411891
-0.09606168509869849
-0.09832288535653588
-0.16042769682022318
-0.13189522539404122
-0.15792985156132283
-0.15071643197629012
-0.18618353247390318
-0.2239420227763607
-0.19800010288470007
-0.21232527842290894
-0.21037569322284905
-0.24989937844547422
-0.23810425325680626
-0.19679546124073924
-0.24480814246259414
-0.23102899177460193
-0.22218117918221364
-0.20037060040558566
-0.23847525453911841
-0.17464371266821044
-0.14941256274211404
-0.14636503866446615
-0.11491016651434702
-0.12904312008247298
-0.08474791567660593
-0.1014576967928057
-0.0964831855327593
-0.030756896535000057
0.007377044678996882
0.006583299777259437
0.040802206277377934
0.029274827083823913
0.05515781497176586
0.08234743381530604
0.08487566495722265
0.1431294261001555
0.14847515533198513
0.17203748300895227
0.1650524510981927
0.19852044870990596
0.19784173357038415
0.2209416921668795
0.20675108794560418
0.2240094568811387
0.21920780078997512
0.23501851173642255
0.2288027020335652
0.21941168919345322
0.29367700202814595
0.22080017995431234
0.18772942183905794
0.1903747261748329
0.1648076785670883
0.1769995662584835
0.1750100984601981
0.14779966552975224
0.15087728674156087
0.11985610026538833
0.09023079676715573
0.09371499058797808
0.06800194626744278
-0.005105166184575273
0.03744702831075486
-0.010801272640347508
-0.025954062523376075
-0.022207100285397567
-0.09699448802211025
-0.11694213482886509
-0.11668695302591373
-0.11033653101793545
-0.1342834911236341
-0.16981145340351256
-0.14589325805332404
-0.17531468400381858
-0.19298107572387688
-0.2393986090877643
-0.1905964406489013
-0.24956920271356814
-0.23299537044324686
-0.24668118927450983
-0.21455956003671303
-0.19474165758156387
-0.1921491403034007
-0.24515350910359987
-0.2201086084987622
-0.18491021542902933
-0.20828657620595292
-0.1760763117858408
-0.13302451723488992
-0.144235856132227
-0.12789222579784543
-0.08573101988489001
-0.07446254864792898
