-0.015342172648174966
0.05330407234714424
0.04713567906645542
0.1490631988958214
0.19860546083506778
0.2511426890750452
0.33036064618333894
0.40551604991644197
0.4160707498554095
0.49975896457358304
0.5256169930001591
0.5927709434556482
0.5938506251290958
0.679431899772983
0.7187095292063148
0.744001499246022
0.7708062813244542
0.8108021665458621
0.8578587301023893
0.8598591661265668
0.8738739878896553
0.9204997188979486
0.9827746123192019
0.9847768033689382
0.9538235424373792
0.9811819292834929
0.9391388541118295
0.9584062384675924
0.9512134519358209
0.9479576850751913
0.9363633059933966
0.913224316378739
0.8826112512743877
0.875671520457291
0.8258215483917519
0.8279722356766572
0.7926454586294944
0.7338946508704559
0.6880511852712662
0.6610162304071642
0.594442615158832
0.5230301271111042
0.5137779942703137
0.4622904400747104
0.3878791843070479
0.3000026864617699
0.2694956692288683
0.20834458294842095
0.16429686160937174
0.1017964330639586
0.05388298758059541
-0.02046307248487117
-0.04676958850774911
-0.1521599251476065
-0.21362699622492087
-0.2626729837791099
-0.3127247444490422
-0.3471426482087078
-0.4141797755230957
-0.48247360758398
-0.5213972190648487
-0.5641006710989936
-0.6658968549982374
-0.6736507242497803
-0.713258997860759
-0.7739837824980802
-0.7938210592426876
-0.8077059474300493
-0.8218044992375686
-0.886067374203737
-0.9056972765448482
-0.9365329769636784
-0.9364292655035636
-0.9848825148061477
-0.9535237688489865
-0.9249863933603815
-0.974972153034942
-0.9537472963005216
-0.9371080282867458
-0.9380965074658911
-0.9335955419290645
-0.9255071536837444
-0.9204718493481849
-0.8471208202624022
-0.8201779236346256
-0.8118141846792408
-0.7811341377078883
-0.7232859910100893
-0.6859508028618356
-0.6601889117366312
-0.6485455829866936
-0.5366327754875166
-0.5065268147298156
-0.4862224721614044
-0.3812555933338665
-0.35668735740242696
-0.30427493614309103
-0.2478106401616384
-0.19336404600773577
-0.12452305830854715
-0.07622548612666505
0.016692145910719415
0.0743680270039947
0.12735890844932524
0.20384069565650845
0.25687526173488895
0.3301172527375708
0.3338085210481775
0.45214145228689767
0.47701205450842893
0.51495382195017
0.5610765485273874
0.5858624106995431
0.670548858696586
0.7093854521833483
0.7609347175085048
0.7982589656684739
0.8066149449281762
0.8070060371310042
0.8509253845498749
0.9171575128415153
0.9311893204919802
0.9386495132672756
0.973842659134565
0.9479215188100714
0.9743474144582611
0.9298791199101819
0.9758740300058952
0.968324257545074
0.9655771848376773
0.9154861072937412
0.9465548957665415
0.9066073450498902
0.9144777413839076
0.8582908450546021
0.829017404938191
0.7531194278522365
0.7471223524600564
0.7095941383947851
0.665370431402798
0.6257983126784328
0.5364018862487949
0.4831821357871592
0.46705883365122386
0.41761851159006375
0.38524417303141545
0.30450063146267403
0.2664787458409922
0.18930833215468434
0.15922583305575258
0.05504084885319135
-0.015389753375457572
-0.06706574502905173
-0.08321305446095736
-0.159613078674209
-0.21780866756356426
-0.2954951583538423
-0.3822023207568005
-0.4303944540979652
-0.4647833281504301
-0.5121792019033217
-0.5906326838709417
-0.5674944660777046
-0.6732776872410376
-0.7093713799233764
-0.7515798207009439
-0.8003681523011066
-0.8110561597034597
-0.8279981116860582
-0.9124986261658156
-0.8768370852980646
-0.9133995349761838
-0.9324746895296674
-0.9459985577135369
-0.9978764908888865
-0.9759164495174513
-0.9887438949851242
-0.9365680434168484
-0.9884150627582361
-0.9277688550066547
-0.9355659861245498
-0.9143239396068179
-0.8866556917629483
-0.873498086496195
-0.8485494473073218
-0.8206091887012184
-0.7736573785518842
-0.7343645701205294
-0.6922452647628227
-0.658134344902989
-0.6069299062679845
-0.5675654258167067
-0.5113354957780546
-0.4736785761791985
-0.42421921794063067
-0.3605682467093075
-0.3030002807971885
-0.2728756353740927
-0.18004499724585515
-0.14190151950482727
-0.07975500553565806
-0.017318596999182655
0.07255196290523044
0.12039347359443864
0.1779919457874421
0.24673563537401494
0.33340410769335116
0.3471790518356038
0.3818906399991433
0.43163876166027815
0.502655945969653
0.5751892377253848
0.5700560901084248
0.6362263455112626
0.6988577313633675
0.7570249618064532
0.7985086360195324
0.8000481467153888
0.8162968715007015
0.8841989200173339
0.9006408806086824
0.9128881519399182
0.9521758658360068
0.9512834467203343
0.9336247609057197
1.0018683005980071
0.9615456805745085
1.012075254801243
0.9564481859166967
0.9506202784422755
0.9283890073616886
0.8967277103511215
0.90576687629761
0.8882455865265594
0.8643500229991373
0.8353669747924795
0.7763815685461398
0.742241427402671
0.6983957969496707
0.6806441332724044
0.6219907116096877
0.5900503347912169
0.5225830242720454
0.492508345865364
0.4124341189931864
0.387301070639506
0.31899572113999575
0.24980068062039804
0.21510703619381896
0.17260105198449846
0.07185761861582009
0.0213915778073632
-0.036916375292760074
-0.14514591343991246
-0.17382245795918583
-0.2390191209502709
