0.1934305514801152
0.29118961063906607
0.3805359955988246
0.4287160005314832
0.5676528019828082
0.6908474213463078
0.7888720407855292
0.7779590028786895
0.6703935719553437
0.5879123135055707
0.46988321776055997
0.3510530605869262
0.2617326684982392
0.19850453663116768
0.0830156216118524
-0.011117976238465712
-0.10823708679020896
-0.22695772229920838
-0.3056526226286983
-0.43597097425800974
-0.5345346653785452
-0.6007429986050854
-0.7073823198924399
-0.8231574898771089
-0.7323089788725909
-0.6089223613360831
-0.5987760898069248
-0.4834257463882339
-0.36298208448255787
-0.2757521954936882
-0.12364202515467718
-0.044599738524210036
0.08199836761422916
0.1439361948550397
0.22428534013741838
0.3604710547097878
0.43940327911045646
0.5221540333541702
0.6702130830371418
0.7107405603334697
0.8321654018539864
0.7197131882725111
0.605086491916331
0.5400157272578359
0.441932783546416
0.3386597598446511
0.23793178139969634
0.1016852928497784
0.06621166334716029
-0.08979691887031399
-0.17912325317843364
-0.2850320501911065
-0.35202686236255376
-0.4588997250799903
-0.5552408156337124
-0.6963465137908255
-0.721701203272459
-0.8299305502588379
-0.6924296354175198
-0.6097332209560911
-0.4948043509295904
-0.3885937926203055
-0.2878327861490539
-0.1687599832050237
-0.11723574789907129
-0.0033555204132067456
0.11759680545587899
0.1906515866948472
0.2657075593019595
0.4092517950809322
0.5070349317904751
0.5943903645008184
0.7072083617352709
0.8012995033424267
0.7801205023315729
0.6711087813221192
0.5778814263435916
0.5093205068652294
0.3697693339480609
0.30806763012599314
0.20929692438567926
0.08418737814650384
-0.021801758651490977
-0.09348003464917438
-0.2145761741230886
-0.3091545733134796
-0.40598636056585385
-0.4990866488885259
-0.6377374425654586
-0.7238500438884552
-0.8633045498382322
-0.7632582569893944
-0.656252494016131
-0.5301748837700135
-0.45858014040947553
-0.33570765241399825
-0.28477782656592593
-0.15068248580414595
-0.05613276107430487
0.044446937540764876
0.172154437635614
0.2492503157838326
0.3190391291609264
0.47785076092478224
0.5355814697097302
0.6431370115726746
0.7530169021387881
0.8266987434162376
0.7282259721040001
0.6170676018001704
0.5339261261121867
0.45704395965143885
0.3154131046450445
0.21094423124601408
0.0916688986848976
0.02952281190558189
-0.0654314066339676
-0.18647557207370885
-0.30093514489723894
-0.3721758058480425
-0.50972822712091
-0.566015572603513
-0.6756088087877701
-0.748200193883796
-0.8110887613774388
-0.6794947106227386
-0.6372358574215692
-0.4851529273227689
-0.38141717319856
-0.2945951955620541
-0.19904582396593437
-0.08466033201201974
-0.02550260618137959
0.11191673275416988
0.22341156290570896
0.3083133514664454
0.40933971475232345
0.5114082701389053
0.6227549173527097
0.728456938022131
0.826775419673946
0.7693571188822805
0.6630959217364494
0.5461921375724357
0.4719176003600897
0.3654865335618342
0.23136946021021398
0.18409248905700415
0.04215315602589909
-0.03372294385188402
-0.13274601189289817
-0.25141132914264125
-0.33886446406721565
-0.44009554703330045
-0.5270149011815936
-0.6032113814079915
-0.779136276104037
-0.8131775923931258
-0.7394231259425962
-0.6583060604101514
-0.5273599321924537
-0.4492277325047934
-0.3405129772414803
-0.27932653243696165
-0.1335122804984373
-0.005094485030847487
0.08158922902349065
0.17435545705786415
0.23679005428708302
0.33810592289934494
0.5019346200353607
0.5777218656159299
0.6467238695188791
0.7937419846351829
0.8232922164437008
0.6989352079584733
0.6421547487235425
0.5038546365097364
0.41737091382351127
0.32293079301960287
0.2048006221460464
0.09794613271412925
0.0017668058927392052
-0.07712963665687929
-0.2003980260606445
-0.27655170148051916
-0.41359414255827404
-0.4754477012651276
-0.5688847003681087
-0.6738838774811532
-0.8022534765537339
-0.7956960468024672
-0.6352125451351632
-0.5841886219101591
-0.47914273132310814
-0.3635539752123306
-0.2800685865360408
-0.19775953891588816
-0.0759829767457563
-0.006913837037756023
0.11354690184644196
0.19744059521867763
0.2983512447582558
0.40415887966534925
0.5056287889184637
0.5882795859463348
0.7015132467339895
0.7864802791000707
0.726774745865307
0.634482484627133
0.5567263694673241
0.45352481976428094
0.31915941638217354
0.23643419677003677
0.17471882695167223
0.06493519259019198
-0.013347756455407908
-0.14181577839362952
-0.2374648169425589
-0.3725988514771129
-0.44262774604290295
-0.5353920536629211
-0.6613745400985114
-0.7914000573965304
-0.8097872668073892
-0.7452416061413142
-0.6093557742745837
-0.5280373057694693
-0.41857837836969447
-0.3190139988427212
-0.21947521499533224
-0.10987494134854547
-0.05408776627454641
0.08313368906520947
0.15138367531127894
0.2837409915522298
0.36151250334057805
0.484876240114207
0.5797696525086171
0.6610507541401763
0.7377853348446142
0.803199289798497
0.6803389828852727
0.5866243334117844
0.5270447905434135
0.4024705486379382
0.3081280276667478
0.19685883172228308
0.08779676380006811
-0.006563855521598364
-0.0916399743618386
-0.19195751094641034
-0.335360253242017
-0.4541332386473102
-0.5019794844292044
-0.6105921112164205
