-0.37682729869517223
-0.39432883331472174
-0.2413039402977341
-0.3045764012432681
-0.42539333982693883
-0.4149207979575667
-0.3301096518756711
-0.48970233626482657
-0.06690862357523797
-0.6281788478049531
-0.30706602292061425
-0.5565480252641585
-0.6339747517893627
-0.16829738233744768
-0.5021496684190454
-0.28133382836019305
-0.0076588014310179295
-0.21768295852980826
-0.5184270287716003
-0.163882222485621
-0.1854797324043428
-0.4910818389054232
0.011900200780537964
-0.4022609290076049
-0.057416447879801734
-0.5340452041058963
-0.24785192755066604
-0.34465275889523117
-0.5867380915557583
0.01470749573734971
-0.3832680908644227
-0.07970412253777498
-0.07694103285456103
-0.5135761920461669
-0.16085720174312382
-0.11582213949927969
-0.48550826786150464
-0.15524777129612735
-0.2850592048806472
-0.46540540098312244
-0.2986881882007285
-0.24154326394420525
-0.3094913763698529
-0.49430192005930546
-0.17171291746712453
-0.675706734354303
-0.24583775274390807
-0.2649662045052489
-0.37143318695899513
-0.13071631807282125
-0.4568077745916347
-0.46191089846485744
-0.38988134053216744
-0.0383175655016265
-0.3424092813163078
-0.633318948081131
-0.497775522574828
-0.4910337518122264
-0.005080504480998909
-0.04258730709442051
-0.5109824260003777
-0.39660669159015866
-0.654251913899612
-0.10027557662539546
-0.09885742470937933
-0.1583835631662523
-0.305120416228304
-0.5862916711957362
-0.5751675308362558
-0.34225020065857104
-0.060907858064338516
-0.36017214847637596
-0.627412412444155
-0.3080469623109417
-0.31560537314516324
-0.42832029400868005
-0.36908073211142683
-0.6113776564431666
-0.4346082751567817
-0.08001205127030248
0.0118661529604929
-0.47468105345977585
-0.5655745751318474
-0.3164371976090559
-0.6081962766788284
-0.41909745485439004
-0.2816294154687888
-0.13427843167906478
-0.18117653506430614
-0.29328204397466506
-0.2534725956655626
-0.1347862851652938
0.0030478461115509142
-0.33352889119879026
-0.44846171264352164
-0.489159593096813
-0.1648254778518278
-0.394029955034469
-0.4339873289952111
-0.4973544365690172
-0.08512476356114593
-0.3724846291837151
-0.49938942991352125
-0.49835834562830184
-0.12969032742195175
-0.2128480476755075
-0.4759558715025794
-0.42202044202260985
-0.6656378864014516
-0.40525147457959615
-0.5122901861939871
-0.15474217188530287
-0.25515250765126796
-0.13725917856852451
-0.5250518560616197
-0.6543658946923224
-0.46276214714679836
-0.4953184999095096
-0.31129520894932344
-0.6491774532975497
-0.26765224953312106
-0.11454705423866589
-0.4203354123916486
-0.5261805135608795
-0.36750994095987405
-0.33481221147224843
-0.1201946789388128
-0.46717123211642153
-0.1316416115772754
-0.40246653446019204
-0.0465085696867659
-0.25015303752392537
-0.4031081765138985
-0.34497729597824595
-0.5946903633622564
-0.50283516174632
-0.12425761229588234
-0.243258635788843
-0.14047772805870307
-0.36908017889515954
-0.4125972120581558
-0.3175585714433357
-0.2665820504741907
-0.14186967297264777
-0.06848902550736347
-0.2271690639964963
-0.3405277407921194
-0.5708818573968104
-0.19624012262759621
-0.3700915745244865
-0.14697396297759202
-0.38584737952325693
-0.2896695623624403
-0.5932306459852167
-0.2548140878205754
-0.05016097053681624
-0.16707181049073455
-0.45863956958102853
-0.20436608578454324
-0.3832124193506079
-0.06006190025182275
-0.2295860196606805
-0.29163220549901525
-0.45520996844167966
-0.19889972029221703
-0.08347848625953397
-0.20361538081514177
-0.495388154895494
-0.02172345655751923
-0.15966411420552917
-0.4727189522504574
-0.17646487300086097
-0.38067948050949485
-0.12151578454625017
-0.11347692312094701
-0.20837705274216678
-0.49145787468754276
-0.006266913846808213
-0.10237068426224094
-0.032969240700990464
-0.08715299730040721
-0.5157011445120024
-0.21327790207832945
-0.14949153731728648
-0.49193044076935605
-0.01204636802164814
-0.48693826670777857
-0.11238082350702296
-0.08363102974646139
-0.1978041250427781
-0.0720139156831414
-0.4929739410117262
-0.0844173193301557
-0.027096633177821506
-0.44656876748267715
-0.0518816473297917
-0.5704140389613677
-0.06626239841622583
-0.4470820758497182
-0.5253755627634827
-0.6769139174942995
-0.40765687485786295
-0.30189517673466176
-0.28655493890723105
-0.6268341087422077
-0.3629249293951775
-0.03988564626732617
-0.3617680138890483
-0.149100086570928
-0.23577368916083227
-0.14296050482080155
-0.497886961651437
-0.08444048886335265
-0.23591556148425513
-0.22202324551003647
-0.33964303789050415
-0.4591981097185236
-0.647773106819464
-0.3576188335195842
-0.5686151685130616
-0.1549137363527678
-0.012329545231514397
-0.4945487312984786
-0.4013314287109658
-0.49831159452184315
-0.5579087136161653
-0.5176511465631035
-0.4019293099303635
-0.26784147544282805
-0.04441143283674778
-0.3855053676745519
-0.6766456308203393
-0.06470637899408826
-0.2992462175694827
-0.37473228558383925
-0.4078923085887684
-0.2601399093240786
-0.6104249563063536
-0.16311567739856075
-0.4596342290540623
-0.5317158925497772
-0.5650995276984578
-0.20670789469547224
-0.26235834598684094
-0.1549494039708004
-0.35247927530767886
-0.31485739438338
-0.28341619676736973
-0.19200701488796454
-0.07613055607648406
-0.14847397873565976
-0.24180736117302593
-0.19671230028475162
-0.47708701692433175
-0.09410714044229132
-0.46882063443491406
