0.120120723966858
0.15547359687252732
0.3717094112237147
-0.013861243761666918
0.5512013377474767
0.34319534079006936
0.5497127353282009
0.18772444249815892
0.13112753213835618
0.026455979096355227
0.2491665930367941
0.11942397541041136
0.029849689090413672
0.5689740815370559
0.22258108904616827
0.14509900645870316
0.12584627258577058
0.32554964896234484
0.22473162203170727
0.1187359319928555
0.3179892863366023
0.587753711888104
0.30763203210494416
0.15962517617097421
0.42352768057759566
0.4375203021193796
0.6615803995618378
0.2692508293133518
0.08424196442370169
0.2213378671326188
0.44265314933928634
0.40899276825346614
0.6094586173129933
0.2846035021736071
0.559364310756103
0.12146030122074362
-0.057272295931368566
0.2210771689514758
0.4500450086664115
0.0300759858492141
0.020801035540103114
0.6314552686619153
0.23524480565454278
0.52429219566157
0.37635445579104715
0.03612763478893787
0.4892800535060679
0.2424439716548028
0.6750349376189687
0.16519547694701298
0.0922699859872364
0.24341478102306652
0.1672575114283004
0.40434004679844565
0.5592699878533525
0.21019436458234303
0.06667616818474113
0.34891712120371043
0.4447843708383115
0.420547111752604
0.03400166666632621
0.6094734589477072
0.40599064701743626
0.4467194418858814
0.3165450291172824
0.15005038935404766
0.5776346801632323
0.29261705367999286
0.12703568660727244
0.09499668989806538
0.26012822006682706
0.23920625215816527
0.2996852196543506
0.5330236458954087
0.375999540177559
0.5847475443936483
0.28255257843200193
0.36518093514145356
0.08515020233149607
0.3890614296971749
-0.00802825512452416
0.5315236980181468
0.4372564383663938
0.3326275369792279
-0.0006808113217412204
0.20949980740151825
0.3401723420286329
0.49905894166632536
0.25386472215477873
0.4176316888160688
0.582828099177889
0.4686828799700338
0.6112114637615906
0.12389593989776909
0.1927497379083819
0.29723262280808516
0.42522841030019215
0.4447535916476017
0.1327473475003263
0.5601546083903933
0.0188407412620922
0.24224181625433627
0.21907533439606955
0.4840262860189486
0.3079868390264092
0.24798220739721089
0.2891036286494467
0.19110231073689987
0.40997517132815137
0.5797039603436646
0.5362853245933251
0.2698822014056243
0.15758326812278303
0.25089947109817634
0.3356587539196896
0.3788319932963627
0.6302595953424595
0.5500409219397829
0.42782641295279716
0.5197395092069752
0.6720614896205349
0.2794136788908857
0.24075911991281687
0.07466066667816233
0.26104197614748115
0.013512717665294778
0.5149679498590382
0.007555782882486262
0.37958575505288233
0.5755692939074663
0.5783209414713142
0.4640200849973081
0.46947959296276603
0.004221099863921435
0.2684581639489712
0.38409323068720697
0.6330536185994069
0.6348951576238117
0.416477632715723
0.2634452998910625
0.10097474889491913
0.059500616228708184
0.3979660171206368
0.4470092612202308
0.4906142120160698
0.005039747942686441
0.19322480855428398
0.6333693364717825
0.4323217219812032
0.19152152767119185
0.324954469891492
0.03738397069145571
0.0960882239171742
0.3378050799038071
0.05834415945491382
0.6243613545811952
0.44391255606806723
0.5927708461295269
0.10083609419809807
0.15881325387447306
0.2805013043696869
0.21188511283797468
0.5278245155770179
0.5470180643869774
0.39889571234622195
0.5053248679206666
0.07947721429932532
0.09867418404651765
0.19627436227855818
0.49979373427415136
0.3207632622578072
0.544632227306988
0.5438138549486656
0.6052374230722308
0.20192616741719427
0.1817518454314477
0.2699256270846782
0.007230914503977278
0.5443094301768246
0.21115890556390296
0.21654090983319843
0.6007810621496096
0.3963395102140633
0.5710197864292563
0.10695115024916636
0.4794701906987463
0.45759030171104764
0.652840828520406
0.35528170404042736
0.04328769260666271
0.3296426500573191
0.5826836919816943
0.11149994981590777
0.5872261994133041
0.5138252237745242
0.03566152272468319
0.1434390224967326
0.06404467528398101
0.5981806173501559
0.03525228936413101
0.176143794351574
0.6241280646443504
0.6028828956768779
0.6149515898203863
0.20528987500403337
0.6256071794240317
0.07797190564113751
0.02744117333204241
0.3637013547663518
0.2951018001167284
0.3993199788904949
0.2737671766581037
0.638841969507411
0.031131085111956645
0.008646072080596125
0.3376446284951892
0.2496795883985902
0.42309401701653265
0.662240265848337
0.13135266676569918
-0.0012269763136669928
0.23320307379971159
0.3176346777927742
0.2515458789759219
0.030679911504921407
0.29264731313984876
0.5450277526611299
0.5620256889277959
0.17821849869895456
0.07221917669119884
0.6486936893821281
0.07348180064883675
0.4468950920861125
0.4820297305900535
0.3051393628581375
0.1050012725759896
0.512264646666094
0.5956134128764073
0.35873915269655876
0.1392223382963797
0.02058943804623992
0.10761595512416357
0.4700337122473942
0.12191700263220008
0.4885165622468125
0.16712821899212563
0.0377459099951167
0.34401556211478906
0.6220215238110558
0.6305745566249702
0.6028703500424154
0.21810416123968218
0.29465637865544636
0.6047179705369499
0.33248707844358005
0.26105523319422114
