-0.2922433956663376
-0.2752852098886429
-0.5447504233328873
-0.5383441780069604
-0.2793159799436732
-0.04352902314442149
-0.2626410304492743
-0.46395037744749595
-0.28861910739779323
-0.17431466333652987
-0.32277115751708363
-0.5330851726604129
-0.14647585766556231
-0.07453833360831111
-0.47443168879064
-0.3969838928171663
-0.38367120169652147
-0.40162064681085075
-0.2254798706672314
-0.3615696035233193
-0.46005805694354923
-0.13926318932702753
-0.4743914407709076
-0.4266651642106258
-0.3931785378283136
-0.2500388071700796
-0.3017080870824181
-0.37243560442156437
-0.39823353031875974
-0.47182685049061746
-0.05414216193948257
-0.22631101090166683
0.019683220423124658
-0.03854158619376269
-0.4576777418667899
-0.3972122520545601
-0.4054127718273776
-0.39749070564436617
-0.2457086011516752
-0.20972971111929076
-0.5538901176459096
-0.4562519919158481
-0.03869498875511473
-0.3604895927945133
-0.5154946061356164
-0.3743355632677002
-0.4745956276017047
-0.33897841212765895
-0.5222462657270415
-0.10360900452331401
-0.24471997619113586
-0.4551268104269807
-0.03084213809868252
-0.19187329787525506
-0.31677085548775585
-0.2758207707224364
-0.027351488025135817
-0.41471490613367884
-0.2320300659522787
-0.15623956631398453
-0.18138035570006572
-0.2436657005136007
-0.566587172477577
-0.19259650684457336
-0.18057882594955
-0.3294115421684746
-0.43989912177114565
-0.31104298846872075
-0.05187085777262324
-0.20341006886039312
-0.34799058712778674
-0.530134763181287
-0.2801874407141329
-0.3197361009308801
-0.20887219315453048
-0.4802979105228776
-0.5184858310701317
-0.06279640568042602
-0.14106434757066924
-0.27765994586241455
-0.14165142447830656
-0.5036796525033235
-0.19739217147854746
-0.45494054401431155
0.015457567935502547
-0.353303093710278
-0.3924102696585026
-0.5233234070668491
-0.3157370813680859
-0.5713521449923694
-0.4912017038070636
-0.08228757890124258
-0.2946989306737486
-0.3273545398160693
-0.5070143192110883
-0.1800780236228392
-0.253961831928967
-0.5731847843803871
-0.06248979189716168
-0.49266117252134106
-0.07743645250482532
-0.4040797702597432
-0.22087303707447709
-0.2186294427623372
-0.44350711239232604
-0.5724489547243714
-0.26403012705956946
-0.07714276167709597
-0.08914556345586276
-0.49890709197198596
-0.4127148649787264
-0.317434443623569
-0.5628665592588837
-0.47713284502161574
-0.41742351584477233
-0.26671642067455087
-0.13390094470171202
-0.32039028407148257
-0.1889063968511244
-0.202062702170024
0.019790846745191694
-0.013342314446216644
-0.42590703976037564
-0.5521200661016258
-0.12998365668880466
-0.004781500541830217
-0.5368218478201364
-0.3893531180644603
-0.06592923221970001
-0.5422892397025423
-0.004782689779283906
-0.3116254950040815
-0.23257866988951414
-0.24752283528217495
-0.10840840365989912
-0.15849483917367804
-0.3829804446577219
-0.08887128228928382
-0.5497169264214
-0.3560666833773155
-0.2850325323668647
-0.1579774832806135
-0.4130986865002414
-0.5256303664261236
-0.450732737715507
-0.2931469937564205
-0.09202010993288669
-0.2812239642813814
-0.3493415616018501
-0.04875643384543688
-0.29742140640523035
-0.07361244376310411
0.016275365739234236
-0.5862267445997302
-0.48534790097611374
-0.2972849864150341
-0.2390322800364731
-0.2592292528788979
-0.13037517802677986
-0.30476041122271513
-0.05207841436740801
-0.12700049181132092
-0.31786114848564306
-0.4652321514290811
-0.0365138965416265
-0.0658290957536159
-0.20844242914194913
-0.49525343302240077
-0.3021650643704972
-0.44483060391665824
-0.39648583840987905
-0.054243978802270075
-0.16109932269284738
-0.18930649079268144
-0.44773130188611193
-0.19448637766510193
-0.47382469864057164
-0.03899899759515675
-0.27290633994052427
-0.18226653220251088
-0.23102849863461136
-0.47392585277262894
-0.18626952352470177
-0.20585924360581545
-0.2075901136658133
-0.44439708027132996
-0.18216379422497098
-0.33678897808860925
-0.34672485463561536
-0.47158246655869623
-0.03957559921962724
-0.20397943321512454
-0.519799601697188
-0.40677030284935184
-0.222039156778502
-0.48563013067776384
-0.13124327247159231
-0.4031663787226442
-0.31929979053632485
-0.13072027060438388
-0.3606724818202625
-0.2627375770114684
-0.011178932538055842
-0.21082399176187838
-0.19852951857395298
-0.11784914371854091
-0.5060081493492765
-0.4923322162066067
-0.36346007761435556
-0.39690905790378217
-0.4786956469426247
-0.3383216265946317
-0.5365667685721718
-0.25623496953158703
-0.16855575431284855
-0.5705149321352195
-0.30801773290044887
-0.3532371628774349
-0.44227830809624213
-0.3375130984253888
-0.44593643445894626
-0.23133847615243402
-0.03985772646661992
-0.07947753162484006
-0.167063539900215
-0.4816842340954831
-0.27139736266984277
-0.2582081081510487
-0.37656247850938496
-0.48910819656834437
-0.06961874065966853
-0.044973106809018525
-0.4570498636125342
-0.3917132258136833
-0.30360703888172996
-0.4658240229222736
-0.16714677226776942
-0.4764967605664403
-0.4846249245824791
-0.039769161338452305
-0.2838089693846999
-0.23004759353469126
-0.11013579243662225
-0.5448535496363061
-0.18363813277718435
-0.2584212316192484
-0.2172357028827373
-0.24700023924838718
-0.3899136576472906
-0.3632726433994856
-0.4995111617265333
-0.24517806381957852
-0.22723822339621158
-0.33284934635536856
-0.26700938837502614
-0.14387618130045443
