-0.6105687414157323
-0.5766678073977272
-0.5560794666018568
-0.5869054474866227
-0.558905163032647
-0.5490801107549248
-0.5503612991193304
-0.6054246431976426
-0.5682626845162725
-0.5655419891444752
-0.5479789861355735
-0.5804333267668014
-0.5473276291626806
-0.5972553417775733
0.5702659301333566
0.5513150627762212
0.5588271044213531
0.5607170931285416
0.5483698420453095
0.5651060129371595
0.6207019623169012
0.5619634851427373
0.5906135873770245
0.5965117488249404
0.5810565509575395
0.579653262105791
0.5759629752792805
0.5653465297626142
0.5782087351175839
0.5907440911962937
0.6318806943561364
-0.5719411809480279
-0.5723156084281088
-0.5743020734958372
-0.5837320421736235
-0.5580105166928662
-0.5847924684833699
-0.5984227512191685
-0.5807122267488981
-0.580095428791149
-0.5833714923445654
-0.6041281420523903
-0.554859466415505
-0.5916803707609262
-0.5742208976770209
-0.5755135812643085
-0.5443955384926344
-0.5995015316031543
0.5955123311299392
0.5910144911505179
0.5966827724826645
0.6001262201966411
0.5751987081522746
0.6003055967714123
0.5727569458766479
0.609354130726689
0.5772417910542209
0.5878937814327894
0.5921290390261712
0.5741500876845433
0.5677806082377795
0.5537719141028946
0.6054752859389653
0.553342254777829
0.5616729177312345
-0.5716188352142343
-0.5537097409526743
-0.5776781679074594
-0.6137982314754766
-0.5558180029600012
-0.5776120605878421
-0.5615832887031315
-0.5979716662094204
-0.5933836952395551
-0.5956118648787668
-0.5452265015283404
-0.5660961990291107
-0.5633910689142547
-0.5603358328941637
-0.6081624592151696
-0.6005310984548443
0.5750570371554855
0.5773867106288478
0.5687670048251605
0.5934727010955343
0.5921519305615766
0.6152431296066504
0.5733366553008085
0.5766523588085972
0.5777092138391833
0.5672657882688709
0.5866215470560332
0.5943398867268701
0.5462998704642378
0.5894937720159175
0.6104972045576451
0.578990999006499
0.5522867908761843
-0.5894488053329171
-0.6049009177782828
-0.5881607031715684
-0.5974637602533464
-0.6026115079211245
-0.5823154651851572
-0.5576581324222497
-0.564425145706416
-0.5650807824411406
-0.6014899852054472
-0.5533034453909257
-0.5767777714161842
-0.6005654503354296
-0.5327627247012441
-0.5634294488736875
-0.5887375408718882
-0.6002157833481416
0.5494253505143135
0.5672259153873809
0.5746752541136998
0.5924598380916697
0.5858488966054886
0.580724020184434
0.5713749047581854
0.5872707161466755
0.5770718011368119
0.5653874885551686
0.5827522150667521
0.6003833296219273
0.5970664077936034
0.5839932194135283
0.5608855349426806
0.5861252873673503
-0.6131146093266693
-0.5583838997178081
-0.5928010656465389
-0.5963503482745972
-0.5507321676720871
-0.5999127903623513
-0.5714890071614569
-0.5882132459706573
-0.579410523513444
-0.5536019718276527
-0.5572727071912852
-0.5690998334452351
-0.5756008379487975
-0.5943164781027322
-0.5967298873363122
-0.5690915115413515
-0.5825376940857466
0.5908716502668719
0.576705286887744
0.6056534011929323
0.5716393488642052
0.5735136621749664
0.5533394790120161
0.5637727424931606
0.5662361721975997
0.5651116897797729
0.5501851787753411
0.5793912254700325
0.5518371177141838
0.5931732235311846
0.5827614036158085
0.5924827148422427
0.6042787519172836
0.5500162040562792
-0.5606331335658297
-0.6076871370452334
-0.5781292513927561
-0.5876597007632901
-0.6108784607228617
-0.5472481437677865
-0.5824797337698534
-0.5856654599825465
-0.5712374610715272
-0.5894213547594953
-0.600433138192513
-0.5917410334502002
-0.5991413054498894
-0.5736039196901017
-0.5742375764514563
-0.5923269062468735
-0.5454830881173917
0.5887590698754798
0.5721739266368117
0.5674890042879628
0.5661266623866211
0.5761478336902056
0.6057018756981414
0.5605375313627261
0.6005679022358357
0.593268270924853
0.5784618063795025
0.6053096027321848
0.560241225799348
0.5541131214113635
0.6125204290687087
0.5673312186492512
0.56742457920378
-0.5523675028741073
-0.585027495243519
-0.5821680819887183
-0.5607511682862241
-0.5838166446060732
-0.5853635650709715
-0.5547126907225968
-0.5508474582431427
-0.593037834737163
-0.5639570846838708
-0.5422676555367805
-0.5662495804619871
-0.5707357579736207
-0.5880257571786932
-0.59960816855184
-0.5823824891441653
-0.5854780029050028
0.5785392453918191
0.5571077809302024
0.5779447536729128
0.6101226420122008
0.584805376926416
0.581936760233494
0.548166490484476
0.5830898409172112
0.555568380249376
0.5842184366717337
0.59508614666474
0.5487125041520098
0.5631992888330187
0.5790224079280913
0.5749579434705734
0.5459877721558901
0.5494483356992078
-0.5147354300201696
-0.5909955908831137
-0.5689293202107342
-0.5451521893454807
-0.5490476427266074
-0.5510774559023823
-0.5913113658144629
-0.5806161858840776
-0.5785032027670951
-0.6053677240669261
-0.5800983493685724
-0.5786623200539908
-0.5917755372917157
-0.5984281258193244
-0.6077490326494234
-0.5701075187881168
-0.563222343024072
0.590632051122349
0.602556012968966
0.5981833358072675
0.544151874691676
0.5688522008933712
0.5845799131362339
0.5567196788707665
