0.6871976889478427
0.6857930280344453
0.6531629404795346
0.587087440710251
0.5710079694281556
0.49511446411127885
0.4919753669492925
0.4234037919475935
0.3284781225402747
0.3114422160607578
0.24781649124685576
0.22834812085183334
0.16542587226137523
0.15171426947513345
-0.003726397317832336
0.017295153539099786
-0.06411410881927175
-0.10794868021052231
-0.19363791514289116
-0.22355042669502795
-0.29876540043283095
-0.35079683009480445
-0.3899204340559281
-0.45828861481454175
-0.4608200266529608
-0.5367076149371509
-0.5877864617351087
-0.6415388843435901
-0.662462432854712
-0.6800926974849848
-0.7442749709633062
-0.779332586454554
-0.7624214921848758
-0.8249704672631899
-0.8435949708656381
-0.8573001440490566
-0.8807291146083734
-0.8969037714641914
-0.8949234153819622
-0.9165725598955193
-0.9316156570755612
-0.8771399689019893
-0.8838321830681237
-0.8828058362419643
-0.846097528243694
-0.8565328651207702
-0.8497477378289334
-0.8390935867574081
-0.7661107518209732
-0.7690982778128863
-0.7217485845748629
-0.7038908943090605
-0.7208718369993594
-0.6213455722452256
-0.585801684806361
-0.5341521505599275
-0.45896032243225515
-0.46288636905660285
-0.4254562692770497
-0.3403482515820543
-0.2903031127615806
-0.2410957082612255
-0.17463997051263774
-0.11945456285068738
-0.02130608370427922
-0.02334388157108236
0.03394258377222302
0.14557351908093058
0.13842136311141032
0.22575469289132002
0.28572027589858257
0.29761109858812734
0.3760768383485905
0.42267565556889375
0.49844540677480964
0.5101456167243117
0.5093059303509009
0.6152323284737518
0.6541633491882506
0.6988028263446135
0.7304315259889533
0.7680389277693563
0.7879447762986866
0.8048278951501955
0.8419844442973875
0.8690711527751934
0.8687735763039457
0.8800937352705206
0.8786535447740579
0.9031783450777886
0.9110668449690634
0.8806595491032544
0.9103155055393061
0.8619517869185471
0.8760138913002278
0.8929195493269193
0.8507247400679984
0.822479981947709
0.7939434209549342
0.8245452595732267
0.7547617760504651
0.7081217435351759
0.6695990026160836
0.6011811693864523
0.5903909528187528
0.5225529074659019
0.4923045697030537
0.47832987799550597
0.37199469952208536
0.334055744335355
0.2749462975376109
0.23537777681868954
0.1715275014454183
0.16104029310569346
0.06491393095103902
0.04295715353435853
-0.034232517107742104
-0.10873798010122913
-0.11335103890487032
-0.22009203636269412
-0.23872727247506514
-0.3111488316214721
-0.3554551634510383
-0.40100123420530215
-0.44556523569040163
-0.5253599229434789
-0.5556976453699607
-0.5782568773870574
-0.6347829362786755
-0.7091683290425036
-0.7214982090373856
-0.7762671216630403
-0.8005360506125073
-0.8096058517783735
-0.8279616868220918
-0.8613004049073155
-0.8628651078065293
-0.8513110932104936
-0.8649542675109226
-0.9095762468446396
-0.9153131433070023
-0.9481370932809877
-0.8935913522470128
-0.8791995935106813
-0.8711561679202395
-0.8512118607161532
-0.8115266467362298
-0.8016210277292157
-0.7828115702140946
-0.7944427859554616
-0.7623021594883167
-0.684382735845588
-0.6464170351273102
-0.6038566360178982
-0.5886116024422731
-0.5626718169084578
-0.4970857872053041
-0.43531789974458923
-0.3974893861258169
-0.37181097460998047
-0.2995905569704016
-0.19849824849244865
-0.15332312818737057
-0.11964185937112706
-0.07882407669982659
-0.009395008545669936
0.0016285926215913599
0.060950238935015305
0.1285756920811511
0.21728318073267633
0.23258380026215833
0.3380875793579345
0.3503686728594677
0.41336433843682135
0.44304577744565704
0.5561509926218408
0.5723606384644625
0.5956144620501918
0.6716335174840682
0.7049173109610827
0.7080526916811644
0.7198666046034086
0.7694665968000292
0.7941215104510835
0.8398819738243666
0.8447830195642709
0.8257355867359764
0.8706704491442628
0.8688247131311387
0.8970807949390707
0.9265605413414469
0.9106263735023999
0.9027086215525895
0.8930843923282827
0.8973665992342789
0.8811070440600213
0.8298093974566279
0.8317296828590279
0.821744850594961
0.7613059858690017
0.7795348705669397
0.681386007564838
0.659321938853048
0.6339964925649922
0.5694653018885605
0.5547763951040517
0.512492281116198
0.4326923720751878
0.39328146419789534
0.32135534723738585
0.3335426895568217
0.2511001819919633
0.2099444787250221
0.152636065477184
0.08900191518386762
0.016995445333465593
-0.017537136258033548
-0.09694298707324037
-0.12857975455107196
-0.22832370951489983
-0.2325484065244821
-0.2952608306035615
-0.3421302209477644
-0.42037913938577853
-0.4690248163758905
-0.4975317933817183
-0.5466651269430883
-0.6191744110088783
-0.6311472302453138
-0.6623234374328529
-0.7150655598812901
-0.7808135240049573
-0.7253334341639699
-0.8192946148458675
-0.8273964474066845
-0.8346123802432566
-0.8768942206746699
-0.8868231598909044
-0.8866477403725443
-0.9082947013530316
-0.8811701703215219
-0.897485118183367
-0.9014305894480931
-0.8816655809925422
-0.9016773899727598
-0.8758521429652453
-0.85261730423793
-0.7996578744682079
-0.7952318963078024
-0.7764880275155268
-0.7832116163526812
-0.7465636780938376
-0.6618129897523455
-0.6321836700291373
-0.6063339103741052
-0.5868937589256185
