-0.14852679537919905
-0.10206148457661046
-0.1020548629077731
-0.06699601092591514
0.007536935105021195
0.0017327852453835587
0.03175151202089967
0.04814331104672769
0.06650612449846245
0.09518644226104811
0.10608206294770135
0.14299591744035792
0.1678095092560334
0.2029952264286474
0.1563038454954012
0.16076859258843448
0.23479596157889987
0.19405291435870228
0.23503589592164137
0.23784015843194342
0.2662054601202904
0.23578328626287912
0.29202654360113633
0.2443877833011202
0.2549938639722044
0.28447223362261653
0.24710681227511752
0.22025655632730234
0.24588399738054373
0.20377535778902545
0.20413633441790313
0.1874753096465853
0.14448654030691194
0.1484476011643803
0.11504338956861596
0.08178980647059365
0.07328563253018978
0.016778178087123858
0.0036215470052571794
0.007031733394344926
-0.0358322275290088
-0.03360679209928326
-0.0809730739674157
-0.09612576027652425
-0.12514090187103358
-0.15251133389392096
-0.17596240519394624
-0.19108230740251037
-0.18762223010538162
-0.2148748671918019
-0.20877505027061288
-0.29623004761461913
-0.26309181702712237
-0.2342617618804774
-0.23508519349510457
-0.3132217106526588
-0.2715541380418551
-0.25949964466758
-0.24794272110298457
-0.22527734211157763
-0.22050268477985094
-0.25067275591255794
-0.2073930878468555
-0.16820443592902515
-0.17589739534109974
-0.16710329755056752
-0.1424848356987259
-0.13048027594754516
-0.0964866430048012
-0.06319189265734365
-0.016110632913820054
0.003081084362825306
0.005704783851064803
0.027194215653628617
0.05172026779744397
0.0975856405469348
0.08488019287599928
0.12147643374172634
0.1694361542977904
0.1783078127557826
0.1402266369870051
0.16389992972151407
0.2141413736908656
0.2115523777047295
0.25260083910274217
0.2700859004923978
0.25937289516126955
0.26098270805317486
0.22199464582940007
0.2677044546195359
0.27961622035006434
0.257431676083838
0.2545214088791097
0.21917944340429316
0.2344564349673127
0.22816866361970395
0.20773120372805318
0.1997268359086357
0.16092167657336384
0.15130637317183887
0.14999831078888012
0.0744877676645799
0.06590966832752106
0.03431752863829945
0.03077325597847891
0.025978006331767042
0.003850831350576003
-0.022222326039645933
-0.07466458912138493
-0.08706580387335462
-0.11118730233891456
-0.08585642646800518
-0.1726246933238575
-0.15417103338929675
-0.18742287982199826
-0.1763052142972514
-0.2214680471952646
-0.24921438632212525
-0.2202809221705238
-0.2816667477853078
-0.25484380126646283
-0.2078087093225875
-0.25175921007105984
-0.26508165468653694
-0.2674693609928143
-0.24921484092776902
-0.2440600394390212
-0.24958443100925734
-0.20950700630790256
-0.1923989109766124
-0.24182945943498332
-0.1725092399362945
-0.14157265691122428
-0.16492325202225733
-0.1218034315959684
-0.08951473057873999
-0.08171438646371156
-0.06426858934610524
-0.010433133199403515
0.006485351921365562
-0.006642705894326122
0.044274007137551974
0.06973874332152658
0.10868102641756137
0.1419737029656688
0.17693756898557622
0.15699525478207316
0.1804214433069747
0.19501000707943206
0.19523946547916635
0.22439409106149813
0.2580813455976173
0.2367088269901591
0.23155179191629982
0.23434664984099735
0.27145178444684664
0.27632709689158286
0.2629683834860194
0.2651199859059352
0.22920611596595433
0.22988235122520662
0.2588516441387387
0.22367165131969308
0.17511257588434853
0.1864588334827166
0.1717766896809711
0.1415158761418143
0.12029438068499673
0.1456814796568246
0.07623667574643354
0.07946052294270595
0.032092981189324646
0.028069367920176034
-0.01051767308469227
-0.014311038712213401
-0.08894173624271809
-0.09231568566490787
-0.07273721658998714
-0.11259228942617103
-0.14447654777254623
-0.18042967461966683
-0.19025100212443727
-0.23193279923210136
-0.2508846559990395
-0.23244103815989672
-0.24664841990325317
-0.2364692930784737
-0.22793121886034118
-0.25606346870117214
-0.2751153787350109
-0.2515003908680355
-0.22181885025531378
-0.27551668637330534
-0.2041835841642906
-0.21497146535304468
-0.2605873434701393
-0.2203134830951263
-0.1659276049319982
-0.1554825679189639
-0.18197425652773339
-0.13448569094870655
-0.11513742821113675
-0.10577718635793916
-0.033926171542887816
-0.05314270505510898
-0.055475178262317966
0.0188609821778327
0.03591562471196118
0.08140784857519424
0.0765297403647622
0.10924459599963164
0.10587763849556601
0.10588854946306295
0.14670611884725376
0.17489566425906605
0.17902707936846146
0.18435934326437203
0.1795772160614648
0.2512176059922109
0.2462534749117073
0.30040875555987906
0.2816213660459466
0.23027476075058245
0.23436513453622845
0.2546699908455316
0.24411960425333273
0.2597929570443738
0.25104581640055235
0.24113134878295117
0.21807127665063197
0.21283119724253044
0.14843512711941817
0.19111693867200474
0.17996049684155394
0.11979949364480938
0.09339630668186034
0.09335912463907935
0.08696158285163347
0.03585941056174699
0.0008146212525864116
-0.0011978040051610992
-0.03389090444099452
-0.06663211281884927
-0.05630901796241278
-0.09115880840472017
-0.14447146625837884
-0.16650189701986237
-0.14619514280709328
-0.19182545960054095
-0.24299094834633841
-0.19022634204063935
-0.25325127845706397
-0.21232643671340293
-0.2513879699216926
-0.2846444176564611
-0.2645669933280604
