0.239000233679321
0.24557841318823198
0.2697942461552983
0.2641750541722519
0.3113419086071983
0.2573190848414729
0.3041708822741954
0.2549777933051126
0.24755823317085432
0.25828589696652365
0.21641835179811889
0.21013008341391556
0.16820799573309142
0.1236626171471844
0.1352860014726306
0.05823375840949227
-0.00390719693610124
0.012326566905702404
-0.0272583325616189
-0.04669059639228265
-0.08816231047067878
-0.10193516963574711
-0.16864726594161625
-0.20625018753007462
-0.2443150476794673
-0.28126908204619977
-0.2766812780747404
-0.2509220587287287
-0.2768052046985939
-0.3021659206757358
-0.28337763452943865
-0.29656335340741385
-0.2739726288056343
-0.24518476983793144
-0.23732349016864335
-0.204142462741138
-0.19819728983654272
-0.17706402060759735
-0.11822957423958405
-0.1059854545542464
-0.09723083347793751
-0.03521300165642066
0.026036715777386123
0.04459186855859802
0.1002511576509727
0.08299455173800152
0.13170771857835603
0.1528462970074518
0.20978946539426377
0.2223203276260381
0.23654801352293317
0.23292947492204413
0.3102913298786928
0.25367210086598563
0.2639951229597099
0.30893674840220325
0.273817514404419
0.2830759511330459
0.2639075085398355
0.23450942378203235
0.2527910015781663
0.1834488492719394
0.18998124600685548
0.12962983524740646
0.12727333942387534
0.09334171761282348
0.057176831853006205
-0.02391282709648669
-0.0319740790835548
-0.05212815213427577
-0.10422814614936976
-0.12149199494393653
-0.1225488155950896
-0.23150359164278914
-0.2225340208703635
-0.23833971195491085
-0.2524711573852198
-0.26740881669162303
-0.27327931226126184
-0.299275322021425
-0.2624149888550768
-0.2725842259458059
-0.27648509478248684
-0.24798619859620735
-0.25643354690731057
-0.2228449554280497
-0.22799423986449838
-0.20461023233346037
-0.12353660943952646
-0.1266075939505835
-0.09018215517163967
-0.05629086614446699
0.03569747193664281
0.02139065385484016
0.05217031407891262
0.10178761620086291
0.12389606874540629
0.17038277506971486
0.17709397218744988
0.20076754324877105
0.20844226556079998
0.2553692180446643
0.27615158703951215
0.27496554471409457
0.2863444790423453
0.30726994234840316
0.3009127412789211
0.2560157554670149
0.2722599153880735
0.22576924757827482
0.22753219281016426
0.20884912579723122
0.16140584961681148
0.136810238737019
0.0942627958590999
0.08417184802507045
0.058368707238228665
-0.027994952440257376
-0.043912652056946666
-0.06040011507982105
-0.11296706460325402
-0.17521835857340817
-0.19290213715706603
-0.20174421883271662
-0.2187173263117773
-0.23393045694082748
-0.28486236797166115
-0.2887385947369503
-0.28878235236513333
-0.31699368350898005
-0.2696167913090853
-0.2945832270101119
-0.27744018194529296
-0.2782448497878947
-0.24194853096813812
-0.186274056950798
-0.22379429220675934
-0.17037913920413902
-0.1396341805154818
-0.14919604995609653
-0.09235487015058788
-0.07464647735691135
-0.018905478202035357
0.03894284599492347
0.05071378494037286
0.09970223018369156
0.12198363772639755
0.15294349246393887
0.19387489177532458
0.22976780602838698
0.2892149246267216
0.26656125205054865
0.25947874159590345
0.2938536382971913
0.2936678947282342
0.2568324169563742
0.3018514439450763
0.28519510588893116
0.22336865090730718
0.2667456508188994
0.21017440929700815
0.23817188062098732
0.16901954760919966
0.1555263475662387
0.1606529799321164
0.0687794215156654
0.04661722795396038
0.008923545482832316
-0.05069649036918925
-0.088266097624273
-0.14424894913720346
-0.0643102814123876
-0.14476162040762866
-0.1751094025831824
-0.23439712886362501
-0.21183137289741086
-0.24213137851565367
-0.2777430490241286
-0.31361544228424826
-0.2800559089792098
-0.2900926095778506
-0.2653027282446185
-0.31012672206080183
-0.23341125415090858
-0.2210867502288662
-0.21527787006752205
-0.21783144888442046
-0.2174521020515312
-0.15558443675467384
-0.07804694629732367
-0.05658522102393722
-0.050915246049664124
0.0018570037335576967
0.0133645621771143
0.07581483691727073
0.08174944027715403
0.11415222210829078
0.12923421841332786
0.20915823181517817
0.21153274393359794
0.2188301898159878
0.2520802095868442
0.23447963222567691
0.26029500040796283
0.27606176532648846
0.2959649590722514
0.3028027575287816
0.2552966798023096
0.2566098645492151
0.2449493592739942
0.262746811133657
0.21599310415980785
0.1937810791024243
0.14282360414817516
0.10716234407179905
0.060899885052346225
0.066716931326387
-0.014961099017983722
-0.02795882812399947
-0.039942454854823575
-0.08253656996259183
-0.08791672410563131
-0.1433848408883139
-0.13076222318145347
-0.19568234271832483
-0.2427097848609929
-0.2872798423507072
-0.248845643735461
-0.30299254852968505
-0.2346561063552678
-0.2746460556822104
-0.28676505572967537
-0.2731537152410048
-0.2915129411327369
-0.26099108648642516
-0.2272797175917942
-0.16223954520102513
-0.19688477614335706
-0.15127302591017883
-0.11122066611255021
-0.09660883920262858
-0.05881368420266707
-0.02462408627029201
0.000821547865444628
0.06983062786495031
0.09690444300542601
0.12691575104176414
0.17646078163177734
0.19734586599001805
0.2208024021304634
0.24962868817746708
0.2595059991095098
0.26930716163199614
0.2732696098541376
0.2684116585077346
0.31301643819371094
