-0.05495402876984433
-0.02772269048035228
-0.029208043624157076
-0.023184622197579004
-0.02868094029508884
-0.04883824655421773
-0.01870019737513381
-0.033186579963660444
-0.050909793732508604
-0.05729735300411051
-0.0302601179477422
-0.050956413109204415
-0.045992047307681826
-0.055336272563493424
0.05433373968860769
0.04491507427085637
0.0377439191372546
0.031742946059547236
0.05566567349731216
0.03750143940387942
0.03323973920957171
0.03163994670918455
0.05991778851403097
0.030616616642602845
0.07573122719502465
0.03634354626633435
0.05203031562704486
0.022332403231812067
0.03312966724739575
-0.006894503366026622
0.0485481914939021
-0.07373518901378401
-0.028684012548075587
-0.05458924331698735
-0.049606776258646
-0.029809931119980718
-0.03766187737465114
-0.0341648461314855
-0.05603584383066644
-0.03218286553389724
-0.037946258910870174
-0.05296136134023455
-0.05471738886417099
-0.00584049552688376
-0.06844942923730087
-0.03946425723225163
-0.04186431520463667
-0.03435016153137071
0.014998745391483267
0.03395818875527794
0.010866336376875563
0.04184052254541576
0.027507390187909615
0.07237292851826321
0.06056102966064386
0.10507078788238865
0.06785273949252932
0.01855661132030457
0.03371042294628152
0.02303423806338237
0.052812271470074855
0.03675436568275898
0.03238585691215424
0.05009584563974364
-0.053891047522515376
-0.037226316357716366
-0.025791908497242624
-0.02394887562786328
-0.06769627096143982
-0.031442349969030635
-0.06201114374659225
-0.03709908152016593
-0.047633316110351896
-0.046726429016878734
-0.052805379870933124
-0.07684415752542048
-0.02601941813148249
-0.038013456119712706
-0.05714282714684091
-0.05102590665401297
-0.05925332112163219
0.03381972860671581
0.016062259007421077
0.019831887413411922
0.03834193103947018
0.04697939172395562
0.021934215558946358
0.04789755788658682
0.06015664075604685
0.05456919761735733
0.0676114057304684
0.03911787842047806
0.05114273705658584
0.036317166360644026
0.02487200095047218
0.07863441303502221
0.06557474322607848
0.05574232405453615
-0.033046315591054226
-0.044817161917291334
-0.03391765180296433
-0.04339043883472219
-0.0676858873622381
-0.022598843021242297
-0.02539941900461959
-0.07218720157394598
-0.045059203548877935
-0.050689655496915065
-0.03371425177539687
-0.0584266597010428
-0.035561431365485306
-0.054647221846042524
-0.07714275327501544
-0.06390825792266643
0.05963294540737714
0.011599923684901835
0.0772520747022675
0.029592712647752976
0.013884517328144854
0.025120721462890024
0.045855253700825556
0.021036514517425674
0.03801595149807407
0.05134933859352714
0.026609662144307107
0.027711579484865072
0.05818408307764242
0.05849103253438129
0.05468152520881127
0.012912615261993762
0.051082423959720465
-0.04611304395623724
-0.026796920908287166
-0.05568471371668647
-0.008124463256971283
-0.041566544808438695
-0.06382210357794998
-0.029222158042224174
-0.020923658630538394
-0.036610538734738476
-0.05210170012389702
-0.0796869759145578
-0.027806314797334114
-0.045508021266889916
-0.03711441267114134
-0.02707935101092268
-0.04438158242502402
-0.07097520617828855
0.037587598840202435
0.03730603507655207
0.04125116383590952
0.07983285318474707
0.05858046637986865
0.06702549179752917
0.0368814676790845
0.03351051142132191
0.03719516925792615
0.04278641787023084
0.05611655858357492
0.04136189393660166
0.06093524138730089
0.04432663845239042
0.07168187523375438
0.03481958062387519
0.05087410377246117
-0.04633237702334854
-0.02942032906852015
-0.0612962726301788
-0.07426603992378876
-0.09163285080846705
-0.04964370738616056
-0.04857757992955986
-0.033535519774393056
-0.05017804895256643
-0.01534814094588308
-0.0451538700843566
-0.04940095983335942
-0.06458129125324566
-0.026009220976128754
-0.027552046611924286
-0.04799169976217244
0.05472376827593517
0.05471355865758215
0.01923917901447443
0.039884331046464855
0.027248389828604034
0.05202015729716032
0.016417598576352766
0.05713617761864631
0.07294788702194341
0.04231798736643896
0.07417697694792313
0.050308043032678114
0.053034935316756994
0.03370389792260907
0.029888170751306786
0.07253932959366693
0.03539630910126707
-0.01926426850557262
-0.040286027910440204
-0.041666053151164756
-0.03609013369706893
-0.04841711429603335
-0.03460650270610339
-0.02617126072920326
-0.02238056534788093
-0.010000331749026432
-0.006957679134997757
-0.06520881230096218
-0.07905929650409721
-0.05837436500754753
-0.05366968743819887
-0.05010864264755427
-0.03409028172903264
-0.06024616606006823
0.04281285602969502
0.024476136515120695
0.04031569740379427
0.059703622147518634
0.05121032298584583
0.04020055444987749
0.05573557836981552
0.05978942674014124
0.058364801219733475
0.02142539333997343
0.04763591476902254
0.04443652654518122
0.04853335249035278
0.04351126129772607
0.035374589300840725
0.07624954702840873
0.014590514479452768
-0.01440648309642675
-0.047655562162674976
-0.0648143023602484
-0.0304066801526193
-0.0308233047430098
-0.03184360361085312
0.004971686008911784
-0.02835256734606322
-0.017401985784875767
-0.035623265426238
-0.06546837597783885
-0.06680099444654107
-0.05850954239347907
-0.047873606636533984
-0.0526213850230886
-0.053056100104114615
0.019177504787403384
0.023854563523549553
0.02923078603165117
0.048807727277044924
0.011182201471033333
0.06039703972557868
0.04431128320108303
0.06468167657839491
