0.0707409516379234
0.05103997910440816
0.054267389720070426
0.10103356659924104
0.10066724065798462
0.10690111621759281
0.15439653232272976
0.1411197217519469
0.19018176716724589
0.16872347250308775
0.1645965277827444
-0.19818492762980258
-0.14384295188837898
-0.16135937690903393
-0.16196795160730398
-0.11796587742073833
-0.1394404497796699
-0.0964875178704676
-0.07339080649252103
-0.04084090480503405
-0.06325761688488248
-0.019907440365703924
-0.023347619530366195
-0.016830500028862775
0.018307776166270225
0.04204847394626201
0.04693604506620705
0.061109734235261066
0.0768548682108806
0.09808359507018849
0.11065030933301254
0.16798860622808137
0.1167877752141209
0.1724259107279977
0.20716281982631474
0.19622171608873962
-0.1829115134302116
-0.14713106698734996
-0.20591365435254222
-0.14361130928301152
-0.14467745318419778
-0.1145645289450352
-0.10429937081440423
-0.0683363971706269
-0.07164926216490553
-0.04238689801865645
-0.03450899475653558
-0.017013240758524596
0.02510432573301812
0.05588104428196109
0.0034348980028859784
0.052958443525897875
0.08432904181359235
0.055582360572706664
0.12302447532803601
0.11713990561760548
0.12314831694026884
0.147617131991216
0.14740908461940555
0.22380936366356924
0.19376272086977958
-0.19298590800800414
-0.1797459480762294
-0.13741509825910514
-0.16432107584643824
-0.11252933706478374
-0.10500513546892744
-0.09500031727695597
-0.07274293185407137
-0.05107557261259463
-0.04519077426890153
-0.028050811641751057
0.011566656561251883
0.020668599390081
0.027432475139380373
0.014526159424734477
0.07115165170497308
0.09712339404400532
0.11308669335249662
0.09659336498330691
0.12870247540664226
0.13886384244236383
0.14018631722710845
0.15796477743225568
0.17174604318699266
0.14603220687588014
-0.19498461082012386
-0.1790955138840074
-0.13898821166383923
-0.13982896379050902
-0.1466261056390067
-0.11264745729880542
-0.09231448161308894
-0.07754229902202324
-0.0643969643837663
-0.04488854422573314
-0.03345948703457302
0.010756227021014557
0.03464464834533291
0.04860008373002951
0.043769780943468686
0.042870988761078234
0.051935178787168274
0.07924826471968223
0.10162647659603671
0.10564736094776285
0.12952096536415733
0.13042057125911052
0.16962871276004912
0.20232167796424358
0.18542509189683704
-0.2120033458064177
-0.15069252717674056
-0.1491265346354381
-0.14174373899384085
-0.1372237472407678
-0.10594226615536474
-0.06316751195916083
-0.116123884654673
-0.041277497882809946
-0.006343557875244127
-0.02041204303610423
-0.006387243487205848
0.025583281218894013
0.017912701270120335
0.042400300777410194
0.05317721117325255
0.09724914801659734
0.07279626508812614
0.08436296931733259
0.15156294356893724
0.14415462213013264
0.13388006915499975
0.15379521363665927
0.19232276203674115
0.19909616123248314
-0.22196253750772493
-0.1673716177314421
-0.11635611433043236
-0.13514226970774548
-0.12961718779944723
-0.07160056626824987
-0.08301424386334909
-0.04605910357753663
-0.07223531781116009
-0.06278018746615772
-0.019791701600591606
-0.041694551360121464
-0.012403964497626247
0.03390689116924009
0.03141023008128266
0.0776407428435352
0.0560817493574967
0.10760270919641161
0.1063652899491883
0.12818654298847282
0.10562635756410915
0.12929604314227894
0.12516305421156554
0.16698473150739426
0.19438187226330708
-0.1997019766048695
-0.17009901914097889
-0.15363298684416013
-0.13779811638372266
-0.14576979556017086
-0.08446077551974365
-0.09567037885514718
-0.07550158308845789
-0.06284361810986562
-0.039580263259202164
-0.035940045941934576
-0.025567662139818585
0.034430908860438404
-0.02877724424098506
0.03598118738057017
0.02570524668941895
0.03758003059607323
0.09621769520317212
0.13024613811950067
0.08552448501903076
0.13437405691731275
0.13983762370912886
0.16067197509923858
0.17136439896128666
0.18625225177020482
-0.21504366946349796
-0.15417105985855528
-0.15671512877746646
-0.14361796866725152
-0.0904909334810636
-0.1360456331168598
-0.0819375185996675
-0.05037410794929338
-0.12005105972564459
-0.028943660047249044
-0.01326195598760654
-0.020632571415314698
-0.03962526279840833
-0.001948513588021887
0.010877689304813642
0.05417527595372208
0.0661993678905016
0.06023620667469547
0.11425340944510301
0.1488178476506582
0.1530799396828228
0.12064485545698367
0.1579486598796248
0.16608015072790522
0.19742502184224905
-0.20537138132899588
-0.16099895707900333
-0.16378487984289694
-0.1818937401211606
-0.07375574893092696
-0.0947056403328221
-0.09240545593593184
-0.09544500549489726
-0.05649268552437786
-0.051119812320375345
-0.024365446077789316
-0.021845464731710947
-0.012250940790197893
0.012262714196015163
0.006192495595656794
0.05834743826042388
0.0693035155780654
0.0665403049538021
0.1027473782270075
0.11208005493425438
0.15891424885395578
0.14629091119640136
0.19693518993701128
0.16159714660248975
0.17540306683118428
-0.2108330724139122
-0.19952433424645577
-0.18611910420824454
-0.18623167003339236
-0.1268090827532472
-0.11065359615539246
-0.11667477004464166
-0.09411246894769545
-0.07566824535780138
-0.030881380046872763
-0.02509444277278376
0.00042162501873538316
0.026324379635018935
0.007088635871938913
0.04320574914282797
0.010658284975634758
0.07464962246033334
0.08624335107871076
0.09626173207139276
0.12841847787529678
