-0.004224483627107398
-0.018412191843368637
-0.029170699509497425
0.008000327784854905
-0.021827456037278474
-0.010727846646095572
-0.004658769203674279
-0.028332805327294007
-0.011180145253981897
-0.007467641108234519
-0.029214579283340158
-0.018802472937946964
0.002571956036581561
-0.06393414379582303
-0.048528453938989136
-0.060498641925015376
-0.03258611145357037
-0.03693431915279012
-0.014629455956302204
-0.05118930189907654
-0.008482915651093017
0.02225995193169416
-0.05047760857362571
-0.03292927575709164
-0.04674592111971799
-0.05196904103539446
-0.04418310535901334
-0.03419896617556337
-0.03131855961536342
-0.06859825814781528
-0.020647154467381947
-0.04499884748094928
-0.022833272776196557
-0.0630985688371483
-0.0709807187299007
-0.0907106402750833
-0.08776817456593132
-0.03667726332035198
-0.07830341457783704
-0.07374255239399687
-0.04759613665049155
-0.07576488734340392
-0.05344775293491217
-0.051332307060190326
-0.09630627372697201
0.051740595191051605
0.04622862720374644
0.06795974074044565
0.08262831062995335
0.09235222817025715
0.048677960780148605
0.06728393367038177
0.017197858723257492
0.03727946971746962
0.04390608015237403
0.0001342616640671035
0.08611042380712125
0.032365515714296675
0.04106980049556159
0.05620439269805653
0.05177512866129798
0.048198862147652066
0.06914161034526475
0.04126685589325323
0.04769357988840103
0.059661376663681834
0.012388594371863786
0.03843503287300529
0.026242010196003765
0.03308334245644683
0.044265051633312666
0.014997966343157039
0.021557251126359832
0.036499252326190404
0.031883224734145225
0.044987269430150856
0.04789830059128326
0.03903368003367789
-0.005442826638728186
0.022367612000844715
0.005544890220154551
0.04088679556225478
-0.007441968261175231
0.03936399844012063
0.03321698547898546
0.026036404771336976
0.03339808947582807
0.016164636875926872
-0.007743256203262314
-0.0016739249218571724
0.008870835598242463
0.04323804334412406
-0.04345965987735725
0.01813812996585882
-0.02568649671314635
-0.027858384931968773
-0.022294633134459705
0.017253657544542098
0.018958900653344424
0.012423108577410635
0.024357195218073092
0.02019218469580754
0.012423008968285826
-0.028691620625979998
-0.0050803594765733125
-0.01936721376652532
-0.007864001043612998
0.004130781547151161
-0.005490650070867459
0.013770378186048437
0.009473369303615153
-0.020488018148969566
-0.038180987083800584
-0.030719299984776686
-0.04502344771885711
-0.005548543942515784
-0.03410705597324571
-0.022786110876145124
-0.04253344016534418
0.017391232204508767
0.0017098763136086104
-0.02559884435744899
-0.01953098759807731
-0.03409406432673138
-0.04129438648278435
-0.04024743503814107
-0.02269418532129637
0.010871363150684522
-0.06149866340756815
-0.020177000696284763
0.0042521588653720716
-0.0673210943676682
-0.06193568431441793
-0.04308312369821721
-0.05625568803922622
-0.0899830345918603
-0.03139332353136878
-0.04748587672134734
-0.06529837797617946
-0.06764921208186443
-0.05698708340246014
-0.06307010340979337
-0.10179099041579365
-0.08661279133389803
-0.06164015966120864
-0.028660310308242877
0.10117878774545762
0.048895211607271366
0.053710965767894574
0.06291537659657727
0.07914525331952511
0.06749749805186706
0.052935416510764645
0.06005887019939581
0.07431179271223914
0.05237258191061588
0.04030256782451657
0.07121850856289597
0.037332115262383087
0.05697287258803471
0.057328915250889255
0.025964014981479273
0.07138561716487368
0.030588874855713138
0.052775350034993
0.02440500070676166
0.043706746072998195
0.03769488850828795
0.04780122283948807
0.05290936791304375
0.047427337535211965
0.053320089201314924
0.03001218493580414
0.034224048997442955
0.026377356552754635
0.03957783373395102
0.024056659432618734
0.016881908286579823
0.059714405700941886
0.023261181859319392
-0.002479040350849622
0.02394539099946025
0.003733104374092454
0.03087322213226501
0.004963264189055707
0.03352122328154346
0.03248578146072949
0.019497331881319642
-0.03356190783428671
0.014755846568624503
-0.0016375928145841495
0.03576846524368965
0.0116980168953064
-0.013197040139096058
-0.013440997253908099
-0.015542432492356822
-0.000832910937653053
-0.03581261785253071
-0.01722551571369241
0.0009608428317274568
-0.029030660627931665
-0.008495295497524655
0.0012921422415365976
-0.012475501305849332
-0.024438213308387885
-0.017773506074557827
-0.03756842339980964
-0.005786300743209733
-0.0075502165880299895
-0.0015515644110117612
-0.014309842476739495
-0.024555822954454486
-0.017966948724599613
0.008131513465524674
-0.05108416256753996
-0.004640017417667366
-0.02351971873563087
-0.025887869686279888
-0.041273991047304684
-0.013621113627322365
-0.050278457279062244
-0.04504873371685157
-0.03765065506540136
-0.04077742372495687
-0.029839236083727093
-0.02134456622013104
-0.01673873927606979
-0.07653079213296644
-0.060659308835809084
-0.03395852295537602
-0.04047822009039444
-0.0019386707544057427
-0.03490719757302111
-0.011422080497353583
-0.047331275662099125
-0.038473942201652865
-0.0722470831037266
-0.08051905614137941
-0.031076654189840087
-0.08521946784799353
-0.0701039500043311
-0.08664606301158975
-0.07359078491755558
-0.07303141105821856
-0.020541693691246865
-0.05650457537642154
0.05324867059076132
0.011280741241891212
0.05799740930182603
0.04132969248272175
0.08506504949455176
0.07123198355334746
0.04788438293395832
0.07900687583871024
0.027984873486946244
0.07032324502056186
