-0.46590806625233533
-0.4902768028728966
-0.47001468011881364
-0.4937128138901747
-0.4871366305617408
0.487982829566932
0.5221779321843308
0.4845863657044436
0.47332741972070447
0.4868689855229039
0.49665076490245186
0.4585057288769299
0.5140296684546962
0.4779090946378897
0.5048222797676561
0.47476617402420634
0.4839974377338234
0.4721605803462138
0.43992319741820013
0.4786193960403916
0.47803566475341985
0.5076849234218846
-0.5093048470985871
-0.4821017963813885
-0.5310816878988056
-0.4878885969827355
-0.49894553725287755
-0.47505166016174377
-0.49482343805592655
-0.4596299681947826
-0.4885561315002955
-0.4779899210406061
-0.4609434765478185
-0.47201817769111043
-0.464677854278598
-0.4930392303704869
-0.4820864750894223
-0.509109945582361
0.46016296438756304
0.49052324752344795
0.43444739362323426
0.5158805424924557
0.500573331812282
0.5068909834909985
0.46611314069682475
0.5025445059972192
0.5003717377473862
0.452082556031016
0.4681062381870502
0.5058179709789957
0.4566997488003316
0.4873934577394437
0.5082379240712347
0.48336254667568435
0.4671950383727911
-0.4921673998003454
-0.48767946666311496
-0.482492239933194
-0.473243171115357
-0.4962482798405932
-0.5068569165750059
-0.5249876730936197
-0.4834276534435064
-0.4626453026914838
-0.5087136462368105
-0.45840037655986626
-0.4843966957574986
-0.5166197622789576
-0.46327703580265445
-0.47022996078032253
-0.4745608148594715
-0.47164503099753713
0.4838986715044814
0.48257371813712263
0.49623866678300016
0.49789156413132907
0.5253468530645573
0.47088510199285116
0.4824443175201788
0.4663251470840554
0.4575650975968299
0.5008701722895518
0.4544519474238216
0.5153238116842593
0.46979140936848596
0.47692555000627107
0.4694419624373482
0.4390202930509701
0.49113640542288467
-0.47862183376508904
-0.4746690889037622
-0.49755342902956884
-0.47584244113738167
-0.4461125078180225
-0.44166117779150227
-0.4726615737075612
-0.4691189755222825
-0.488433370413439
-0.5182366037757776
-0.4630241798451386
-0.49110248178722704
-0.44809048828298975
-0.45419442676446825
-0.47283045475063873
-0.4749620225201622
0.5029409250158692
0.5102415318480356
0.463096771397004
0.5100185746582595
0.4617128041587663
0.4922149087777571
0.48191716875207274
0.5135212861700582
0.5037164454027778
0.48112965237779876
0.4890121410982059
0.4890278822202576
0.5147334863098181
0.49195251476478435
0.487687651896411
0.46971499132591993
0.5058167536007682
-0.5068701228937785
-0.4757716929357938
-0.4809062332967238
-0.47755765677538753
-0.5048858992206501
-0.46238074652248934
-0.48240734559223925
-0.5035418434660586
-0.47013444704300406
-0.4730544848049519
-0.4785309109133003
-0.5245911258204426
-0.5025988033232628
-0.5104565606923944
-0.4968466242019963
-0.49526947282739636
-0.5037950756318988
0.4804864720047128
0.5017457319075108
0.5100646057300439
0.4855224415858197
0.4924987079333601
0.4978511623275027
0.45252344442751014
0.4813216599370712
0.4964110931726455
0.4814518383466673
0.44358559026163735
0.4547372799648222
0.4893797231715691
0.49117476209126437
0.45023753373888237
0.4907092192671911
0.4801738247841539
-0.46239200004371106
-0.484677496917969
-0.48054312443100783
-0.4995175628597071
-0.4905749558692244
-0.5408001887623314
-0.535637918505653
-0.4641966497788469
-0.4856160455068612
-0.48468742738735887
-0.5142706549834536
-0.5028709989579233
-0.4611530317334128
-0.5007284944291384
-0.5060293452440837
-0.503895641891706
0.4822548745798735
0.46251649450614263
0.45656310550402945
0.46949309560205044
0.45221942376218754
0.47252288378075913
0.46872214354948866
0.4736263064155868
0.4658448182240619
0.48749158839484374
0.5069228345961599
0.5176218135861765
0.4864795173099141
0.48932855490653754
0.47462919473734666
0.48759179411791853
0.507034187048727
-0.5006894865585236
-0.4896785392455151
-0.4889392848156363
-0.4728388178654551
-0.4749070092266524
-0.4786818196993278
-0.47114935044079986
-0.5254582575855421
-0.4622858961513793
-0.5101032289594215
-0.47547073660438377
-0.48536607206997046
-0.4993447386394721
-0.48597709090992286
-0.4724880068934278
-0.47437493313051937
-0.4919806394816886
0.4712141766018643
0.4751244345715436
0.4914582039060239
0.48099350853925976
0.49949556759472574
0.4753411027791448
0.4766656212260137
0.4670105736129177
0.47981482976969086
0.47724414378635294
0.4808054516455857
0.4695172596207635
0.4748594983562488
0.49059577565920454
0.46081385549314896
0.48458978817141457
-0.47614438819693167
-0.5036817306994608
-0.5136800428119292
-0.4942027487633318
-0.5081509963764307
-0.46524143286512115
-0.5110988926551899
-0.501157623372108
-0.5175495183300248
-0.48557086292134477
-0.4777629698138928
-0.4953518929492872
-0.5096645512348479
-0.47574679598235636
-0.44832561320340747
-0.45188485894943276
-0.5138380127997042
0.4500873910176815
0.4707742774097635
0.4999965379243744
0.5149136214265237
0.47402682992628825
0.4968043325775858
0.46080007702176606
0.4631081114420569
0.519473918714694
0.5125914708695264
0.45109559983216974
0.46294584830006363
0.48283727736371884
0.4604729550404487
0.48944877437817497
0.49263929098488785
0.5434810523128918
