-0.009394694126003736
0.00792104420249383
-0.04429648229657513
0.0025411048783244164
0.000909670695398883
0.0402307611945585
0.018804224636376682
-0.026475532046454753
0.03894064756472536
0.012977252381883186
-0.005636032235305405
0.006853685984794116
-0.013309318041933903
0.005717685596899943
-0.016129502534685494
0.03455035170830903
-0.003983349857387111
0.012023006757943808
-0.015235655671020363
-0.015523679761944421
-0.026806912213883358
0.015387216866273326
-0.005012644300942273
-0.0003069601983920296
-0.0055443593659200525
-0.006976445222733934
0.0023361112735335466
-0.010153614986843602
0.024262323064165665
0.010678448683703413
-0.04006752004230761
-0.023826051204352345
0.015396751997566991
-0.009284346498108277
-0.02218457546245151
-0.011243816572786516
0.014217796319159658
0.007638534042788206
0.013294796609972855
0.0270549213885653
-0.002663440787345705
-0.03860676538481255
-0.018491860957928638
-0.030578116847477813
-0.034424452169822206
-0.029760093079143048
-0.014580835951258348
0.013355925181605017
-0.011573502691395772
-0.027133547761127898
-0.02352739153981765
-0.008237411826840327
0.004508562604240086
-0.011332696593332985
-0.05091289963478495
-0.006388287543628608
0.002557875033933999
0.007992023380165296
0.02609585111238078
-0.012726644505094892
0.00976431615739916
0.017239946573192118
0.025483385924134617
0.0145470964289637
0.004754751027855161
-0.01558686057463042
0.005392239386803254
0.013754810365973789
0.0008154304045379203
0.005965643625936649
0.05066429051780933
0.008332638063577213
-0.02165925630510576
0.012677454984644683
0.05256154330374078
0.0010737412813691238
0.017113429781199008
0.004012254698325054
0.015971964750171014
0.010314092380664948
-0.03398151174312846
0.01317378289671256
0.01234819034134014
0.03848853263156467
0.016074558572871447
0.02316071301265286
0.017821382755705297
0.007187548031407732
-0.010639303606457116
-0.0042361861189876455
-0.007864681958553846
0.016284289584182154
0.03287843751290176
-0.01495885418598903
-0.00030413365930210927
-0.01399724346531342
0.04061947028909018
-0.014932877273934688
0.01340251584795403
-0.011361268497115593
0.014537768397290212
-0.011017133348287935
-0.009877288290860597
-0.0009728158176529255
-0.004688323663622936
0.016817639476332
0.006585829236376344
-0.02072195283673062
0.025417693529709146
-0.030326912557748678
-0.011282290496282966
-0.021186733839036805
-0.011769705277663273
0.007336129133483511
0.0030361343197052564
-0.022973306452573707
-0.015208196088798186
-0.003912052134694583
0.009399729843587267
0.012403398175665218
0.04036866645986203
0.008002336323342867
-0.03802144809667842
-0.02125743405549506
0.02359164565673314
-0.02798447181449217
0.027539527892968034
-0.03504252550323585
-0.009738779809574594
-0.0065524112377672505
0.035719857555555394
-0.023528955655281254
0.010038649270399328
0.015524014810502588
0.021404349416596177
-0.006713750357020621
0.014595304244522489
-0.027770458508289582
0.01879409810766057
-0.022258665908326068
-0.035814490735736434
0.00965292086321454
-0.00662486332411644
0.010190542160449682
-0.027723744398256235
-0.03112169666321666
0.010090618119738489
-0.019300550283337638
0.004369806631890473
-0.0011150835939964972
0.01871748026338406
0.016178702002169608
0.01743074193086747
0.01812085104148094
0.01193451255108502
0.008305890244940432
0.019978172766960647
-0.0050938272032185535
-0.03151796937024105
0.008654433171338783
-0.009647265431567891
0.03587211092554752
0.010488345021769797
0.005262907922573967
-0.01583217514490718
0.05368565747089051
-0.008163847266425587
-0.029415875162128506
0.024378765392492716
0.034973259135382344
-0.01039417409399386
0.0015354309037566528
0.021446078085419637
-0.03906276518135211
0.01709203041866989
0.00223532425322633
0.019652822665918293
-0.0015046563436687498
0.027535654726378752
-0.009026037383629662
-0.04026397670429005
-0.017179636627946335
0.01880417445421027
0.032675232507819826
0.006822315720535269
0.008483358052785587
-0.003699844037579631
0.021483281617273926
-0.004019636080760759
0.009627167642757138
0.011395636512992552
0.015412674121560653
0.018643213668545378
-0.023033179262762035
0.021315459904053792
0.007041673214299597
-0.005954943806578619
0.06190524605039565
-0.011392077716254265
-0.0025442405486713077
-0.010699078716168008
0.014311280067604251
0.025179300106234984
-0.0285536622963245
0.005723591285374607
-0.00316809653483764
-0.005968333135117694
0.012484580055787092
0.0028485778362785197
-0.0004061455969910409
-0.021190355276599307
-0.0027648694609932033
-0.0012162308724562006
0.005360443204883504
-0.00934260515389039
-0.023350862584024107
-0.008351265450886217
-0.007674678848571294
0.020842662983726223
0.023547062850815308
0.010112143085350429
-0.04200232807082254
0.006748279162237209
-0.04155324365173623
0.019078287957032876
-0.041377840636892455
-0.009372310432203303
-0.0195380799529722
0.010471323907159616
-0.013237780694017879
-0.021538323519019326
0.013500468788010082
0.015531030554013815
-0.030679127441502217
-0.033242760797963324
0.015747238660305203
0.008161509719815763
-0.029399539295084712
0.007905390769141794
-0.04011054783128942
-0.007506864155139914
-0.029999890109729185
0.0033762341217815385
-0.02630277672929937
0.030755998812832155
-0.026568268854159163
-0.06212504098601958
0.00047637498083239003
-0.0037952619719660613
-0.03024263676774984
-0.04112857541592721
0.007622215081965606
-0.03542771117319354
-0.002447252819195717
-0.03438486136496684
-0.022710485931406902
