0.0537499320408275
0.09002644975066271
0.04630477637822498
0.1809895033143178
0.12840191992478073
0.07297419295674279
-0.02350533974172719
0.08839813060568524
0.013196284358577913
0.06946901566200489
0.07524666774254388
0.10760937491331835
0.1957828689443007
0.035076217531548166
0.10578042251495325
0.0483431579100865
0.14277788525431553
0.12459006548365
0.09236850468603264
0.05947055391006465
0.05644826030341469
0.1198302525093538
0.08604467268267446
0.07583701974434659
0.11554590994998021
0.11068578342526436
0.15188355329113748
0.15099716799861163
0.08218383945089656
0.13169388493062495
0.1816499068963497
0.11756824942847958
0.04608135605859935
0.018925381902776327
0.07309580583307476
0.152831164159613
0.0392015122324363
0.03947936944609414
0.18007972110928
0.07958710731948404
0.09849227987015576
0.024205999702542245
0.11306363891188816
0.17760681325894473
0.11632161877878996
0.14195675973113764
0.13629247063582256
0.12789469373514337
0.06707742029303754
0.09980442954851763
0.1264662154768723
0.08189537783600322
0.06511323919905367
0.13627117233710342
-0.007900197782172406
0.09159145827525578
0.12389789042457719
0.06298725458910383
0.10746991207694309
0.10594355376713345
0.1194350579913065
0.1351399627907322
0.10545371126587852
0.12240927367120492
0.019948495222701916
0.015943447392889023
0.10699015040452947
0.07042911354719988
0.12843867872245623
0.06688818983058568
0.11938068537098694
0.026770097259865386
0.1387614111305751
0.11555484261278469
0.08789241464483999
0.09737721620316574
0.10307611002838692
0.17060585458525235
0.04277140943810391
0.14870010085322832
0.14713976740308526
0.11580263206207357
0.1269514057118422
0.09325823995935274
-0.03898460456664676
0.04222957682318987
0.148330358156164
0.13251499551906207
0.17044605273544963
0.14897995800305133
0.12134343921840636
0.11757993862048058
0.039836545110136165
0.12077912787592518
0.023166927656319315
0.08346350964568439
0.012958936399943858
0.10558400510467351
0.16244098274313837
0.10819488958205908
0.04401924332373452
0.14680437836821053
0.08858712558368814
0.036487238801437
0.054201046945810676
0.011962069574937013
0.12210676584204615
0.07737258947162381
0.04373023968619663
0.021548954041456285
0.037264674796614994
0.1660347407747619
0.04094271548586715
0.13154791384898906
0.14882037250364388
-0.003807962759866371
0.15769441918808022
-0.009999492779325303
0.10978076862279362
0.09561130804125567
0.06081627898280479
0.07472536548396272
0.05011478282685221
0.17766877864608754
0.008276898962634699
0.12953357015012815
0.05336421924819765
0.10190847079262177
0.08716927307507748
0.10011734866235879
0.09802275810168148
0.11686555515239186
0.13427191772839686
0.04083756390820665
0.10236231668902959
0.016612256896368804
0.05795792937749266
0.07392759667298812
0.07197597669604432
0.12467761815170035
0.03915232816589652
-0.002513700076702199
0.09626704693474294
0.07596173685730521
0.1024084093658616
0.08232706055915527
0.0055433536520762515
0.042309502764551005
0.14857788302169597
0.05012586789728563
0.12335546848485637
0.13591827425653288
0.15177847720906965
0.02189119114199004
0.14128419395354333
0.06537501985783749
0.0881347326508661
0.015154137205870805
0.12964484782824984
0.06235123243525764
0.04015496473183515
0.17347138908434406
0.11694916406356548
0.050770438876801896
0.01595157246805593
0.039842645351391384
0.0847549216683794
0.028739444101407937
0.15761366683948125
0.038629471224857014
0.09134854628865927
0.06735402546721685
0.0738165884008232
0.1278941787718081
0.01689687177207618
0.08863710163173051
0.04939038445357628
0.018042772859175313
0.08610193550598272
0.035995805511948045
0.08355480468341708
0.05763071111986018
0.14931589806190665
0.1378386541420123
0.05299032785779029
0.02836742364264062
0.09495402794278224
0.10193026654896238
0.031376667565622844
0.062421097911793726
0.11837075253747849
0.12542899167010685
0.12677544996989282
0.005080541833242681
0.05338097836753115
-0.0003644766992471453
0.09844172498881187
0.1203939264836946
0.09688976400532111
0.06345174379975492
0.14645312341028116
0.11034264886672908
0.0949053495504243
0.011414187406844195
0.07607666986766118
0.11065314765783882
0.11579662824082608
0.09524922771881505
0.10710399318409566
0.029239577499481584
0.05510832153129017
0.07960158925321234
0.029605262425364483
0.0823149722919482
0.16450046186550277
0.0846564760719915
0.15514437096373956
0.12354114316571008
0.13731390320673542
0.10423121740964456
0.027881887331172472
0.03655596174701569
0.04115342068917932
0.014039073635505366
0.07062913307916974
0.04795550910724758
0.035701263003611004
0.12386501762648049
0.050933744020265556
0.09593986632833915
0.16058410972518314
0.104677002508067
0.05032176816583135
0.06556768856500005
0.030547542165159473
0.11122584696226702
0.032401383842305655
0.11800941277852037
0.06387532937904042
0.06747090979495644
0.14966821168477765
0.12133802814193606
0.10416705479466037
0.014048689999453908
0.12541722698822172
0.03221454402925348
0.15388694352175022
0.06552422655953734
0.0465525080175984
0.09617051447025117
0.09789263894909292
0.07034501242052596
0.05252997317305765
0.11940786378515432
0.0459543709280212
0.1010984477040957
