0.5225940418984628
0.508159500347287
0.4862366223771678
0.5140899586105935
0.5017838702288296
0.503993329933577
0.5037028761046402
0.47746402491787115
0.48011075649646345
0.4807924385009906
0.49534841997036094
-0.5034043454503898
-0.5293693023418546
-0.4779502545114312
-0.49572027204828156
-0.5353135463705427
-0.49511716556763863
-0.5225870445337479
-0.5101633873287614
-0.4813910564394866
-0.5068321068861988
-0.5110781596797022
-0.5189878619467947
-0.4932765041404601
-0.49666324803748374
-0.502855166632971
-0.5365255315677518
-0.4847507691836657
0.5126219338375917
0.48163515292746456
0.4803859601414028
0.5002157419765447
0.4703314044001345
0.48174834612746464
0.514978380130418
0.496666751861832
0.5150367498361014
0.5089771366818088
0.544148361015551
0.501617636372436
0.5064284879950949
0.4825424041043161
0.5333938524568966
0.48101166805566653
-0.5230085473836733
-0.5178462649830899
-0.4949456846912628
-0.4981176494072402
-0.5044729733280706
-0.5044820794316568
-0.5612139614249816
-0.5157065354744822
-0.47401235941488307
-0.49033340610224085
-0.5090245261048927
-0.5249742358576328
-0.5072580447380911
-0.49604807528618067
-0.49934187784840584
-0.477829678434186
-0.51256845422483
0.4667185402141492
0.4776041536542504
0.5395647915791657
0.5021034589786174
0.5045605267372789
0.5345099690613025
0.5254658424692665
0.5513450468355272
0.5042329297290035
0.4727678098626491
0.5009740380480368
0.5576865194541719
0.47311586467833244
0.5136709717843349
0.4893809880527702
0.49801433678669216
0.4890596943351507
-0.5276242566985796
-0.5219653315239184
-0.4765352956878402
-0.5112805496857897
-0.5172192868760483
-0.5019761511960873
-0.5032558416596684
-0.5086043704117515
-0.5151015949475145
-0.5416217552555631
-0.5130625760350922
-0.5198438236437899
-0.5003089006073141
-0.5134194373982935
-0.48020518644059995
-0.49665437431996085
0.5152979741120306
0.5163103340414069
0.539717386368046
0.5128199618981717
0.4771619976555239
0.5187462267558538
0.5050508416973825
0.5055697564946208
0.4918106927871141
0.532962696104505
0.5073903019299593
0.46707344903594306
0.5077951224491039
0.5038865900883912
0.5243072415240428
0.49823403754315315
0.47562726560558466
-0.4831703194610907
-0.4979750324558446
-0.4714049413058712
-0.4697992151316541
-0.5137317663708758
-0.5045519467564656
-0.5032766900387979
-0.5536148765597737
-0.5033866118967932
-0.48053188050380513
-0.4908531778294187
-0.5099657325440264
-0.5053457747417309
-0.5147926998407699
-0.4824979230765616
-0.5287227491508332
-0.49481352424908326
0.5035472831496678
0.5009498641514571
0.5268402316844726
0.5030039537515996
0.5060549604474045
0.4970287374927014
0.5289476693479805
0.5104766617318901
0.5432380376383814
0.48585807843066264
0.522194035066815
0.5217609176871112
0.5196495995534521
0.4932310388806784
0.4932996486819708
0.524333632190852
0.5037367470142121
-0.49317456300691387
-0.5280710205251122
-0.49393356299657365
-0.4856306938940151
-0.4865382358248781
-0.4932467445990956
-0.5039988198185784
-0.5642413438077569
-0.507785861894446
-0.5228380699622192
-0.5222902886670312
-0.5268517306588943
-0.47337746260995744
-0.47976216673483163
-0.5251230305994647
-0.5132118278275515
0.48858796284023753
0.4860368404295078
0.5045820704217179
0.5279164353063205
0.4966704848997424
0.5300117853101282
0.5212750487585619
0.5036800073350995
0.5126870601409315
0.5171572685528417
0.5108423112135869
0.4812453989256978
0.4896092916067641
0.49925605287606734
0.5048570613993516
0.49262616349274896
0.5154624670099995
-0.510588186117025
-0.4826709048885544
-0.5064928635055157
-0.5085867195101971
-0.5091575582332923
-0.5118064707608648
-0.5355588704147509
-0.5173025427146668
-0.5083511034281746
-0.5278851771980577
-0.47934675125126064
-0.5306214100143398
-0.5071817755810845
-0.5173583239837058
-0.49199699654087387
-0.5212969026532212
-0.5198063728030465
0.5365245516075496
0.4934002960271842
0.5252267128434339
0.5187612362938425
0.5098429068255994
0.5259604887290558
0.4802302466585479
0.4682656260783943
0.49920683570726365
0.50452824410138
0.4879760205083987
0.4993816258242752
0.5181189036302136
0.49706901006910376
0.4923533237432554
0.5614711553814205
-0.5440930363382462
-0.49575507244215694
-0.529763270229556
-0.506507243303079
-0.5395423673357503
-0.5222094080303119
-0.506613985487425
-0.5341480022011293
-0.5157226415485144
-0.5028867269238273
-0.502451142867335
-0.5326831633672195
-0.5115466586302715
-0.530859045503249
-0.4624646684755083
-0.5398759950889709
-0.4859291620379748
0.5227884133230365
0.4971829136934138
0.5269477133207404
0.5002915971060536
0.5196381185911199
0.48607304450422617
0.5148349768835379
0.5260677880991277
0.5080170481238291
0.4954377777650057
0.5058389109272752
0.533636852306941
0.5304139533115518
0.5100735013533512
0.5183831637151048
0.5016457424695485
0.5140848064239598
-0.4965482947936853
-0.4815073005626324
-0.4792822345497923
-0.5104072771055868
-0.5123863551877141
-0.4750167492684608
-0.5080594555755094
-0.49879576937817194
-0.5064673751084303
-0.5060529477513204
-0.4733843805912102
