0.8888547277932359
0.8877051602310699
0.8924712116161785
0.9253566817490019
0.9034138421119671
0.8810030812809281
0.8951021941270478
0.9238766089480678
0.8910312543297508
0.9053632549154714
-0.9025198407087954
-0.8769241459658218
-0.9654958466098416
-0.9150649477726857
-0.9165837772636161
-0.9308713691898012
-0.9190993990342221
-0.9182634721147899
-0.8966595831729056
-0.9099982026519448
-0.9034916309902986
-0.9109985429592554
-0.9030069654364389
-0.885379659528208
-0.9257146325950073
-0.8815320497761547
-0.9278152291249472
-0.9083415268966822
-0.8733573572188212
-0.8791336186992746
-0.9317543754458157
-0.902494924285901
-0.9039229196814268
-0.8902256955831281
-0.92797152993435
0.9080430239214574
0.9105519121317358
0.8636205525348318
0.8933274941872495
0.9245395870238408
0.8980798387581482
0.8992915417451766
0.9352985030245292
0.8936273022545337
0.920327650924225
0.9281297372035424
0.9013755123445455
0.9255901754770816
0.8541166027438243
0.8625908730895776
0.9406449634649312
0.8751885171783387
0.9071711411185157
0.9053794981920938
0.9071483067734489
0.9284158624672569
0.9046555592458331
0.9141304072017388
0.9605594835023473
0.9280975252249971
-0.9109741793139478
-0.9184194941049816
-0.90406949900046
-0.9232776257237061
-0.8824302130512709
-0.9022593026297927
-0.9161970983393762
-0.9267429173551373
-0.8579129567521575
-0.8606002074797472
-0.9081899173012441
-0.8555359357160914
-0.8671904021728865
-0.9091297398084958
-0.899710552467154
-0.9511777296374476
-0.9005021939980961
-0.8773631733267226
-0.901739347481115
-0.893290707690093
-0.8985708198952568
-0.8817059282941754
-0.9100615513211117
-0.9039517965146845
-0.9219019416546768
0.9079618022608954
0.9419325619681979
0.9057127592739046
0.8953161001930872
0.9033210839935237
0.9107241695020901
0.9573266183301037
0.892784165607238
0.9124941322275704
0.9138771384232933
0.8678850576355184
0.9208653908395315
0.902483888228033
0.8992851045831715
0.9065610622505244
0.9268803301497236
0.917626003639613
0.94545069284487
0.8832469013602924
0.941799587693493
0.9198665711243749
0.9012554453657546
0.9197473328385329
0.9331330388162495
0.8509775564711467
0.8868674600564649
-0.9208493910473372
-0.9176442529628304
-0.8980642520629064
-0.9285159066007248
-0.917603451602342
-0.9008246961901933
-0.934113759853253
-0.9222803502385162
-0.9274420509029665
-0.9271957214780484
-0.9181665581487409
-0.9214278223884551
-0.9357966032784808
-0.9012640255154364
-0.8773804869728496
-0.9254774226641231
-0.8972236559043995
-0.8895958389030512
-0.9172799511391104
-0.921212465547185
-0.9326768572883309
-0.9136381371840756
-0.9073059897206146
-0.8642193198886252
-0.937305761724718
0.9109765294337417
0.9281083745414613
0.9196150700482179
0.9091736929502305
0.9244008461203836
0.8839200983309261
0.9270225111150666
0.9026911628242363
0.8943390656451888
0.9274149146297128
0.9006274376175758
0.9133904959117634
0.8785939573893256
0.8951297878196725
0.9211635657478553
0.8865947771294369
0.9030254681775429
0.9072218851303928
0.9406367394879589
0.9116848200535826
0.8559766414994924
0.8926732169925788
0.902295111215794
0.8917786310867711
0.8918475606454752
-0.8915272922703402
-0.8955266956497099
-0.9025594152590122
-0.9007624363708429
-0.9499088745543185
-0.9122733664982222
-0.8843996669074042
-0.908164812929008
-0.9347653845974884
-0.9035777896698747
-0.9168430215956179
-0.8921243010838795
-0.9132188898414617
-0.9105234691810198
-0.8938777286768441
-0.9029083407598465
-0.9093274705195048
-0.886325602672518
-0.940710945122309
-0.9187360300171736
-0.888227273717754
-0.9035618392012916
-0.9298953768055837
-0.9043034392198473
-0.9249260463422945
0.9310979603510814
0.9372138795343606
0.8835518369968205
0.8881437633124419
0.9140551689824191
0.8776128552622525
0.9314451770287557
0.9062482178855487
0.9242684599852664
0.9273536272408684
0.9082200846383591
0.9147593768122909
0.8931765950702191
0.8936990709952891
0.8588726204436289
0.8455614174015955
0.9083562740887217
0.9503929955711853
0.8903695181493125
0.870263682905286
0.9256643481408268
0.9022234463757844
0.9253049002403785
0.906582516374105
0.8881058030812677
-0.9114884655326461
-0.91903304502733
-0.885768969464336
-0.8891291780802563
-0.8870184634787882
-0.9071286679696084
-0.8777530510193121
-0.9283500334422722
-0.8836436282316024
-0.9066135773902079
-0.9084746083885032
-0.8907654063145936
-0.8869613344458169
-0.8895201856353455
-0.9101726136767522
-0.8959298678370249
-0.9171145567393142
-0.9335022709545102
-0.9206116126201385
-0.8926850846573825
-0.919817461571554
-0.8890362138582197
-0.9077188343315705
-0.9140939126524186
-0.8849500845338693
0.9360387230254485
0.8832727418321124
0.915583983408502
0.9209791491265146
0.9470834879931085
0.8860611863924753
0.8831015941327619
0.902135143058025
0.8799643362804725
0.9461834153730619
0.904529341421193
0.9258921309874389
0.9032405359130192
0.8704211782323642
0.9051573750892341
0.886723116337228
0.9398976837286497
0.9180320478552919
0.8997096111491801
0.9063473424795603
