0.09673500918147608
-0.014025772836185071
-0.030924266506936488
-0.025439809156720117
-0.06306772436264252
-0.06526578972813446
-0.14864933349823836
-0.1554477539361347
-0.21526676887304044
-0.21797031901787087
-0.270193987469301
-0.24961869399576309
-0.293014564125869
-0.30404183672428825
-0.3915812753578985
-0.3886148331391298
-0.4107550277031383
-0.4449406770301585
-0.4845819380889815
-0.496735239409709
-0.4651258454238646
-0.4711638198950032
-0.38564060267696254
-0.4020333192780667
-0.34062844673298054
-0.2810208816932586
-0.29611091174311366
-0.24093856604674374
-0.2512721121954199
-0.23026249302330473
-0.15063719072775003
-0.11984763113022782
-0.06459487626562836
-0.10127314845017843
-0.05743915157451638
-0.006822396113712997
0.03446004154533791
0.05887633120343029
0.059536818864106625
0.11122899463971457
0.12565557654839254
0.17162337090338542
0.20907759171283627
0.2270320358300064
0.22715909782192908
0.30643493106532926
0.3186775816295123
0.3163439597389144
0.38146454029606003
0.39631403451237246
0.3983804453581164
0.4755420807987048
0.5036721305586963
0.45495169724004403
0.45275578492256724
0.36311087682306337
0.3620504354909223
0.34840103639093156
0.3142385520806308
0.2731443828618655
0.2503320774746535
0.23038599098260723
0.19447211452211005
0.1836410578623464
0.1207891356959095
0.10978948653928626
0.05580268280373152
0.06368018062216954
-0.007764329310940749
-0.028324095910736622
-0.04564034477635671
-0.06413811555495641
-0.07712349121751606
-0.1343740556411831
-0.17127238850692206
-0.1757427809739053
-0.22840150599537193
-0.2571567999723024
-0.27607361252482876
-0.27210414950363054
-0.33485152217742165
-0.3518867357531736
-0.41067668762813353
-0.42879226537026743
-0.4517611362801035
-0.46618764538007923
-0.5016890259834826
-0.4349869530561441
-0.38313197466258675
-0.40980933606817127
-0.33899858280488954
-0.31669238238392483
-0.30470845320337187
-0.28908353865730707
-0.20784257698609018
-0.21574077021481614
-0.19597810914285752
-0.13127876351175086
-0.12781999508005032
-0.07412491411710301
-0.05777675925820592
-0.039663122585315826
-0.05271221937406372
0.03868278773744315
0.0583776907936052
0.08711135561467954
0.09893020010556423
0.13922102672998185
0.18895090131286385
0.19415872973022158
0.23741489188762038
0.2650926692303818
0.3315755972565155
0.28233672169125623
0.354970850611143
0.3835125473013299
0.39695735900094486
0.4624923575748163
0.4547816948434484
0.46563785108683897
0.4825217232517235
0.42562449945815295
0.3992017391097242
0.39735566765613295
0.3075731649777152
0.30455433076605953
0.2701786916650437
0.2490441791757937
0.21900232074242001
0.19006449475541742
0.15587063733410336
0.08872708603464882
0.10787548230542125
0.077421501089454
0.054136014475369545
0.023836333548741186
-0.0028075213594245634
-0.06036430189587391
-0.0687618869526623
-0.07712232889641969
-0.11506670190387694
-0.13471356670223172
-0.1826777680245925
-0.20882902136266573
-0.24906576520964563
-0.23764664475820269
-0.29719456923030624
-0.3155404876160368
-0.3744659490174459
-0.40033196167445223
-0.4233662924363196
-0.42499837264649404
-0.5236672193777943
-0.48689721293758725
-0.4412987628971008
-0.4044420742140209
-0.39416739661294364
-0.3719671261963712
-0.33477421307250527
-0.2801742153057369
-0.2658892043254357
-0.22052863821183966
-0.21940940425253475
-0.21089393395630374
-0.15095130781647312
-0.09791358873016105
-0.09600752578874933
-0.05108699199432733
-0.03193489289179089
-0.008380812509017706
0.04734014527388998
0.05758250602745514
0.07664062970749479
0.13005371039331695
0.14611121600748642
0.18012344333251123
0.18794608986504116
0.24314209113005322
0.27361504980287316
0.3145477208761298
0.3433965590613352
0.3346516104483862
0.3929858943688751
0.38878445456199756
0.40478620380475183
0.4582245363735976
0.4906007720274349
0.47099625703603354
0.4332621841316918
0.3947899986476248
0.36815857795932705
0.3333703655815283
0.29228423986696295
0.28184128447794055
0.24209760087142013
0.23945908113011316
0.2122351931776842
0.1236669333005414
0.09784112382598881
0.12554059375427168
0.038523401140156635
0.06640988175679169
0.009958174639427199
-0.01733942035624736
-0.030718069849081174
-0.07032606361953245
-0.09283257533400475
-0.09204917678763774
-0.1366966716427072
-0.16842017444218566
-0.21653089360006603
-0.24296693241501147
-0.2808143226534577
-0.3198595771886176
-0.3358894012158873
-0.3775539389278284
-0.39652576037865006
-0.4263953318551416
-0.46149898503499226
-0.5013479603231158
-0.4609292676386194
-0.44508646874559926
-0.42925459297595203
-0.3753168241283033
-0.34191519256609215
-0.32985618810752815
-0.2764369891642967
-0.2771008625038459
-0.27124361770268746
-0.19557458839260317
-0.20820633051088333
-0.13827628367095257
-0.07295169536380686
-0.06357296308715796
-0.04451554053668684
-0.03396566134934507
-0.017287219758395693
0.0062437146020577275
0.060561272023455744
0.08670567625850377
0.1551429920023958
0.1239958136317552
0.15980490863674213
0.18807352266209304
0.22663612483541024
0.26012394879291395
0.2858403740301472
0.3034893686703608
0.34443345084120963
0.3777961840204989
0.43103828602684
0.46295989011692307
0.4955051027467966
0.46979768056157867
0.46492101375016837
0.39317005046381165
