0.5959411346173784
0.5618206982774827
0.6098081114572523
0.6221890128278328
0.5673677291376641
0.5732130103648235
0.6025539714847854
0.5603290033879346
0.6030074707292291
-0.5963590175807155
-0.5781467908296897
-0.5563803071712773
-0.6032946215696344
-0.569286061614582
-0.5801274478261335
-0.5452881638637777
-0.5990096532726511
-0.61667208955449
-0.5725322262711806
-0.5660603765103471
-0.5317049626437591
-0.5553695334069881
-0.5591822952706402
-0.6094847656378879
-0.573153982788028
-0.5772825707208588
0.5818866327464072
0.5817424086084549
0.6070650885940886
0.5878912686198667
0.5717611016943076
0.5911617810540759
0.5787693912360733
0.5891327989028076
0.5561724005361846
0.5994468724255357
0.5904076784914495
0.5917893443383409
0.5764854198748466
0.5756925748769965
0.6001482911799547
0.5650900316294947
0.6026477899962692
-0.5718977662039726
-0.6051776283170364
-0.557380533227026
-0.5560531729689815
-0.5923004506166432
-0.5689641262597044
-0.5464104076034141
-0.6003645084512573
-0.5714103311758333
-0.5320264228508742
-0.5966868171966221
-0.5860770238602759
-0.5905536632232091
-0.5686212456153693
-0.5696422674053342
-0.5677910273995015
0.5935271891433326
0.5908809062372673
0.5465582026551891
0.5778395466027186
0.6028564955879453
0.5486196149663106
0.5829010956539409
0.6044495666881947
0.6008056050018887
0.5543728287068552
0.6098386827764628
0.5520626381387869
0.5979310712426559
0.6157553755600027
0.5607483733206048
0.607271448215469
0.5871108359141689
-0.5945383479533807
-0.6024564219169453
-0.573608164443631
-0.5816637433309932
-0.5798305609223948
-0.584061883937067
-0.5533802408237957
-0.5612055545854423
-0.5559243319061166
-0.6063948901102242
-0.5659330974708433
-0.5538127492818616
-0.6114995727951527
-0.5828316364240433
-0.5509470960650715
-0.563316496716647
-0.5484128105670973
0.6006505911978068
0.552697522084905
0.5763369018198695
0.5873655214246027
0.5398836754529079
0.6087959102693734
0.5507300887869856
0.6099872909137125
0.5473822546441492
0.5865979270535406
0.6147589178585178
0.6132942379368195
0.5783247111077388
0.632031328560704
0.5597776116543538
0.5660346143357617
0.5498148834059493
-0.5925511203536995
-0.5766038623803456
-0.5986875016224825
-0.563247803688321
-0.5505058782013836
-0.5941780528396245
-0.5685636544311337
-0.5816607839001701
-0.5525469797438227
-0.6047559630510122
-0.5407525014157799
-0.5629261033363376
-0.6041463152159101
-0.580265172977444
-0.6046190020943477
-0.5709341676650609
0.5980139086193756
0.5698250123922457
0.61661223743783
0.6115652198864543
0.565195386258334
0.5739765125687757
0.6025257716895903
0.5844788911001368
0.5884392204429847
0.6110962071790856
0.5520514844434741
0.581380142840908
0.5912177025345056
0.5842848059780521
0.5691655782129013
0.5934112873575843
0.6162337190551732
-0.6133306152797018
-0.6085703176552897
-0.5737451337425954
-0.5934409421356117
-0.619008647035561
-0.5412312139102805
-0.5460909466202578
-0.5870490160750595
-0.5738664343830939
-0.6257774618813069
-0.5590003491695132
-0.5557889939556964
-0.5680256385796585
-0.5848494346506615
-0.5846691876942647
-0.580946469151419
-0.6020018516193126
0.5443000255412247
0.5776948700203968
0.6078851955065625
0.589435612811232
0.5756599413962484
0.5674262066501258
0.6013151891593885
0.5849716433280434
0.5982817618255921
0.5667723754912316
0.5973197166510134
0.5625412945309664
0.545984735594263
0.6070248238105763
0.5851083437947775
0.5664802293102612
0.5876845358993286
-0.5493782531473786
-0.5880761224352907
-0.5855995281394386
-0.5752802099881519
-0.5716704226705754
-0.5629878417548351
-0.5891286462952608
-0.5722290072014931
-0.5792211618536719
-0.5411934149988329
-0.5790515956881173
-0.6031417396329822
-0.5679149865646538
-0.5876855267160067
-0.547518619244101
-0.5589726625714292
0.6195357847062375
0.57333361262649
0.6124782559241735
0.5636403005846432
0.5936374142527854
0.5827921653680319
0.547921474007208
0.5503724138414081
0.5715700461058719
0.5919223566530376
0.5732344517467054
0.5687913424593173
0.5960386234854217
0.6199883457957508
0.5704656027719854
0.5685704968540721
0.5865418315862105
-0.5494212656199245
-0.5735352228995416
-0.5740980260351494
-0.587840026014333
-0.551774941333477
-0.5489320311149458
-0.5931115092097695
-0.590523845859942
-0.5414870954623189
-0.5992192223323941
-0.5959125547708396
-0.5765936508575646
-0.6504739207401675
-0.5370808542801682
-0.5690289290038051
-0.5699943604443289
-0.5744184283272833
0.5638098193832756
0.6123657612526333
0.5661170807674425
0.6136292723867891
0.5800231894723118
0.578767234125737
0.5550228363405907
0.5722417710801886
0.6060033324388394
0.5998718130818907
0.5823862186758673
0.5915345043563538
0.5722059691895385
0.5452022672605468
0.5525262698017441
0.5797463912172964
-0.597584282401409
-0.5969033281077759
-0.5496901880018298
-0.5752237061002893
-0.5866788337982672
-0.5962883674895642
-0.6072630833269659
-0.5718532852997453
-0.6014392217037479
-0.5598295235494019
-0.590670234972515
-0.5998963519657365
-0.5784219311204506
