-0.2070659077819266
-0.15373362901465065
-0.10340464200527733
-0.04641776730495199
-0.01529378021644099
-0.03135475144218189
0.055467113730214866
0.08969743545838565
0.12964868595420745
0.1598314583826337
0.22507624040953803
0.25798988679914536
0.3080946851375006
0.3328607875338001
0.3944240215167466
0.43247107645372995
0.46441897649938685
0.5275179629328328
0.5404902466796416
0.467872331638725
0.4157353195259962
0.3770601677522965
0.3381735123865885
0.3144216333080586
0.22511559219744742
0.2078770362647175
0.14607557753387723
0.12767477746296393
0.10024295299479986
0.08358201206579621
-0.028100077920101316
-0.054149171444695124
-0.06266400404169788
-0.1357268302749584
-0.17519003934547048
-0.22215163591057258
-0.2566447526788146
-0.314791809317311
-0.32218407776056673
-0.3964243666110944
-0.40691940157223616
-0.4795526856517698
-0.5104820312492172
-0.4887751093891892
-0.4901994216091566
-0.42075371900111097
-0.42376411611769144
-0.33141692894404795
-0.3451759643323127
-0.24709447227190054
-0.21927912357560486
-0.1545120794421491
-0.13562855477243574
-0.12796133118231098
-0.04985115008374158
0.00860203243295969
0.012016551438081662
0.07887803214897024
0.15911790345618074
0.17734223623670667
0.23053492953619423
0.2708703843098058
0.30492545958398093
0.3853705528298701
0.3845280921298238
0.44769266561684706
0.480648226142631
0.554498816456071
0.5461300806204761
0.45668210121154545
0.43614397689309536
0.3694888232210605
0.31384995550593847
0.2910590531291305
0.23290481505393174
0.2210446206116132
0.1927992832929378
0.1171781285424388
0.09187493313575905
0.020846867978204866
-0.0414230586847349
-0.045159776207031405
-0.07763142845021756
-0.12489551012717998
-0.1704056843784155
-0.2254800264231524
-0.2763461804977256
-0.31244610305599635
-0.3745310758034657
-0.38182589234805897
-0.4794403674735441
-0.478333962064663
-0.5134317811893045
-0.5238109504763686
-0.44039446252154235
-0.42677402657290353
-0.3776370945290877
-0.3269504541420709
-0.31429097943037837
-0.2354965634117767
-0.20690227774572484
-0.19595210406396163
-0.12008145065899166
-0.0682250514298983
-0.048367498253657056
-0.02131504394996261
0.03643471125999076
0.0997632908270987
0.10787708337422686
0.18200084351119286
0.23828437781015105
0.22065618565549888
0.32064110226746917
0.31538642499078345
0.35594971022605615
0.43394316111708175
0.45310879236869045
0.5107280690288063
0.5399620550885139
0.4769898796920882
0.4433945508566288
0.390031542726247
0.367418161185444
0.3138637939207293
0.28812415198841984
0.1972258831128497
0.18473089890352506
0.1325725613752314
0.0902660087167425
0.025336408524046436
-0.011168991850218187
-0.04583782880248257
-0.06956302570916824
-0.15331186148724074
-0.14847078027603972
-0.1910237863943343
-0.22192016842140852
-0.2866843652952641
-0.34523696846964735
-0.3953580766233439
-0.38823852316871177
-0.43610101400909546
-0.5141096214331976
-0.5216083423718677
-0.4592202308672513
-0.447173960967671
-0.3930745930038682
-0.32405406071675397
-0.2983619233841822
-0.23880526020843756
-0.20438661417876128
-0.18088972215897098
-0.15899477873207168
-0.11312326093561256
-0.04297150504536231
0.0036212215641884676
0.017216829296173554
0.07413280351385541
0.12102615377823142
0.1433335503712144
0.20713539948761356
0.25613416300004305
0.31455254861760457
0.33601384785369387
0.3716729961236396
0.4454240626803482
0.49834911025233786
0.48845853872343414
0.49815141624066206
0.4729146072518347
0.4145680674386921
0.3820444388109878
0.36307524984372175
0.2998897589763703
0.26303803953824206
0.22190799679405956
0.1591699683048817
0.1467199025550356
0.1318700151088225
0.04804624538721157
0.023597359958014714
-0.018993659280485266
-0.06867565426895704
-0.15505023245719138
-0.17151619850802702
-0.20277858656219944
-0.2335778844888928
-0.3059163288688813
-0.33360554813188764
-0.40564960133774125
-0.43220734818446066
-0.4360164767145079
-0.5158724811226446
-0.5250782979378943
-0.4925926539840656
-0.4689079864894608
-0.38719776318857907
-0.38871057175761053
-0.32287356588174226
-0.2911133133262417
-0.24055079849892436
-0.19774838077250873
-0.14660087585249526
-0.10745559290236172
-0.044662570440694896
0.003797851915077411
0.03594072423631453
0.08175669482023065
0.10973956670075592
0.11742295651164578
0.19956453980179867
0.2366444233712451
0.31302896813550496
0.3242757377424561
0.41680096840333125
0.40700540538611074
0.4724002397706913
0.5214768792005252
0.5233353915189514
0.49750259029125793
0.414555338868468
0.41652693588298
0.36611694935543065
0.3164877331782237
0.240275781578267
0.19251069826763606
0.1547922544938165
0.11644124038726177
0.1098091979342306
0.06708279722688469
-0.0074068351932401865
-0.03689072897600534
-0.049016601366314916
-0.11872340802272535
-0.18028848791512514
-0.21104861943181313
-0.26386925731827493
-0.27553782576051206
-0.3702702731425519
-0.37466581074789623
-0.39544339563856246
-0.4341374567859554
-0.5006842642857321
-0.5657145625179865
-0.49318390115237914
-0.41096563964253613
-0.42060725558110135
-0.3973433266854249
-0.32427516332947337
-0.27639298533779627
-0.24935454599309978
-0.1870096077722906
-0.2059763479533906
-0.11554909146572764
-0.03621230985721813
-0.01326613044371799
