0.617940658826735
0.6123002142276524
0.6052029139607645
0.6332068145753432
0.5804460596836689
0.6206338441868168
0.6501575831111869
0.5880914233825598
0.5985139843123083
-0.612715821350076
-0.6153313012940572
-0.588519678221154
-0.5763853034998624
-0.615955978778492
-0.6151967298540457
-0.6086561786994116
-0.5810197874719265
-0.6092682544546278
-0.6172448078752182
-0.5802330033372802
-0.6096074380409792
-0.5929950815757598
-0.585584496290133
-0.5708806838687174
-0.6301454603160976
-0.5785893755559973
-0.5780245311389374
-0.6187426506692887
-0.5843436138296756
-0.6214024070428694
-0.5966551994393269
-0.6209749179011624
-0.5827380829814754
-0.6118425154069068
0.6127963190587455
0.5988885696761197
0.6411940994233742
0.6116032309811271
0.6281508562322707
0.626512576066541
0.5627215158269872
0.6256862192743996
0.6085010464338165
0.5955004386456203
0.6180009366055823
0.6013717306555196
0.6161177945530417
0.587004920053797
0.5450281039231345
0.587399387894812
0.6284922531033124
0.6114200390640739
0.586185876699496
0.5987618409273265
0.6236309448566769
0.6045176490028673
0.622919722604259
0.6005614514495248
0.6174660905506559
-0.6174899386820538
-0.6018142447872435
-0.599400275354495
-0.6246699962474845
-0.6440503175483824
-0.5718740524415838
-0.6120351036043876
-0.5983003940001049
-0.5980470712363799
-0.6081551617224834
-0.5909412819423971
-0.5914221625039825
-0.6187484146103703
-0.5840883146051012
-0.6200359399060099
-0.6419848150566062
-0.5871912059979557
-0.5878088364869362
-0.5730521663328919
-0.5917971465212052
-0.5639586909704554
-0.5721613491907871
-0.6029613015011944
-0.5850112850055008
-0.5905988691672434
0.6071091721200442
0.5839809118340892
0.6092766759681872
0.6032479065064903
0.6071674927975264
0.5910974744464276
0.5923857359888246
0.5677947768802979
0.617413599121055
0.5980159443904632
0.5772966070225942
0.6086216686148204
0.5771719744664913
0.5674925469565321
0.6019177872054836
0.5895705736298832
0.5853609631845225
0.5810991696064842
0.6038416066145343
0.6100791656083796
0.6040407405252765
0.572217219161685
0.5992613644681023
0.6152135016372199
0.5809649629365291
-0.623394036918855
-0.6039751345675483
-0.6015331233202001
-0.6044717386727163
-0.6063330351118575
-0.604116559673886
-0.6223173975517529
-0.5771474359094617
-0.6226070411524769
-0.6056570876721131
-0.6010769413558932
-0.6053814953910016
-0.569473783353553
-0.5668910969668317
-0.6106468152710697
-0.5710371474151776
-0.6035483595668277
-0.6081218201962345
-0.629408678766336
-0.5682028255689313
-0.6173419092311442
-0.6286658778144495
-0.6126731129750621
-0.5859099443679121
-0.5884188349356773
0.6198086068987355
0.6182627428363033
0.6273947664869886
0.6082790395586999
0.6005930451136625
0.57561049074469
0.6324150073752396
0.6056305790294835
0.6149909193082462
0.5935119321030974
0.6157753284779195
0.6082384150725462
0.6305283855289291
0.6181637700233938
0.5739497259994152
0.5896027716688643
0.5817398868537998
0.6470326560812195
0.6188116166872683
0.6525829653507833
0.5886898441616883
0.5971198230673774
0.5806267636991276
0.6105339322895798
0.6117741578364142
-0.6404512733288543
-0.6012957678786122
-0.6120815795210294
-0.616796313250588
-0.5968385148593159
-0.5989180563636861
-0.6107211733623803
-0.5933074898271395
-0.5886096527466983
-0.6283610125984115
-0.6076241094906241
-0.6074954463069401
-0.5770870104190453
-0.602731091917352
-0.6118516537857162
-0.5781064293074691
-0.5627299654443406
-0.6331691889758688
-0.6108468760421703
-0.5881071996765135
-0.6253660721225303
-0.5977977831402861
-0.6580786193469361
-0.6127838309210957
-0.6307193080422091
0.5879813223574529
0.6019650247947126
0.6079330650003528
0.6079176969945215
0.6127318671249553
0.5958610382662681
0.5870206955353608
0.6385593082589676
0.6038252334125417
0.5957425018890177
0.6197997529665614
0.6110960459615181
0.5924402815631512
0.5991736309692017
0.5976290299264218
0.5856554626932372
0.6142834359532783
0.609791184402568
0.6024887179507681
0.6186186745759388
0.6125306594557394
0.6066057273871464
0.6013340925745155
0.6187401818336101
0.5887804366941772
-0.6232887313343366
-0.6063837219654045
-0.5850103943486358
-0.5994649027305892
-0.6267572519679523
-0.6173483743706194
-0.5754847360985936
-0.6085255404048882
-0.5861099111770858
-0.5978332170742796
-0.6411392909277396
-0.5876069347494018
-0.5955091007405946
-0.6211785802042266
-0.5925066724466382
-0.6121754618852887
-0.6279465549072227
-0.5580027461589743
-0.6226132883575178
-0.6175876571947486
-0.5895293064787942
-0.6079062306787253
-0.6142871475389188
-0.6028241267014612
-0.6491041097180865
0.6045879418233181
0.610119508671451
0.6044077621154402
0.5984396489193001
0.6067279617283492
0.6290672795310736
0.6302035470988095
0.6069071589693353
0.6396796084821743
0.6002560743152825
0.6288086923478866
0.5699371193324924
0.6089754124343022
0.5911889953404329
0.6201335813872095
0.618373258447045
0.5860225307996597
0.6251027475553015
0.653356914622096
0.6014405650662444
0.6004727344625089
0.6238609317812533
