-0.5393153311019605
-0.48498460576954977
0.5193030083735931
0.5259946203621857
0.4764785873794519
0.5182386792896673
0.4862071231037932
0.45937392977892905
0.5071618172970757
0.47882827403055517
0.5223376788712824
0.4703722697283219
0.5458882901707388
0.45868744726569466
0.5427734444416696
0.49137434519228895
0.5109093893490603
0.47478074177468627
0.4967655961263844
-0.48740409144153746
-0.5241415443603407
-0.48797605733669747
-0.5188796108911697
-0.510783879695145
-0.4932898189854335
-0.5006654153673185
-0.49417495542316403
-0.49600066451449015
-0.4870559223666425
-0.47608947307664323
-0.4990588048044362
-0.5362562522778991
-0.48861993729400344
-0.5212622791310734
-0.5012689338019252
-0.5217115913917081
0.5071786067981435
0.5090293748049507
0.49322766511104293
0.514060734813972
0.5139159237310907
0.49656963114519126
0.4837073787236104
0.5003364140066258
0.5265252601896636
0.5190888834752128
0.500750956344742
0.4939436825185693
0.5015166381072886
0.5513840025835611
0.5028811562417091
0.47502280647536865
0.4734943529715333
-0.48219905180091943
-0.48220359927010215
-0.5405950423080712
-0.48107798767927373
-0.5139970756854243
-0.5037650926454624
-0.4786700369665203
-0.5008595435786781
-0.5211941221672803
-0.5131871874874937
-0.5114582688752771
-0.510618056173681
-0.5049147006578708
-0.47030510826950983
-0.4913803312090911
-0.48807206585051005
0.5428217437092127
0.49593829245887805
0.49545647594899
0.5011711627524231
0.5035486236092209
0.5306246035231293
0.48470998817218885
0.5023856621779312
0.5122078862835385
0.5159516201009421
0.49722586599409335
0.4743172642965877
0.487858604526198
0.5122640104245518
0.45976354416511767
0.5125449189994032
0.5164207334416575
-0.5150419698132933
-0.5398150563801084
-0.50629673144649
-0.5518059000674298
-0.5083588359963567
-0.47496868380645996
-0.5099764525222845
-0.5006335195995012
-0.49317088614465887
-0.5039882806479237
-0.5169703131594728
-0.5252632713790288
-0.45861816948244877
-0.4481250728299282
-0.517238196034247
-0.5127291735932151
-0.47717528148052607
0.48193330177798593
0.4977200852188409
0.5177711311457915
0.5014508188626988
0.5274399723265393
0.5067727555090809
0.45896812447526397
0.49799458680001235
0.547249065570133
0.5102877308167795
0.4768445222092692
0.5131142772486813
0.502207178774457
0.47497096285798246
0.4966243950901006
0.5069197992190249
-0.5214590340283766
-0.49361516879357564
-0.5175348242977829
-0.5046461578171284
-0.4800972950701628
-0.4719814176939681
-0.5317423661380397
-0.4994705874408583
-0.48643334851992054
-0.5267403307292357
-0.5115683985341887
-0.5103385975814068
-0.5287555738699867
-0.5070971947882938
-0.5112652396820496
-0.5131685128792041
-0.506233110078583
0.5265120533825615
0.5123632708732727
0.48260130074411156
0.4580661076816744
0.5061025934044118
0.4930499389098959
0.49563568399310143
0.5206137358603982
0.5309978857159846
0.5095687468758401
0.47524442149443497
0.5028652137513245
0.5192300030668642
0.5086992544973081
0.47205475206070013
0.5175550020762227
0.47934831246488924
-0.5144168497859531
-0.49613918807695273
-0.5065607276936627
-0.47252882447777983
-0.4896899352387246
-0.4888812383261553
-0.47999351383412153
-0.5004261053331571
-0.46397258715010603
-0.4934136656790504
-0.47025286485782014
-0.5272057600286036
-0.5117553863984411
-0.5102759042920167
-0.5149638747101724
-0.49207465140580947
-0.48844946871376277
0.48352016823093324
0.49372710195387687
0.5065702016010207
0.5122314017587201
0.5067091951880093
0.49372974554136034
0.5008724572535305
0.4950342957031966
0.5096786810273004
0.5159264027211461
0.4847172104354568
0.4818250836879737
0.5024610852056025
0.5152987616680835
0.4896764784169763
0.4866484736921279
-0.5301290576150786
-0.4732823583900497
-0.48154818832911145
-0.4728247494097162
-0.5118786948976528
-0.4943874139571846
-0.5117001482332093
-0.5054350284232451
-0.49144166166936804
-0.46883835265409135
-0.4998581871889103
-0.5136583078061284
-0.5428712985915269
-0.47999102928706394
-0.4999935332156706
-0.5220501457998082
-0.49124258575371754
0.5207020494256918
0.4900157167320885
0.5058699094324025
0.49105724655710803
0.4933178681705286
0.5281284399336419
0.4994693961532293
0.4755170198374017
0.5070408440977417
0.5359880386407867
0.5472742640564274
0.5098542605562218
0.5088006764528227
0.5194841504339233
0.49745152196793685
0.5114001914015234
0.5160653045546695
-0.49030213235144926
-0.5076216253960562
-0.49847893029216317
-0.5350657839083456
-0.46388198599642433
-0.5114034663342321
-0.4722746022288022
-0.5050711361959818
-0.5156429599589829
-0.4674713218286203
-0.5123275019906182
-0.49786058080221707
-0.5027609781395039
-0.5301442531466681
-0.4718080398881358
-0.48170021442024713
-0.48276213056066714
0.4937804757232392
0.48295994429874145
0.5141767006737561
0.4739379021869575
0.47181480595573205
0.5100386181280668
0.4871006881272933
0.4871458771405636
0.5153357424028926
0.5239473063669294
0.4922024805629346
0.515544974482162
0.4469314720503131
0.5086798494971025
0.5272295303525418
0.5175210502700942
-0.4495553542622234
-0.48581022111964
-0.5139302987755799
