-0.030971527272961943
0.058632746721814746
0.11379689467761706
0.2415254809289673
0.3228108784183265
0.404902924564781
0.47959231640676103
0.4582003052017308
0.3999937163742122
0.3153597262757247
0.25581351741005803
0.13638588448831462
0.05988248242738765
-0.02106895817666845
-0.09145172342707471
-0.21012269743461365
-0.2756483046757871
-0.34538324106659135
-0.3972990106409383
-0.48631070733833187
-0.4317893963392852
-0.37368894141932774
-0.24693566912033046
-0.20233695227183163
-0.12718776150444952
-0.03292891144614492
0.05631108909188893
0.10107457520287746
0.22419957461846168
0.3229126864189197
0.38443224585808383
0.4666229558505942
0.4982068163992122
0.4133589153332494
0.364660548927211
0.24377858941586614
0.16831806506183056
0.09655833452819573
0.0005572573339528014
-0.07093436351631123
-0.19371606565031904
-0.2601847753345369
-0.3542474309828625
-0.3998590651396984
-0.4936965809815732
-0.42012412467015325
-0.36125104402839814
-0.32076420474709727
-0.18625904366684412
-0.08854919539085228
-0.02507654236107229
0.06444308260523349
0.13661809742608189
0.2015327178014113
0.28950209449677494
0.3552842502383814
0.4537843729936043
0.4960914642883528
0.4142827080165347
0.31921559879459593
0.21823200982709362
0.17838849505006713
0.07670007657266815
0.01268493675450555
-0.09820093641167563
-0.17479605301066775
-0.1992199506526962
-0.32730505489597517
-0.4094621502622486
-0.4856290735304249
-0.47246923415026765
-0.3791075984565859
-0.34072259021276
-0.20010661008581127
-0.118410345782075
-0.03306432201452672
0.01240518101614655
0.16102878658167563
0.21169042009383887
0.31198883816363815
0.33929522252999306
0.4418523553865449
0.5164657213287067
0.44419380801134134
0.33957324766890523
0.22080837821057614
0.20426523261881185
0.06676033713127767
0.025173889378970873
-0.08506269713446207
-0.160564210181604
-0.23674671242979986
-0.29846161699447454
-0.42626581371543465
-0.462973273567602
-0.47676935458145203
-0.32918294568870166
-0.29998039276239274
-0.2514743954539447
-0.15740997983003258
-0.054588387670483934
0.036781054422848763
0.15203917710899098
0.1769982293533834
0.2876540381866614
0.3428093333826769
0.4524522658529297
0.4941093866650452
0.4179691128273656
0.3181171306294557
0.2603916298860639
0.19997136054914905
0.11891756573461029
-0.012088008213811195
-0.09363841165403063
-0.15469658643282644
-0.2785024696750865
-0.2746819584096239
-0.36869469943862004
-0.5275645257601003
-0.5145576940140276
-0.3494389129335917
-0.2908442025818153
-0.20534708350849798
-0.16635547784553412
-0.04759159035891086
0.03657142256877277
0.11337509975097838
0.20031388493661367
0.28024948781866693
0.3510992097253273
0.4477899324918451
0.5534845467588781
0.4200715432852947
0.3585693371760714
0.2693162782612508
0.20549599999407767
0.11656569513132439
0.009348842387597318
-0.08130841012489809
-0.11667305647250639
-0.23431216192469773
-0.36502823584396127
-0.36441839025313705
-0.5057602424798604
-0.4566921071045015
-0.4058337813813832
-0.316210586750879
-0.24179513146912598
-0.1587424939684427
-0.059137063769914754
0.028681070128610726
0.14113941949799874
0.15936859928753083
0.2967597815691881
0.3630866335216357
0.4332606959887198
0.5337823180181772
0.43477563352132803
0.3237929395481019
0.299338865898012
0.17052911542739477
0.11093657141144642
-0.018099537908319998
-0.08536302637298637
-0.11733143465765475
-0.17029710445433244
-0.33754936611540975
-0.3604397881713367
-0.4809238113431393
-0.47467381506769196
-0.4216935935564327
-0.30970298486411507
-0.23906538937161892
-0.14603471210499858
-0.06714480001188124
-0.0009143025235002697
0.07286411812907474
0.20651583666265633
0.267825027077972
0.3434466321860466
0.41285833032855535
0.5316303344944209
0.4106449018516207
0.35779983429065965
0.2608648979843668
0.19600537535625803
0.11714377193196955
0.07078633273035229
-0.05374619219908597
-0.13500902096533535
-0.1977816667277586
-0.31599283320272753
-0.4248890143580751
-0.4665618949241756
-0.5331245867248016
-0.37285107984031723
-0.30349283466014865
-0.23584397451050507
-0.2114087647214648
-0.030021958086490073
0.017155152745722872
0.07761569771419044
0.19419011370208594
0.2508387952010517
0.3573116744057849
0.4286889676265258
0.5398356237144092
0.429614882533709
0.3374352597164843
0.2959587293573805
0.21938454907959787
0.10766097510799497
0.030983539704722812
-0.04823418737465611
-0.1318590825574451
-0.19958703413438592
-0.30864657389708483
-0.3709622997138503
-0.46276330331355875
-0.4961518307248709
-0.38677372781669744
-0.3377054129360473
-0.22439577991801857
-0.1392673650631645
-0.08390792130864912
-0.0006579010517530973
0.03289515249293859
0.1276293091399091
0.22849287736608406
0.3175846984367842
0.44051063174588445
0.49730497878311297
0.4677837558687771
0.3544170119661205
0.31932472939798084
0.1810067139509892
0.11110703669115068
0.055647407379715685
-0.05617965904140042
-0.1448952111424832
-0.21694747644422202
-0.30550934056640533
-0.3557300280634852
-0.4885729662025994
-0.4724249426626182
-0.3715905931445751
-0.31178404315275515
-0.2370521243277764
-0.14101869900887126
-0.06411255379963687
0.00029499442588656975
0.12902637400990172
0.18767456404558155
0.26948487008096345
0.3354202641499051
