-0.5320363871839355
-0.5315383523899306
-0.5500914556582734
-0.5126848832986934
-0.501940773531169
-0.5490386445521329
-0.5300567723357839
-0.532468682423735
-0.5603825632915046
-0.5644385346163399
-0.5355773202977391
-0.5326633202973267
-0.5564293531118532
0.5441668099709168
0.5219567491341053
0.540493043845592
0.5392256026714661
0.5116320117636611
0.5533468907236859
0.5106597075827833
0.5667896813739043
0.5488975569220053
0.5536780608706445
0.5092558750892985
0.529483245919605
0.5238628217324519
0.5598853199931682
0.546022129996108
0.5745632762790066
0.5313507632218378
0.5565728756435968
0.535095518431374
0.5332377715345191
0.5310536311147862
0.5390622895404005
0.553424163508549
0.5292069299607365
0.5175161443554708
-0.5417842612553783
-0.5753466123661362
-0.535043691466448
-0.5439016944100148
-0.533656356712651
-0.5127209702267839
-0.5152429782967727
-0.5081897048385214
-0.514462803797769
-0.5265724626044465
-0.5458644130349608
-0.5813197237559636
-0.5224602690839851
-0.5150524787809356
-0.5600747111715662
-0.5245371514250902
-0.5332023563022816
-0.5523577632883585
-0.5567455796464632
-0.5307719096890186
-0.5325102511604491
-0.544634773281336
-0.5824154679032931
-0.5399070371969865
-0.5052195819346712
0.5436551383827591
0.47695146437614133
0.5303851664754512
0.5146612225604813
0.5262347112984765
0.54725068090382
0.547532910543893
0.5640126630133222
0.5509856917749231
0.5235055512175122
0.4952797212684661
0.5554794055545226
0.5469282666519777
0.5345902050370959
0.5262924969162013
0.5172454264476077
0.5374601522864155
0.5689215489998212
0.538933628690015
0.5215879933267473
0.5479844298215414
0.5291121595366065
0.5080434381195637
0.53788168032406
0.533763731392295
-0.5585875389560836
-0.5407870213795706
-0.5341400672942914
-0.5302495025573418
-0.5486477557378671
-0.5311976893405156
-0.5432414860160522
-0.5314181654120697
-0.5242917217034339
-0.5254208993297969
-0.5278519920426514
-0.5466271140286466
-0.5126524834838326
-0.5615497924570776
-0.5506967630153211
-0.5082399501191588
-0.5477155309918805
-0.5967000633956739
-0.5343113702121204
-0.5207786227510213
-0.4891058013335373
-0.5304132179802995
-0.5496758430115862
-0.5334402150302442
-0.5295564992195392
0.5395967882995018
0.5360274962474899
0.5386156663549859
0.5506149961703374
0.5521613481984599
0.5358096505513784
0.5655455684104203
0.5560603601983217
0.5581507144734481
0.5299448962012268
0.5410899247753016
0.5362859522301341
0.5288900423615193
0.5365939401376649
0.5434845195225033
0.5238290517578278
0.5394626863575546
0.5333958687275261
0.5657676979900194
0.5436716048931624
0.5260011858283778
0.5455719018156989
0.521033542532375
0.5142304832357502
0.5690712888882995
-0.4981809494383499
-0.5497813011685745
-0.5753401305168646
-0.5513626388233512
-0.557734359691739
-0.5224899447314733
-0.5462630448889927
-0.5466931957279209
-0.4870578515328333
-0.5240404344756052
-0.5113899056190482
-0.5230600075696471
-0.5413701794777582
-0.5374557966884411
-0.5324836756164268
-0.5267679394442282
-0.558358148259518
-0.5447274356933609
-0.5000052490341129
-0.534545573306969
-0.5501361755604484
-0.5501900640306664
-0.5480831728129638
-0.5482058903449587
-0.5201294464231306
0.5694947298688527
0.5346316043298892
0.5163535925590046
0.5534582934513034
0.5411108687017842
0.5359515837815039
0.5195003163527409
0.5002370567103267
0.5316425746659423
0.5226091942963349
0.5162329348203565
0.5413016765683297
0.5439756323130822
0.5499146761292282
0.5320026961639203
0.5344339657855491
0.5395258606445456
0.5407991318678891
0.5196583972338625
0.5540275527066069
0.5175658060808135
0.5370909620759635
0.5595910530722674
0.5312758134027824
0.5430733530396538
-0.4952874344371624
-0.5333048015958493
-0.5466201269615675
-0.5205911763438076
-0.5573731797766641
-0.5366054529450857
-0.5561864920117342
-0.5548367536733465
-0.544728236458519
-0.5332749164930799
-0.4989786797197069
-0.5482593453162957
-0.5170174105007419
-0.5197615220688465
-0.5179275612996028
-0.5227032724480238
-0.5293082187491248
-0.535236853734307
-0.5712884831058126
-0.5336107712956055
-0.5437286517510759
-0.5579836589553153
-0.5348145090568089
-0.5238390104836341
-0.5423895936948587
0.526625112854372
0.5617511516448247
0.529866177178914
0.5495889524357007
0.5008412932830542
0.52581773843229
0.5200511038947866
0.5113508537921636
0.5090556531995009
0.5591171465345774
0.5513317433702932
0.5358089323558123
0.5161391540872557
0.5583256235766417
0.5345441853163523
0.5407705811523601
0.554959463295533
0.5062965947675749
0.5131059929400199
0.49632018658537547
0.5548940143325852
0.5278890559991876
0.5522008820775842
0.5529551100501564
0.5120145620255016
-0.5168185994740312
-0.5238155094007144
-0.5433200409485925
-0.5027879135402581
-0.5408973203765857
-0.5113764078459351
-0.5447118076495345
-0.5655183563419062
-0.5146643971356408
-0.5200556736651079
-0.529911840365871
-0.5364073667611534
-0.5232202762877259
-0.563113155492883
-0.5431353770816963
-0.5418169667702362
-0.5460443490481278
-0.5284197996999314
