0.2434650075639001
0.12402730085585587
0.04858397732150842
0.0219184245973179
0.14444697704284576
0.18516550270223078
0.16603499756059334
0.26070467067116754
0.09712863685908521
0.08324897675685117
0.19360896939009758
0.028575498410784748
0.019543604224894727
0.08713505959881947
0.22845650660098846
0.10606151184617935
0.03928629874200603
0.10462869868788402
0.27756959907637896
0.17625502785873245
0.28616749878799475
0.26268883735607074
0.0859419481965289
0.2517587942090399
0.1741925246646644
0.25567998883477133
0.18189902981316547
0.010565584927479962
0.22403137958079802
0.15654238833769624
0.002046351729441509
-0.014117233190390257
-0.009097376994106614
0.033363718093765524
0.13290190340681254
0.26754936989921296
0.16351910282549267
0.19632562128812614
0.20166079037158643
0.07533893429561422
0.15837046750530848
0.1534379857484943
0.16168285048797737
0.0314358282994926
0.1883573161494758
0.1972325114280797
0.23755357785558817
0.10844136305217916
0.16419234889631582
0.1342603030579382
0.20422173636943353
0.169533612369815
0.2147562841648524
0.07043280045039764
0.16648480339043034
0.18184431119695685
0.26720578489883373
0.2456402272435631
0.08930221828368398
0.16127705874033907
0.20742691816541597
0.1566806647721627
0.047734694187574485
0.1787142697411498
0.15118964879858993
0.2093735951781982
0.2527993832815761
0.23443069858523755
0.2891907010108902
0.047129978606994256
0.09543471623678654
-0.008644544396631683
0.24412014984896732
0.24853602538511782
0.09282311536925167
0.24463971029692375
0.09830685257100256
0.2148670374457254
0.10135403884434727
0.10896673857654067
0.09185836180863928
0.1474891417781645
0.20390259465149088
0.058947543632135696
0.19744942923996384
0.07298509541340521
0.11042725721459434
0.10741443738934461
0.16396700465281178
0.10882377215150332
0.1296220030455696
0.058640795140857085
0.2630660047354111
0.13448519428421854
0.19825301321870065
0.21423495248283983
0.020456802331064065
0.23445776541693225
0.18987830384692445
0.1859332478406853
0.027604733061007636
0.2058884514633082
0.05507382983133357
0.13505971062739722
0.16374633404188985
0.23715358740027112
0.08553830707549162
0.1858836814346238
0.025983176065869005
0.08354896333007042
0.2765746191551034
0.19831095125687148
0.23107403747279123
0.229460249514968
0.021322757098061394
0.17616250988769663
0.21281633888188503
-0.033058836820708676
0.2342723319796359
0.03422273586695739
0.1700298700820182
0.2429208016485174
0.1092206985189336
0.025934705046970097
0.02167986612999457
0.1361823801286117
0.2207801290645858
0.10417156215880029
0.023989651785659823
0.1732164822545447
0.2574408719233714
0.26884329336879625
0.07684297516577046
0.2451066310488295
0.07978642731862604
0.12792727953365512
0.10003812391713768
0.16159121395993734
0.21134222565571043
0.1095286675197113
0.09634525056434705
0.15423171033281086
0.10851033714244375
-0.005240634772124611
0.19901756234826365
0.1373358233951395
0.08552647953187197
0.17971280110837104
0.1435463187345848
0.050693332721802556
0.18302351341718864
0.119908011469346
0.11776222160033616
0.21868886009721547
0.17718127543829
0.13542604406279396
0.1097944837549987
0.07805703896432623
0.18380254194905699
0.2424892164883472
0.17069480238417267
0.11938791546382554
0.08795081788413858
0.0416255403627487
0.02346695681501043
0.09641181781452987
0.01982404338425997
0.10905995588937882
0.039312518868176244
0.23165203031163512
0.06364255630601925
0.2182827022147041
0.08447674515548032
0.20598752119157032
0.21415055988834217
-0.005178299510110222
0.23473076166485246
0.21096087651767312
0.17262893853064232
0.21687231806778873
0.21149794745630754
0.09262242717765891
0.2746388921065123
0.11247866709018248
0.02953312090611429
0.1547374789189628
0.2164183844533052
-0.018168310304871954
0.0393331499475968
0.06348781185203829
0.17868596755952756
0.23391242217579028
0.17623290794895868
0.14029845667942112
0.035721095416212496
0.20733220342408112
0.044530672333289986
0.16127407080197936
0.0801874722873922
0.21411899463293868
0.23379114557871097
0.16849380677886946
0.04428148506258489
0.034101879034018276
0.12001174117487035
0.1579572633073874
0.24042372487449498
0.10177847181399255
0.03383086155954437
0.16453651631870675
0.12350884462470202
0.1397486370546925
0.18853790696538347
0.034985288629028236
0.28792140317881787
0.1635424044444362
0.0983096495991003
0.2586478658089369
0.04475722197031526
0.23120600154416004
0.17222312581831364
0.23274506819766747
0.014205226928164139
0.24612630196810525
0.021486072162852254
0.21945112081062593
0.0186462838328588
-0.016621998366483835
0.2898728042810148
0.09024537021573213
0.21323621302281714
0.18814066027095194
0.015491932317868062
0.1421203927007113
0.06712755374196434
0.22533769675592777
0.08925006366745275
0.22088734086691839
0.10913499394818094
0.20423028046531475
0.06893486608749419
0.1953114715338943
-0.012479801185775283
0.008104105050638204
0.040288724612076846
0.08175815536301882
0.10145796715867275
0.20088572035795396
0.23554850291286172
0.0812256233783818
0.09037065101458401
0.14467971039858696
0.08591280052101254
0.13243494635651185
0.02174865494173578
0.2179361973407267
