0.40397741895070133
0.42152131752227984
0.45502683727211757
0.47500224413000214
0.5224789138701614
0.5278718967620749
0.500807252007648
0.5192205190263557
0.5222987141496831
0.49028723119389594
0.4999066429834835
0.501676466188595
0.46092355283421305
0.46530207484764585
0.4356007392018018
0.4069940602840312
0.37596311232278723
0.30600575417056014
0.2154007407023712
0.21926298291421178
0.19769267048367156
0.11962090331488534
0.0872154249167114
0.05284505485770184
-0.00622544493902904
-0.03826026017299673
-0.10756523931040324
-0.15702901140536357
-0.22845804680544324
-0.27888645999212885
-0.25799025968383327
-0.34166594366148495
-0.37981458066148455
-0.3982058611084345
-0.4445345682463172
-0.4512849138971695
-0.4552251557569774
-0.5144299955024947
-0.5137753911250754
-0.5265997859679594
-0.5379473842398969
-0.5240848054682569
-0.5307769731990264
-0.4964670104152379
-0.4761683075766445
-0.4756815319731367
-0.4643332644317135
-0.444933714550403
-0.3852628039355198
-0.3778392380962812
-0.30417695385253257
-0.2821859430039219
-0.26064799499178753
-0.20302667497708315
-0.1484485185040499
-0.10066145894491008
-0.035697338832597424
0.02525945317463038
0.05870468815779328
0.10306208763674353
0.13330910724616338
0.17700355352886812
0.23092354152653738
0.2793793883249354
0.3542390160176051
0.3543062453857394
0.3704230226941254
0.4040601559381758
0.4244859760043697
0.4506692670458983
0.48765063272357445
0.5061161689664045
0.5274274207837257
0.5305336209599726
0.5411794228620875
0.5038604134171124
0.48677825272778996
0.5228708165671601
0.5004885093575941
0.4629980876296741
0.4397254142806828
0.4437966849289613
0.3947207030273023
0.35261452904695567
0.2773753929228861
0.3067672766932984
0.1863404502078953
0.1964689040266221
0.11109325415194135
0.07676201651970364
0.034811529689454744
-0.01166143699287041
-0.06733238739497073
-0.1436575057785202
-0.19680001196192182
-0.24149975751017455
-0.23335217366867783
-0.2956288988914386
-0.3346113243568728
-0.3710729161114628
-0.43602063560643345
-0.4592118052272716
-0.4512732031475072
-0.47956853620231105
-0.5382543150677631
-0.5036743665604004
-0.5082943204382373
-0.5298291368643395
-0.5141934450124073
-0.5492738794287249
-0.5036177209797855
-0.4765768911402209
-0.4809445464790702
-0.44785190056269564
-0.390731503617347
-0.3593741887085533
-0.3857712930802548
-0.3172658553156243
-0.3041530939405151
-0.21775615445578286
-0.18294128699507248
-0.13653283097077576
-0.10508154194553279
-0.032855614317601145
-0.008063979056306743
0.041822406912156135
0.10483981507419689
0.11528159441161936
0.18835410986786646
0.2162518482444883
0.2751705191488202
0.28969662864343887
0.373457549012347
0.3698850950782317
0.4084060679849445
0.4283870095263397
0.4917061144814402
0.5152448258825509
0.4961412006684787
0.5268261917410549
0.5213714822188146
0.5095251608284461
0.5470612108252482
0.521713213868525
0.47595681454827815
0.48793918642609274
0.473562296906664
0.45064760980023466
0.39779312520136395
0.3901271079332407
0.2950793313419351
0.28850991684429045
0.2746727904455142
0.20740686600118421
0.1841130602914333
0.15540653991008133
0.09333229821193167
0.025323086019514777
-0.03390418159428509
-0.06712586320105703
-0.13794448629186046
-0.16222361351169604
-0.22699919269696375
-0.30097300262064247
-0.32372972154232954
-0.3617381749001942
-0.4043309435472187
-0.4153475678138942
-0.49488355435892595
-0.4628521236479825
-0.45661218169939277
-0.4889253367936422
-0.5316158207599984
-0.523884880471239
-0.5434921319980325
-0.46498535965592086
-0.5444580970127015
-0.5276268346671958
-0.5129854312394421
-0.4541090416451534
-0.46030817779327565
-0.4165127813347413
-0.4039040192500935
-0.3871936547827809
-0.31961473194908113
-0.3162131085042862
-0.24684061042736793
-0.20112959417608853
-0.11426130902629898
-0.08094663339244934
-0.07090772209617546
0.03428239140156242
0.04729874861015958
0.11014185145943588
0.14563556886511644
0.198200508309469
0.1773570233388297
0.26202092622581863
0.31354433756219974
0.34247037681953096
0.3821607621550081
0.40867911845959376
0.44705248674462594
0.47624237586562723
0.49041812741188373
0.4917845252963596
0.48898290442868375
0.5339924957843559
0.5364705013181909
0.5032153617109532
0.5152203570568175
0.5138249706241664
0.4989470474455737
0.4562986291370031
0.40934472491808044
0.37951150062460043
0.3626905818675167
0.3287371330373423
0.2692954399231391
0.24902704249150587
0.14747792380374697
0.13740250071428392
0.11482364603945974
0.05419306509254582
0.056442324222241436
-0.027220539422063025
-0.09662740339107229
-0.12224108392985475
-0.18015444305165115
-0.22768760803928298
-0.27747155600362194
-0.3211922893258355
-0.35404700973361797
-0.4176420453969306
-0.40640411035175666
-0.416029431381738
-0.45104382377060603
-0.4596317654146662
-0.5224405515525598
-0.5182673611291865
-0.49926795593539114
-0.5438408663972158
-0.5521711333133527
-0.5213862795340634
-0.5528743008828815
-0.47171491489814915
-0.46233302832763273
-0.44487434204196796
-0.41133971671154473
-0.38367714959883004
-0.3326778207301791
-0.32871611891558083
-0.2764487296145854
-0.21833236974570094
-0.16167334869641448
-0.1011579535781504
