0.23276174373005282
0.1551391372077007
0.11708506605556263
0.05418103455859254
-0.02354812425873836
-0.0686464371022368
-0.0943030867103717
-0.18299401145618271
-0.25338003597292647
-0.3181583215413999
-0.34408206073413033
-0.33413804588749396
-0.2666187944851588
-0.18570577947987155
-0.12958975509046458
-0.07521424552046835
-0.01753450137817593
0.051692920876352126
0.09803823336109907
0.15989975419528424
0.14874639171579151
0.2691130093086315
0.3015539278904356
0.32607466128921847
0.24064266720754235
0.2593175099846686
0.1587026940117897
0.11992395612319674
0.057535126834984206
-0.0029414116914875128
-0.058536390133921756
-0.10590947211536098
-0.18938491957278378
-0.25506798162268063
-0.312803728187229
-0.36058828289001477
-0.3384581990978848
-0.2293572417866792
-0.19276918467094328
-0.147588005386101
-0.05063232527891818
-0.010126149211099335
0.07354819503883964
0.10935505629716827
0.10885850155354017
0.22750665280294993
0.28350191086417525
0.34556799432561064
0.34640168365836677
0.2830989833190764
0.2760838076373582
0.1455361223339194
0.12258966810977527
0.06029155856051997
-0.03669373963077753
-0.08494777336299114
-0.10479676537388144
-0.1846265129080737
-0.26157989369101775
-0.30001002816244376
-0.3456049607826013
-0.28237920094836005
-0.2644495814565043
-0.1964381603399142
-0.08789083704002319
-0.1019287769191708
-0.017442026964100257
0.014919068636877864
0.07443023645687427
0.17073856528312872
0.1943283152874356
0.2619489385648744
0.312274210347002
0.35743870099146985
0.3404544352866007
0.2532160849757252
0.16580276193728682
0.10468272991517985
0.051736843970548674
-0.03782350990489833
-0.09942901718266409
-0.11477546403912449
-0.14668028391282814
-0.2559775860346891
-0.28766265101402155
-0.35860827953794616
-0.28591922895945443
-0.2710907094039742
-0.241306801759471
-0.15766823326310367
-0.08292119440026988
-0.023292301217848296
0.010213112616516185
0.08378880774534403
0.1515631664190983
0.19976728807185012
0.23917579909912182
0.31955677500437285
0.3482773213938146
0.2701054289980575
0.22556372516975554
0.19593401442286895
0.12402932923082007
0.05796559648614384
0.011073567812384917
-0.07997506176630978
-0.11004093999344297
-0.16836190874510706
-0.2134594425023066
-0.319328500214201
-0.3144709515386578
-0.34831658781241226
-0.25524575719694326
-0.18820021752232072
-0.14466710892964277
-0.08476102156897276
-0.02455035626913767
0.03229020028518819
0.07106538368192192
0.14781808400024235
0.2025881318669188
0.2472938713882373
0.33156911989300686
0.34357651027681735
0.28747307186991305
0.24799271507880097
0.2096728875858285
0.17216687156254706
0.07298703107983501
0.026830701293253698
-0.0631487718583899
-0.07894778880987169
-0.1794958634462204
-0.26066329895676377
-0.326519724843312
-0.3680586927666744
-0.33444418071546617
-0.2940662897290808
-0.2628502035408596
-0.14517963785242743
-0.11263273086890263
-0.03802196614132771
0.009408963291649336
0.08019560550928698
0.1406296546036048
0.20470353023126317
0.2496268086173491
0.3309281200045257
0.3603298476596868
0.27449377134799074
0.23238241295545942
0.21935787438656779
0.1250489830765892
0.0298079511473055
-0.029999468931417885
-0.026466453208992703
-0.11459033451233813
-0.16680273504789334
-0.2314311982611527
-0.2856331666452111
-0.3195645015502982
-0.2900747513350014
-0.3005401084162259
-0.2280991208879926
-0.1642459958870774
-0.11165639273757966
-0.06411501241468723
0.0003839845199396924
0.08581602841576792
0.18343210959312786
0.2140178367542519
0.2918363074253202
0.3111083347021692
0.3542983559720004
0.3087540282348692
0.24388688112826917
0.18786906852796964
0.09334343092368555
0.10115734775027185
0.01777904950653326
-0.02457623437206827
-0.11593823916925931
-0.14198018499539228
-0.2538536262991896
-0.27781586230162464
-0.32562609283024646
-0.3006826929010527
-0.27627392640296067
-0.20882280563308392
-0.1404588444646473
-0.0730611410445064
-0.061825180294501056
0.026633946743027936
0.09861951712812102
0.09694701116918195
0.16536924770525244
0.24859359539273554
0.31463073355555865
0.37458034709615173
0.26989328669246004
0.25768902406017613
0.1987966643923913
0.16622579220370642
0.08329015270590155
-0.0012861011036658654
-0.08946443190867504
-0.06576122283645444
-0.16739609538803565
-0.22175881481205925
-0.28140283027779234
-0.3381092838542977
-0.3260029419014769
-0.2685363435848438
-0.22734049029202885
-0.15504863947421466
-0.09728143838914499
-0.0852200186384181
0.003141571034031943
0.10015527593223267
0.11859470916777089
0.1995807288306317
0.2907020123720927
0.32530570111238966
0.3447878841831853
0.3458137477951626
0.2309405965441792
0.20308231991544679
0.12345301959648078
0.06628731659970591
0.029580448684180798
-0.03221815710654126
-0.140413576883092
-0.18863526165541636
-0.20387937498456907
-0.2733409772236007
-0.2894717301407541
-0.3206351595154526
-0.2734745782052925
-0.20547294717208547
-0.21455505562036647
-0.09686099920159609
-0.03472928320750626
-0.015486097554751435
0.06188946636345859
0.12138768018629831
0.22106324883634637
0.26130884923648323
0.2846849530250683
0.41356329535234404
0.2992613501802221
0.2805830260743497
0.18613920327530348
0.11205274328948428
0.07788287935493328
0.0036799507772135275
-0.04346077899691069
