0.7318017670420407
0.5113640562739524
0.3626402411978384
0.3638383154436527
0.5459713633794013
0.44567303919116963
0.12278337351634479
0.16567793632400796
0.27462312634760017
0.6566736158652264
0.4523805006318109
0.005394083657882886
0.23660223929688526
0.40208881038089034
0.3082091837827748
0.5828770488890657
0.7302210908789707
0.6187224078554603
0.1845812619205418
0.7433534849846618
0.423396554114219
0.44103204965187276
0.00722782464019294
0.4083447730081248
0.06210738807062763
0.6110409732010462
0.2171567005256364
0.2916237410921645
0.28478397893546303
0.02540236686180429
0.4423699914682134
0.14248066254965958
0.4544359187381196
0.5899793605413255
0.5399811766941094
0.17589353610974703
0.35983353712455196
0.3058888410244362
0.22117868567034152
0.22819478436551455
0.20164888757717309
0.213280795131161
0.2238313340031274
0.09305819963072029
0.5928502488880053
0.41216982062790525
0.38955853650622263
0.5391166496080096
0.10252255201034184
0.40940534369628084
0.36291442280819286
0.45012947396966024
0.6736379218982375
0.6373701830159584
0.3376147246862174
0.11754688973942803
0.5481178849179462
0.10951811806785164
0.09798397261425032
0.12229248624216221
0.32599923505048317
0.5999917727072828
0.11337055300896927
0.20527616273345264
0.18102368161122548
0.6784085422864674
0.2580807964746021
0.7530976218979057
0.30772895838409625
0.38644922086732936
0.4129506471957399
0.02306020240424999
0.09203930225025471
0.256593788069978
0.44698269892948944
0.5667373431658674
0.2004978482164444
0.43092855301540367
0.5195179663156204
0.751691910783332
0.05633905803650789
0.2067125013458623
0.6407256623060289
0.34419560648238307
0.3945023303305662
0.45279464257668023
0.09136578850444033
0.02359724877835457
0.24965814809560413
0.4199927706468147
0.6365841171493223
0.09582671247255664
0.7100903089965599
0.23076555024611112
0.19853083155103507
0.49372404164491923
0.1555056819839628
0.4094538816932195
0.20910660357617758
0.47035181772457163
0.4913271248518859
0.6044299087222111
0.6894726793957612
0.016411333645246766
0.6726725446448352
0.5796477734355391
0.2610492120218158
0.39555416657966824
0.2627801814356178
0.6678688316954543
0.6849957836842491
0.401457099731237
0.08493097123103069
0.6158848259936427
0.4875071924714308
0.024821453408579566
0.2775300401842461
0.6381604269560567
0.44211823606161876
0.5975287470580888
0.0491740572927052
0.29818002867383375
0.16213434276765332
0.39872235292581165
0.409854786113221
0.7443159656036666
0.26245225816415546
0.4621986807198178
0.5569106397526175
0.2944220995760784
0.6663192064103682
0.7756222351967503
0.5459293875586579
0.6185637172497338
0.44999604177465263
0.7167180044447492
0.4353067027835611
0.1786196047642034
0.2731501240323042
0.023701505508640835
0.39867255621491626
0.0548579363918356
0.7462064238876622
0.48939792639567004
0.6242789066857485
0.4806174813041546
0.3126550967633249
0.17760543473043452
0.34269560170851604
0.7174121897599587
0.10026469248790233
0.5429357563675296
0.16587070943221904
0.06031361030280224
0.31226715114217407
0.5622467402584291
0.0931007114228527
0.4946626510557973
0.4363995373644322
0.3584365306697791
0.3290471480151062
0.3037584311938959
0.13716083314846914
0.7341060854751282
0.3950295645988679
0.14275355027846975
0.43259332168915043
0.44883280995129343
0.2258020973125359
0.22954321407182593
0.404283356980035
0.6982213086399527
0.5788103270050824
0.5398124364812522
0.5028884593677646
0.30669447608704964
0.12589697439634404
0.7184669168339503
0.15483726054430702
0.6419461379249831
0.7165745812938425
0.7425763559607979
0.4431412572581956
0.7256553712743233
0.36852326346305886
0.5794866538285671
0.6629834458473499
0.7349381826301882
0.7250809130550436
0.7229146910768594
-0.04359412849320981
0.048022834295363234
0.16364913197955713
0.4729610009593826
0.4952247029843206
0.6836202319227028
0.22296545183304975
0.6997411728732652
0.5881708935566938
0.2882977938517824
0.5103051415358046
0.6699338631479501
0.40401725235128183
0.6320074095097327
0.19236643116431626
0.41798079785465125
0.4265939673712734
0.2718844397815012
0.6769488994688886
0.36769444400613316
0.03790446864516102
0.7129243309552624
0.6413556539316463
0.027338670250599165
0.6759015784344832
0.6308925310416285
0.3892097530510256
0.2349225149967504
0.1663215119696817
0.48944190533402165
0.2680003413226126
0.05717072255865443
0.6660841197668618
0.686408101617614
0.33242028296108794
0.402792597783999
0.21218913681721618
0.48447043395722283
0.2187111920594571
-0.00820507445600581
0.11541373733338839
0.5305094949203012
0.40327483631382044
0.3313735519900676
0.3196029023037299
0.6074461582366989
0.715605454149074
0.23999262522072365
0.4432424905689063
0.2042451884931024
0.23875635949187057
0.5768005976244078
0.040606089529099984
0.07405569988932445
0.41850831382080744
0.029539316654584043
0.18105910366082664
0.68550201465435
0.1132979371193237
0.592081916554481
0.46140275242455575
0.04451912092290567
0.23662138674745747
0.6963169380432495
0.7310807288705196
0.1355274390600206
