-0.0015949694343024116
-0.024695367761492962
-0.02353654511558445
0.007291772160958729
-0.03714310394728968
0.009125485792918666
-0.023657430591510008
-0.020140025444645028
-0.012123462631952079
-0.006963769423528311
-0.015129118550816731
-0.028986624719144316
-0.011892051679222134
-0.0050023624949613495
-0.01718718636222929
0.026306106277848774
-0.04059618629711804
-0.0019601469468151275
-0.022871615959939837
-0.03178806635401277
0.01946703000928105
0.029834529945253922
-0.012788842877040369
-0.0048230122818515775
0.00684545292597806
0.03768242159855867
0.006176701485335834
0.0041755606271285176
-0.03670217378082621
0.022744910240237295
-0.013290262258399075
0.02161925734691262
0.00825737011532281
-0.004159565386300598
0.001599850683333126
0.0070908228814648335
0.01219317678100121
0.016769320157297516
-0.008162934178576532
-0.009015491190423585
0.04140099913164895
0.025938712778417028
-0.008417038974655162
0.02008870659649265
0.008442905002756984
-0.005023028821159287
-0.012300097945938178
0.011170999530996541
0.014329692521754958
-0.017311549737585842
0.03609620426395521
0.0017245612865392328
-0.000659767593250541
0.057638832636319845
-0.014433745532265016
0.01968869713284738
-0.018255517705458003
0.017949620556229604
0.01437915417264042
0.03190909314738375
-0.039917877697104476
-0.009349263235877016
0.01358598041919153
-0.05931297899941825
-0.024614487334654583
0.00385780111784427
-0.011795558545884642
-0.02429633307173295
-0.02253008553078569
0.024307797848212204
0.011454348806952796
-0.00800021629484296
0.0027864855562590544
-0.03263460912956871
-0.03813850678464091
-0.019799981003789328
-0.01724902670788401
-0.032180152814595506
-0.05601293929677289
-0.009089151582174182
-0.007497327791770224
-0.004148936466107134
0.0114526438738346
-0.03758236972710907
0.032391618803992765
0.021283438933350975
-0.004696403830533006
0.014961708721207332
-0.046043295032754235
-0.012509855448061217
0.00672910729769053
-0.00923434444455875
-0.015935375343464602
0.03181110089192602
0.021205317313007517
-0.01386159197644457
0.038112585833326613
-0.007946798149895623
-0.0036312333018415684
-0.021203703317892814
0.019883143305959347
0.005601979233197871
0.049993318978976964
-0.03632495442642013
0.025000730883124066
0.01237991501824964
0.02718870618663117
-0.007672280473262724
0.005092691057338139
0.03917240967799414
0.019597906879997757
0.009374857657624216
-0.02154282240226384
0.021795441466609552
-0.007114590563137315
0.017274545714086792
0.019110357634983477
0.018436789976316346
0.02965930686566506
-0.0021947752083410228
0.005399679694873663
-0.00718429983046473
-0.011773857298780206
-0.02392101013280114
0.020828203902383127
-0.0071369490911318435
-0.018764295652458667
-0.011812651558205645
-0.009069245757208915
0.000955169008801997
0.00041266381064354596
0.014979542335146988
-0.014706546171036804
0.019816428660114637
-0.03892136551226082
-0.019330335406413802
0.027140084468226487
0.009214287231585877
-0.012525632871657363
-0.04548953862205437
-0.0015318777856090232
-0.0279416723361301
-0.0017474572161714878
-0.01910358052059711
-0.037696436308389925
0.008976143917596657
0.008235923944282715
-0.008945743091458158
0.015545530035226357
-0.031317354280028104
-0.02781829462823017
-0.01833288649917866
-0.020648482380834023
0.006605939666393474
0.012901524039127758
0.0048343139721188895
0.007689564744766451
-0.011533356515965452
0.0034180743601301498
0.008224630797695679
-0.007432080869983923
-0.023919894210960132
0.029796457249415077
0.027561216602824137
-0.027808824418550867
0.00928540090716042
0.022814682498201403
-0.026005307738463865
0.002044585174639761
0.022787048857516822
0.002615134295617959
0.03562516795131332
0.04508274573828579
0.012541292703644116
-0.019253366186989182
-0.0015012060563539074
0.03357158597748781
0.00103442518766126
0.005640856267519681
0.017799372520886397
0.02903560204748181
0.007918045068580784
-0.0011023895521502704
0.004659495536067244
-0.0019003565954957375
-0.015978414667377087
0.008683186294197964
-0.011668844547568315
0.02548338004647178
-0.01668071817960255
-0.039139844422961916
0.006078453417380031
-0.021900057096318534
-0.019659160608552207
0.018190655546784413
0.0023111761960773166
0.005584541744473926
-0.002511962184565843
0.015635028639100504
-0.010462683579766919
-0.030051204180820468
0.010223305099698586
0.0011116647631193126
0.0093938435551278
-0.006313520188242939
0.027035534862800747
-0.018434363560464132
0.008014332547657176
-0.02916634754314735
-0.009506659319248576
0.0009497894477375601
-0.01333656514440109
-0.01979103321843184
0.002030409886834273
-0.004077741058824384
-0.009976315259598604
0.014744448960935866
0.028061539231636262
-0.010488756501075797
0.006446233803715439
-0.00548072247977738
0.019366001971064667
-0.010701663932351224
-0.028315167536246813
0.01439323166044431
-0.0185730871644638
0.02539863600159796
0.022256936684460646
-0.025582428586770997
0.048778742768253294
0.02324085432151412
0.010870998678892553
-0.00914133301525499
-9.119897382290666e-05
-0.02305724128160456
0.004883469091048217
0.02279314032176042
-0.01822590231914588
-0.02320089751610456
0.049270641855437364
0.019105892196783058
-0.023903089121580724
0.01030896363356116
0.02715059375826661
0.019258786055521747
-0.006574034135706286
0.0005710065740716051
0.004754277828767898
0.025423320408166035
0.006859634686100299
-0.0015734038865512431
0.011339958738775184
-0.0009563287590445193
-0.03296818636874069
-0.0164062877433745
0.0361462071470013
