0.12004701544220578
0.12575254187728596
-0.12277464433826629
-0.12613594640238177
-0.0886243486414854
-0.10084536186141237
-0.0522357757014015
-0.08778138715524518
-0.04336284468153454
-0.04132373229282281
-0.004790302551550801
-0.03518728882191639
-0.03274640788245654
0.010944788884045854
-0.013903107267049625
-0.020022770302191777
0.031566537376177074
0.002426859874173754
0.043388545667551744
0.005416423378750812
0.040821545861415356
0.08022037062189204
0.08412233654706491
0.08614871766879197
0.07892973020351401
0.08372574346766655
0.10106393712891776
-0.1003832298143412
-0.07954312401747746
-0.11611435935591019
-0.09435930482125618
-0.05530392968219926
-0.09416117594116583
-0.05774615039475132
-0.031390097705810874
-0.06209387416111842
-0.025891234086962145
-0.04409504191755248
-0.03706082989717013
-0.013269923127904594
0.005662443473468639
0.022848630526142263
-0.004484388472054086
0.06087057545247432
0.02030420355979116
0.01319151017404259
0.02758603929193118
0.07809172566392614
0.0576611393043336
0.07412035532952435
0.10864396912837831
0.10473194445808504
0.09178797432265764
-0.12447372428761375
-0.10627876133518052
-0.07200520922835754
-0.11423803160799306
-0.08309257852355122
-0.09626087991534779
-0.05058051810945213
-0.07368272428121164
-0.05703895455357166
-0.04421785375690847
-0.012463140643164481
-0.040336892431632104
-0.03603451362973977
0.04028234395532057
0.01414663532832727
0.05638627338469635
0.06061180298361621
0.08236456935765009
0.08902262085455018
0.08228095774123483
0.08305549937319784
0.07777330117200883
0.06679606149637907
0.11812126950740694
0.10544381875364346
-0.10775763881872596
-0.0751681796863781
-0.11951789097041654
-0.058675385604787855
-0.06924115566653712
-0.07700290747933408
-0.0554529870410557
-0.026867917320070284
-0.03099696270905248
-0.03897739834575206
-0.0031591058347497994
0.00962426956079641
0.007857827067423018
0.044634956590998504
0.04947357652199378
-0.006240053716924189
0.060238314303550505
0.060087614818756956
0.08666094523602469
0.10441540719215728
0.08247681304012358
0.08493648486166422
0.12911754939800216
0.10185938920486284
0.132906781513716
-0.11385051734602453
-0.09686163921728265
-0.11104304730658042
-0.06277003632572761
-0.10578521092872618
-0.06945085514132149
-0.0718399963917506
-0.04532774185931618
-0.029665214764387975
-0.034298595704295415
-0.003481077911005475
-0.03879354137858234
0.012119416613589397
0.027242914283528707
0.02338104861042212
0.009219258256113135
0.0635736945637786
0.05964380338118863
0.04969726753807222
0.07388569634781707
0.08060314636339456
0.10513950332654966
0.08810360609086161
0.10096055703557379
0.0770789050747378
-0.11081061894753728
-0.11802303993349403
-0.07299871974436234
-0.06753439417034535
-0.08057540237300367
-0.05290810779028537
-0.045064238583192674
-0.02061261150409927
-0.009292060685104287
-0.019008985480202578
0.004700141834814278
0.007919669197900445
-0.005198077412244269
0.01106109509745615
0.0038518404723375463
0.01690380469248568
0.037600909838882854
0.05773270157824596
0.04476110834153639
0.060021564497087516
0.06928151500692226
0.08987276898168103
0.148771171827239
0.09536245978329352
0.11197004040697595
-0.1288448007306243
-0.1057303070367159
-0.11130083256846966
-0.10343162356928147
-0.05626976057018972
-0.07818875109383572
-0.06081643734881201
-0.028356795292027462
-0.058371734617361865
-0.027235279415180242
0.0001203478000734795
-0.019846418178720272
0.012019548950666533
0.025829621303443635
0.04258805933701858
0.05782237312199337
0.038851178791320155
0.047753734076177994
0.07018358415170527
0.04091376152695119
0.06626926386828387
0.13039342278859364
0.14284820168592666
0.1275827948441165
0.12429176528491968
-0.102766961785439
-0.12860055158893902
-0.10692142613499118
-0.07175123178366098
-0.08248081835793819
-0.056907364922277145
-0.04742479408627985
-0.058816078209895595
-0.045687306198522785
-0.04058600512244684
-0.0029857255169161434
0.009589998550364381
-0.014957889300412305
-0.003029537677377873
0.045449610297820936
0.030944549997548164
0.038405591684138415
0.03610957724123628
0.060181646109644035
0.10753797379709547
0.07181278984983583
0.08246131897661908
0.11692166598187445
0.10886614238823741
0.13439356603279778
-0.11218450545715004
-0.11917535093351915
-0.08950904592051268
-0.08141232534044811
-0.08213264961322918
-0.07699278601628845
-0.08670876258282564
-0.03497485832056289
-0.026172881048425505
-0.03717111714260214
-0.03708827526449247
-0.0023622815290944375
-0.025349387470943847
0.01559248124636128
0.01684386470893545
0.031253037065513564
0.04987286121048356
0.05711309200506608
0.07478338485374256
0.0659761744636029
0.08710482434277148
0.09704579014422181
0.11377942695974513
0.07902762367470842
0.11976067416843482
-0.11082902325061167
-0.09950607512750452
-0.0831114662984854
-0.09912591961399247
-0.08284225059423596
-0.04918581056973662
-0.052234035332906235
-0.06901505243193083
-0.02690891932746045
-0.015076556539245714
-0.029518268318824717
0.017695037972920595
0.015328615203528198
0.008626466113404709
0.022820933111545493
0.06135579227169172
0.042618780998493505
0.08430748316854625
0.04850910521260844
0.08571052374562331
0.05832791205695227
0.11210865039641225
0.10846512374263786
0.09787836616552349
0.14047076442645645
-0.09361360547348054
-0.09305417210947454
-0.09482421616735147
