-0.1997674274363665
-0.2506817386224261
-0.20083135112329153
-0.15747844645600867
-0.13960042807005396
-0.10657050783037683
-0.08257115319157954
-0.03698854743541387
0.0019675250338484843
0.07172114916922145
0.07498263125693512
0.1043976655295017
0.17202944955880214
0.2005773113412247
0.1846411581056911
0.21575475540058955
0.1570487820326853
0.13295148492695383
0.07682316521955936
0.06361413910627871
0.008032522934587222
-0.013057141736311891
-0.062216058933465254
-0.09959921213959569
-0.14543307496791696
-0.19582162906094033
-0.17391280588732716
-0.19039564559032887
-0.16594741126079535
-0.15452837922094212
-0.13540928545337916
-0.041145262863276466
-0.03414994310852908
0.043139626399887304
0.044645374280162055
0.09754115145246278
0.17180216384369734
0.1434144058673677
0.2276387037257185
0.25776339837908196
0.18208878685135046
0.17373580436574676
0.11305423629892764
0.09991788961454667
0.055231727334325034
0.011206728020301034
-0.03789485251079794
-0.0637931860866091
-0.1413428033372735
-0.13894751667161753
-0.22481645094094477
-0.23869460944921223
-0.21834041194967094
-0.19743483362232744
-0.1768984033120969
-0.10397119589950957
-0.06381347685175374
-0.053970203297227806
0.03722940449714707
0.04534300533300234
0.10365219947887744
0.1356517014132123
0.17911227231999843
0.20685612774159456
0.23730881525830894
0.21723917045216518
0.13843483727113332
0.17567785596876817
0.09784995291607486
0.03966342049884551
0.0005800248360193962
-0.036257415980971576
-0.1193963989196862
-0.125237033044172
-0.16108921042625884
-0.14465760489110352
-0.21033011943080038
-0.22110507852578215
-0.2248065178999239
-0.16343025857769305
-0.09453819000757029
-0.06861959157528892
-0.03650405610185439
0.016150885812697757
0.04903954802721167
0.09390989442728563
0.13310049654570746
0.1714546636175942
0.17218929833995517
0.2536616043496716
0.24586098473592588
0.1802175341512537
0.15084054383753737
0.10249755721111643
0.04053341038028455
0.0010353903342807374
-0.035344932006570004
-0.052936647754621514
-0.09559670231401418
-0.12809034589591167
-0.1780297609916802
-0.24046320394617327
-0.23992158868874167
-0.2019018520790989
-0.12715750737942705
-0.14302397263197236
-0.09082192085468312
-0.009931907072969027
0.01215776550800088
0.010570545881094046
0.09725990192439736
0.15579552057171808
0.17936221367937435
0.19542082297642085
0.2656547890437399
0.2068853779471332
0.2224182863066529
0.17262426061142255
0.06754207103020478
0.07621451032458353
0.005083591172795911
-0.013879083631602925
-0.05607247644716039
-0.10373057045794035
-0.1555025274243617
-0.17833586195471982
-0.21217147175757398
-0.18365904462381505
-0.21018606767547326
-0.15955024174452073
-0.1427335372541215
-0.07280971892377304
-0.022788380843592394
0.00413856617374735
0.03868944416176945
0.11888593068361415
0.11661361298399456
0.16130928509437553
0.20655895702606175
0.22222299087476743
0.1969024095429844
0.17185905503543386
0.0723665282162079
0.10709621337059354
0.07052886784287636
-0.015571838301639787
-0.01802307490099702
-0.0683971081621183
-0.07500503518839763
-0.13924381342372408
-0.15957195278979705
-0.2075785871446749
-0.259366557277199
-0.17053114096652228
-0.14681236824394556
-0.1301904170020642
-0.09020261135132482
-0.05706230790422577
0.004333189635286729
0.05543837436216095
0.04646280091220123
0.09333241994257667
0.1604543701024947
0.22781160869729117
0.22479372333195188
0.22450332189773192
0.163462221717697
0.15029342484896316
0.08765560974089506
0.06474230404269363
0.033128008263063356
-0.03402349043794794
-0.08563106719183101
-0.08227541376839786
-0.1537554175673295
-0.1639564996160026
-0.18230159162801193
-0.2611300540823353
-0.1708155712087032
-0.1902178515948405
-0.12144565176758906
-0.07400145992448559
-0.05235309545289499
0.041998854350088335
0.04235791154217411
0.05534099124503423
0.13268518950303468
0.15675624392049942
0.23462109101840295
0.21916032873570176
0.23842705961348085
0.15338990497331823
0.1611587703465586
0.10536034122257416
0.06359003711935887
0.028941951796041573
-0.004803208901793192
-0.04928186810510835
-0.10279176779879011
-0.11839379354267777
-0.15361113802717755
-0.196789086801587
-0.23758241469835556
-0.20591670732926934
-0.17377823974362241
-0.09597214869847275
-0.07394157570455469
-0.020402514084122553
0.01592007172960932
0.03489977189405862
0.042131878436492846
0.10564421673090782
0.10813316169168427
0.21497800074617446
0.23816858115508724
0.2113797302625234
0.1800292157832238
0.11948129448199216
0.1430860748458116
0.07683354735684218
0.03849038833340906
-0.017500451052756466
-0.07697333117173255
-0.09456590015953412
-0.13461991505674228
-0.20114310227694265
-0.2222171818532999
-0.23214868477193767
-0.1920690415140907
-0.13983370569200088
-0.13044360672596858
-0.09379878583289145
-0.03318552322744641
0.01949742571763952
0.06611732056619114
0.061139114458974686
0.10994066709506618
0.18189170739888572
0.18795862082332618
0.24934461976591546
0.22457454387496933
0.214045906187273
0.15249156958023613
0.09565573202839235
0.047569509593066134
9.714422360567604e-06
-0.021047131135572487
-0.019929426712719397
-0.07640544229230885
-0.1301143206521814
-0.18369082684646693
-0.1785166250728351
-0.26185335474691457
-0.18300421083653126
-0.19426379749464853
-0.12244582891536304
