0.33253052391240007
0.4224191582440957
0.4524202113933535
0.4988935393948357
0.5254820544348455
0.4962257470189627
0.4631737898591836
0.4430146117369825
0.34715259473658455
0.2853851265158608
0.2125151554269492
0.12603636741416077
0.044581483094828185
-0.016873100459957796
-0.12238351199136815
-0.20845611952989299
-0.2956761183852958
-0.3928346578736207
-0.38932849579443357
-0.48118487729256115
-0.49885226552960676
-0.4742003396572997
-0.46529109022869425
-0.45786074834865015
-0.4255821362692405
-0.34131658081567157
-0.2500180495752411
-0.1720115997541185
-0.12513196618357864
-0.017036679200594505
0.08385058275594547
0.17978227190297605
0.26384140185509497
0.3292237298360119
0.40694801595082963
0.4040032120439502
0.48506866058779274
0.5127856002220719
0.5040330388581622
0.44479114346223725
0.40676999042962486
0.40337114587735395
0.3214510627222553
0.26670401412148953
0.1837341740658339
0.10003134034361592
-0.011204823083117137
-0.11892937746261042
-0.1958090859773223
-0.28023705614911887
-0.3644606424898622
-0.3742765129328041
-0.45698335900075493
-0.46650360114927314
-0.48837952847251753
-0.46440076547026576
-0.49371609177981857
-0.3946612936588646
-0.3690239445333925
-0.31515588725346283
-0.24402938151898823
-0.12930346571005252
-0.0795871384321297
-0.006317742106584624
0.159818560259855
0.18955153033488883
0.3021854483924831
0.34907077684414956
0.38936873099806296
0.4462316681382896
0.48146523711131634
0.500172475297523
0.4787030956984642
0.4540319106784876
0.41877762861156653
0.3558905003761719
0.2696314982147602
0.21170898395095608
0.12068826662139119
0.01853988275657324
-0.06654127480293079
-0.17476329367615373
-0.2379907469982877
-0.3105655050108198
-0.35223557861802895
-0.42876235184220685
-0.4632106287768057
-0.45954730453677906
-0.4535140752431047
-0.4806467767649678
-0.4704161258232273
-0.3699106624602508
-0.34286005823306165
-0.28482474016568693
-0.20862747060358316
-0.06401520227809415
0.01764857394806689
0.10920461545786536
0.18365696402877896
0.1985439593839407
0.3152058345413305
0.382180271559862
0.43320593698969195
0.4901199287107905
0.5004623252663473
0.4809827556581237
0.4785806263539647
0.39904570940816797
0.37603340244050504
0.34458629402343743
0.22321158476603511
0.17989761096489595
0.1010608336461308
-0.005771319020440049
-0.07190142336664165
-0.1586775630760036
-0.23772800780347234
-0.37956605623159806
-0.4241401383053392
-0.4345395674316136
-0.47238744566149554
-0.4747715086215451
-0.48947819782114216
-0.4551591971745437
-0.4200556797518287
-0.3790974944721988
-0.3217086166607897
-0.2270526973766399
-0.1184316877892487
-0.027642995723461062
0.08274097093880597
0.13887825608482068
0.21422009561585684
0.30477267493424254
0.36708386789724395
0.42915764372309717
0.4909862623669368
0.45296080631143926
0.4747674949244545
0.47130904853639516
0.45485444396531965
0.4000240246515393
0.3730781774112436
0.2607481037091317
0.2418914715336182
0.0973803745317957
-0.003386258486426229
-0.06971077015595663
-0.14178040187273713
-0.2637479446533398
-0.341580311298583
-0.3613091236166227
-0.4370140822765714
-0.47457474639119934
-0.5073124675170465
-0.5054371744573761
-0.4980559044862077
-0.4526922569302349
-0.3460395142438845
-0.3434823633673359
-0.2380150187161444
-0.1683154964413472
-0.08906410274832258
-0.018669840813770527
0.06747652911672342
0.19123307606360182
0.2819086507125328
0.3254511526845539
0.37424506250462775
0.446537147333546
0.42967253109454373
0.5117566669801127
0.5054833616207614
0.48074189135933537
0.40374219536207295
0.3700458856520037
0.35049419605178234
0.25084131624383416
0.1244812000728149
0.07015371573859233
-0.023291352072127142
-0.096045473017308
-0.21505896454833318
-0.2737503288841033
-0.34458409474464263
-0.38951882428659695
-0.4544265584893
-0.4769105027970449
-0.5099605361040386
-0.44486577753401246
-0.4471253039425214
-0.42876156245060754
-0.38555268481549076
-0.2952074527033084
-0.22889600799486604
-0.14914443676803235
-0.04756273121681548
0.04572108233281979
0.11979307234262332
0.22904190732934365
0.30126477265204404
0.38008234107358957
0.4150629990713682
0.4412064531358671
0.4916426900748571
0.48682434054480217
0.47596811001608225
0.45137627915681555
0.42704803811262426
0.33069170343776094
0.2971544254625703
0.17331038513340072
0.12621483931727692
-0.003948172649049623
-0.06650617424797073
-0.2058248328214359
-0.2361479092511804
-0.3358747190247017
-0.36221037720194416
-0.4602373501082562
-0.45356210976889894
-0.4834261291944762
-0.46215475705759235
-0.5045296628584672
-0.43282267548972825
-0.4105043913044926
-0.31346322601951704
-0.27306155757629813
-0.17952572960923985
-0.08987002198482423
-0.012323947319544963
0.10654374269372674
0.16469255126890903
0.25484434287612306
0.33227773019692824
0.36491667000859634
0.4266886318324442
0.49516603762697503
0.46006260395624266
0.49146155645654804
0.4966805498467553
0.40975290535697606
0.3686394911683072
0.30186993141055024
0.25602396476764666
0.11919163611132359
0.052157915445979135
-0.05063448509214233
-0.09109690148153346
-0.20801073805522804
-0.27991988483907404
-0.3050374547871211
-0.4151984366083865
-0.46024055820749854
-0.4492209155012828
-0.45834024462447137
