0.08226646202086664
0.058883450241766
-0.0003966629745052533
-0.0060070488427966424
0.020661816535697743
-0.015769284659246992
-0.058784150057092914
-0.08534919747176094
-0.08322721922238581
-0.10235900192441112
-0.09132507982290056
-0.11611149611874087
-0.14892134520926897
-0.14535718735812478
-0.15823783413975706
-0.1816004307137905
0.2086131485218533
0.19853639418661106
0.19820095749864958
0.12496449390921685
0.10930507149820269
0.11393458547004587
0.12064448815568932
0.0703418829025373
0.0842502898690423
0.03966614521050729
0.026062229444872957
0.03976458030464711
-0.026023806578234686
-0.051138413226032534
-0.046106062493778695
-0.06103537486051152
-0.07478329332114751
-0.05059526281270234
-0.09170351865839471
-0.08379244391598781
-0.11074549327192208
-0.12147124778667157
-0.15169181460560718
-0.17635221907198917
-0.23531809723601946
0.19243551998678923
0.13859479076959114
0.1594011866826102
0.13867925956782037
0.13607127297267135
0.09702445491101087
0.11600925935860305
0.0663735421036131
0.12064428896364934
0.05866776581971362
0.04661058264493975
0.04277035075042969
-0.012826378551877298
0.028818969830724062
-0.032045448447791815
-0.03162636652833606
-0.06834061788974627
-0.07031859587978047
-0.0721813356901993
-0.11137394396496
-0.11361382516941416
-0.14382737235503687
-0.1570146233312641
-0.14407789958896766
-0.2145745017083956
0.20139245786533128
0.19927093833291748
0.14355730550287746
0.1622497861244797
0.1295136672140653
0.12865326616784745
0.06738944603470588
0.09890023021463401
0.08351596052664065
0.08418307618301954
0.04038630069529937
0.03199308241690746
0.01651104893729166
0.008294296081920118
-0.008405761898660324
-0.029116079869632765
-0.09247190362685415
-0.06565364093010521
-0.07135266385460452
-0.0944959215922978
-0.10917082152324467
-0.1172046320677542
-0.1588434777495717
-0.20024054175403888
-0.16000631816045738
0.2263521536154195
0.17652635216094884
0.1825918445940652
0.16565412701197194
0.10499564428723313
0.11259741147651174
0.07582749091317612
0.09112305505458083
0.05635574474824196
0.048975043936195194
0.025469566431933842
0.03791027280430497
0.004787595912452909
-0.013653373448372698
-0.008184359241879501
-0.049949535889056096
-0.06706173518017411
-0.06377494101645897
-0.06319576421487615
-0.12853321792903255
-0.1249711024085784
-0.12843203746258153
-0.1603528497425397
-0.13021383418801358
-0.16045093629244533
0.2059848334385222
0.18970236655455028
0.19784748543795086
0.1267038216910426
0.15530431725450705
0.1450135808396017
0.11297230969706096
0.08850902357523557
0.04616272328645318
0.026679369762769977
0.015311240614219332
-0.017961287998357812
0.0345000872767095
-0.010487881578724196
-0.04701728858580497
-0.042190984264624594
-0.05195409785502287
-0.04835916001639512
-0.09063316911439984
-0.10464506505546976
-0.12711210646994917
-0.1327337677698021
-0.1606970704272428
-0.16957770611801262
-0.17725222382087347
0.19493456931851463
0.1862695563484253
0.18027752766226623
0.11372260956481295
0.10893047355912941
0.0938258001423678
0.10478322866610003
0.10053761710702648
0.05739334503765155
0.040261567904825185
0.04888730436251773
0.052623455736513516
-0.020444317583987844
-0.0414173641599012
-0.01625963040220229
-0.0482305690720323
-0.054309387432238225
-0.06292665227196638
-0.07881706572909848
-0.09233615333460735
-0.11997183683547319
-0.11499507218513727
-0.15538887888605063
-0.16403576841211392
-0.1998869154233888
0.23129043359133805
0.2141947348109326
0.13907199784443255
0.14035209351143396
0.08607287456653764
0.11220805234137626
0.11816734205663429
0.0643710314941332
0.07071467369663934
0.047675338861712976
0.012137421986550254
0.04276580522216589
0.03564911209751112
-0.024976690418256883
-0.03854238096050224
-0.06784066532411433
-0.03702497640608052
-0.03788571694829567
-0.06717644323939327
-0.10935816094026
-0.10419045230347297
-0.12002374635272224
-0.07521452674176546
-0.19072242344124404
-0.15518597205471263
0.1676019517887341
0.16645899783756823
0.17675929935562998
0.14660512437947087
0.12063280737545537
0.10930981341651631
0.11239614095158404
0.10770986416462124
0.07184605976383282
0.054457032788437436
0.023266793223028128
0.05953616185867029
0.02005237567861099
-0.003629256466300472
-0.06979319126132051
-0.054815612213815465
-0.0626632857938875
-0.05931190439150561
-0.09511374048617703
-0.12062386936608621
-0.1201300863411286
-0.11463869015286429
-0.16760185957441667
-0.18395324327400114
-0.19103723324956043
-0.15996865811879027
0.1732397032685126
0.14781683330099907
0.18771305851905898
0.16181445395529176
0.11293089896911761
0.0891467516908132
0.06461801660293467
0.06205026444264144
0.0847887468938559
0.03874608921916002
0.02523614672661662
-0.00762290404497383
0.01705268919050889
-0.013119890726912158
-0.04540522181245847
-0.06290874884776362
-0.07604605437709162
-0.06202086382956778
-0.08492911426485497
-0.11045645692740258
-0.11916412527713686
-0.11743195718076022
-0.17490510278518814
-0.1924752909047411
-0.15952584268892972
0.15963620802061085
0.17387633953417592
0.12627992002558072
0.11237281453392248
0.11068506266301206
0.11604697684734018
0.08847380492260426
0.06814764081709047
0.02319842598961746
0.05794737359296056
0.040810934632827534
0.03772311067835492
0.008972135735909999
-0.022628015865343958
