0.0692509343685542
0.06127941608312602
0.014931187040403249
-0.016259942615994796
-0.04017069657600979
-0.0673996729850263
-0.09603364282478405
-0.11460093615292308
-0.1466925689539092
-0.12870260909300535
-0.11245502176619526
-0.13569567634218418
-0.16273913713771782
-0.15324399154257715
-0.15351675752623725
-0.10622804790492389
-0.07595269725393186
-0.058878673360343435
-0.029138795876392554
-0.013619126256704247
0.019846526352235702
0.056861901302740214
0.08315585948055293
0.08927082088847364
0.10888411821233743
0.13688618141130443
0.1553828391685421
0.13608547806031598
0.10454028016106975
0.15501916736748575
0.10761746309144182
0.12422741204961635
0.09605782465736538
0.045896209593279655
0.041303999889105616
-0.013029319072724574
-0.007091748678496414
-0.007049562920712672
-0.05628732753380926
-0.09026432297841672
-0.08467572032030637
-0.10928577110445019
-0.13197210007582924
-0.10089324906995165
-0.15833440648378988
-0.1210611941803402
-0.11147623969623353
-0.12206333555147572
-0.07871028928370766
-0.11973619819396458
-0.10806398217738171
-0.07980194115803427
-0.019453037209922804
0.052338044015131174
0.05909059321402724
0.05148830535390774
0.071524280680633
0.08697661312518182
0.07968480450052451
0.13500822092342543
0.12407981472221503
0.10657716153150934
0.13855594784229638
0.12884503184644105
0.12695768461518564
0.1331518585799639
0.09407252251483884
0.05252211571355453
0.026817492604577553
-0.004996879627010354
-0.05296455033589468
-0.04513180625195978
-0.035527921223238654
-0.07536988210392617
-0.12137192199852753
-0.12663896193492744
-0.13527913546837939
-0.14279264559468938
-0.11677262486177095
-0.11355848363115623
-0.12309584358325826
-0.14482306610788864
-0.11313374670590415
-0.06626699154162612
-0.04973464265708525
-0.008352540461607171
-0.043088607858587695
0.015299057919129711
0.045357856987439264
0.08174501006853144
0.0452202694403791
0.10399859725575827
0.12410181538332585
0.16349835234102006
0.16926375226505175
0.10762906457764966
0.07941515848634623
0.10177051365553162
0.12026466562716673
0.1256631286729204
0.05668480609833553
0.06401192173709944
0.03604291229057402
-0.012208165315783774
-0.013428223870398624
-0.11329378964962152
-0.08483696361172653
-0.10241255017164108
-0.10942782239537574
-0.12467908549626926
-0.12964075142413445
-0.13369548259966244
-0.14614692351609465
-0.10250255392258538
-0.10352676846518033
-0.1189749124200147
-0.0829722593391223
-0.06841429428548024
-0.046279692753822446
-0.027619484638074544
0.00887939350092223
0.03324133300575616
0.06834895710077665
0.11249130709116528
0.10252184148759995
0.12012309235932439
0.1038265502837073
0.15057127243499907
0.17904371694035418
0.14240702915039688
0.1101931229531105
0.06739697721561085
0.08356096807521904
0.11438286495158377
0.05591158446508085
0.05676773181777049
-0.018266332509921705
0.023566726696353943
-0.014606394629315754
-0.09180060218627713
-0.06487465128507239
-0.07837223686346557
-0.12627318523684095
-0.1558131970698643
-0.15190291332798353
-0.1326233062772072
-0.12392626181374475
-0.14908373687174026
-0.13771393634868082
-0.1068251320004448
-0.037487421564977925
-0.05727413332008445
-0.00729317766571462
0.00472125958259037
0.04524335799787324
0.0596834439653895
0.05680739614588758
0.11089941388397245
0.12240388705089233
0.16016197669195026
0.10060494453406407
0.1663282611427394
0.18940059751977698
0.141014474506074
0.10324397925795147
0.11070361859965026
0.0978600772113357
0.09566672417012764
0.048852058260263544
0.029514704446421035
0.006092168864393382
-0.04764967906264955
-0.04027522173693002
-0.06565188710810257
-0.09871078687899261
-0.10541153447749271
-0.12665777066783412
-0.10544494067859192
-0.1383606916075455
-0.10337879447955398
-0.14699010968766865
-0.13242814458482027
-0.06468018961817829
-0.07603371398027256
-0.06157477779278712
-0.028947453838602415
-0.03049666423437538
0.025757475736911596
0.08523605088860726
0.09193909740317165
0.08596979829627396
0.11941134439611531
0.11458357984265385
0.07136394637728627
0.1531174035984539
0.166203202219358
0.10047210721168359
0.19213957874261373
0.1254679628923857
0.08855565102255497
0.07813427398781632
0.04122006879678807
0.058312081901168135
-0.04054666691718056
-0.017965479461210816
-0.05187317518910061
-0.08155721413702721
-0.10151164400609285
-0.13061896715212848
-0.0942179082058987
-0.09588688644254122
-0.13506334934126363
-0.17006749504586038
-0.12004105397084713
-0.12567471377921233
-0.09179379941053856
-0.06144350572547587
-0.055937602937847296
-0.05503987617006779
-0.007187489296022108
-0.001214023060367225
-0.0021585375863736704
0.08677059989258504
0.08677404977223403
0.06980502568188013
0.09350537328895817
0.11354346043606842
0.16466641907608093
0.11731034806522547
0.10864912468220839
0.1575935744655157
0.11271002468505485
0.10440550641551004
0.09517432134649471
0.07261477877965224
0.048441017767029707
0.03876146658938656
-0.02132074644427646
-0.023232046073288465
-0.0642720664304566
-0.11524584059324171
-0.08192625275184652
-0.07602356583536629
-0.11620922276853385
-0.12910284093909427
-0.11106260514730477
-0.13315431092668253
-0.10861362011147725
-0.14992899403236268
-0.07009028523250407
-0.05900766690665314
-0.08270696566618302
-0.05637039637677757
0.012297357092112946
0.0373952976826538
0.05439326447896297
