0.15807507540097257
0.18144089719283815
0.14257467895818765
0.18428992948860445
0.2368108719510492
0.21798320156240006
0.2425174597929555
-0.2776580616216964
-0.23377958481064856
-0.19417748449277164
-0.2068907039807894
-0.15888024308546278
-0.1756341918749334
-0.16262275957078445
-0.18020911082456892
-0.11416950429667602
-0.10438178786652241
-0.10125756817145491
-0.05273820473071993
-0.07899491685065498
-0.052921522521462795
-0.05962998290519929
0.006932807304611162
-0.029559108887556612
0.018572868064439432
0.07119276511371658
0.03639368248760462
0.030174896780212814
0.04866938458117119
0.08023734412476355
0.10929067929330678
0.11356707956131948
0.139034325229721
0.12495560813663693
0.19292506810505258
0.18663722088244833
0.20461108912732287
0.20075726539579714
0.18155444901183684
0.23905307737859832
0.2656631000078212
-0.25368938031566285
-0.25980802133805647
-0.21641735087279024
-0.2588002209042968
-0.18947871463884464
-0.17583093830275015
-0.11553906188588853
-0.14522404380058365
-0.10063589082336355
-0.10419885752709518
-0.058954279126062215
-0.07710189304814953
-0.05539109477693451
-0.0689517734162767
-0.01934137220130637
-0.03664458846004913
-0.0004702919895024887
-0.003722049352706803
0.04627529195473849
0.040267493036200794
0.04820136158691257
0.08983055072582395
0.09592929391946409
0.11158586157959047
0.14010186472817932
0.15879363400627142
0.1340253727642653
0.1320396716684293
0.16525463454758835
0.18828483663219103
0.22264641584570316
0.1979530723565274
0.234256748176
-0.27585932676342595
-0.22239799097962845
-0.20123608318587
-0.20029203715085772
-0.17441307805524062
-0.15985468865123928
-0.15348876105571985
-0.16754104850268275
-0.13861232727793138
-0.096001349828086
-0.059633345924845885
-0.08379437113600732
-0.07319903668574658
-0.034226027089032385
-0.044480266575313857
0.0166753358978308
0.006615078160098395
0.012029381051501005
0.028485465759594382
0.035296699154403116
0.06483581558364652
0.04733464761266648
0.07399643402756005
0.10421983131201175
0.15107737834391646
0.1620657432464271
0.1511567152495505
0.1625434377330368
0.17968148381100377
0.2240980520140533
0.20778834070267369
0.21221179112177938
0.1946143155559195
0.28239431181979396
-0.2440086699843595
-0.24216091635124018
-0.2395485816580578
-0.1768254546233157
-0.18869440736850496
-0.11940980119032274
-0.1623100068387505
-0.07915690247541204
-0.10422194989570767
-0.08477826601571911
-0.1151826275219494
-0.08969903326394989
-0.06752325460588178
-0.06011008437574181
-0.02719660056695948
0.005386631417331365
0.03127487814117652
0.004669624954148325
0.04369251051763215
0.017388915376459764
0.08721643064542474
0.05755106186436631
0.12788564588907847
0.08658811984683892
0.14344503025894073
0.16991322736020145
0.16072366695291745
0.20051202438976787
0.17920893274808122
0.2513483355202513
0.22549558922423593
0.20950037200655938
0.27370149709261227
-0.2282071689274917
-0.25566306305123654
-0.23342681398681406
-0.21817332157768043
-0.17392529209232446
-0.18410697092904044
-0.16883419113883882
-0.12779306964192977
-0.12685427965303597
-0.10242034861357939
-0.12949323113910843
-0.06772322989926367
-0.04683871400839062
-0.04866362403173254
-0.03794247826710193
0.01952622783203137
-0.03131737829340742
0.029902340323452962
0.051009687313803086
-0.00928668115766041
0.03556014842127399
0.07194621051792825
0.080140151954767
0.09743436537309413
0.10178990601101286
0.13714382575411355
0.16180708668684637
0.18066890021710236
0.152568552006576
0.2100535009268857
0.19568289968391547
0.265752921345087
0.25510568717132
-0.25939663110852657
-0.22972111987240598
-0.23287906431033403
-0.226954249186181
-0.20505951679056472
-0.2177357319884409
-0.17483699425788696
-0.1430499180110449
-0.15452914160439424
-0.12224566040318335
-0.09401613725367655
-0.13621334900991303
-0.06430609712730875
-0.060072960020242414
-0.03485266038260539
-0.036074439418652446
0.014977763740862828
0.0002054997016065225
0.014980715781550295
0.04438350355469996
0.05535633589961077
0.06819234058368165
0.12964862462894078
0.07032335283627542
0.13243487041514476
0.19573241010104714
0.13990448141213369
0.1287535866748629
0.20274298434919402
0.21045275939203623
0.2224680855466245
0.2458380800626403
0.22696951758113634
0.21236283586424343
-0.2665660448460124
-0.21068292060175225
-0.2394991342785444
-0.1674606239694686
-0.21154765329336805
-0.20547585096462384
-0.12924990162420041
-0.12835565860092035
-0.14210839304869072
-0.12339094790631741
-0.08367562153868707
-0.06655251614089197
-0.050775999490500705
-0.026770109786198558
-0.05816188274374501
-0.03195780775853077
-0.017462899503404565
0.0031194787241371064
0.06086082428372262
0.05071231792469126
0.06298928411797433
0.09773471418572596
0.08984665416229969
0.07931279034063507
0.08794192111460501
0.14452390122434924
0.16599361612445387
0.16471571453198905
0.17097444270455459
0.19673028261451359
0.18706520888810158
0.1983557186904499
0.24472668057933278
-0.2292724379747092
-0.2563973237232687
-0.2097642417636325
-0.16174789621697133
-0.18882895836716854
-0.17672234535359244
-0.1660315733412051
-0.18969193004570256
-0.12573277722505166
-0.1016948043682649
-0.14360717253804559
-0.08746282034155978
-0.07316779966512092
-0.019600747305419726
-0.02868681433077819
