0.45800443666863816
0.45685526304880963
0.43255708136559984
0.4395761611640577
0.43325934679544575
0.47971985983360804
0.4301845270123849
0.4677207697687506
-0.45473223004683205
-0.4386224350721311
-0.46499578998202074
-0.4606247229528361
-0.45268548130871367
-0.43474148087368103
-0.4732457962111065
-0.45361344231271317
-0.4452206681753283
-0.45636168788467446
-0.4582604025346562
-0.46056603695941006
-0.4149144385311004
-0.4752543614678129
-0.43839082521036316
-0.42562732868229125
-0.4519722916944151
-0.472757437229773
-0.4475911346372884
-0.47479384123611146
-0.4549800780113307
-0.4363825562568421
-0.4520984965074844
-0.43973116782018146
-0.4480256069479017
-0.4743247199949605
-0.42457022982848724
-0.4443969841752996
-0.46233238682274674
-0.42201725608214363
-0.4367573109008572
-0.4539332200117033
-0.4571121346911874
-0.4366472383897144
-0.4691911000262178
-0.42282219779767716
-0.45919179151814826
-0.43075696723796897
-0.4570666064498657
-0.4202824778544057
-0.4760589605140387
-0.47678233896261457
-0.42018217373341904
-0.4170698804288962
-0.43583620076026797
-0.4157627974443431
-0.4474510402266408
-0.41442842237337674
-0.43224284164486554
-0.45142055493667343
0.46137983433973345
0.43437208969653474
0.4467238113503464
0.4598140645645202
0.40085370185588703
0.4338189841903036
0.5039152325651072
0.4472942342010822
0.44137236362442944
0.4767079676316396
0.41762435474738147
0.4207882425809876
0.470348718207559
0.4123908956102703
0.4711552812837974
0.47199427534073995
0.4346181553846592
0.46436200042498893
0.4634860298236899
0.443618432329846
0.43260851574305764
0.4606668620526303
0.45693591492402996
0.44773100005538946
0.432812744782497
0.453646139769998
0.4560406030576941
0.46981368025754466
0.4426105778919962
0.450459937089716
0.44895758854780377
0.4648067299579311
0.45055902196882414
0.4481286227438141
0.4309376505776456
0.4508792727010665
0.426724003035586
0.45814316104182207
0.4683814749402936
0.46028147081412557
0.4672760864485171
0.44542857233765554
0.45437862162616555
0.44727565463857555
0.47720808867799597
0.4572684185339002
0.43072984709540163
0.4532942062079963
0.4500164508095877
0.4445640771505879
0.4626285788063954
-0.4448731879154524
-0.4434342434932252
-0.4357929019897318
-0.42906841157414927
-0.4421660352011413
-0.42482971558531935
-0.45761446849595616
-0.45385998882947426
-0.473046862916161
-0.43093912447479843
-0.43297112074621485
-0.42228786049973743
-0.4659767828025152
-0.4462766004182551
-0.4563562748829457
-0.4505236950557235
-0.4476492279169115
-0.4590659349912944
-0.46419294755841284
-0.4492476046962806
-0.4381368435022079
-0.45252210828696254
-0.45141935763744706
-0.4330894793655621
-0.4536958542837906
-0.45725569483278233
-0.44679173981389064
-0.4393977786796659
-0.4576644322375132
-0.43902245185415134
-0.43894196949911
-0.4432135064356777
-0.43522163170522776
-0.4981499905901444
-0.43370407316131304
-0.43381449872994854
-0.3984252098721307
-0.4544130375316154
-0.43985843228437965
-0.4295036503511393
-0.44094531848450863
-0.44708564314897453
-0.42074487565976587
-0.43755964757793037
-0.4305377405935906
-0.4495643178298227
-0.45929250326110876
-0.4781742745627898
-0.4795835487737636
-0.44710926051478883
0.4893121369112604
0.4346015723720734
0.44174524163384865
0.49154318544527775
0.4722832835823139
0.4663955196876124
0.4396309268611182
0.46941394720591645
0.43410021188465264
0.42847489200890293
0.44255959221864094
0.46314015763274113
0.45989444843535665
0.45798652726173317
0.4577487183906965
0.47830787123898244
0.45448388857741956
0.4287025162904681
0.4571929650819602
0.44744820224786636
0.4098752820048721
0.4513331545319223
0.43512693149235604
0.47179184793348716
0.43452140923543797
0.4293665148345235
0.46729661981366305
0.447320553845965
0.4671481209177686
0.4472342345204428
0.46305362523565324
0.4507240343426065
0.4380753355570225
0.4588699782402746
0.46631258370576795
0.45604077993718045
0.45588871418044397
0.41980458119647523
0.4346375392121636
0.44150169711809534
0.5110188185924212
0.45611178841196487
0.47292361332613375
0.4928330470159935
0.4613979868103791
0.43528850605983066
0.4608952869087307
0.42590986103048495
0.4729928956138752
0.45202722579854404
-0.4563085394100544
-0.4702250275769858
-0.4290661942128969
-0.4497889307726725
-0.471215084930734
-0.462659714819733
-0.4472643826379373
-0.4297183263546702
-0.4888696310622687
-0.4339030141838166
-0.4299402524448479
-0.4671361996959214
-0.46055113337615594
-0.4635724927562641
-0.4578167838979255
-0.48001456851788404
-0.43381029710025293
-0.4583807994459453
-0.4434786934562192
-0.4513216641235476
-0.48792065312757765
-0.4760005196747987
-0.4275945944837201
-0.4404793851376482
-0.42451459659146823
-0.4425008971847324
-0.4843374410311133
-0.4625924395061564
-0.5020275041011771
-0.4532203275403598
-0.4677868169681396
-0.4751237909646617
-0.4532761667953608
-0.43909674192329956
-0.4374312164953179
-0.4664661786046236
-0.5139154664483981
-0.4556463404705459
-0.43177238270200424
-0.4150431333269423
-0.43915873787106907
-0.46113332085803177
-0.44844419629085724
-0.4194880554701788
-0.4313858669249842
-0.4380989229423217
-0.430468805858684
