0.056773690876243024
0.1334991347709443
0.10393785597761646
0.11095569406695466
0.03911115011569854
0.01794292920195278
0.1245950732495289
-0.01348562779514808
0.10870800301764276
0.12061116507872158
0.017685362153365372
0.04630227811852137
-0.0034123853603175453
0.16156826851765235
0.031142317894697708
0.08598727033043435
0.002678226177181926
0.03791602364522935
0.1096260531099732
0.04253035715416159
0.1492061596438758
0.04780097328538159
0.12110122690010278
0.172112988188
0.035162584984213534
0.0009676531570412773
0.06748670185871813
0.018425331107859138
0.15623393870851537
0.16788096878157852
0.032730013535877525
0.16769876165406747
0.07527101471380405
0.06438651048896246
0.16642667764501423
0.04410029891640546
0.17701655831209004
0.09534449390887453
0.057488079327398786
0.18037567408102567
0.14403541900569927
0.21191584795094978
0.06292357685392005
0.12888487826370304
0.0653042861585672
0.1134124136979641
0.07824996328395335
0.011768472711394484
0.13971444161118104
0.04680682367271882
0.0203886319002215
0.14534825087026945
0.1067355608717083
0.10596110372768132
0.08059718720739258
0.21370349968524774
0.061456379052958685
0.16427522607634387
0.04576400832258448
0.055681982081240505
0.16324731953279817
0.1457164131687686
0.20110646844800897
0.006615153362678452
0.05979694210401761
0.006382591543807798
0.1005392604994872
0.045122653583316234
0.13014533323770278
0.015367103174889974
0.04627562361712648
0.09167632399878854
0.1437481688679452
0.04180993391982345
0.19993454675498923
0.16960612808315914
0.10902970329774325
0.2090518819724257
0.19694456786574913
0.15591141458401922
0.14108634435165812
0.19540011233229465
0.10828630493785694
0.12923568910264566
0.24228434208579722
0.13366818989929174
0.08216458028877155
0.12883298937030238
0.20861242290025933
0.12573441223436985
0.031853268413090385
0.034201409250695924
0.13720702876310725
0.08125817526577904
0.1580350775842567
0.1587567903160556
0.04065605509967534
0.13911839763241926
0.1688635804650712
0.12786651600100196
0.11681647902212401
0.13571575051543663
0.10844956723588955
0.09103239734756584
0.17228717521343817
0.11298707408044847
0.04954507701143495
0.07953834311711727
0.08762860718404655
0.07488167998306458
0.1751965042290382
0.1243577983234026
0.09371801347139254
0.19417947958488999
0.13783246432055382
0.00649321006566672
0.18565931130627122
0.07682977703515204
0.1287337831131886
0.15278573959075697
0.12575937879430502
0.0635146178980884
0.03321991249438058
0.060272031130233134
0.12383928703854684
0.019253991877990363
0.13685207364746163
0.038314193558963955
0.13334526828653864
0.1272006104537035
0.12827533543389202
0.053500169636464714
0.056893329522800115
0.14966822674664979
0.10607995184473848
0.1854066086340542
0.021179990924279062
0.006917675922718004
0.1406294047110854
0.03401620392144803
0.030676135008690538
0.15400128828343573
0.07189590983027491
0.09120326937796734
0.2078143771055856
0.016370618816146015
0.0209700111464537
-0.006071396568577034
0.04517465327868416
0.04883265330515033
0.0833755195391145
0.09531111815202511
0.15130920742709797
-0.0005998321528747066
0.11037703134859946
0.05505929796028835
0.027900843017831654
0.08423536856272044
-0.0029766724835713406
0.15254841567026797
0.19198497395836714
0.12359278975481831
0.0033026923493398516
0.14623494862243264
0.01577385057178188
0.11691764781775335
0.0271501347214295
0.049189023995656875
0.20316840164803354
0.20205576309635903
0.041227709510441794
0.17326307348204845
0.03366733225038659
0.19319595254881522
0.016209480638179063
0.11195741193296732
0.017881255124287433
0.03490398340594027
0.028090949966737413
0.15410214471470196
0.07362824386280134
0.022944923693615636
0.0248870815133466
0.06343266822534209
0.06766682648364995
0.11549025633318782
0.10050074450361486
0.006564355108154316
0.05470125058340826
0.11550877222702587
0.00945169264790333
0.08633146078222233
0.10336791520531227
0.040284178411839074
0.19625846079438822
0.13001752691766877
0.14414323915232524
0.02579640360810239
0.0922541379051077
0.05208489306957716
0.040471270691797095
0.10629971812208365
0.07892203961553397
-0.017616859594006887
0.039235452401038436
0.01684683173746259
0.16414928760249103
0.07115336778339666
0.199494425261539
0.1599947069780938
0.1779756963351481
0.1673333491650651
0.15108923918638592
0.06356946988523561
0.15343008709504913
0.16282316209062903
0.08386759111128372
0.18195142375872958
0.01239325332117066
0.18576531581160555
0.05738547876619382
0.018257961925597293
0.13580931084216685
0.13695501792558196
0.04849374154255491
0.1019488171499015
0.0685080627593483
0.14883763319359164
-0.011427210095846648
0.09954070745062832
0.2080369347549391
0.05324454465758714
0.024877971900322603
0.15430633178237863
0.08261546256264482
0.0769666232125968
0.03211163425603806
0.17767250844662788
-0.04134215390924826
0.06802126682605186
0.169834776908531
0.06006772872164221
0.07665356371239286
0.04773242120952582
0.056115359548401
0.162204088270781
0.059777962653843046
-0.003655438163752087
0.10125360377500461
0.2063928836209441
0.011378049416788695
0.12099606491590412
0.06446128729806795
0.13138672336124774
0.1699526326158311
0.14857135639757288
