-0.12128093748157821
-0.12177353146006428
-0.1719916511040301
-0.17715560598247668
-0.18782485369855031
-0.22109553465269965
-0.20235295755699967
-0.22121620721593854
-0.22782988645470892
-0.2649168990823912
-0.24121243534685366
-0.24827055161530648
-0.22815120894819624
-0.1894775863565365
-0.21151609277058128
-0.20063373960191985
-0.18845635834035418
-0.16226474078820596
-0.18183189415709394
-0.12593591551571942
-0.13296307250100842
-0.10177336752510134
-0.09485476474003035
-0.08894992819000413
-0.058561945054532175
-0.06528656281460953
-0.021043032301350836
0.002418573236958032
0.015606059360832833
0.039608228648987415
0.04583235701228381
0.09691343629753989
0.14258064721649855
0.11746229824140202
0.16839296540455573
0.16340022218544933
0.15125933488018728
0.20075380972138152
0.1975477494049865
0.23298101479977076
0.22732771834033755
0.2394809882251059
0.2619678520984118
0.2144755220580058
0.2533877919553098
0.22131164541548032
0.21950514730343337
0.2125846485195362
0.21711203062555198
0.2186234771476992
0.2325314615781927
0.16257366578804072
0.16790151099935482
0.14689785836682429
0.10677035320340526
0.13249595300844222
0.07189182526099475
0.07511985142589439
0.06873036983842233
0.04199842279972351
0.007703040229848358
-0.013958019806854502
-0.04263294287472473
-0.05437750433224846
-0.05827460167750231
-0.11702878426871702
-0.12161821043502265
-0.15934614607258613
-0.16654878083196248
-0.17753667767338574
-0.16701238828831516
-0.17624976712287388
-0.1701188078865542
-0.24704956827207047
-0.23269094232426404
-0.23408582191926122
-0.2183848560604389
-0.23447731487048432
-0.2601550944874449
-0.19381884198892974
-0.24382672038881675
-0.20883460907462875
-0.1883426296620025
-0.22318090096844692
-0.20988750720014915
-0.2067231348347573
-0.15689140604223678
-0.1346907317154383
-0.11109877320412384
-0.11617608718911973
-0.11125488301042379
-0.0895464991785153
-0.02527849357806858
0.007848810684409731
-0.009277745715712847
0.009534726969448182
0.034392914306015605
0.0573870773745315
0.07380711495924536
0.13246011426636173
0.1351668873454837
0.15213694026765454
0.19069120358421193
0.16115951130652248
0.22391589167513634
0.19429199667510105
0.20881110469895922
0.22879958568371916
0.23529779518337815
0.25553870480013596
0.21097777067850076
0.1902171219682554
0.2309556551255026
0.23464615160150715
0.19781409301532316
0.21239440406481105
0.21646614016464005
0.16933689945749292
0.16132014876354134
0.17848827053807825
0.15391281969548842
0.09600048642002154
0.1155456123974665
0.10560171180674585
0.09323981994784639
0.06931827326112905
0.012861747611490117
0.009366992898413348
-0.03459444353832842
-0.02834399397458105
-0.07124865187607057
-0.08516286843551937
-0.0793635259570663
-0.0938470180980629
-0.14603991863399374
-0.13319142276197857
-0.17047433459494582
-0.1754304987463778
-0.1898482505869947
-0.158876947309453
-0.2039528784203504
-0.2326986177863557
-0.23122887699118164
-0.205331301318475
-0.2710513022815976
-0.19128665912851678
-0.21031376167182017
-0.23899686331723102
-0.18203877794540269
-0.2194379511687977
-0.1886034031723009
-0.17388893028322944
-0.20366097546294892
-0.1111327478647342
-0.12280111853826295
-0.11802362998468333
-0.11944819053143836
-0.07254340482493048
-0.08793602712144688
-0.032659915864673636
-0.0071915541835711055
0.03433027102668829
0.030770821943127004
0.028416752820763558
0.10414513737346276
0.08441788686944493
0.11064485977994322
0.1286076049187527
0.14053558180242473
0.1790298123899959
0.1793583746627185
0.2233784558041359
0.19251530907663028
0.18752466621495945
0.24662388492590667
0.2696931854294801
0.2276122543370577
0.21964129424419757
0.2587306798885801
0.21451748307728852
0.17870012848961037
0.18812734607945858
0.18991162877832113
0.2107448425730634
0.18293352498441573
0.14065721522874589
0.14161584640595676
0.13583054933977343
0.14233123538614786
0.12580066344906196
0.07892165839177871
0.07754258086269936
0.028817651627317007
0.004142431753063686
0.0020103002197730153
-0.03519329212912908
-0.0221996389151493
-0.079218289123754
-0.08448936365954911
-0.09268084881392456
-0.11756406694734249
-0.14254726522937436
-0.1733126007326648
-0.1581955000063463
-0.22397244024388513
-0.1838408726492232
-0.19157900023563207
-0.23350258383718148
-0.2521906533038982
-0.23264271421063204
-0.25968360248882183
-0.19795311618293457
-0.19917519596854766
-0.22202151151198016
-0.22422602549535572
-0.22517650394539823
-0.22254438166489868
-0.19951542429906213
-0.1730336197171927
-0.16959550833245224
-0.12775345288972773
-0.1437727989989692
-0.12407455271034434
-0.11088548668619888
-0.077319631538033
-0.054007103767081004
-0.010611111839629015
-0.011003831333967515
0.020593842736426365
0.021568152128108746
0.054879540180130734
0.05943144665175681
0.08939420842666042
0.13575421267995474
0.11671198132362662
0.16574012868303875
0.17643797907084546
0.18176389812629604
0.19012996083666606
0.203823868985114
0.2099709594762063
0.22074439730422762
0.22551471330791356
0.21135187007920675
0.26883402459168276
0.23630602835025125
0.2596881739437847
0.25465582784071905
0.1820416395878509
0.2261115316920199
0.2565973042136154
0.1716270133308744
0.16181919673953465
0.15561093569795978
0.15155708894541445
0.13880348725610095
