0.16163166649395952
0.2255938849201984
0.6208147870435055
0.17921408714873216
0.09213237444922329
0.30539843846237136
0.05981518825004088
0.6209294935230133
0.24155307675674192
0.06247162892073176
0.3650594092876335
0.045878603239286754
0.11093288659575577
0.5084407024288979
0.5136034697409656
0.30881615825328407
0.655021443472232
0.12730299174210358
0.44686740797540103
0.17572329998224562
0.025380939375623086
0.6737186492331424
0.16776392214755007
0.4227167337907205
0.4459255739066585
0.3669640709073042
0.671645910943917
0.6505598634421865
0.12177631471934244
0.45262274777675526
0.6445659978823842
0.5738174771549903
0.029630560213364864
0.061419804737719
0.39834820204125027
0.24484612604264505
0.6661836193560925
0.43323756895511434
0.5116108973879643
0.554319223297044
0.1609250433973306
0.062215725681177454
0.1874818593159895
0.14755360639519202
0.3097333815376013
0.412493526886444
0.3335990365668323
0.3893723997524491
0.2891722926749677
0.34420086949452205
0.5053401652576047
0.2700625851763998
0.2776133934807623
0.5500553685571973
0.48402400712770144
0.13339840506487446
0.3340135409548503
0.3354689482260141
0.5542572490613986
0.25595444424496067
0.5263137469796977
0.1902567236476646
0.6313574751353015
0.015390161642508258
0.28727310468932177
0.06162313151408543
0.2781948109073464
0.20020143019674247
0.2103327184154052
0.0458666881964313
0.4996155546976596
0.4940548389712578
0.08084713861594162
0.45279284396657304
0.6643029518112321
0.0701759601915997
0.46647368930318
0.4569253497600893
0.6680026635491945
0.03383486221548834
0.5234150042016756
0.49829876393148204
0.4406020963904357
0.43670898923577156
0.4698717042807488
0.0751739483049747
0.4328653138312487
-0.02678920260998153
0.30104246940444906
0.41012168201246435
0.6514159949081613
0.2238168939966139
0.6136294469665863
0.10140166123871101
0.6468601125263309
0.6325927698409043
0.32910083195093154
0.4400142192476342
0.22717203079975057
0.11195878604194304
0.4571621192189118
0.4248798612572256
0.26572391022990044
0.41294604610990954
-0.010339865644664948
0.13091291025526516
0.1648377355621515
0.4389345661097688
0.08110963664909852
0.007815466727835105
0.25309033799455843
0.1019732093303061
0.49915670187001226
0.4574858298783114
0.6159242339660069
0.608825042980639
0.24684654765087877
0.4755187196720457
0.6352346662208366
0.17949130379392295
0.17577695645809216
0.6620080276330376
0.5010477074079946
0.20540291303806102
0.6114924807185862
0.461034466357468
0.560437254036204
0.4799379302556135
0.32610422188940147
0.2146195327423744
0.25143764013736314
0.6474909137590374
0.11942292274051881
0.6649847212206978
0.20386268441318112
0.5355024493574709
0.051607622293638404
0.19341453296923422
0.5172374063977727
0.41210048677617594
0.5698521008054996
0.26515729881574995
0.41682193836052955
0.5495310945972276
0.250202675998704
0.2685176336692785
0.3831699674618728
0.33722904803047027
0.6749085455287254
0.36248033262085744
0.2811584105251542
0.5255455779771365
0.3343273269016178
0.6300342248913927
0.08004387272888278
0.15094916231090108
0.4709681383435853
0.1657324188287697
0.5519580095237914
0.1391875886946226
0.4458472704023806
0.6779449049101529
0.35654196091586915
0.7035062311954773
0.3499021660154331
0.06963748050745593
0.632612076393003
0.17727701433015236
0.5490117626641575
0.1782482908282072
0.5862357703272647
0.30260905808753624
0.23559362258140437
0.4580762913683926
0.18710677778419194
0.08654476341414769
0.5693278162654186
-0.03717997482700228
0.18188762349062151
0.4364771861120303
0.6265395775416979
0.28144867786554173
0.18869636612416618
0.02592582220290198
0.21069618002732557
0.36217943026704336
0.28637708031194625
0.5616472049965174
0.4434906805025955
0.2594359108156059
0.03536041284724499
0.4411774837593559
0.5438581176925682
0.47288479835157887
0.4110310990905486
0.19253186004401046
0.3881857294860388
0.22275785149467442
0.06608429394300588
0.33118247098902936
0.49502442095293187
0.4024108857798643
0.30696740238389475
0.620874938199381
0.3625437157941646
0.3005064470074647
0.35424547466105505
0.5015550591925552
0.08210323561347083
0.45909196846539957
0.4866531993288726
0.6565310550765813
0.556219298414291
0.10259648307863696
0.05996584309639314
0.4800143209131053
0.45309342850547124
0.40221238653507835
0.5276767837915479
0.592286738987481
0.65058073076688
0.2538472458521049
0.5715553759464106
0.03185483368753304
0.7070513415595364
0.14805577791388583
0.5124438601037342
0.030204642856982395
0.16601818649450842
0.669652492319906
0.30612980830513276
0.5162700005137483
0.07270429727833744
0.05904167137773157
0.5930791184231794
0.36749018732001043
0.3238790854247311
0.16151405405254946
0.4949510599865415
0.5781810416294393
0.6727791012955576
0.6912153711397383
0.22820882074670448
0.013508053192386817
0.6457625834415072
0.4352606398499104
0.4787067508028707
0.4363363869019556
0.3343310769482372
0.07028107446136478
0.346847376551189
0.343697664921164
0.5605738788714931
0.6555678177051427
0.23714429321189257
0.14184748968702135
