-0.018795650747811546
0.04931888943127342
0.06996060938160095
0.07056019880807843
0.08095507392410842
0.12507887379295263
0.1500247615663732
0.1753327131421669
0.21390107838934022
0.19535026592206917
0.2133148421607337
0.20528007593449146
0.2980654645939952
0.29429542731412356
0.3306508411185224
0.3240607256621245
-0.37109501822971985
-0.32440406850684533
-0.2710656619793976
-0.27861968640386914
-0.284008938307438
-0.26279437843011505
-0.2155844314558081
-0.22105846240795965
-0.18142159209312278
-0.1272284684748336
-0.12071308875877346
-0.1112381046981446
-0.09602006265714047
-0.08132823245835868
-0.06792130411894601
-0.030207897543194747
0.013059210065795983
0.00032615333323289357
0.026030973893184758
0.04791235826532235
0.07858354113858304
0.1172529930742919
0.11287339036429746
0.13898416945574646
0.12682374356575363
0.19068537283890014
0.1986882156234652
0.23232425607447998
0.21296234861515365
0.23983552861889496
0.286713009519337
0.27211270620770167
0.3524620958391171
0.341505561020694
-0.36143287946850416
-0.32709234662544656
-0.3025015000007353
-0.28484608418142027
-0.2448605425036071
-0.23074166629439236
-0.18147973441603069
-0.19861656890062787
-0.14871035838872373
-0.15912397921226937
-0.14444379220998801
-0.16096464854197917
-0.06626893216048489
-0.06529059195792135
-0.024262596934788418
-0.022887496783707738
-0.015230334754430166
0.008127837885841063
0.009728556270405309
0.05686818937247334
0.08397487431821332
0.1056394040204907
0.10636664828167364
0.16036850252686063
0.14915671259185456
0.1613280394223382
0.19117321968103235
0.21858877620019163
0.18606006271491532
0.28503364076439486
0.3260420524525567
0.2886163097006398
0.33970914846910016
-0.3523662992841145
-0.3233419258332313
-0.3091642757905559
-0.2810606474958852
-0.24088729461398412
-0.23613795288900016
-0.19096212602571663
-0.17504035534081905
-0.17268796195318117
-0.16226082816980195
-0.1394472922034097
-0.12632439712971363
-0.10449896347675387
-0.04491801918833913
-0.039567175689984094
-0.011143750693252172
-0.00527904565844973
0.02289463459784243
0.00208373840513474
0.07632034850709184
0.05690149183494731
0.09926256031564244
0.05044607617920789
0.13936383612783643
0.18290390292902262
0.18434188665382592
0.20301295007895062
0.23762676419834264
0.28906739970173445
0.2458083731176481
0.27436070135002083
0.30312408132822255
0.29464966908470897
0.368592831085492
-0.3158629969237953
-0.33461628207402055
-0.28211690023159247
-0.2851579290360722
-0.28424534031828147
-0.23416405553620528
-0.2060261203150093
-0.19389357992702277
-0.14110601890280378
-0.150962350551267
-0.12646722935172824
-0.09738083883811316
-0.06295411110798853
-0.02591744403744904
-0.05145702466274324
-0.04288802524039767
-0.00815585711363641
-0.007476569256118049
0.05933009955975562
0.044975102780819384
0.10755433589227766
0.11592456955594295
0.15122618317641093
0.15176703118684695
0.19104509220079247
0.17965306756304397
0.19799851363286572
0.23743710078883715
0.2683997747685486
0.26120456636401934
0.2624343576496329
0.3508098454026074
0.3610972687141687
-0.33586127213924805
-0.3091812488133358
-0.29125791318896677
-0.27453256541644344
-0.25899914796878015
-0.19622786813936735
-0.2170644892849603
-0.16223094712761987
-0.1499394007548698
-0.12804034948943227
-0.1344913836046273
-0.1317758894372685
-0.10838437148122503
-0.08096274212016788
-0.07130217620222506
-0.04740304084120667
0.03360284489226256
0.021249002686857168
0.026169730280841654
0.0643161035214723
0.04635781641600506
0.10887946102998558
0.09483190127224322
0.1686331209355353
0.15983963508167098
0.17614921548020332
0.20710279413449992
0.2122972713826412
0.24316145163387173
0.26955627465302995
0.34914274231901626
0.31976529183017516
0.3021148342475695
0.3407736650344506
-0.3328615972805415
-0.35757447260217795
-0.27442863494805586
-0.22538741794718867
-0.23224933420387484
-0.2088191341255522
-0.18375511479804552
-0.1472068277504715
-0.14714742595853653
-0.13608888450354964
-0.10058200677776809
-0.10737776647227046
-0.07025562422653345
-0.06460653638837804
-0.03718549686749875
0.0067501503650301
0.040683823806907986
0.0509382872216583
0.030075359095431
0.06877544407963332
0.07329857643920772
0.12647500704164868
0.15009590104840118
0.13681096437039378
0.1749649933163162
0.19381074068745852
0.2352548277757857
0.2440390943440524
0.26068121252966037
0.29098271846162965
0.29290147946520895
0.30365749479589477
0.3684035518510815
-0.3004591829279309
-0.3107842878419268
-0.30871537528246845
-0.24745604401329235
-0.20624921766093496
-0.2436102603588715
-0.19437416257553866
-0.1630399525829932
-0.1778745972032685
-0.15187614079645081
-0.13691101452389146
-0.13193421697309551
-0.06368295593969282
-0.053464089939029964
-0.044451896047177517
0.0004775717233189182
-0.011062199512492484
0.030700565210345802
0.05396376141235637
0.07080923443075876
0.09391773184795725
0.046399845497590776
0.130234732866642
0.15809899972448066
0.16920577394265332
0.21425117203302846
0.2328317110923087
0.20150874779058986
0.25014678118785455
0.3010326025656695
0.2854784279420825
0.31670404723202517
0.33766921096776736
-0.35562642889894874
-0.37285412715032484
-0.297699739174829
-0.2685217697235605
-0.2681497591067417
-0.2607923688294504
