0.48979391016939583
0.5581563363472438
0.5538611540406457
0.6062082625907582
0.668686311396882
0.7187701016520031
0.7302988600507628
-0.6749976239647663
-0.6819932757888021
-0.6289591472069092
-0.5858571696460874
-0.5258866645287772
-0.4724270199868596
-0.47691936088484094
-0.4023994525981254
-0.31202624151370817
-0.30796232158826475
-0.24225405343773143
-0.19706831749185533
-0.16772526501014698
-0.09382439041757731
-0.05204434523852915
-0.022347939581579053
0.010011292645841849
0.05085943711646868
0.1307848926030542
0.16623230788827043
0.16895107411791255
0.2681886436889971
0.2906909903438554
0.3569783694180463
0.36880483552555504
0.3988927669178957
0.4455132489828577
0.5300875731525103
0.5485622220230982
0.6361338757656899
0.6211352049928607
0.6673441797734982
0.7049839444498678
-0.6810691077390482
-0.6311254257046865
-0.6484372231085028
-0.5461325785087056
-0.5535207066303823
-0.515866992488812
-0.4488245828765005
-0.39151799313376756
-0.3786429468161969
-0.30519162925900445
-0.25693129145896676
-0.2294798574032495
-0.18240337690960323
-0.11509426110421248
-0.06551098905893428
-0.08336908109442208
-0.01593069311598414
0.02559687210695153
0.06792260531605723
0.13264444889932733
0.18056186198527005
0.23985148565832612
0.2375804439042909
0.2714038986670625
0.34787884813761344
0.43974438575560687
0.41280761149277995
0.4712738637329387
0.5534090969553936
0.5793322622097775
0.6081525105219282
0.6680062002156054
0.7105179328561056
-0.7589460800451687
-0.6754900928787679
-0.6587464760505837
-0.6068951245795063
-0.552980986906016
-0.5207677631319976
-0.47336122256632057
-0.4079029089988607
-0.3850003051753403
-0.35527716558349687
-0.2982504978905274
-0.2134052743886789
-0.1996550881118065
-0.14656631633334816
-0.10764230277018672
-0.09447261773260526
0.013319855537217595
0.004838604437032714
0.0866999919028773
0.09797197156724749
0.13202237575857975
0.2321239374818076
0.2514722603871249
0.2923722147116576
0.30777568076500367
0.3566510055468248
0.42491652082136366
0.48084670026012216
0.490660194072618
0.5219549043485624
0.5851668908879498
0.6435681785087575
0.7135857738051412
0.76026125602973
-0.7280303259551304
-0.6751506875119546
-0.6069597845961616
-0.5982613475226466
-0.5332605745145269
-0.47293039518808877
-0.43456386563346633
-0.41349122040330577
-0.3666914919091822
-0.3109672814583946
-0.268004049432513
-0.22704719518994787
-0.20015798342479385
-0.14283106355894162
-0.0976107096074099
-0.0252065497705209
-0.02105333814918456
0.032144081692381976
0.08422828411944715
0.1431227011847109
0.14452358833819953
0.23283234706449776
0.28459525086646525
0.326577243094178
0.3503280129810873
0.4097270226699701
0.45289967674958354
0.4728836446094072
0.5449308304552953
0.6211347403123949
0.6141220873153229
0.6787833677187662
0.6938772756755656
-0.7475623911430674
-0.6435850876856763
-0.6378125831354189
-0.6077469172686931
-0.5448349851343738
-0.5172515228975204
-0.4664338983630627
-0.428426568570797
-0.37930268582238436
-0.30884368934773454
-0.27202499338852754
-0.2432700290533689
-0.2147307139911649
-0.13696595479939144
-0.09039347471965692
-0.04441203193818068
-0.03513293961009683
-0.013355368733309943
0.05273194656810961
0.11513730451496834
0.14254302860920343
0.16738461448551537
0.22408885391658406
0.3083080632333057
0.3204523075224003
0.3517877891244726
0.43930305560634564
0.47082630912480644
0.5232329657881886
0.5922986924966933
0.5792846223737286
0.6354211499844266
0.6734872572911371
0.7062439819370747
-0.6964663421293344
-0.6880480421180256
-0.619732513044733
-0.5404369788395463
-0.5590261417748765
-0.5297704975603063
-0.4434409585516649
-0.40422285592819623
-0.3591888323908443
-0.3389165709432334
-0.2825081653586519
-0.2277473516525172
-0.15961071787902884
-0.1330567840304202
-0.09120558456117867
-0.05101993992970505
0.01899136782946822
0.04288215028185453
0.08778059596174057
0.10709983302829587
0.20300547574014235
0.23369264371722215
0.29536492365456934
0.28324548321621634
0.3738721589785468
0.40137567402556823
0.45185854959998406
0.45709280675907543
0.5402049195058447
0.5860665384839084
0.6384301656115481
0.6773840115815178
0.7275119975621546
-0.7330428965522515
-0.7001139431192804
-0.6282824893687613
-0.6392310357817593
-0.547751192347226
-0.49199894670081357
-0.4377321901170104
-0.43351169248145677
-0.3786862080753381
-0.3041715863848498
-0.28325586051215096
-0.24104233993215607
-0.21437184403692525
-0.15508344607421087
-0.09608956658731768
-0.05216751217150574
-0.028523322466983175
-0.011184345056651331
0.04495756680469884
0.07988339301287772
0.17262873627496167
0.22197626491704092
0.24315695424865522
0.28312287725901486
0.3177882267903919
0.3792011565896128
0.44848783395082326
0.4662588950251405
0.5070564082364903
0.5591187870308375
0.5955160494638583
0.6341558668662289
0.6881887429048755
0.7290445294414788
-0.6946984849658862
-0.6590710189337635
-0.612387201301988
-0.5749081288111614
-0.534424300914315
-0.4915856464882326
-0.43330411080838804
-0.41143442974220884
-0.3549261074879613
-0.2787641178141338
-0.26544384972401336
-0.20387028944005658
-0.17979037456240204
-0.15160327825307202
-0.10903313615039503
