-0.23027554534471822
-0.2356747257880067
-0.23402631730624426
-0.24827933087411314
-0.20405724882660423
-0.15614105936581918
-0.12915167349409717
-0.06407440119476393
-0.026681275156881398
0.026965522859540215
0.055930247363825625
0.11894007034187021
0.1758786475202756
0.20100413254755062
0.2746436562323565
0.21187519667179056
0.21729583671947902
0.23147733064521245
0.2534025548513296
0.25972018682803116
0.21488120814238323
0.18128509564558531
0.1530969679614922
0.1223295095020103
0.07051219533406596
-0.04594765973918252
-0.03705714738872747
-0.07606071208581387
-0.14230295360245634
-0.1729638880966739
-0.2381600430864166
-0.2624776415388641
-0.22588369106505995
-0.27033795251628495
-0.2849604898562822
-0.25127281433942034
-0.1991758877689271
-0.18544284131390354
-0.15402619282741034
-0.15463299885826615
-0.07428252305179658
-0.012927074660100957
-0.01759740137966507
0.0668610791055762
0.08454788415111882
0.14374179750837282
0.18940728942442764
0.1926094574541559
0.2671802860825226
0.25313282847015317
0.23665848708241136
0.2772904382370952
0.24814774754832422
0.2232097038195327
0.20294085004510992
0.16765160139662763
0.1084341525048973
0.07544416949784477
0.08558203659589105
-0.024691781268999125
-0.06240948567297994
-0.10077883441386046
-0.15387002731703306
-0.1705082620271654
-0.198694428663515
-0.2732333725919389
-0.23113706306361212
-0.2560152577850736
-0.2784335469666906
-0.24288264344900273
-0.2403769855230287
-0.21148635570628257
-0.15801184048023184
-0.12557400019712295
-0.03960786082096056
-0.0009409999932637678
0.005464636114884548
0.06426781512249237
0.14095374066082833
0.1421572449617222
0.14734307212823267
0.21689905960203099
0.27991511619101533
0.27106278976649084
0.2330009139062025
0.25625346969355595
0.22426272183835483
0.18296336812231725
0.15128220314188418
0.15157324937327726
0.09260178808927302
0.057675385403349266
0.00792559721786034
-0.033888071690278174
-0.09260113850236237
-0.1596500219659345
-0.16931730965483582
-0.20697444565391157
-0.21865940087744537
-0.24186324226827355
-0.2560385229063037
-0.2243006731790772
-0.24517165943207542
-0.24658090233275157
-0.22996376961653392
-0.16598940237539536
-0.12695052519189237
-0.08135581237899454
-0.03130488875604889
0.013124855565236206
0.04606664567764193
0.0744063983269968
0.1368830247955767
0.18446475376662314
0.22586095909917525
0.2638904640323254
0.25033267091899875
0.24265367640217825
0.2382709133790351
0.2329059267850919
0.22590937429191207
0.16538924468699484
0.14949308097314146
0.16384914028045236
0.072605555946561
0.03859244833810562
0.0010511355968897684
-0.054890341579369784
-0.12159237296682651
-0.15875615901456064
-0.2119522514191152
-0.21337723149836482
-0.2612134459585281
-0.2534922518593748
-0.2663961603493518
-0.2421926493474396
-0.282314063388048
-0.20699709046986528
-0.1919196774247003
-0.1721009620813445
-0.15627321181074033
-0.05583958066220895
-0.0178957879314969
0.03411369449284301
0.08472411434086217
0.09617981674489721
0.1857538137058687
0.21687388966775392
0.2436564901620678
0.2642643897970357
0.2945863199739226
0.2866921543883579
0.27573611901270284
0.2602151343133552
0.19378168520293865
0.1849359989390358
0.1458333777148986
0.09441989757001673
0.02586371922505319
0.006931018126454744
-0.018614652638805632
-0.06778028420457323
-0.11907723165639653
-0.17736357913598494
-0.21582993657855157
-0.22164147603191975
-0.2704324722861369
-0.2715036374716747
-0.2699177587464992
-0.2632666321361761
-0.24669011260348295
-0.19718785202672257
-0.1896756142316007
-0.1385240178425179
-0.10774763984424016
-0.03632101564784458
0.011033668777653913
0.034530160691359085
0.08871708987247179
0.20673053153189172
0.18072440380011104
0.24776596329500922
0.24103734927634257
0.21696114240006514
0.25533699507569435
0.26122663647198036
0.23460639499729402
0.22548758544467262
0.21135630259578272
0.13176914828178132
0.11272766367048082
0.07445119619352261
0.031163446301023356
-0.03293325797413071
-0.05718697828705541
-0.14475106763007725
-0.14933318701475196
-0.22428447662903853
-0.22277520991698946
-0.2902331073004048
-0.24903311670549122
-0.28250593241861544
-0.22535172039448867
-0.21478876441165046
-0.19242658425585368
-0.1607779420304229
-0.13248470687497194
-0.09545198218700854
-0.04388350998338313
-0.06541962330625127
0.03338353857609953
0.08544589864335939
0.09123214498879023
0.19465945857889375
0.20718808580828907
0.23103314505446
0.2502537857812069
0.28663189505751363
0.24639695583152801
0.2512916063985823
0.23773428335443628
0.2187427926973574
0.15682792149386354
0.16410731396931647
0.09601474900081487
0.04947206024603767
0.01478961917522164
-0.0657806791391817
-0.0955165001395579
-0.14995832491950561
-0.18014627145685538
-0.25284882325053154
-0.2762569967651345
-0.28074494528264216
-0.2485719483791985
-0.22315819212093518
-0.2573827093598594
-0.2297320851122798
-0.18351629395155
-0.14528309285414984
-0.12956621204169785
-0.0844400398993944
-0.02997421410038256
-0.00226389802147273
0.06087113466304962
0.11682916418151339
0.13756749195995488
0.1557578740388013
0.21152599906736916
0.24005522842737953
0.2893155888634979
0.28410547491358257
0.24088256768992766
0.24684450490584398
0.20462779726668653
0.1977715304632499
