0.7234738634124758
0.6767108908403625
0.5962340305300112
0.5265585628516074
0.4523690813465347
0.4464017328869707
0.3696425228993972
0.3020728405058496
0.2102016844333327
0.17301892308056444
0.14945174500711267
0.027272452788968546
0.012908091307526284
-0.06124464779367965
-0.10464459410678559
-0.14122777109700502
-0.22124981288771636
-0.26555414831929414
-0.34254261339808195
-0.44334233574592297
-0.4674201961891893
-0.5348355315562069
-0.5976234394225395
-0.6673380337109753
-0.6679512655595337
-0.8074291183033621
-0.8403302497233374
-0.8974814998552957
-0.9531862578229734
0.9582975563168634
0.9137591038899265
0.881389952648478
0.8368796713728786
0.7173697209039932
0.7053108029821781
0.6243776483613341
0.5657061644661027
0.49033913534451534
0.4449621536778769
0.4070959183639337
0.3158467049129583
0.2818425852690878
0.20000677678460646
0.12550561813414746
0.07055812572882103
0.046361166702342055
-0.012103667929639718
-0.09844722591026514
-0.14054747261918776
-0.21699690614128012
-0.2368721317496211
-0.343572972621852
-0.424776396525346
-0.439375004750935
-0.4882110717744911
-0.5817452850557484
-0.6244957416882739
-0.6932604063854823
-0.7359160270218403
-0.8507964742229261
-0.8792859526131769
-0.9291202068489661
-0.989399867947971
0.9821253044999531
0.881331321845586
0.812096113030649
0.7751063317385523
0.7070656754494626
0.6926512653869779
0.6054774725560462
0.522746012244598
0.46254165148123716
0.4057775385294898
0.3191232347193008
0.27269039880584023
0.21968049345943638
0.15892357314907246
0.0810702232543905
0.051021816773537586
-0.015735208205506362
-0.07027398951598837
-0.13132655879278712
-0.16141162200681752
-0.25392925207501804
-0.27762170762438065
-0.37033804487068206
-0.39568935345772493
-0.4834955418255803
-0.5659338728153381
-0.5714977331509966
-0.6646465360871393
-0.7100983792214726
-0.7775457812141073
-0.8377869195251391
-0.8777872088409324
-0.9520975211233617
0.9641846130276867
0.8885716078383809
0.8285161676454342
0.7971172505479732
0.7154542034835019
0.674085910816774
0.6083444917625809
0.5494773651008549
0.5171796372136134
0.43865337455012854
0.4171881274270748
0.30878771882190076
0.255420697765508
0.20256951587933034
0.13242074221558078
0.058671838784698824
0.029633283552582865
-0.047746599283056315
-0.12952319711882174
-0.14328869435457892
-0.26614042331011634
-0.3030968550303708
-0.3237868551872531
-0.41549409703839485
-0.4814732600034982
-0.5279297328535107
-0.5893451645178146
-0.6035274889621883
-0.6650659359594674
-0.7693245752605548
-0.794471953341642
-0.8896443187487408
-0.9500804802725327
-0.9943218141941264
0.9116651130764712
0.9080858261090042
0.8192665662379511
0.7499196875627304
0.6923519637600898
0.6158277915219599
0.5812284298650452
0.5140355858097597
0.48267490491964804
0.3912810540876616
0.3883305752344069
0.2728899160657932
0.22446168396160454
0.1638220548956186
0.10713630447057065
0.01923843774287695
-0.020504854742648168
-0.04386046316854031
-0.12969499518559938
-0.17346325370129329
-0.26469237522627204
-0.30423465480082057
-0.39320900278977067
-0.4355356394930945
-0.4705275752621133
-0.5570343423541859
-0.6191556985329919
-0.6935641919790642
-0.7558231979010427
-0.8092895586672116
-0.8549846383478271
-0.8616292812343497
-0.9777767143152636
0.9946124988510783
0.9012628783152666
0.8559105859989493
0.8070484980417716
0.7291879961046505
0.6703077535995634
0.6006318118162459
0.5494199844196216
0.49594096585865355
0.4383306085714752
0.3595518230644217
0.3289432954220753
0.2681693904294869
0.19115531482981987
0.14820590113349863
0.09212291056237193
0.04876904738905786
-0.03238422548894271
-0.13764707309937663
-0.14749586136116036
-0.24120099151454993
-0.28891333235626243
-0.34541410039784654
-0.4196345352017906
-0.4413244300919628
-0.499385639999195
-0.5764456758873543
-0.6544935305424139
-0.6729556921042811
-0.783229738858596
-0.7976686997891895
-0.8857948774566675
-0.9479624973288738
0.9819690039297102
0.9807795280520418
0.8816859267635674
0.8076394346222913
0.7778570993707353
0.7087058504682818
0.6634020196548102
0.5668757636125259
0.49011240082436525
0.44150405710787255
0.41348078752557543
0.32627746172395783
0.27473883619042483
0.20772086698159065
0.15824213767306836
0.09815444765776514
0.06872697317286774
-0.036382607712529554
-0.049898887150247664
-0.16158848017930888
-0.17227880927957928
-0.2676227883471352
-0.32660702243095463
-0.37323171544624095
-0.40817663845434954
-0.493392990582996
-0.5553305966292186
-0.6053539555456017
-0.6743913124677584
-0.7540081853539088
-0.7850077083885878
-0.8796355130829929
-0.9106770430063471
-0.9755051642558061
0.9645558076261952
0.9146326677647232
0.8584246473565458
0.7836644117245841
0.718359551858823
0.668846225030724
0.6345990428447957
0.5330622541419201
0.4740813331532184
0.4142367691951902
0.3817224110991628
0.31160536321064186
0.23473249987023817
0.19019153881043133
0.1591043265721978
0.0678018580851028
0.00806688831251771
-0.0857442254278245
-0.102160080693678
-0.18559489288301229
-0.2090020227396757
-0.296600953093278
-0.32802525955244494
-0.40574197323883776
-0.46989157790020203
-0.5151365763100085
