-0.13764362862096577
-0.1075411083266199
-0.03294044393335988
-0.0023793472653669545
-0.023111173559529782
0.03293381286183524
0.010729059259867155
0.06252259662748821
0.08737636876281564
0.13858805529155177
0.1276997802594453
0.12766880548371762
0.15426190560012384
0.16301116176786196
0.14891728253021963
0.16363036505689324
0.1836812810036258
0.11924991567980264
0.08262853209801546
0.09951410485459833
0.03634764416205079
0.04996222213638675
-0.015668335080627458
-0.03564905568908819
-0.07801706251946904
-0.09800782977662753
-0.1338026957005063
-0.17985856733615677
-0.15075696220059268
-0.14747179983003975
-0.14810841362400679
-0.1427214178927846
-0.1502232348665631
-0.11346739932386621
-0.12813999851833016
-0.1351497098884086
-0.08079284947275013
-0.059033850818029004
-0.013963846737524595
-0.006341837799351258
0.04178441961765263
0.09242521868466332
0.10617973880804187
0.12108613755211603
0.1366339243101387
0.13775519251139806
0.17523776100637017
0.13823543374464559
0.14252619761897606
0.11580982765635273
0.15509778856714068
0.10594394797894699
0.11512926254014132
0.05784444080098282
0.0467022416625226
0.001164110538144829
-0.06779585222979365
-0.017043320147693046
-0.07321188853296004
-0.1000755726413731
-0.10564492048719104
-0.15112902638365117
-0.18738980014840587
-0.194537318811552
-0.16163086810818456
-0.16156017944042128
-0.1308158903342611
-0.13260717324019944
-0.09306444443949384
-0.06976684047171322
-0.024518732223490994
-0.04877993995038427
-0.03489871227863107
0.06920269523685868
0.08996227473877953
0.07126938053089941
0.1462567959301042
0.12615667714663226
0.17001802606331634
0.15897964886573934
0.16167668323129597
0.1673744693963818
0.14712710218202357
0.13133304496705286
0.12824834540921265
0.1181428834442251
0.046190141636826144
0.05121218675155989
0.02402072259599535
-0.02386899256023164
-0.0564743109369117
-0.09279169463549468
-0.10654732279919552
-0.10577496811007678
-0.13289258878023216
-0.1543962432140034
-0.14855235300832909
-0.16830661276860828
-0.18400328948428216
-0.14520047898186098
-0.13346434155434325
-0.11779624345168829
-0.06200936551904302
-0.04936522332158528
-0.040095944654906616
0.0011855930090258035
0.005301429343591235
0.0642491200157299
0.10328597777431692
0.1048382905804904
0.11613211619196005
0.1662513844249369
0.16855277606911304
0.1712033229193936
0.1629864519037565
0.1395274189343373
0.1591214238455677
0.1263945493597711
0.11296638796591697
0.03782273437154351
0.027361193024022797
0.025523083697358763
0.017972502374481156
-0.029278317174825763
-0.042343159046488575
-0.06524859569707156
-0.07911528802613255
-0.13536557985200917
-0.1517832261445741
-0.14924224844680503
-0.17827601596595666
-0.16896040506178242
-0.1537891821953577
-0.12887104898240323
-0.09634799874325163
-0.07106520744084074
-0.07097827230821332
-0.06093424060663608
-0.04240500855896605
0.0014590091265956808
0.03179836847439831
0.0928719647002553
0.07662062975062202
0.133237592423213
0.14815230122763284
0.135655786321423
0.15120100459962557
0.12932866248003955
0.1776922109906647
0.16449680959584442
0.15019280598862855
0.16229032686972078
0.1003918570201141
0.04373688961032448
0.02237178453941835
-0.0007283470367052316
-0.034381272201672315
-0.0512289056731491
-0.10460096955745524
-0.09920322417816511
-0.1311212684999863
-0.13737120036028305
-0.18590562045400377
-0.21202580439192137
-0.19392194759621934
-0.17067441614166917
-0.1362054566082134
-0.12599739888718003
-0.06823808932506228
-0.08132189002153623
-0.034247630340430414
-0.059472290720007544
-0.038284449441045865
0.005750484483042894
0.04741982440243947
0.1108640312762481
0.1339650302088509
0.1340478551283103
0.09014478398723628
0.1430087920834222
0.1650151484953332
0.17830124721371485
0.16870181608398413
0.1266347321471144
0.11963377929930177
0.09197380755200138
0.08396736168449132
0.04960021131778519
0.013145337917520044
-0.025575323712388028
0.01020676556709979
-0.06983704605774797
-0.12344834767757408
-0.1223190368596508
-0.13612641270968312
-0.14944414556876742
-0.19816210596882253
-0.18000761169654392
-0.1540173140207563
-0.12099109620857788
-0.15070138857552312
-0.1214767321718966
-0.09070134181639411
-0.03674390177342792
-0.07183686415497156
-0.018151961867711647
-0.009706942543535779
0.06876219360109366
0.06329530920987571
0.06639517798020131
0.14021780173891232
0.10291145918277542
0.14527804121723714
0.1340021824094242
0.18442237270616332
0.20459183435186742
0.160591065998058
0.13797630280552398
0.09043969787153419
0.12095899086016482
0.042375187230494715
0.05658265850786576
-0.014760420647766639
-0.002240109748000752
-0.0347533468394869
-0.07996035788473736
-0.09763399500709294
-0.13345377916143034
-0.15497497130444754
-0.14188407588419658
-0.16351192952392937
-0.11838599055023816
-0.16566599169612994
-0.13235982689280376
-0.14581862202746013
-0.11949949790464225
-0.07634281488419524
-0.062446886879125106
-0.00975581549768301
0.006592586635948484
-0.0021496282809518805
0.05842774829185394
0.09587422050080127
0.1418004849267296
0.1558369973350922
0.15614760787341933
0.1508239273259162
0.18003729321220738
0.15865328323202918
0.14084441149405966
0.09376386465991411
0.1262394737028006
0.09034145392871758
0.06833713583711064
0.01261643177139709
0.01658421446619315
