-0.06628571831588438
-0.11549497089277384
-0.13698351917652948
-0.22073688351869153
-0.26263579730542885
-0.29491422685350327
-0.32689608174449714
-0.3628304490044279
-0.45225536815128403
-0.4842231438174042
-0.5487181682097486
-0.6250525391650321
-0.6573568870531854
-0.6076761601080402
-0.5649169509572294
-0.49171667752240183
-0.4188034807884496
-0.3913044476002583
-0.3710019640794031
-0.2688731401198484
-0.24437224891609322
-0.20966594347286843
-0.14927915388039065
-0.035239885850044686
-0.030067666228725417
0.041191107064028495
0.0940647930026368
0.10603525677259393
0.17554750490095947
0.2269276945004663
0.2898906240587135
0.33059156565686754
0.3623550037163704
0.4456153941510623
0.44323530833438557
0.5549491697381362
0.577173193409274
0.6098445281423969
0.5632938930270623
0.5620280334067737
0.485287022344653
0.40462128797980135
0.38027250456474626
0.33310305765588877
0.3088466233300433
0.26737681292408094
0.1748267566914424
0.14711221542880207
0.06824742285917038
0.025734028736600367
-0.023464719982658342
-0.017501816832706858
-0.09343841394067678
-0.19515680391858145
-0.22955109164593648
-0.27075424730783093
-0.3202688378260227
-0.38419966651438053
-0.44854511393437607
-0.5281282277000003
-0.5265939211391621
-0.5707513559258791
-0.670540140628398
-0.5546528044282798
-0.5524749954819307
-0.48141913383892854
-0.4217804838458115
-0.39447790506875285
-0.35237983438508036
-0.26026410186488785
-0.23163939025846791
-0.18077654379406408
-0.13023489462407692
-0.09309265682802118
-0.026240913926632706
-0.007949143282275122
0.07150383125123756
0.1299201816597043
0.18420417730282423
0.14621190550899726
0.27262813594051616
0.31121589626702156
0.35788966048383986
0.3931734996049189
0.5083868607824378
0.5233317599125074
0.5669651170666077
0.6276015191613036
0.6105577935568619
0.5605975819652166
0.5077828717486519
0.4615894471015787
0.38567441158471916
0.3207141963987616
0.2577280073104071
0.25337841014340645
0.2075758388696836
0.14638269212272279
0.11368676922959173
0.04577570135207921
-0.044243391210839374
-0.06753683316864362
-0.12555288755330163
-0.1607937251998186
-0.2148038543042089
-0.2419957023323624
-0.30487176527225207
-0.3635353742884921
-0.4094630768442922
-0.4485733941280464
-0.5321142649805186
-0.5465269280390533
-0.6552018269373161
-0.6420888440062099
-0.5432722734705682
-0.5072688569171873
-0.42890983147305395
-0.38202731804254136
-0.34323361646099376
-0.31846336871222775
-0.24544272603740858
-0.19465994616824217
-0.1729425493724604
-0.11821150045159617
-0.061564373065234004
0.04383610401453714
0.030859660736362364
0.11482653424617874
0.20635056801236645
0.21734969108400046
0.26792915007623175
0.3316912362870181
0.38451815493980673
0.42317436888209753
0.46582452438185795
0.5505743055343711
0.5457751476261641
0.5864347262185713
0.6196971328538667
0.5634579544399373
0.5260487261281726
0.4497967129734373
0.38818987634721713
0.3468212804387668
0.31105926734223616
0.23966374472800378
0.1830621801386592
0.12608663348143562
0.09631519419088469
0.007531364664316087
0.031956780066996114
-0.03607598822137825
-0.10501977042890083
-0.18998897556853553
-0.22577174613843837
-0.26126611424802126
-0.30278578517102134
-0.36628870568668204
-0.4471999750435213
-0.489505223045424
-0.5318156216777981
-0.6101987750470884
-0.5963158725206159
-0.5846556058516293
-0.5547152236500874
-0.5421610980797378
-0.4742480988831044
-0.42153519195651584
-0.409291748824013
-0.3356796294135983
-0.26315004313039875
-0.2054915688836282
-0.14926967805975525
-0.09097691347429243
-0.06027319181326464
0.010235586675926495
0.0635108614361934
0.08024240378459167
0.1666563179203518
0.20021129487632736
0.30433723708667876
0.3063143453974132
0.3711385229278711
0.41823955984296507
0.4896859422496641
0.5616475265343988
0.6055418998336963
0.6306637036446675
0.6206007125257392
0.5516194192845119
0.5028636561223988
0.4323444392255258
0.3978009084596173
0.3424940601764313
0.3166664738297433
0.2623124230742786
0.22305911546164686
0.16496101693913162
0.10473207115034269
0.07704226285732664
-0.0035703764534550644
-0.027296867640515275
-0.13913484490650457
-0.14889544594009596
-0.21186391909324132
-0.2665834330222971
-0.3303913881083877
-0.3474012513428192
-0.4095531206722896
-0.44522242412266944
-0.5191733385686111
-0.6261237489503968
-0.6189726415590674
-0.6213183125168973
-0.5404437983721002
-0.49177153359872067
-0.44866790773500786
-0.3792744482405158
-0.3708633472950095
-0.3131453349629373
-0.24739440322232023
-0.18099451302588013
-0.09110239805637642
-0.10914887533920492
-0.015315218837169388
-0.023873625516784593
0.062154942378043365
0.12108542821534571
0.1521595262207497
0.21900364062923347
0.2682923056611245
0.31838439304937427
0.38270038827758834
0.4398957348004986
0.4893945798228165
0.5408831652859601
0.557348111399354
0.5986903730223618
0.618490477654742
0.5822262924011636
0.48760742037347465
0.47897177184637985
0.3767570234659388
0.3940263346570765
0.30667693585817357
0.25739888852244225
0.19791903230347574
0.14676608012554682
0.08662661737726518
0.010171582940865655
-0.015533227939023604
-0.04215511772594178
-0.10269463782605753
-0.17610266725079254
-0.19250933283191357
-0.264267783935946
