0.06598980443047706
0.08453003242082728
0.09702664443879142
0.1573892441305932
0.18848389106209268
0.19765319479895277
0.23737548906598965
0.3032419059007949
0.35459887566835785
0.3491848955243481
0.3653146368388275
0.41938905652099956
-0.45228415277582484
-0.3778070386964098
-0.37367032732019395
-0.2967036243885156
-0.2698173999555599
-0.2611718015421758
-0.22331721623976084
-0.18406070172113043
-0.15365114126656762
-0.14481718130717042
-0.0818755981885979
-0.013733742216574106
0.009694086976847182
0.04387756596694542
0.03311686971871721
0.14125232055918094
0.12105665377564376
0.21880746864314146
0.2074233954411999
0.2739187440108898
0.2947380489321741
0.375630302998067
0.3279425007812113
0.3527095164179694
0.4449406294046423
-0.4012458035600542
-0.39526742073979104
-0.34773173816144326
-0.3200849712371448
-0.30258294579153655
-0.26285730063415347
-0.24176426373306995
-0.1423593376985966
-0.15163149287776673
-0.10010497740206406
-0.06284110775583994
-0.055082170365210695
-0.007022474874453119
0.021367274143807576
0.07391051797187825
0.06585733667062388
0.11854723171712506
0.1544261619966277
0.21909431068058907
0.2325834735601461
0.2818157429039643
0.3491495689062927
0.3549124939108026
0.40301789778899255
0.42165381221296167
-0.45649549575079734
-0.41971539174582356
-0.3498319946515035
-0.31187342725180467
-0.29677350299803257
-0.27583697295686055
-0.24528668106754947
-0.164809549056271
-0.1324075611365506
-0.1164900664157827
-0.1108838275377737
-0.03420677027353898
-0.02285220640663156
0.002386643597345882
0.05418972405187471
0.12395939858352818
0.09597234766390399
0.18379057167863624
0.24066753976631838
0.2569293786862566
0.27756632333243453
0.29578160109947005
0.37114556066891363
0.43269160382744914
0.43288308517178564
-0.46081989763009285
-0.3724097227473324
-0.3761698877028764
-0.3363690707705015
-0.2796938246443422
-0.2277895739849875
-0.22346866930731094
-0.1994367103254558
-0.1501816702103734
-0.10078710566254204
-0.09128053514133558
-0.0388977663013837
0.023933635698784483
0.03213105875815284
0.08978443388528928
0.11064274371915463
0.13118228326756534
0.1999746526253361
0.23731658913547654
0.26019554719229265
0.2730551407090072
0.3117524240681201
0.35141744573469647
0.3904418919348389
0.42176407651900394
-0.4306347882804354
-0.39820198828918746
-0.34015165735804515
-0.34917498777662814
-0.31459565043179943
-0.26968208003086114
-0.20814975240172892
-0.1819728117998724
-0.1505340187081179
-0.0866290363131492
-0.11933796824825332
-0.053302040624517016
0.00900953840814305
0.02294966607787694
0.08859084888082332
0.13463082650001668
0.1513438238748143
0.1933478550425097
0.21669606146832507
0.25537394563050997
0.2786642584488186
0.31097348411327763
0.35297780084158575
0.38889690118445913
0.4246040880712013
-0.40920239646123263
-0.43295168584126653
-0.37489710856000064
-0.3499140004066475
-0.2777883338182698
-0.2625957793814148
-0.20153348769130935
-0.17935659562236508
-0.17122020643393612
-0.09747194951893456
-0.10803511847264827
-0.06442352335564752
-0.03355561879250435
0.03777946607733144
0.04290298455440636
0.09495940469353034
0.1440351250354274
0.174395759915609
0.18902384653679716
0.25749825938287824
0.3048697480129548
0.3130311231907443
0.37723025230595525
0.3959344483685002
0.44403619978421216
-0.4606806795955741
-0.3921893650018248
-0.3655214177332415
-0.3339065621075647
-0.3056925673772547
-0.2681870042525425
-0.18400320429867187
-0.17772073270217087
-0.17851223999707844
-0.12135200355689935
-0.07872063202325048
-0.05053809360840275
-0.014457213850570682
0.029076893109978994
0.08093662930885824
0.09314130572111176
0.16482162201487768
0.17780914964789626
0.2489332599584846
0.26802348564142886
0.2709926415914116
0.35324077841136126
0.35028547088970535
0.40766115519212465
0.41540445862206354
-0.4695391953818898
-0.39713129036571065
-0.3475948613788524
-0.32778145901074535
-0.33395507558736004
-0.29221048053598997
-0.2314142458258945
-0.19691151533276222
-0.18788641952082769
-0.11479832542248139
-0.08140057452441393
-0.06730176613926253
-0.02767855104287356
0.025799331506464965
0.08787880982329155
0.09324648246115527
0.1437043215818038
0.15394724285695469
0.20625799037529505
0.1984542574653906
0.2559293700137733
0.31567036935812526
0.341575828741896
0.3640086687342141
0.38944611279177327
-0.43088089798784546
-0.4191520042901164
-0.3796000530811574
-0.34826494485303094
-0.28750431525986386
-0.2788522160584883
-0.1927496847370947
-0.16448406972387525
-0.16208665064706512
-0.11179181446859106
-0.09323286101790433
-0.05194528931342274
-0.015252781047356905
0.04487129504015328
0.11268849123975394
0.050120449090048876
0.11446329280423276
0.17305530753363843
0.1923456919364293
0.22994275559410945
0.28928297215577925
0.35697984604944577
0.38327804998382725
0.3970911644783616
0.4420469643353051
-0.458313064919714
-0.41379222704811397
-0.37020385789771665
-0.35596387569049415
-0.3077061721437421
-0.26235677233647986
-0.23151132384451914
-0.21053065033369586
-0.12833426779262724
-0.11907303743489661
-0.09574538528422209
-0.05494529929680487
0.0050554679939241575
0.03499459325571746
0.028875446420383886
0.08175152124504077
0.12640853218098955
0.1812503113716691
0.17511574825600318
