0.39777388223220783
0.38139619448150414
0.2935045181785233
0.22807410230011702
0.20968360762654795
0.17124178425775347
0.11258872090899028
0.06665144772951025
0.005593942103105053
-0.003613775717653209
-0.10601346507639692
-0.10250727593951348
-0.1458503763678946
-0.23179974622384564
-0.24910180647636182
-0.2819557617355274
-0.3448599700991082
-0.37963417538582034
-0.3463479629267644
-0.3101454586237953
-0.2590083386002987
-0.19740951723909872
-0.17299030902439885
-0.12700558202986223
-0.08348488109903417
-0.02343174532583163
0.02971408293180807
0.07701525040791382
0.13044348531685176
0.17862926013914635
0.23153589262141822
0.26191886425395366
0.32808274933710463
0.37981664034693696
0.35166537215672244
0.32307037656731385
0.29202680548217286
0.21815935575238932
0.23274612509816436
0.16109209257640678
0.08151009283846017
0.08392975632582095
0.027222116755246252
-0.03725547027310727
-0.12009738382368165
-0.14637673612902138
-0.19806293354169277
-0.261148112264123
-0.2998012470489832
-0.3529405150370343
-0.3756781116645884
-0.3739950946881262
-0.3390139418625112
-0.30409841306940294
-0.23917767914820126
-0.17870766256355314
-0.15392995312425423
-0.07725701117360814
-0.04378431463782294
0.004403517569267049
0.0716877691271818
0.1360143226223761
0.15306624330133942
0.22347053405033337
0.27689663067196135
0.2786637433212374
0.3293912080346614
0.4030930542642739
0.35087483341210945
0.30632260345999757
0.2472427255017704
0.22428361188813578
0.15573978465392738
0.1237882128853868
0.07130303277729859
0.05413183818979471
-0.054133610515654476
-0.07346573119346804
-0.10350767450560841
-0.20024096597136806
-0.28800342630189535
-0.2519532550407291
-0.29410424798120177
-0.3671937353897022
-0.41049351496139286
-0.35658329979316067
-0.3056499830229041
-0.3019901332793732
-0.2164176998136696
-0.08375223056559392
-0.12797209505121948
-0.004742348008246758
0.008491729845041755
0.02371347689469625
0.09180848626855437
0.1453046089095598
0.17936523230693988
0.24103692593506978
0.2785998475029287
0.30178606057715773
0.34809534972959966
0.38985429138657235
0.3435734624708696
0.25362783143921075
0.2431032573088793
0.1825591483614048
0.16287103076744067
0.10107545635488593
0.04194539962198715
0.0023126547903142697
-0.038469656201411614
-0.11596206636941431
-0.1658881237648312
-0.2050428031267688
-0.23228943664515733
-0.28739964026974246
-0.35609478423477164
-0.37964176030919117
-0.35666052346806304
-0.31999883834625575
-0.2810715869092022
-0.2227112385781064
-0.18669276788507824
-0.10274443047577506
-0.08258337895916695
-0.04373458908780997
0.055994169665313225
0.05932582742391682
0.12004193748665387
0.15373251654280795
0.19016296875587912
0.25843941919085245
0.3200422538411186
0.33070143842330846
0.4256011793471429
0.3367344392440007
0.30307912767772127
0.2756163995468439
0.22695480774204838
0.19628689320308101
0.12138845762645076
0.0688919160501073
0.0007139082405736574
-0.030346342700083066
-0.08317181236888098
-0.14286221099369867
-0.19245926019703083
-0.2173438762258074
-0.2949854779084914
-0.29352902467720393
-0.36402044815778645
-0.44334779855129347
-0.33227485923590305
-0.26770461146464
-0.23866656066303543
-0.19693484144450268
-0.13928368256253648
-0.10255018288128331
-0.06991509912323052
-0.032785031764565944
0.03350008712472925
0.0826223907454304
0.17077023780057787
0.17656759746777873
0.24801367772810096
0.3118285651704316
0.3198111728101924
0.3854118422495978
0.38339722101816787
0.306595765186146
0.2704768092984978
0.2033133785242487
0.17637312982363312
0.14565528960636084
0.09297373838363544
0.0689661516451655
0.0041690452941537184
-0.03514387873388043
-0.06284214283779574
-0.14429128731074153
-0.20691667862963484
-0.23513603392812024
-0.29657446307045293
-0.3510233280111098
-0.39909984010808786
-0.3655006070929315
-0.2891400999703001
-0.2393760966160466
-0.21318568017818335
-0.19858759385279326
-0.13111512393304664
-0.079353754527363
-0.00036052191793806143
0.030601812634063273
0.07311351877409772
0.12316175839125254
0.1541525664415302
0.20490640485226527
0.22399413316457129
0.32824981108759055
0.3485147823182175
0.4351348398451399
0.3525047133102916
0.3107689515592066
0.24805554880526845
0.20930562103099565
0.15143119302592448
0.11778886274834309
0.08195726079572947
-0.004557051593595859
-0.02556545040614535
-0.08261151152869285
-0.10171019234011011
-0.16431133024961414
-0.21243598013216108
-0.23414322586119748
-0.29552226170126716
-0.37437695323845477
-0.4066780262521098
-0.34034512614106016
-0.34290795376049765
-0.23861930744229454
-0.2136215009097664
-0.17351191111759093
-0.0756732696658544
-0.01048711088548248
0.001383194274449038
0.051884246183971694
0.11581905525932328
0.12710865584367148
0.20413349941422784
0.2569399366894267
0.2762074434020449
0.32119857675462854
0.3716257280091938
0.36007197906198113
0.30803026700240754
0.26876895931193034
0.2061245344400976
0.17934033159254073
0.14316796035224874
0.07741330684182032
0.05454526230516192
-0.02166004112318423
-0.07869187497710982
-0.09459625599891552
-0.19302488426507197
-0.1831697040867852
-0.2934803239899087
-0.3161196694574827
-0.35954549612313497
-0.38815581209093086
-0.3484468873548856
-0.3350619298942085
-0.2738371099931149
-0.20379466106657765
