-0.2002186035599987
-0.31147430515697855
-0.24452461735403763
-0.2906699444676096
-0.15246186954342988
-0.17400877202558113
-0.6772452460996262
-0.02774724615193183
-0.048256254976658565
-0.18755830924091688
-0.6252609569348205
-0.00960757207305634
-0.7737937304510346
-0.20710477354523726
-0.46253541545283394
-0.3801019863707365
-0.18082219278173164
-0.39198521034513867
-0.45918120567034665
-0.4081473440728447
-0.5075673099235902
-0.4367446398337274
-0.2067346667043574
-0.17720697778005928
-0.7072569457974549
-0.06432493368259126
-0.05246595358691831
-0.01981028559432765
-0.2860439554084223
-0.5165159855766562
-0.5535954392364714
-0.6432104653611007
-0.8102756287665207
-0.5741228497036037
-0.6554510166666763
-0.22866830814426573
-0.6736184036194094
-0.2770709542323434
-0.3727172781773623
-0.4746154668456999
-0.4215958853305881
-0.5936384801752119
-0.3870593025058795
-0.46857761918286084
-0.7046906390351356
-0.6903864637873396
-0.30301363152050603
-0.3697734843628641
-0.040371548521376234
-0.4618573778751773
-0.8068866899671486
-0.7937886909821388
-0.3684361483030474
-0.6816159588164071
-0.3149959994974223
-0.6421047160698065
-0.361437852313697
-0.3025171196749386
-0.7548960898200656
-0.5445768319373291
-0.4189854152233569
-0.3969920628576936
-0.1144976935333448
-0.7772723410642064
-0.17691912575441512
-0.35577780231058415
-0.5293269610865013
-0.31250699419488204
-0.22493729539247403
-0.034181745527183935
-0.4631075316309897
-0.3146306237726961
-0.7299910204020561
-0.694022016381063
-0.6622687829856067
-0.6535018240486093
0.0064054457738395056
-0.7152328100745661
-0.06512131676118484
-0.15029103575301997
-0.07901216903022702
-0.6282934342119241
-0.07342453414466561
-0.5644670337130767
-0.644054674683016
-0.503030482769433
-0.07891349760117528
-0.15093656144497247
-0.49811561959399353
-0.23687296021698698
-0.23794456696216768
-0.39253448068228214
-0.5867322083767824
-0.05410997833047939
-0.6913327856193124
-0.6260842152710872
-0.5444985439521175
-0.6000689054779165
-0.7628894933574801
-0.4328967351905144
-0.054691030866099125
-0.8551100345242028
-0.128328995088265
-0.20725260674223012
-0.3412115076100131
-0.08346192835177081
-0.38196298644875015
-0.7881799158028382
-0.7522710167986558
-0.2869557276975126
-0.09156187686576536
-0.39700432505097627
-0.3868901774441482
-0.8244494965282646
-0.6989605244267575
-0.564666349871708
-0.0478732445459478
-0.6618873182040879
-0.8077194840564651
-0.7987837652968093
-0.35163757520470074
-0.11813146197672145
-0.53926099784776
-0.7973403344449749
-0.5979957211194064
-0.5171539582106991
-0.44689711641546875
-0.3707622590584465
-0.29086987207988374
-0.5739790737096728
-0.16711064363966843
-0.08860653087909882
-0.6596988523637659
-0.20459096455327844
-0.03610518518925078
-0.35134651608892337
-0.12551765481453436
-0.34432009281333353
-0.412273938059641
-0.7542151962611917
-0.2802106150576963
-0.21420661331732088
-0.6823536369272536
-0.25249396495936444
-0.6774954632689818
-0.6537129747960616
-0.10911875043751837
-0.04623608665565335
-0.5060569310852119
-0.5955336863826535
-0.5034023066621182
-0.15414083241376494
-0.30101232024174274
-0.4811417531474638
-0.5011507533671865
-0.2792220014354518
-0.447230947535253
-0.5962678503541147
-0.8203373251516893
-0.746804957552743
-0.47268403649346424
-0.6416047262871454
-0.23325219150593665
-0.8199627981368952
-0.6965101695089096
-0.5127503149408059
-0.559201540434903
-0.05091762846719091
-0.41743849318404463
-0.6735885596337741
-0.2711959437932119
-0.446269845779642
-0.2639302009988909
-0.4962535248066128
-0.01078067800793635
-0.7470178094495002
-0.7380761438675579
-0.11629543074967226
-0.20468029005943414
-0.3047518290772487
-0.16011551818433
-0.7701581232713071
-0.6041114423924581
-0.22682882513381192
-0.06773036963924806
-0.5117737150237114
-0.10240098291014021
-0.27027745685613774
-0.5926097840243055
-0.736102171937133
-0.298164334611954
-0.5427073769079745
-0.7784905522894336
-0.5611679087249003
-0.7778683204635956
-0.5178734652649724
-0.6951157217159556
-0.8111434797690598
-0.3324278149491822
-0.33975296402926586
-0.48546264770230085
-0.6179570403055957
-0.13800036124744178
-0.5022767232733479
-0.03428883546510212
-0.5732900268995959
-0.5712314706987692
-0.7667920528467069
-0.21060155115451212
-0.017818441431882086
-0.5082037443257411
-0.19453845957037746
-0.30162359942800493
-0.8147464277356915
-0.7563668361674157
-0.7246446786790764
-0.8049740840495397
-0.08417861659249173
-0.014481275477672176
-0.14475832285001075
-0.0986830359432133
-0.49177110572525917
-0.8499169734986382
-0.5969350295500291
-0.0032496870072916077
-0.11670996482441744
-0.20072372480660383
-0.6503567403884694
-0.3343621528593376
-0.1245147096665196
-0.5260992973612164
-0.022717966944492643
-0.44453955757578373
-0.20283609541911726
-0.5461704073640773
-0.23706529811318883
-0.5455353156375357
-0.6328882431882799
-0.12454502180276698
-0.4971884777216633
-0.4875807061546733
-0.5814251403070972
-0.8035289025606072
-0.49250657609654347
-0.21338753866696503
-0.6788116061036803
-0.7237987585950495
-0.36245872250826344
-0.5694452147402853
-0.01428116397948197
-0.23089576995443906
-0.09789458172174152
-0.17559389499109043
-0.5043089683165473
-0.04534907862634379
-0.5280607817715357
