0.005632250917766852
-0.014467835256099735
-0.02095976699309958
-0.003056076828395843
-0.0016490981537940277
-0.03572266093228466
-0.013735346352053923
0.013867223953899888
-0.042335074332332766
-0.03562267534105405
-0.010012941589810316
-0.01946051332593023
-0.018270343900614976
-0.00012420030623450096
-0.05888108838827458
-0.011633559980976404
-0.015024692419585392
-0.0023204285924504423
-0.03157457216935927
-0.013446991337864679
0.007990388539354883
0.03246773708138725
0.014235420520766833
0.008592488683049406
-0.013066734858933891
0.055302375727923916
-0.01610439085559163
-0.01185297613944777
0.03431660431586401
0.04041198208472073
0.03196946423762521
0.04167987305336019
0.07100540378791734
0.02427978481443535
-0.01455591516542002
0.01626231990415256
0.034976858321329844
0.007899079704009708
0.0444317779407428
-0.007439431550964989
0.03438175179940739
0.02940237292949087
0.003065326264766034
0.0027881841796112096
-0.008960789650788625
0.026722789065588184
-0.014245007625813022
-0.027138055998115446
0.015473114363099495
-0.011944017785623763
-0.02779206062612897
0.013107107106953854
-0.02217606010932484
-0.010929424947890946
-0.04772456330293586
0.015072501040031678
-0.020106617435909843
-0.02141310120725349
-0.0175885875891872
-0.002483943519135532
-0.051631382133832254
-0.00788007944689672
-0.0452832765395025
-0.04766064550425165
-0.018327242936905037
-0.01938648898081838
-0.016993499099263936
0.04789345351265716
0.008888300353474899
-0.017427395420181624
0.00044244398371633825
-0.016854738463308563
0.015112792965389461
0.0019027496581675123
-0.0010836430184757093
0.013557463734607237
-0.004292554550067608
0.021674079579764027
0.01945561121127337
-0.012528135918628
0.04575641937516861
0.03284556685606397
0.031465133078009834
0.02414751827883725
0.037237461236884734
0.04905733799785341
0.04219969229212491
0.0535152611664552
0.04856612127062028
0.03708441685400114
0.05231251108042996
0.026005894847838357
0.0015700429724768115
0.010810429440463301
0.010669734472541919
-0.046084168328334604
-0.011722206196152031
-0.0258256588473873
-0.013879854205832275
-0.02582323530342557
-0.0029166347893902628
-0.018871660352028037
-0.006713998937239339
-0.004983049920453763
-0.008221953299467406
-0.007183297229605919
-0.0228065970458838
0.03139544774118122
-0.018033276280129944
-0.05014862192076951
0.01074083665081995
-0.04932826992080434
-0.02488506410199501
-0.042263228975957495
-0.016466905314480168
-0.007630703771201409
-0.042775306621232786
-0.014497666426798407
0.008607411798434493
-0.0014032722402881241
0.006821245950053258
-0.03993154692356339
-0.021466602797531188
0.021020231166184178
0.0048349716235390056
-0.007075994580410283
0.04430307882334117
0.016564934315190728
0.014667826563384851
0.03247470424573202
0.027564370507288126
0.03740531961636759
0.03744630441595066
0.04966819554064981
0.07394003015093657
0.04316411545996128
0.04372823294493698
0.031854460016545
0.037026949162574985
-0.009245127425084567
-0.007712712659765041
0.02486763129440632
-0.008951903641004361
0.007680835981826902
0.018426260131851745
0.030439889851927474
0.01003827031327225
-0.0010140722627558622
-0.002314669743601136
-0.0020953075088601756
-0.0018030036282987265
-0.033312970314720046
-0.003855068045999943
-0.05168323498230935
-0.04352201266340631
-0.043991322912250504
-0.06913199426796704
-0.03722425410044191
-0.021724492431300153
-0.0335965927818771
-0.02483328996762132
-0.021351239355644154
-0.04998866243124558
-0.013854337810170604
0.000416984628948968
-0.001094631083235268
-0.010327633485023174
-0.020078216257536037
-0.019136184940270747
0.0020011440184683595
-0.0247043018958536
-0.044614602703145205
0.008420870449642053
0.04318967255950077
0.026189827704265423
-0.013135807568897194
0.002716258040737397
-0.02227753433256968
-0.008601775345436321
0.017995870886041918
0.008682687674524094
0.08337699712231089
0.031241541670101347
0.05238843595080918
0.03228646875683107
0.05550863744334718
0.05447414453910315
0.01869917681574857
0.023590748862561465
0.020961009667946326
-0.00964213392234426
0.004140118950365462
0.013024131711556678
0.018132773874687015
0.013073660232278711
0.0062773079687175135
0.011963688082708188
-0.022675381491250635
0.023158380971150735
-0.020360406171333632
-0.03804604259047157
-0.03855523351717993
-0.00016212168671373393
-0.06587722380363259
-0.015928597298719364
-0.003787287096500492
-0.014948459532336589
-0.028189162592681345
-0.022843337019284843
-0.024289019696681097
-0.013955234720762849
-0.0005659317564870557
-0.04218895896716817
-0.004430609145015911
-0.009544717932960136
3.0825165652833414e-05
-0.02160381094940057
-0.033261723996170896
0.01097150290759876
0.015225112717560212
-0.013943878171203648
0.01438114965705582
-0.015426238206498848
0.005459952381951426
-0.02248673990652466
-0.006222810016866181
0.0013897523130410715
0.037710910929678716
0.024145734278797314
0.012555928104778347
0.03197930559845883
0.011774865136545448
0.034596644965658285
0.0332916405497348
0.024375247324844106
0.0533273048103558
-0.01027029875830671
0.005515194985702548
0.029756804297628406
0.02527890998104802
0.041929986324484705
0.013620329851221842
0.027581000013483972
0.027981829975096368
0.0010596186542140085
0.02072770318365287
0.021567690074737193
0.011286531307498642
0.01226308947146325
-0.004174612396044887
-0.004348200924146195
0.021861187134649143
-0.017994178419590112
-0.04052865691711756
-0.011174351709166105
0.005983007959891696
