-0.11234757068904591
-0.07101993784659223
-0.09515016312668308
-0.06920309243551087
-0.11683630161018778
-0.02335455864864481
-0.03656513628903055
-0.10745336454344266
-0.03960773454427309
-0.029362870333500872
-0.08564429928130594
-0.08251269612882564
-0.0012868348311901433
-0.042494496644342274
-0.014362290030408568
-0.05549083727636703
-0.0011051021665095667
-0.15043811401036322
-0.03620279277639087
-0.0433855412814539
-0.07749072908624316
-0.03595827813293232
-0.13156126556888803
-0.048332037298116456
-0.07452406145077368
0.0028273779872518105
-0.05890225666723947
-0.12153169928162723
-0.01711493534148893
-0.07353943431531965
-0.03556816908957093
-0.05423808644007472
-0.054726645292626226
-0.012878399768587546
-0.10802678609044103
-0.011259144551824743
-0.10894910205832867
-0.08085074666833642
-0.12441339448780606
-0.04643189173460675
-0.10037971334362074
0.017515285543002922
0.003836609376066044
-0.09712008247220892
-0.03552549293041273
-0.10926147670711767
-0.1297245203963642
-0.10873717733508546
-0.05318332193847189
-0.03771489837057152
-0.056895975354910644
-0.03427759440198608
-0.07234452265359279
-0.024620111443358336
-0.06110670471136091
-0.009812141689824874
-0.08393235385906717
-0.1564998517821562
-0.06702047031489343
-0.039159882084426396
-0.08047106454481714
-0.03501030046722993
-0.135919517763345
-0.07205738935267435
-0.06212115430813984
-0.12455467814180983
-0.009631729471998038
-0.09695217186181353
-0.1343933342996363
-0.09369869294188762
-0.07992874280088391
-0.025870210562246664
-0.10364913930332942
-0.12147791887435812
-0.05246292702798605
-0.053581711674064864
-0.05606958148150977
-0.02122381859038447
0.007078422121393816
-0.022461751856177742
-0.024539785329340036
-0.0049883410548983795
-0.10242066529686464
-0.08556358236392173
-0.009074456164736878
-0.05208236811993361
-0.07323894561750374
-0.1534569397069274
-0.08224950322838337
-0.1456646200158255
0.0003956878576295321
-0.11633827263666842
-0.0016661752957411462
-0.043644880425098585
-0.06178318872508365
-0.15344917853041073
-0.057844717721483224
-0.0495909742640485
-0.07457770511199113
-0.03586661118571823
-0.1225348636785084
0.0036952341365676586
-0.02481641627712306
-0.04101978592705154
-0.022915898226179253
-0.13176987378324098
-0.058800317976836006
-0.10231082179323994
-0.02096915442375588
-0.045608877369988574
-0.05407724640771968
-0.03303659838955675
-0.10651736038745385
-0.061281711507563695
-0.10957544297068382
-0.046035609743689546
-0.14088492860876556
-0.09262779923887854
-0.09580517782199305
-0.04031688769154936
-0.030001995064647225
0.0005784017856843744
-0.04533247098609773
-0.15939534958421753
-0.08607909704516255
-0.12151774682704794
-0.01886673314252054
0.015878941344321062
-0.057268221037365924
-0.0680991326978893
0.0003635710602757636
-0.036431688042339885
-0.040865588362605794
-0.09202985532475733
0.010442194377247725
-0.021703470362309123
-0.06876827870540236
-0.09824916529906864
-0.09129738692056764
-0.012622124954766707
-0.018659191019055464
-0.12582760368310636
-0.1354719163536014
0.0010305924501954854
-0.09345603447110731
-0.06293724563855699
-0.03777814027413446
-0.0966531519618313
-0.027453972698782823
-0.013502736584235077
-0.06801868827050261
-0.06738392658314007
-0.10685094484924973
0.012022622710436442
-0.08574582266481284
-0.09482649475939049
-0.10541813167599401
-0.08827882763652022
0.00553561096606912
-0.11024606707343101
-0.04293676552139071
-0.10510739121309896
-0.11223736316544017
-0.10935408453300395
-0.04383620252399878
-0.029883496989590433
-0.011273498435400917
0.02513821516819668
0.004278343576306448
-0.0018156521354291974
-0.04929693664191592
-0.07481160789972495
-0.04898868002410473
-0.09682247179833404
-0.11793111363061169
-0.07641212020821395
-0.10524283043011681
-0.1149721523662952
-0.018474660050766
0.010210338007055038
-0.003861416062294426
-0.027491356971940533
-0.1255465137033365
-0.03820408638324033
-0.061164635492872654
-0.0657310905600355
-0.08416823184476349
-0.03507334514180027
-0.10258209840214086
0.000665820935042867
-0.09446133988504055
-0.006521346089750087
-0.043133438209954446
-0.06567467608778241
-0.11671448114547026
-0.07803728247963289
-0.07040963312642903
-0.02619884306747892
-0.12915970682088762
-0.12702000725100232
0.0010882978968503735
-0.048436093998606294
-0.030190896881408885
-0.05981243378712221
-0.045292775587645856
-0.08468072964446623
-0.04506393332018378
-0.01883740400476288
-0.040640613247014096
-0.01010109476346268
-0.005852241140114078
-0.0834371781704848
-0.06283100583155987
-0.04334210012927221
-0.07155288935425431
-0.0008990873512021054
-0.04625709357889131
-0.010851171248712793
-0.15668756124312605
-0.05600164367412431
-0.10703262895448411
-0.05231038080666623
-0.07150362619210866
-0.05294450173240041
-0.07945534653951107
-0.13832604545214316
-0.1363640470790739
-0.1311082213363524
-0.06248658320692843
-0.0872210687500237
-0.14210431769044066
0.006108643262364601
-0.13372776320337013
-0.14738972696107241
-0.08826249637775735
-0.1088250924400725
-0.043597117010939684
-0.06016174298524299
-0.0668109134720795
-0.12957781153322387
-0.12334383313454828
-0.03773893524142342
-0.10655415469771642
-0.020876413906904163
-0.060909118257911454
-0.06925200222420366
-0.1226881052526223
-0.013344902869960361
-0.12792980557986203
-0.14114774574559952
-0.08240196359042687
-0.0816139455910156
-0.01831442925518182
-0.11760418744057737
-0.0670446341012321
-0.05480293064006827
