-0.35287834567668475
-0.3220195336510889
-0.26195140567638714
-0.23297139238424341
-0.2086123270758133
-0.22477115097254236
-0.2009231561763398
-0.1582552798844591
-0.1428754444106039
-0.10836225305037285
-0.05644410140056923
-0.0686018541812385
-0.03631822065478995
-0.04685313912558769
-0.007175817319661
0.03360619637458772
0.04748068550300528
0.07662995998994329
0.11033972529466869
0.11184151472110201
0.12685976720223882
0.09855662890708312
0.19389771080139956
0.1819607284425577
0.29471746224666756
0.2807370595039506
0.2890661560917005
0.3101399332029242
0.34798814419719665
0.3771963599220528
0.4132643229582187
0.3871288552823021
0.37313127020821363
0.36874058007977345
0.33700155050129105
0.3138145331907975
0.24355153105019228
0.26625921717309337
0.19315873101483755
0.19198303287752408
0.20251590829670055
0.16437436987804066
0.13993269119492274
0.08697004172835499
0.08574110696442488
0.07892512687533498
0.012708989709373727
0.0008104205534898235
-0.043318773914395876
-0.005802935484220784
-0.012294436152794734
-0.08754000281226973
-0.12290099638593135
-0.14528089799226052
-0.16272555135317607
-0.19467919430141553
-0.17679484772968954
-0.26211415481795597
-0.2912391084997197
-0.30448587308449504
-0.31941458911693826
-0.3670378701618594
-0.3570592210580804
-0.39390945540203154
-0.39459918113225884
-0.39426784314014274
-0.338945924672339
-0.3357427329914602
-0.29432827624372737
-0.30911391308550823
-0.23489708250641533
-0.24275724113589817
-0.2515371741260434
-0.20541997952702934
-0.17691493063509223
-0.14733289668254934
-0.11671474978803166
-0.05248957844800284
-0.07154333291351232
-0.016588634784972488
-0.014951791538624446
0.029274917977476902
0.00852142018438683
0.04755852784842167
0.07945594049434838
0.1222577401904488
0.1261785165134431
0.16501375962670206
0.15158863624463276
0.20935422188901906
0.22999347518578178
0.23801262371432952
0.2614857558027797
0.32427437848646135
0.3040778742337562
0.3685166356130569
0.3484782328478004
0.427503324441749
0.4090134266299723
0.3701613877876739
0.3440141211249241
0.3089079034681114
0.3172961452527841
0.23862669317633442
0.2550843663766566
0.2357189391354375
0.1700409092595248
0.19785715345086197
0.14887280015803925
0.1180637470163946
0.11383944156612158
0.0683206946759892
0.07722596546291552
0.04094133490679008
-0.027713859115532924
-0.013041708186045328
-0.01890067037897763
-0.09207028642421777
-0.09089217585998019
-0.08748423487574689
-0.15645527276129742
-0.1806058408985703
-0.17086860291797612
-0.19908427163281328
-0.2486906136010693
-0.27694534610852617
-0.27433482962351735
-0.29877566524165744
-0.309424940605756
-0.35198605593878013
-0.37754829722102123
-0.40267453297138334
-0.36254074140208553
-0.3439987272453138
-0.33901918168946893
-0.3198071124230205
-0.3318700838278893
-0.2517609747149791
-0.24932478133528857
-0.22414041426499873
-0.176344214330667
-0.1624175703790374
-0.14929573903090484
-0.07369480699680965
-0.064961309761532
-0.06502413645592871
-0.04204010024874449
0.004265186751681891
-0.015522775149701993
0.05414575595749291
0.0841824630627976
0.07930334903132065
0.0833762862369094
0.11645282800039872
0.17907200771714055
0.1916924935722727
0.2066332561118713
0.21722962043797836
0.22645927928705276
0.30377397587971755
0.3013264092194021
0.31413533066788896
0.3426572021967815
0.3731341710445315
0.364940516018174
0.42510635201538427
0.3603136708840965
0.35313020256022226
0.3168202312566066
0.3072073237957256
0.27581629295728105
0.24205999920978555
0.16596651068214457
0.20884177381354432
0.19386394263793363
0.15119692732598955
0.13213553203066986
0.13570687894048802
0.09143327144961534
0.04399706334958079
0.07725764918608861
0.04992183250946502
-0.024124032739151556
-0.048516502812182484
-0.07011550705183
-0.08731470471141688
-0.10487394975107947
-0.14130521988438283
-0.174340692116991
-0.1844396415347842
-0.2244747729460109
-0.2284771777313342
-0.26453960940194704
-0.3134080257388831
-0.3079368868947064
-0.37968602554842423
-0.31546766572554397
-0.3805593131536828
-0.4096909230962914
-0.37330980767558747
-0.336668623868157
-0.3347636491716644
-0.3065551671006789
-0.2933934736844422
-0.2529985541834483
-0.26655144583031015
-0.2274985663624891
-0.18922488370241033
-0.13194185224953275
-0.15030649225954668
-0.12875629296206045
-0.12350099756215445
-0.05550026128463634
-0.0622003866444044
-0.053852699052711984
-0.008980985237529536
0.027716328435539037
0.07735017117271814
0.09336254884631298
0.1296667778744614
0.12825083020502115
0.18873408099375838
0.13327418693905277
0.19241775300743016
0.19271447266220137
0.26688984752300127
0.25497892392129257
0.32390952705330356
0.3320062069332627
0.34915169795721374
0.37408832455390684
0.39966436705853187
0.3645780794085165
0.3851325593247384
0.30573951229439555
0.3220599934393106
0.29537322412067296
0.3069336642941569
0.2540148125989509
0.2267836457964493
0.21889898339592162
0.19574953297465103
0.13941061118936654
0.1385738206890512
0.09786728674493635
0.0764460182324247
0.049679510607151825
0.014443664943207426
0.003705072543427351
-0.008403142123231452
-0.05533575504920901
-0.08168893832934339
-0.09721679097490199
-0.12380851551279826
-0.1544063237361491
-0.13221970549368417
