-0.5426133426470049
-0.4591313948111393
-0.3731495543207437
-0.23982482224623908
-0.06183850098287906
0.05970535441901168
0.19590251756438237
0.28085409915208825
0.4103150901205986
0.5292585219623599
0.5940585321305252
0.6561284326607845
0.7057390405568008
0.7461213961243096
0.6913023027926919
0.6454693360560826
0.6250272925712168
0.5132802923843043
0.4278751478389579
0.3306627403863071
0.18253653568626413
0.05365469550886415
-0.11483637684469337
-0.21510655238747184
-0.3184391998447062
-0.4759835803322183
-0.5712715744702593
-0.6171052199145968
-0.6545941842068717
-0.7165153374729265
-0.6948872538256039
-0.6612458266076945
-0.6263435946253846
-0.5797687839895813
-0.47310854173479877
-0.39577709135514344
-0.28466446197991835
-0.1290941453479815
-0.00930713624340011
0.1170978282442769
0.24365241594216464
0.32155764867498615
0.46140048120694294
0.5561139745400909
0.6603586307189404
0.6826136528609508
0.7134895661093378
0.7084984823718723
0.6883839284716126
0.6271731850580925
0.5961625913260276
0.46479517884906607
0.34905111785169
0.2493002094136212
0.12885198755279556
-0.026395867236803833
-0.16725276991132879
-0.29461239279826346
-0.4287252070022788
-0.5281847121299417
-0.6167602700114394
-0.6790219442122528
-0.6956284732798845
-0.7039914574855831
-0.6867500918810601
-0.7108930894354052
-0.6530606792530375
-0.5196895943633633
-0.42769214544077233
-0.32796746551904
-0.16656496201076315
-0.09564950326199419
0.040510799076019684
0.22119977923448447
0.31590693202611125
0.4078659562461547
0.5559863294224726
0.608682882304197
0.6651754093242188
0.7112602938119308
0.7121373783892206
0.7222039731384244
0.6082126852435048
0.5741508990748561
0.5095431673182579
0.3906779656003788
0.30590106254891963
0.17322344583198304
0.03560848451807179
-0.10289569227941486
-0.24740640849604664
-0.37093931674234876
-0.4417786187748484
-0.5646407718960665
-0.5882497279303875
-0.6751922556674753
-0.7219164125142477
-0.7110326990853821
-0.6782511510176452
-0.6234081627683538
-0.5834236894746557
-0.4707739447868769
-0.37921670362231613
-0.30175021135226077
-0.11478929665328248
-0.008712290376834665
0.13649756415927766
0.31209591725612984
0.38268000326980134
0.48694698545800796
0.584269313259828
0.6147483948461253
0.7164486206542493
0.6972103214422598
0.7088900912600585
0.6724862757741891
0.6288578282209468
0.5904170094332689
0.40811931483683767
0.34991517518989584
0.20871759680716903
0.10238235805281262
-0.0445109178681497
-0.1625424960275586
-0.28580731342137616
-0.4240442028857903
-0.5043312134443765
-0.6009538002228336
-0.686560517531992
-0.6875057421334292
-0.7089307108858124
-0.7271930153986825
-0.6471970496699047
-0.5974277449379474
-0.49936541452718325
-0.4194890744280968
-0.3185466367830658
-0.18468703086918806
-0.025691605363360744
0.08320401316244179
0.1994752758727293
0.33819730525326086
0.4407237909970305
0.5636996399690009
0.6257154439438795
0.6609699378693115
0.6775778915648175
0.6832282680104832
0.6965210559994266
0.6591995569376926
0.5812874413014517
0.4835435461746231
0.3697652760480411
0.26343382137771587
0.1954267029002
-0.04974458111129449
-0.10620563001046525
-0.26557227800664557
-0.3639938642747506
-0.4848176701433673
-0.5634660320632575
-0.6798470251205404
-0.6743546920556279
-0.707681482673188
-0.7305761091618724
-0.7024797059060494
-0.6289261938031216
-0.5502172060753378
-0.4499159365378456
-0.38041159595188895
-0.22827905444231145
-0.10052951487624609
0.05173671189287439
0.15957326175681258
0.2700261217463299
0.42838176101728936
0.48109177750738813
0.5769759422691226
0.6640612676150746
0.7160245172210489
0.7313573386823511
0.7406843292181904
0.6771280268158043
0.5891572942764709
0.5267518956087286
0.4282269425156404
0.33766780966353477
0.2075209568403428
0.07211557080528787
-0.06036397022971219
-0.19387458047490802
-0.31628552930769377
-0.426992950519095
-0.5206043636758535
-0.6097454402374543
-0.6578202881008673
-0.6652314806191835
-0.6900749507733656
-0.6936536455804084
-0.673457941356063
-0.6001006152797173
-0.5472209595178597
-0.42613334057649127
-0.29375561887873386
-0.1809402839515386
-0.04309652158805791
0.08329708579111797
0.2415908194025296
0.32974775377724563
0.47942799378650075
0.5458206467594354
0.6312490397553949
0.6591332374558792
0.730974835106268
0.6837588004410877
0.6959011242549918
0.6194242782980802
0.5626724362848168
0.4734310665178444
0.37509848765510095
0.25987312700018966
0.1455311278630311
-0.015464426675765346
-0.1311281261401838
-0.23265879117290333
-0.3638074475796233
-0.46637443634531217
-0.5664173528543951
-0.6104361235485471
-0.680515850028562
-0.7099114416660032
-0.7272842616054284
-0.6724072799092435
-0.5928219430559389
-0.5703622155156711
-0.46404436339765087
-0.3388789243378747
-0.22841257929266306
-0.0837808489106132
0.040016259729140156
0.1647366399512527
0.27665747198057067
0.4034799107409055
0.4932956444190136
0.6258659910012888
0.6732647548397144
0.7110468746740695
0.703582840005073
0.6861130804583456
0.6692104177797653
0.6034731560324743
0.507616098061835
0.47757886124678395
0.3139722373877059
0.18599949370524374
0.047274855924754486
