-0.19365160452997218
-0.1929090228528922
-0.16261131723843256
-0.11235979629265062
-0.14324069132066983
-0.1090758515762064
-0.10969570550935805
-0.11861986792545813
-0.09668925446066848
-0.06468457416298759
-0.07535209419125205
-0.05705359312563209
-0.01841005835057533
-0.025675187567216838
-0.00972324354838985
0.010301541521924933
0.028502240370390945
0.01985064715187762
0.0580164759148868
0.05736256821634966
0.07410783453763295
0.06268232090485154
0.078142440591418
0.10212968085390073
0.12980164513208142
0.11605978788047176
0.18323290327137504
0.14648243300124136
0.17854485250275517
0.175380610983494
0.20824379475314636
0.17025160475155818
0.18707636164440045
0.2198815782679654
0.26344465578125886
0.23888765710877624
0.22526716198752283
0.28210112316909225
0.2834890122719791
0.30274047549413113
0.2988116017205028
-0.3249689539243055
-0.2824742411105548
-0.26550305852781486
-0.24244474236715904
-0.24344534823608044
-0.21172755070782226
-0.22257637679810469
-0.20398069182337952
-0.14526717971280106
-0.1706206441970567
-0.19678224638300912
-0.12947400899692885
-0.13531747355564747
-0.1346721815609866
-0.14500230674035436
-0.11258912610590117
-0.12280082084795371
-0.07000643815644039
-0.08329264811264223
-0.09479187914416891
-0.08862609970507916
-0.046824453303718885
-0.021387791573651227
-0.01880253766282989
-0.0034028002486520196
0.02962628077492464
0.03759796237183929
0.06370154081817786
0.05905274395901504
0.0930004625456529
0.11010065435695343
0.07267195217728299
0.13053692817355989
0.11839583015901174
0.08712287173857658
0.1480167521161671
0.18666002343958613
0.18066951617219698
0.1932057823518755
0.20966021143983105
0.21021364089025715
0.1679157941356264
0.22306782977144768
0.2632350377957273
0.295947898115907
0.2352401183579923
0.276668891932371
0.2732643349770097
0.28429843831918356
0.28045032852773805
-0.2724769378899251
-0.2971405712674438
-0.2743321965797694
-0.28508075011949974
-0.22342671199696248
-0.23409016567335894
-0.24437958727893824
-0.2297325229529944
-0.18125637463779126
-0.22216080469245453
-0.20946905026164617
-0.14282596580457457
-0.16082093358164623
-0.10397279781797913
-0.11898821163104165
-0.10669943835386939
-0.13981526149486234
-0.05634533666837841
-0.06733329830389898
-0.04076779414364965
-0.06216809766523536
-0.05588716369995386
-0.039845860049389795
0.008572578103567177
-0.003966297276851438
0.007855546866895055
0.0033384935705591534
0.016075633555613377
0.057980960937603264
0.07737205822166987
0.06687168662730533
0.0914529780905196
0.138104347591393
0.1266192599854431
0.15209690367535994
0.1405815479235174
0.16122574369216333
0.15241120854344353
0.1891526945974472
0.19762344067959034
0.2251827422052762
0.19318926775494574
0.2204253535732312
0.2342871541057005
0.24257577950824383
0.20028314959407847
0.22861446936296564
0.28896184741629993
0.2963426739526967
0.3321747517191156
-0.29749645313337014
-0.25764246282840036
-0.27631970750739276
-0.27582149258833294
-0.2813906875008619
-0.260079565904369
-0.22348098313978548
-0.2034015204281467
-0.17341928474531645
-0.16335970497183502
-0.19948439869231427
-0.1633122602142307
-0.16003908964015937
-0.11848551852872444
-0.12879285631642512
-0.12867217403421713
-0.08492905413120873
-0.054968723769722797
-0.07584480142013822
-0.08118349495496072
-0.03475020504514887
-0.006460611290237686
-0.009053991895584465
0.02016996472217575
-0.007401547234009608
0.03257145197807854
-0.013927607645158779
0.029444377957767286
0.015120674181768625
0.08639243804682316
0.0730705646167994
0.08771441041601358
0.11060736201573326
0.13372409048804024
0.1617002353000255
0.14011828258802012
0.17397812513823216
0.16433247476982488
0.17265261930985995
0.16113400218235696
0.19862438033321295
0.20859457563175168
0.2342193226657945
0.23033369295549172
0.27127088307159847
0.2506840337707895
0.2528438689451782
0.28879943477766
0.2991121083554653
0.30356552816717797
-0.2943010569259283
-0.28509574891520273
-0.27647409731572403
-0.2571538335042297
-0.2763236879964333
-0.25957692958737555
-0.2549828573779208
-0.22017089638098222
-0.23998790386304647
-0.23354697388524498
-0.19656978268216252
-0.14052173247362243
-0.15617711047361332
-0.1371475332337437
-0.09928717882296796
-0.14160859129732517
-0.09960514588692736
-0.07540418158656917
-0.08562294321548272
-0.10247737338646995
-0.045748517658164733
-0.007429268539059168
-0.051123502105165204
-0.04588983019460621
0.007152737651130456
0.005634268995702239
0.03686471138937545
0.015444338634085626
0.057513206214618855
0.05227331856421776
0.078477878993583
0.08939869745901258
0.0740967681358047
0.06514047384318394
0.10329499885906969
0.12058400517586274
0.12824579579684983
0.17683247868625712
0.17157918691499496
0.20749857579913114
0.18034469256820768
0.21708611003073344
0.19394868449492123
0.21187562436212143
0.25366508965424817
0.2495480606180584
0.25774056279736485
0.24110623469310685
0.2912529182428425
0.29477601049611807
-0.31019615946537094
-0.3055753911857756
-0.2812780737092745
-0.28743041393362095
-0.2543007378113125
-0.2479697964046909
-0.24303665183276274
-0.20905711579362846
-0.20924195958088393
-0.19023002155924287
-0.19171968504910386
-0.1755572195122794
-0.14424972930643715
-0.10069727809395879
-0.12496986581511386
