0.15408331164528616
0.21862739995254502
0.24363851716823662
0.30741729791491373
0.3235336875731589
0.42006489399077457
0.4277939837197415
0.463846687693011
0.49434680905025546
0.4909950618755688
0.41782796474111317
0.40382591423303593
0.39470880646908757
0.3281580550463086
0.25716398872145446
0.24620428363232832
0.17676900884754151
0.17850220612646933
0.11834263960857073
0.10489169765774894
0.06003629994576555
-0.002764601375583036
-0.02402088678649576
-0.061122205955746134
-0.08700751016044789
-0.1629080115411468
-0.2487710656881103
-0.22943833628474866
-0.2774738880420497
-0.3006635068382002
-0.3851878143023827
-0.4571704389899355
-0.45827591513785143
-0.47592238992195934
-0.5024983959428978
-0.43716610656089866
-0.4377362003602699
-0.35927952750147163
-0.34586313054907086
-0.2752877446083933
-0.25241698016210085
-0.20494059109916038
-0.19418834186595288
-0.12254349074500487
-0.08726467493694995
-0.041873508400893385
-0.022812697827775816
0.04809482383951339
0.10017833223343897
0.11552922612766542
0.12622911532724304
0.21141589074176473
0.23824204001495353
0.3175597464766097
0.3349821721863213
0.3392012790002766
0.40639528309007444
0.4606952837824824
0.511324899538423
0.4640684720462217
0.4309554166727259
0.4285962188963407
0.38376414849788354
0.28701824633499834
0.30463934718085006
0.2533497872590475
0.17047279367401053
0.16647011119766777
0.1253473813927986
0.08552678767871734
0.008133178415989324
0.007359635922261052
-0.01969493696687663
-0.1138305049750199
-0.08811145377290065
-0.17496906570185722
-0.19299845394193935
-0.2547112177068877
-0.26442888155035077
-0.3815591406764217
-0.35980411270583446
-0.4095137597966981
-0.46814215289981664
-0.4917596089012147
-0.475315715002701
-0.43067354103363653
-0.39731802791980775
-0.3860200870762119
-0.3461610077764927
-0.3236459913600952
-0.27106011447219786
-0.18227760095250306
-0.15988723204628585
-0.13437672175391452
-0.08413230170796202
-0.05081369227594053
-0.010751134466624708
-0.0016444403700683827
0.10126373311637225
0.10178082532745082
0.15478892676823613
0.1878480109136879
0.23573628893213075
0.30009657773254833
0.3424684417187612
0.3501370875571156
0.41645365787237365
0.4837298939504141
0.5227184315588786
0.528023215933512
0.449159256260079
0.4382837775117119
0.37071923175110727
0.36364776691638695
0.29175987230986056
0.2659577020173802
0.1743196680545721
0.1825564028344796
0.15523740227335478
0.10947332118038752
0.016039879700918934
0.030111713396492108
-0.028199451885575853
-0.08027864488069911
-0.12221883204714198
-0.14013514314479403
-0.23318534275100844
-0.23719422100473245
-0.2833920490818867
-0.31273269504552725
-0.36123762764499284
-0.4044478732719603
-0.414269265778456
-0.491499591274176
-0.5126442676806204
-0.4571706210426328
-0.4122645061261717
-0.3560646406549888
-0.2832295837188536
-0.30353124354964506
-0.2691823507299391
-0.206355193075326
-0.17111472473214068
-0.1296257679917529
-0.06201899265336189
-0.05034767810433964
-0.02097095956009057
0.0371507721108914
0.10000568354635472
0.13235279078448536
0.17087031434597327
0.18890667365085934
0.21641012076331792
0.27246880134250284
0.3107018373355034
0.3671226992966141
0.43658549790655116
0.4245698868212894
0.49138065963015903
0.49275835188884953
0.4738108822936367
0.3920634025638555
0.4097886703590391
0.35055023981268546
0.319489388501979
0.2808247099980176
0.227420422614731
0.18518306868054588
0.13115201495476828
0.07755494608603578
0.056181257376752274
-0.00470098267277976
-0.013619912926894606
-0.08244228490454099
-0.10475568968890704
-0.14162409000512433
-0.17587391008916506
-0.22318747689846877
-0.26439983098106706
-0.3486620174183157
-0.3705782793216788
-0.4175787995158829
-0.3992802750149725
-0.47961254045347795
-0.547862269033576
-0.4662157765257245
-0.41099732368532504
-0.39632811384685696
-0.3453737093705206
-0.34119751947765775
-0.2962655150327132
-0.20303264038291308
-0.14780700792767543
-0.12830095829156565
-0.09565048833872039
-0.06637608550616417
0.0031965166032885094
0.0660683248585077
0.044321314025305925
0.12765493551689558
0.14586110018895568
0.18358324162099057
0.20797204686538345
0.26024168853852125
0.3222877335060062
0.3103435281220397
0.4058145893056366
0.4116993478354165
0.4852510329444787
0.5319816763048463
0.4610677258838819
0.4397878227867285
0.3859603536757959
0.3434875695979065
0.3304296131102735
0.26305677441179487
0.2485526983046863
0.20553378078583187
0.17013107826754026
0.12825892243396367
0.06632193649590572
0.018033071401873574
-0.013796403673950903
-0.07587912598475124
-0.08867362604108209
-0.15106378289863553
-0.20666628545687346
-0.22888405089008015
-0.29342961426818176
-0.3338420252238095
-0.34923940599898023
-0.40853787403984
-0.45556743627095764
-0.4702017891692749
-0.5024473263952588
-0.4717977738333969
-0.44518530258093125
-0.42294223297135913
-0.31367642148615166
-0.30129310733466214
-0.3222206779689548
-0.22959934863534937
-0.19003742883884683
-0.16024026987169956
-0.11083649453221915
-0.0886407057573363
0.0010412256708099074
0.032040612693809714
0.06450779861473598
0.08225026190785012
0.12213971911371779
0.14934759734309874
0.2329982250008374
0.2736358391806417
0.31086158304426875
0.349947985692393
