0.0024640298760668783
0.04057336079211417
0.020403449551308774
-0.024070152316772377
0.01945577368777451
0.0455196959169762
0.0553303244787577
-0.00525248838092418
0.0178564291679995
0.018574904516202133
0.07184867179820772
0.03221317777180886
0.0357972836619089
0.01715377858387782
0.005609765854761481
0.04252808526684421
0.036358149863932716
0.019488024050495014
0.025104196315790986
0.03589854044134129
0.06172516983106224
0.012050030624720313
0.04895260655061255
0.0036542296907560202
0.043609847342986965
0.03799275936313313
0.0348691973533691
0.04865890418342521
0.032040588961602195
0.04314203744971114
0.0478699119160719
0.043952121541994495
0.019603706262105235
0.015291614035892992
0.049200777376726436
0.04371085871537746
-0.018068932237680163
0.025842835340686883
0.05515388292274533
-0.013494251639829334
0.044405645274382455
0.029840373945018435
0.029691410835062805
0.01512380894297914
0.003139528669109111
0.0360784507156084
0.03502962543915774
0.05815019871290539
0.025040156733542325
0.028489380473946967
0.08284990354456229
0.04022339672579089
0.0598509703571099
0.03404023177059484
0.004996003442464928
-0.01234378187895858
0.02710941329458145
-0.005643715869453874
-0.008929077436111467
0.029902191530700402
0.03287895433568509
0.03999835668140271
0.014184723875980638
0.05015168598395904
0.010408460178430966
0.031451740597206825
0.025620469722233724
0.048547172493995705
0.008212088230834948
0.015786659841308875
0.01790890758667238
0.019668744474875443
-0.02145863528352745
0.0606179912988741
0.043764592709266296
0.06525445436784688
0.0535231090667843
0.0392778772016583
-0.0005523343066309028
0.03881664075225039
-0.013332024852887332
0.02066599879729996
0.06589523028808357
-0.00728138678169632
-0.014745266961544191
0.01591323125651472
0.03667147238248634
-0.02932210011658388
0.02198054396392154
0.004015603139693735
0.032055688657579205
-0.029499836740726582
0.04207877567964229
0.08980757782800616
0.036155247406142274
0.019945570328234883
0.06079911848318356
0.016494316997143006
0.027087978297931418
0.017365641281337878
0.029173178040766433
0.01021344612381812
0.038164527644847776
0.035770283116719724
0.015999100601146083
0.019760069421048694
0.055266077791429384
0.02557371155022725
0.08063593740793445
0.022849089099156165
0.025868753116780847
0.03815755120938918
0.017206239433904
0.03811803493536518
0.015080150854002683
0.04946783799200455
0.037935126625963884
-0.00799049880541549
0.04226731606831099
0.03852941071508339
0.0038144940734155617
0.009420438210177629
0.044052887545980295
0.010982922507001988
0.007856833542044615
0.05632061292967474
-0.03206507519981545
-0.0017902193628439571
0.046529568767040966
0.01437918491621738
0.01347390662525015
0.018452774926391722
0.019721004979923226
-0.003383340574084716
-0.007329759855289013
0.08312896091975053
0.037462965124256904
-0.0021336779500210797
0.018737887378402797
0.019975296294225023
0.020602888681161058
0.000994814952014238
0.015130008148072444
0.007594979870816825
0.01801976302898099
-0.019862354799207733
0.022581365050238153
0.057861743054391485
0.02051497879150061
0.012894119656725014
0.006973932739952747
0.035202962991656934
0.03536337756220638
0.0363570398228729
0.047537841254767566
0.04075821777099513
0.014502721428501921
0.04738154157920804
0.027360879434717995
0.011258446882280775
0.020684514847582783
0.05322437880228967
0.017543408483475322
-0.002668370248375204
0.023440228139968808
-0.033159501684431325
0.006147282323497097
0.0014685404472927497
0.03138485481230748
0.049915456304057186
0.048859776731384974
0.04300669600840571
0.022346305998815815
0.04069758136767723
-0.016875832492553568
0.014722479516628126
0.03984337101040011
-0.005428128662702678
0.02211205827687859
0.018114570122686146
0.0357621860595807
-0.030918458260796488
0.04515037555439447
0.04280981423455789
-0.0043489846950108026
0.03311036088843856
-0.007836908074697188
0.05709492052941717
0.01292509120016794
0.04405412653157261
0.02739578692514089
-0.005681990475076065
-0.005624572030262049
0.04679043625928819
0.041908197342513435
0.04685204620173566
0.033484615500576166
0.022855746055332152
0.0037786739101886013
-0.02724686953533087
0.03197525377690926
0.001285072449502777
0.005487623308939
0.024107713507059814
-0.004964654721323156
0.055944704736464686
0.03259730231603265
0.008015062323182925
0.023701300668557454
-0.010708208051353918
-0.008245031016562114
0.0017831046558127745
0.03314728364737482
0.02879693936654454
0.06376658998008966
0.01444934033145718
0.05685984440287459
0.017060499478357194
0.04028213114241015
-0.00019154555363891032
0.02508170807699398
0.027550018131059333
0.07902412418937567
0.04742678297840941
-0.008922290139915759
0.049603371778139844
-0.00560623963233069
-0.011291052885595614
0.02064053363969002
0.002826806622587389
0.0549053225487058
0.04941471731237925
-0.0003544890943909494
0.006600058454332014
0.04459324447870344
0.02316749378534095
0.046173224658815085
0.02215839292183588
-0.03952031691250498
0.05558930208207313
0.07543968841108332
-0.013789824724710553
0.037755411611731036
0.01479265490437704
-0.05854212844629369
0.015012697707160858
0.05165504597866634
0.028966648635366077
0.05035995002332833
0.06412550344155736
0.016203696680176585
0.0598702018615631
0.08844316112190806
-0.005850343594130279
0.08201357649973598
0.05115082637505636
