-0.24068938322790479
-0.2005573628453203
-0.18438044610781215
-0.1483012105739635
-0.024221502468241538
-0.058420471751806674
-0.09881492647963411
-0.12262908356512198
-0.17741432524636033
-0.24804781150465277
-0.26451407072255156
-0.011265936632956587
-0.16955827080931712
-0.11061800237414962
-0.21571843459538462
-0.2196879169683164
-0.14675266995843148
-0.050611943240469866
-0.12739111004326187
0.012799214399714211
-0.043447547478300916
-0.16877984100356985
-0.17978781643653102
-0.09137937475826961
-0.17601126391131988
-0.24511423977931232
-0.23999561476729905
-0.029394747770438837
-0.22406082757884477
-0.0661967440153738
-0.014459105928564713
-0.10089212765446234
-0.06494999205342321
-0.0018067098929543625
-0.1960791222459611
-0.03258175531084162
0.0017665443131530609
-0.15737729168470974
-0.1590111069687693
-0.07570660659203923
-0.1898432200468495
-0.18753415258331668
-0.03780206145296847
-0.1965696288388202
-0.20558635677834458
-0.2150944813008291
-0.1786148735387429
-0.11994530110695382
-0.18037741537294594
-0.07913724105496694
-0.19496863123449443
-0.1590757888646915
-0.06993715653157165
-0.048737791074873776
-0.16260521326398467
-0.052540303897493874
-0.05825857661341331
-0.2126172720862515
-0.14959082224853257
-0.2336542102997448
-0.1356788584665134
-0.12346959740756613
-0.03073403201494043
-0.17105806803963264
-0.11594359496624716
-0.0019014532500079707
-0.1365806730815064
-0.18352505017651144
-0.10346665312432962
-0.06830267657175541
-0.23550691282808178
-0.060444387055277105
-0.030003442051019583
-0.09991851769661053
-0.15366029984484864
-0.15013379306890595
-0.219598823601738
-0.054725534815638244
-0.029189231873480062
-0.18480326723150864
-0.1773323662642613
-0.05896969872496681
-0.23692619886186958
-0.14124966793146645
-0.009863763967299797
-0.10577245019037623
-0.07544541078810489
-0.15395668408657354
-0.22143971419752415
-0.14183839745049226
-0.005272051949452082
-0.1705733739998276
-0.15746154066408655
-0.15786507926776353
-0.02036946306701821
-0.17918313122246576
-0.19908965476270407
-0.2356629003899811
-0.08002575499514024
-0.14374597595239536
-0.09574542948544841
-0.16727744613022064
-0.1181274866539747
-0.0896211692463924
-0.04454391345878714
-0.18994242262138217
-0.06665103842333447
-0.031169770497190004
-0.0742619440934693
-0.06675842705195031
-0.09005528511472821
-0.23018901014695028
-0.10648648173541055
-0.1522992437064866
0.017873086480481925
-0.24756535202135144
-0.039744499293856476
-0.12090082829584509
-0.23592758805683312
-0.2566417512281477
-0.11009346684333704
-0.25038678825182153
-0.09891610693647729
-0.03794988414188301
-0.05019862287464164
-0.11662207976852283
-0.04792614428514024
-0.02172306035162197
-0.25831643071859434
-0.03431159566740377
-0.2360704980438357
-0.259051079419397
-0.04645282119242608
-0.20374201641218292
-0.042420193631941286
-0.10519857780317113
-0.09816034561147963
-0.24581490397772224
-0.031367043593845484
-0.005880694598293909
-0.2773187631919294
-0.20631050332839818
-0.17779328028506347
-0.053006399682886965
-0.17434432801323213
-0.17448129626766612
-0.048383332479747194
-0.15127295098930205
-0.08198982851934272
-0.08443096910060931
-0.09800572016781423
-0.25896764053415
-0.25265815193492075
-0.05695768074805072
-0.06966590142132377
-0.25580040927222164
-0.09454613409724649
-0.15180519033337994
0.009023640289840006
-0.16587000330585738
-0.12130788501724961
-0.21888205925778093
-0.01194145115469795
-0.10256287032541536
-0.04369404746044269
-0.16722078497105256
-0.053474110524497076
-0.06916249993701555
-0.15599668643432374
-0.21720776648599327
-0.21838897954244732
-0.2693883033969036
-0.020272981573626322
-0.09428499107083814
-0.11780218798918077
-0.0013217957052028238
-0.24271279631356057
-0.18590278836520477
-0.09240999375028162
-0.1617674423654405
-0.04487367745795333
-0.13184351907048342
-0.14754344543079329
-0.055329451861888625
-0.07962426102648926
-0.08015832044494273
-0.23983127793180012
-0.15233805776874668
-0.08746210085881989
-0.21762228232978634
-0.07651120130206707
-0.05030946582485484
-0.19390664042480435
-0.2114268048702158
-0.15168423452353957
-0.14792644917037956
-0.07142388385072904
-0.20160262979513635
-0.15768985690295811
-0.06744090859844054
-0.07953227544641985
-0.18743892674306112
-0.036133717299712084
-0.07166225552508498
-0.16214564640935702
-0.02152853672030195
0.012006753415809845
-0.11824907770315887
-0.25028487428274326
-0.006008186619084616
-0.02700202347839722
-0.11781424986525564
-0.008804990153175754
-0.201568311385524
-0.07641569467373086
-0.23891390723974673
-0.22348767821434554
-0.14399060604420777
-0.03955667235743279
-0.12736651060390572
-0.19149977039098678
-0.16868235908672152
-0.18845687244075274
-0.2063492517388492
-0.1463570271363918
-0.1971191436559449
-0.2342029225981643
-0.08088040898687629
-0.18938286967988172
-0.17942955147854467
-0.14419120569824698
-0.15029846136143704
-0.18835882618286656
-0.019684865247768506
-0.025395661451691018
-0.1402989757142558
-0.13000926269615673
-0.14594778639677577
-0.12415481478375306
-0.1768245947478088
-0.1303145341423049
-0.10340948952100207
-0.1350436153005085
-0.24153712631445795
-0.08924858636216279
-0.029327270225910192
-0.11664290993567511
-0.07681565547825056
-0.03773802969930567
-0.2464499028113447
-0.15433189612517298
-0.23976233182352055
-0.18984253192599482
-0.1254111726230934
-0.19035996232444558
-0.2345239911814628
