0.2611268541140992
0.24214107919847927
0.40504235714585923
0.029028942285858474
0.13150593886067044
0.2508514391584231
0.1548902713583103
0.5035749434405581
0.5009378532957023
0.3899307216707935
-0.01455687420512762
0.4475065963621829
0.1503128125059291
0.14053861332367826
0.08696080943844905
0.40298953585001923
0.20601431580572663
0.15625891100995923
0.3318577385364601
0.3533815427378745
0.28904776348324346
0.19055257816997376
0.2594806524786551
0.04992965245476908
0.49313135015199855
0.39069078455570533
0.15747074271793743
0.4988404227023797
0.03848199807957041
0.23489064279654379
0.49704700451042044
0.365826783533443
0.1799966375531431
0.15502970891696422
0.0707967604035954
0.21917023577016068
0.4813456065578079
0.10672800505045184
0.5459351160604359
0.19241486958838547
0.061836823165947616
0.10894967808046332
0.18826400472194804
0.2636833887171751
0.3757460830657532
0.20961722735114863
0.33459153072436687
0.03710968301673909
-0.004684248732349995
0.40866953836194725
0.24437195887618704
0.29296125070311946
0.015716751272353138
0.20364008556929367
0.34786296854487764
0.2534454492528123
0.3247622493688131
0.24090592906318536
0.256765744308109
0.11710720652542717
0.34082555074741355
0.43159334250456427
0.20197575191986591
0.39547398156076946
0.2502264751270124
0.1017024078765153
0.2366334199696642
0.1901456092625869
0.4124422617801509
0.15445540121553333
0.10960960904495103
0.28376014003239
0.1212022701479966
0.324187797998492
0.38872219768777383
0.30069878648890824
0.0020407519395055206
0.10662676538184916
0.03065228519645396
0.04260251586958096
0.30099069886353125
0.09317885454612554
0.02877905906242178
0.11030408018799792
0.5285961980946516
0.30961806774249573
0.04621017245836466
0.44004404586411816
0.12512011164644432
0.442373044573054
0.2445296754163823
0.5152699132334249
0.21915197840526812
0.1468067864983607
0.30939762848145963
-0.0015076631527601234
0.057376711263191854
0.36180928808972546
0.1725066202838552
0.4965247911489249
0.4866096288515924
0.04728452444831634
0.09926801839958856
0.2913409725473846
0.17703056050246427
0.06631742866185292
0.15617237797399855
0.2649015154445419
0.3266792319033993
0.03387179786376357
0.059248433385336585
0.0540468978026804
0.2072018604622937
0.22441153494335003
0.45146589206383003
0.47075346198818224
0.2871934924393296
0.1381385945122797
0.06507910728356751
0.14143713888572648
0.06966945532115881
0.4066493514728003
0.14709258641909292
0.43509443481293597
0.3085756738666172
0.02397844595476918
0.13366811760671732
0.07906103562350172
0.3333594276280155
0.2477306392395973
0.1730952269498005
0.3396339339739993
0.3107221942398904
0.17785699066519597
0.16364885375945998
0.05272857093404306
0.2643528941121533
0.36257652254899575
0.03175116223737738
0.1068841844917777
0.43045947310758953
0.49342516994036195
0.4035104850095251
0.5029270710125886
0.36932409229823293
0.0938531146144932
0.3642313893539109
0.27825224516173774
0.09236719249532675
0.35156864544520683
0.11400817538224223
0.42821257523426876
0.28018995463092394
0.20527414482402337
0.21557969810631938
0.41309220182409767
0.4977227332172753
0.19899959947237625
0.013960557555266366
0.0847202751129988
0.4108929096052365
0.28633145091301665
0.5085905744146599
0.12644297766197157
0.24991070465810847
0.30880638227196544
0.452391543356335
0.29728668285026655
0.0037290978819806055
0.4010214102683049
0.3363040785162624
0.4903627724332447
0.23515454513954667
0.3478752273520816
0.06605101168852989
0.34276279962782713
0.022979758712006394
0.09985288328296604
0.1074969825158103
0.49345731228523343
0.11608051496822148
0.2765289666794854
0.12128297679670655
0.1360897135514991
0.21501359650226368
0.06373364219851833
0.18264218056066245
0.14717578790896235
0.46735589591810767
0.5054039211447111
0.3588427394008727
0.04506356650628711
0.3205623796902094
0.4652820558872763
0.16140998500040463
0.1911027143814126
0.16022997478558462
0.22305848799083997
0.18462840103210734
0.494431614550385
0.1615820041761165
0.07105324072773571
0.18813781827784581
0.44885970900081157
0.19487487540389445
0.06739199697116637
0.12859792363806996
0.016353242313443213
0.033196147014303005
0.3038602411923411
0.12395405788177405
0.20427075388525434
0.18851705618302017
0.4986535610696544
0.4440646953153657
0.3598236809518254
0.2167387833390684
0.004922857337018723
0.5273693792771846
0.013765849332713555
0.26748862825589853
0.35809683865863007
0.12908142640916972
0.4418550777437021
0.33791241826935015
0.42476551380108835
-0.00733464771342813
0.3743336864316418
0.028786383797487318
0.4382910109832917
0.3562877914317946
0.24664531483524518
0.28354871699416795
0.2794192741301789
0.005087128708016815
0.09503559885309748
0.2594488926112198
0.20184144492109668
0.38732103639084636
0.4582919183758437
0.16540741241644508
0.4469704761413295
0.16423100525039772
0.5014805676707517
0.23031077404960296
0.09770580093242408
0.26181912276139463
0.4169299673017527
0.30578297069168575
0.40486630417464875
0.1372364467958476
0.38140838881628003
0.28813296681050704
0.3707362252613625
0.27826375801601977
0.1968267632373551
