0.4009891595782982
0.2904012872000762
0.16522249989941992
0.02519947987064687
0.4120627768904219
0.022422011790943143
0.13234365237419193
0.13537778786007737
0.3097205306551362
0.39576258592691416
-0.008174801384023392
0.08501055959535753
0.09577275056036509
0.17392940650866748
0.07347050919343506
0.12548336494440276
0.28440169624522277
0.26479343940937183
0.15471001932014602
0.12280617349940838
0.014615525193893933
0.1870397443811895
0.23946723746708484
0.14650239719833077
0.27179447301935017
0.4093805830872882
0.3418768619141303
0.3321952745126643
0.11736239686042961
0.25027329609511456
0.31759458346834346
0.0891051752959965
0.18368259727012728
0.32703434857349456
0.06418917064341707
0.3448319752144875
0.4146853851716066
0.2885968332843541
0.010023055904754474
0.11529764626086139
-0.0072933541392051215
0.33174817458078676
0.1428157834090176
0.22547834677393166
0.2074722240928004
0.16396381299596396
0.2152604197667009
0.08896943075018984
0.3556595166263423
0.203027018203351
0.06150426623740474
0.3151157386104429
0.24443328283593224
0.096817457940052
0.08608763211130814
0.2309054711188173
0.08337353080347332
0.06967618670951664
0.3495676543836583
0.3576698136493138
0.4016724267041144
0.20544335032045583
0.3707044668815219
0.20257601704458905
0.3248956915912707
0.11621162016425794
0.06575921827298414
0.2563309439007151
0.10547231225490773
0.291822689532445
0.10028938068843259
0.03105897477088285
0.39020514025125713
0.2005400268443397
0.06501792239446871
0.08077674803552108
0.24110375368781226
0.3341183838389204
0.25670534418353536
0.03819361770351319
0.13230450991195397
0.17403716693605553
0.3029601024302709
0.14762855427634927
0.1581617819189139
0.17130602454419824
0.41952705911918636
0.2929133380653654
0.22774703777900682
0.4325753770588831
0.29068620203179857
0.06536979070202058
0.19618974814943674
0.21629420650535297
0.12227719129725988
0.19441179274257847
-0.0004615900617078953
0.23598013660636352
0.20695682333573573
0.3737282814202632
0.3246298940585902
0.3611531023427634
0.39011868666497257
0.34286345396950585
0.37558456700949355
0.34923680496790516
0.33472255188133815
0.38373174639073254
0.047627878744272836
0.28247303563041287
0.12656796094842776
0.07132043869710113
0.09622068964108078
0.08384665472982748
0.14201089009627413
0.2842877328709942
0.24443601026933817
0.3626781126612823
0.3193738275868474
0.3117385818303603
0.331871984296701
0.22835004788119895
0.020943670889795173
0.3765234633211615
0.16842178249353773
0.29326993609990626
0.2577882002799893
0.3585949122120497
0.29073473912903003
0.2458604579886932
0.41348801247245304
0.2746571165770004
0.32065790779803505
0.15986105583483717
0.03592025172043042
-0.003039858172998646
-0.016506132014327025
0.27236253171243524
0.1948466270311946
0.3439445507049214
0.2628031309625859
0.08992705606743687
0.08171588824409212
0.12822069933318436
0.07200400276900876
0.31475990907927076
0.4175825269174783
0.029455676654457273
0.08549749611394561
0.28508784577665147
0.2575896773310941
0.04490527135252754
0.3787006891212514
0.2507381469164477
0.3418558704248714
-0.002751597710490548
0.1142983466756412
0.06529934579318837
0.21177904067538983
0.039084222701267504
0.15535331988253578
0.2681849566617942
0.14586705622400264
0.03240475114087503
0.12027474382389661
0.34440915724916515
0.1861507404566423
0.3718962845764425
0.3358301363582759
0.41742150662464367
0.3950848443489615
0.2673899965032907
0.24557656505064934
0.3352660116546172
0.11834403792667463
0.3569176057842167
0.2534339702289052
0.16311134072400837
0.23024924738873406
-0.018437904133167357
0.042836225132348055
0.3810239538268496
0.41642049484026267
0.21590225173531924
0.1561630850406943
0.27562048230677233
0.2559319845557977
0.3955835738575233
0.1733948834556617
0.07777594098461862
0.03236395562742678
0.08996815719858742
0.2530897630181275
0.32371671173971994
0.07102856138019464
0.2173448823011948
0.13305601402211376
0.19824309573888527
0.29731775617736045
0.16593525005566429
0.20465274820789453
0.33523464297860595
0.07588741246036707
0.13745029411674978
0.2520857153632555
0.34589534963142554
0.25347513813285644
0.2956373685161269
0.2378192670332133
0.33680299451236834
0.2603705378436338
0.32397036840050625
0.251504462648042
0.35659852236887235
0.1148857089995971
0.2622519562426297
0.147822431161984
0.3323403739461627
0.14087077036241635
0.10191710265845899
0.12300124450855117
0.3581483654306009
0.15615045575744538
0.17212237645773998
0.28213664006252276
0.07231634681366694
0.3814325018846486
0.24918269728215897
0.07179489793619853
0.06441184598264742
0.17541499172247382
0.3646787316032944
0.13010300523732565
0.29348930720219973
0.3673958791778501
0.007261837666967025
0.09018643931746748
0.18623182506455374
0.3533610103482143
0.2687416540703285
0.2322756577772318
0.33783764107599273
0.03937783629968531
0.026244364762995305
0.1494624055562568
0.34923620268436917
0.14180440562415597
0.1390880180565233
0.059666970353121726
0.18050331944340628
0.4015127334295192
0.07261757309023553
0.004539670615623524
0.26398672594072253
0.39238861331945135
0.09458738624800532
