-0.04874954812852891
-0.04172909604185056
-0.051183629189887614
-0.03228987431741813
0.03623275020077418
0.07126597718716675
0.08455589573388204
0.0849138488145394
0.06282209242657952
0.058733211553667466
0.0712727923547981
0.04564266193331409
0.05796176880552856
0.04706212748621687
0.05889504158477532
0.05871913681555539
0.07139012230932573
0.06045349387139766
0.08212836841628957
0.08763288904111569
0.04373976283003231
0.10020658295828105
0.08455450931133665
0.06847577461089746
0.05807452009165319
0.07509603618895408
0.07796789892531047
0.07534774541388917
0.055523028936335206
-0.07141026954886724
-0.0360607829095131
-0.05559013726382717
-0.06765250497086926
-0.07732947376745263
-0.0644128794531999
-0.05837324653067196
-0.03566605649681048
-0.0653636862098207
-0.038417742251320997
-0.048282927856683346
-0.10354759298949387
-0.06737338904381013
-0.0391452542810537
-0.08555930494788454
-0.09126274666420436
-0.06991746888182138
-0.05203734729202431
-0.07586946150324257
-0.045131511152874185
-0.03402429020147396
-0.07982761906909672
-0.0789606693150828
-0.0614427344485647
-0.04414701204791871
0.08527457727723414
0.06297760996125575
0.07633658149554627
0.07396919687400591
0.11054404989025415
0.08573821456778956
0.05159052344383938
0.05242184925550123
0.04488851044197973
0.0881458640809373
0.028776947374071847
0.0699607256357847
0.07683722404966112
0.08624064307135867
0.07006224233714656
0.048391506772293064
0.015501676992143158
0.0280126458716993
0.0800019915172954
0.06592690140123249
0.06124125170593867
0.07032347820624071
0.04028364677087504
0.028706944544046112
0.07556291699237454
-0.07461309037406531
-0.04834050533914435
-0.08807258602258985
-0.047004594361705905
-0.07698628158475704
-0.08760275376028588
-0.0743490267939339
-0.07143871004491516
-0.025285273995009912
-0.07509097308733811
-0.05194063637368035
-0.05466777996182902
-0.04347667432772421
-0.03377806707702354
-0.05620467090114009
-0.06827413169515127
-0.06955183506576386
-0.03563262185689399
-0.07299516901507691
-0.037469758648154605
-0.06065221366669944
-0.09445423573513845
-0.07136351120913456
-0.06137598082994242
-0.05632415352731719
0.03601526518746599
0.07405937496923491
0.07750482473545006
0.041237650602217346
0.05926576287543774
0.07693759589765772
0.07422596807447136
0.06737795178503206
0.05472522809928473
0.045229899264187357
0.04706851560787104
0.07995852282139009
0.052450046158598836
0.05999806940766738
0.05550634954361379
0.07113322490058578
0.07272235126715824
0.0776383771588842
0.06254539964529447
0.07938513814583179
0.06758151734284268
0.063627151538504
0.04254239395564775
0.07169200222145751
0.05253909860443828
-0.02609150868278775
-0.04777056325208773
-0.10854657692433409
-0.06930479544626045
-0.054293300136539435
-0.0367458210919281
-0.042105431607834504
-0.054056313658953026
-0.06209795833066261
-0.07419605025354352
-0.019115558781288705
-0.07172968753718909
-0.050620178009182816
-0.07862921035317258
-0.061419501683776724
-0.06545573698225919
-0.09353185938569306
-0.061363524139397996
-0.07312582626520726
-0.07560396470987574
-0.03522759511301517
-0.08902796377939573
-0.09478158442069966
-0.05140239391828499
-0.06274711666158404
0.01998228993634457
0.059744710366044056
0.050093561979621046
0.07744990668703222
0.09639848747403786
0.06087476061031722
0.09013737615306418
0.04098357229587954
0.07302611463315471
0.04062656135582082
0.09682983623527504
0.030227867910844225
0.040933041448134685
0.08506184430087273
0.04327345112947632
0.07489098909199453
0.048702630758882426
0.05807959024963696
0.05822852745614005
0.04741741864054208
0.08120437794551148
0.05020871598844523
0.06624657294604286
0.05427571999860594
0.09046141811355758
-0.047186572676970996
-0.07990847649267009
-0.042844278252060095
-0.08775040864029414
-0.05656103649515253
-0.10269117499861578
-0.10815456553055786
-0.07508189107274603
-0.06924391256267345
-0.06656857270123069
-0.06283559743280849
-0.057454002132105005
-0.07135881151186936
-0.05650110432111259
-0.031151697940306443
-0.06486498562812168
-0.05816348749118175
-0.04155176529746389
-0.029743708772605952
-0.05956619028328192
-0.04928119197936527
-0.05988837768255526
-0.02819966447462202
-0.07301605275324034
-0.07174592408167571
0.030973918323497426
0.04933347610284033
0.09554988322750921
0.05799344778397439
0.08628816301048058
0.05679985075246931
0.07285386225721387
0.08388850963475016
0.05441095430910313
0.0880589043654914
0.07738637353383393
0.0840870537322301
0.07404770670604052
0.08079880298454342
0.0541019767896541
0.06833625772910441
0.08042196156246256
0.10038579369571471
0.05577150949637268
0.0757504965433142
0.06779927502231832
0.06611973105671345
0.0665245512051092
0.02400920275815413
0.08008514856104798
-0.07739221066832
-0.02845815695841475
-0.05607271280089237
-0.05966878929307938
-0.05485142186582251
-0.0668420417383568
-0.025319159146297877
-0.0486735911028382
-0.06099210569617254
-0.08952536833061374
-0.06772853817607186
-0.038410066167085546
-0.06392710762517304
-0.03883992777005453
-0.03762798399576993
-0.05848924057033065
-0.04079594966882241
-0.04965466654123134
-0.05195973401469994
-0.09009612554146382
-0.07117537089814797
-0.022538987705018172
-0.06273851692679011
-0.06820808772011384
-0.06345034997404846
0.07945080466464993
0.06498304966673678
