-0.5887469103164629
-0.7119717515400105
-0.7821547270822153
-0.848047623354903
-0.9187018629730811
-0.9360568214533622
-0.9753018278965874
-0.9941233994673951
-0.9976741547742376
-0.9361151188674687
-0.9084213900707121
-0.8881388609070779
-0.7856408827971697
-0.7191286895231096
-0.6575903269898379
-0.5226404449184554
-0.41199641972382145
-0.2875060528477561
-0.19834087270317655
-0.08770149403359055
0.02967064634787772
0.17087000976148228
0.2492942610613418
0.4014867328221493
0.5124368622593949
0.6180003271744726
0.7363913010364871
0.782725109217145
0.8645368518854009
0.9038723621861109
0.9652724394868865
0.9705895549669581
0.989019387062069
0.9681383743718127
0.9605731451221483
0.9103458803331587
0.8980554685021215
0.8198909441827762
0.7583157878069575
0.6494155747044518
0.5587401129792905
0.420236642199035
0.31979253861811924
0.18761910471954799
0.06991537087062506
-0.047938778778178356
-0.1729710467782564
-0.3092577158106949
-0.3842407450373977
-0.47744263382070123
-0.5873913165674173
-0.7436669793972605
-0.7778266118310713
-0.8665446660452617
-0.9277918873525343
-0.9796089667536368
-0.9854911427268435
-1.0010823700673375
-0.958968059450494
-0.95411100855077
-0.9076336973231982
-0.8937647326720342
-0.8245004076219076
-0.7072957304270396
-0.6911634878511738
-0.5071403553411827
-0.43715286695411437
-0.3279513068051531
-0.19225352113099622
-0.10606779154915347
0.004276861641241768
0.18672265819879041
0.2997852320620035
0.39762532313742865
0.5118824805731197
0.5941951622299957
0.6983361692108736
0.7346227185963174
0.8081747530596128
0.8830228939408091
0.9467889794018821
0.944454945630555
1.0046982704351983
0.9584912241889808
0.9280289006052771
0.9284983720289673
0.8658949077290032
0.8237287929226266
0.7314042494616595
0.6086281761725932
0.5485738049221095
0.45843609621527925
0.3262740438951064
0.20643290384945948
0.08781272433522391
-0.05309888848970481
-0.12400829278464345
-0.25108054181257494
-0.43247479557414853
-0.4653451551630995
-0.5796466703507407
-0.7218256737562218
-0.7975578965839792
-0.8385703563646002
-0.8997894342209011
-0.9580822423109902
-0.9871706963626407
-0.9695173689834008
-1.0017961820198928
-0.9699338824793868
-0.9674142427762707
-0.8756601364779577
-0.7762426309771838
-0.7102684168151812
-0.6709069208051435
-0.5597577034787953
-0.47053037519274893
-0.37373561423499196
-0.23858418488523295
-0.08976198011563441
0.05943483887857212
0.1531450295493137
0.2844008186006158
0.3768231755196578
0.5136712269867874
0.6233895937195061
0.7173464203114857
0.7649990722936297
0.8469702991146163
0.92816177589069
0.9461517874785754
0.9959090544266851
1.00409132048783
0.9867979864025279
0.9490274539571998
0.9530864644012621
0.8703955043949614
0.8103759680235245
0.7582666543930819
0.6718208702305605
0.5468557259631367
0.4518645844524492
0.3323306454972075
0.23368617397257044
0.10086222491625776
-0.029869548099038377
-0.13605369226948727
-0.2672942567998261
-0.3466740097475303
-0.5154597133496382
-0.5601127661031556
-0.6788183335139555
-0.7464180218506715
-0.8428356907522241
-0.9064039482906611
-0.9241738223572644
-0.9710046628191981
-0.9634234454088271
-0.9692277366237761
-0.9325579615360156
-0.903821065454558
-0.8549413891841053
-0.8238738519897036
-0.7446549249353267
-0.6518743381984778
-0.5448551413649732
-0.45732387710322064
-0.3426762360985306
-0.21281520978753304
-0.09411525592510292
0.024076022970834873
0.11438137649333711
0.2786438022769769
0.35708949272041995
0.4795020384792577
0.5707281649871087
0.7062254264358915
0.7699019567972882
0.8279760451598467
0.8855027702262642
0.9415360912017127
0.9577804549571847
1.0116722823562048
0.9677854835877265
0.9929323165143177
0.9612767272663447
0.8865666716648162
0.793436940244425
0.7441057035785165
0.7078311760588983
0.576735299808659
0.46294995943761574
0.39793242555205244
0.24631727659046254
0.12695722816361676
-0.027953239363560853
-0.13335804822497438
-0.234785806715272
-0.39321312164614564
-0.49161431174601855
-0.5450232762121163
-0.6369309229375216
-0.7347972169349142
-0.8380314860879481
-0.8816069778361282
-0.8982982065811974
-0.9702995412187913
-0.9662603726064385
-1.005079198770673
-0.9659476080901586
-0.9164433598103056
-0.8910443130530726
-0.8125862867026408
-0.7686943520485642
-0.6756499914088605
-0.5829934443686117
-0.48042604106778214
-0.34906599599670973
-0.2650375159477321
-0.08460304352186915
-0.0010175197875517494
0.12973477132794148
0.21642403467627278
0.3858455713049265
0.45310144387290335
0.5767587230361086
0.6203614991385457
0.7646449420868121
0.8168793209843229
0.8824225775804992
0.9415420364758776
1.0171526043104524
0.9630123578439399
0.9824955043735055
0.9591437511052789
0.9530109783106806
0.9212967251080248
0.8312507997303201
0.7755405115074249
0.6835179530219193
0.59374085206208
0.4713855982985935
0.3565382209079871
0.2636239087032851
0.15151240316063497
0.022479969803932208
-0.12508760770578403
-0.2585615464824714
-0.37237962461344426
-0.4674915173349056
-0.5762701040026722
-0.6217647686499118
-0.7335269378898454
-0.8361778127391244
-0.8816244288755622
-0.9166380827078465
