0.12551040165262847
0.44724744056523913
0.31401174088184647
0.22462469064947418
0.17550443491247658
0.27777601252493805
0.5369734936748097
0.040406790355740324
0.2945208911739316
0.42514191379361865
0.16157821927448154
0.07137959630365136
0.035681292202285775
0.18441097500564807
0.1662996782820971
0.4261795560637852
0.44336621248190433
0.046051433184083855
0.32148902048557837
0.1935273357038917
0.2034408054134724
0.29873196136814
0.3581066623487959
0.1482591618175486
0.024422827992023978
0.25013929976269456
0.035341719913925915
0.5191981247825344
0.340717812600778
0.5526230941511221
0.05716056080396198
0.5299073129345385
0.4326323476542772
0.422242180686881
0.14905654621233702
0.39986042289457807
0.2034754943639042
0.37804997969732446
0.30324569445595745
0.5299333157588213
0.3743393155913839
0.10822307598020145
0.43481152318838984
0.06727924700353194
0.2644584884925944
0.3512804765201563
0.15488480956692025
0.10681153718127001
0.1831780781901009
0.43918522698876683
0.36523584318210595
0.04000205845485244
0.349550592738367
0.07784164612225858
0.18311615038813883
0.560949960101435
0.020727789172793602
0.459101940979572
0.4862396280275323
0.4789386620624804
0.18498402848118364
0.37432529309175105
0.11568364788698221
0.3814689771626686
0.1830230318760771
0.11354061067505458
0.3667706317845147
0.38679375349756356
0.35721111608552253
0.26811907588453193
0.25045868091205187
0.17519724916546428
0.25649356170683274
0.2768407042633589
0.4109173046138273
0.5078039279455068
0.3832985264023647
0.39976219456539847
0.12172578763225629
0.25488256799417447
0.30015125601638476
0.4924787214439087
0.34494114254710656
0.5184745705417728
0.45823560845779915
0.08829644339602818
0.2264720758717773
0.08489865710288094
0.3113364640607861
0.46043897794642324
0.2770470908536487
0.46953572374757724
0.11638170301260549
0.3148831065760874
0.05767990260561172
0.36803746806971777
0.08617733552339565
0.10868237085320782
0.16721785579210324
0.26254693355728564
0.07288970998596894
0.0326974246328165
0.4704118374462637
0.30417959661327065
0.2617001242833688
0.24518000154534134
0.1440053013664973
0.36625350240250487
0.48965437404326245
0.30903376674939764
0.16252382160313986
0.0487964539872647
0.3891560643497948
0.19111487752369916
0.013727619759779241
0.4811690367611175
0.4583314691971255
0.015359658815839677
0.19517033602859557
0.17896119074738753
0.08111010910176479
0.011209473861368615
0.4375129691484541
0.061138190655090595
0.08254537978724648
0.08389305258876313
0.2686576221352972
0.24635719615789825
0.4675347236036638
0.2753729177896398
0.3355212699969652
0.4623662024918547
0.5347783695755128
0.2632250642843611
0.2163295078847086
0.02959747543001848
0.3110107122418278
0.4211269849878001
0.5030575795814811
0.1366995945868586
0.18552573891851712
0.20828591685524447
0.49826403552673315
0.39535060933057453
0.30775369744122194
0.528521345400036
0.5191609987664129
0.34265822436039484
0.273540910414987
0.34896262321264626
0.32185730048730676
-0.02550342728997357
0.39819450462670086
0.09356219010417076
0.3814871700702603
0.0575950940420908
0.4419953714205402
0.11677255934926768
0.08849766605352978
0.22788807637155847
0.1786705508139255
0.4928088145288313
0.11333601470627509
0.16318427142689257
0.3889835558764872
0.136151216391439
0.0389520574666692
0.48612954005499426
0.521098751258175
0.16780993163056532
0.46254265842387865
0.0697739827042257
0.12032412635881055
0.22702066643790927
0.3871134488072162
0.1667926605673665
0.3159382427831569
0.4537548109345589
0.07144790707858419
0.37270568728583325
0.024013873923050322
0.24544966292635786
0.10943216378371347
0.09525892648470025
0.38957325492085115
0.5077116146371192
0.048733983487795736
0.3783283018651679
0.3890228409967713
0.0949031828594628
0.018284527973736843
0.018874560827795046
0.06193495348233541
0.14039623913887866
0.15307892536694673
0.3237979682094184
0.4432024378764573
0.3004172681550378
0.26618271702441765
0.09030730889527569
0.31081010156922945
0.5194445442342631
0.09827468215900387
0.0010679131792692975
0.2334344194199804
0.2616247561733146
0.225335285044714
0.31720097813535564
0.2773865788076134
0.16910137314042395
0.2786159843404127
0.36242077421006563
0.3584531035771582
0.2258936426882632
0.05041006173622495
0.4747428165931245
0.5186688199038609
0.5061175155061686
0.5014878513091606
0.22008458954499494
0.10561436425914156
0.2753034443396898
0.5448333226861447
0.35801616653965623
0.3123844526085442
0.25732444566732554
0.1892263826726882
0.27746649766937537
0.45707877682833
0.11337802720924924
0.15359075533632432
0.175849322846213
0.22134902511622703
0.4415965383099828
0.49606709048947656
0.08755831515234676
0.03548127058477489
0.01972482806351342
0.40993361218664276
0.12888536952381502
0.5203468560710368
0.14039769550076864
0.2392933133664236
0.05193375707038355
0.426403626908915
0.13411874352614742
0.5090602900208706
0.11769885079288403
0.49715574475925106
0.5109611468225026
0.533115317536008
0.5539013525108593
0.1676050028097135
0.5255174325854599
0.10793950588328959
0.004648259613024879
