0.13187887045807192
0.19700973805891897
0.1313589525272872
0.12700192788829961
0.11917070808144242
0.08895271325018415
0.13725093536582553
0.09099641185372166
0.0852510715314268
0.10932679675492327
0.07251259168044263
0.06263198994076251
0.03718234878342612
0.0504214959136251
0.017669180228249304
0.043050333993132725
0.042105952728598045
0.017672307716139323
-0.021265651524836813
0.03178014993369328
-0.023776692973103038
-0.03185821119574271
-0.04337149047703258
-0.03640113826508848
0.002392263554300701
-0.03325835340620989
-0.032902692870390465
-0.04901732478597981
-0.047788267324579276
-0.0894285128475986
-0.08215350365039485
-0.10376807239593967
-0.10776548381175
-0.11457002505968775
-0.08767412692390106
-0.16948660709464225
-0.1291843908743905
-0.18025388112410806
-0.1313830528026264
-0.15409829118480653
-0.11531101016321035
-0.20812910066452459
-0.19128838545015844
-0.2023844611338312
0.22113812320947462
0.19537318934175166
0.17168774920161037
0.19480667415321348
0.180883266289933
0.18237169166612782
0.1650617025746664
0.151815826864768
0.1213054437967897
0.09998943562199171
0.10430901791743871
0.1159785245171426
0.1093576994142685
0.11682196339528572
0.10183994999618803
0.08641002751375977
0.07388977568258209
0.08430412912097157
0.04532076357425339
0.058039574871370986
0.04145748695379735
0.05186401870510833
0.020619051575622997
0.019196397065266928
-0.015681941825013566
0.018711987665974997
-0.009978862332566342
-0.04978351279771087
-0.0029176603119051257
-0.038199961377716564
-0.05750834908759821
-0.07205600206918251
-0.07640624709178434
-0.0649969945645158
-0.05848585182021955
-0.09241237691121511
-0.07402069503443927
-0.09978461421232236
-0.08022327453526676
-0.10571622388094382
-0.11544630478852246
-0.10127213469952298
-0.1310473221817665
-0.127700853746105
-0.15121338364664946
-0.1367859936228333
-0.163930154176181
-0.20100607992839897
-0.19966609991214732
-0.18508609333537346
0.18293780130646553
0.218544087698529
0.17249286915698192
0.17891761023312938
0.20307443791902371
0.1437089168697472
0.15272107227834555
0.15945810074059028
0.14470494426844466
0.1228948121064847
0.10775779290226128
0.1042651600171213
0.1390517433458468
0.1163398639892499
0.09279610882062991
0.07299323004068012
0.0582708708995167
0.07625333644063165
0.07453214370433235
0.05729149204298234
0.048611890362804444
0.043931223788800176
0.006169560605349372
0.012994124228966602
0.015799468184612187
-0.025237587250830574
-0.024970081639045457
-0.021914060332512503
-0.050868011809782746
-0.015021847232408046
-0.03526426946032506
-0.06191728357121145
-0.049280834609611836
-0.05802811773586211
-0.10332545434978037
-0.08620407876359222
-0.074823719389951
-0.12099353858587115
-0.08945883011454751
-0.14359726843265466
-0.10593604947455801
-0.15250645070679944
-0.1473722894905593
-0.1679141084839585
-0.12972626856035838
-0.14974229110131299
-0.1688654661983461
-0.16406320236599836
-0.1678169801381678
-0.17869047230206317
0.2206159296655454
0.19862900041326997
0.18314957624623032
0.18232685617496416
0.1036153353900659
0.1483874425239091
0.09561704919760236
0.13264605217514247
0.13309164704083276
0.08795828489692789
0.1464186836161715
0.08530607079952389
0.11771841641684438
0.10998877380429685
0.08130767652545597
0.050036110384002436
0.08554310295150205
0.060600964068217605
0.10033318030381584
0.040158944959454865
0.04192803015811904
0.05008348674771816
0.021783799868819776
0.024752168679389376
0.0013413212608633304
-0.013487044742602263
0.01799613399967007
-0.0371183091599194
-0.05491975870964039
-0.00773764630680732
-0.054180423069647585
-0.04311071707185945
-0.0272062338184009
-0.0636718814403784
-0.04281294625364029
-0.08473412779515803
-0.10000150462935604
-0.11461785242888572
-0.12954542297766913
-0.13405872761452872
-0.13940584891904806
-0.13102600502478792
-0.13383976058418898
-0.11512511783081544
-0.13141850457561724
-0.18361606536365085
-0.16009169385341715
-0.17717334817553262
-0.20424861122743276
-0.181127068959338
-0.2009868677241801
0.2243688019936285
0.19581377324054625
0.17857072692529447
0.16967616191841214
0.18500624978274247
0.16284603051428426
0.13827158962876218
0.15094003255034116
0.11649029349919594
0.08930440445683555
0.15286724629490894
0.13326268243194783
0.10095686304061127
0.1134494559190973
0.09060147729920424
0.09788504765030696
0.05886240397569217
0.04359403117204761
0.0201604139862849
0.04032100033814512
0.05491805903153095
0.005781698681752528
-0.002261941010969347
0.01656232552546153
0.013701046093000472
-0.011501317819225747
-0.010039282472608605
-0.016489606640907845
-0.035600038034102194
-0.04892885144036395
-0.07006298983126924
0.0034052584332621982
-0.04058489099514831
-0.0665844027331943
-0.06932483093816302
-0.1029895897531693
-0.09933614104274022
-0.11783366242854734
-0.12383577689806428
-0.14266995736024873
-0.11392401632157403
-0.1406969126228124
-0.16904548613461576
-0.13340762401672968
-0.20667740810723495
-0.1697230928142757
-0.18741364008972752
-0.18030098690164245
-0.23256451207754458
-0.1978310083789085
0.19044500970284176
0.1931802032277624
0.19036132238394984
0.1712448637405916
0.16697120745722308
0.1649291621688936
0.16205708785321854
0.15453085835439387
0.11560954880795889
0.1284349121712096
0.14286848507521002
