0.20727654937676607
0.26556855162898774
0.3638339612249539
0.4379919320769502
0.4772108696962331
0.5042447496207153
0.5114402079553184
0.5235197717016977
0.4884203598130868
0.4264114988449319
0.38594215915603847
0.3593505636001069
0.20891449418597924
0.1493223470986286
0.04168656333564853
-0.06403365204716063
-0.15005941655297483
-0.22165727540145638
-0.3222762748302177
-0.3914300339685426
-0.42512887372773495
-0.47763924690324183
-0.5412275605429224
-0.5303094374619194
-0.5102896782849399
-0.44157843899910987
-0.42443173658112004
-0.4095813309849002
-0.3070662448427597
-0.20735254184534072
-0.12733820954595348
-0.011203631802502625
0.11576945405236282
0.19448963991678006
0.2766837721584076
0.36373733477099934
0.40360908406656243
0.42354010617931104
0.47327449163745683
0.5100514371692155
0.49690752455956344
0.539186719751964
0.47060459719749936
0.4324196778155686
0.3302166026693081
0.2618656090763003
0.15166336060782495
0.07040426222594404
-0.007240452486723124
-0.0663307383171057
-0.19955674048037622
-0.3034754887401939
-0.382108106161812
-0.4578465966939469
-0.5003797848363041
-0.5173716272743553
-0.510824569830376
-0.5414230379413956
-0.5241798748453452
-0.45519135497212143
-0.4120889302769398
-0.32938709022557167
-0.218794714718024
-0.16067779823829317
-0.07564539073349148
0.0362339924920162
0.14076196002354074
0.2179570957665122
0.3367590527593619
0.38264454070584936
0.4556301643250146
0.4720798573496109
0.5030310195817278
0.5203421803687112
0.510406398209444
0.48110092974455054
0.45090123561562684
0.36075923419187794
0.32010256295564415
0.21846773094837868
0.14872955133673066
0.07625094466355206
-0.04617007570165639
-0.15018714926810328
-0.256174220142771
-0.345969806440142
-0.3983241360077209
-0.45956236544732365
-0.48925303881179555
-0.5300767634585389
-0.5286833469172352
-0.5042998624988393
-0.476167205814139
-0.4426412421702821
-0.36752857343471096
-0.30529745229467004
-0.167757342007485
-0.09072810244616465
-0.04099572926638227
0.08630933750721029
0.20107151486133915
0.2805109259662264
0.3633229145543395
0.4074250326567328
0.4834613954394103
0.5184611561061222
0.5013111464685054
0.5143741926387723
0.5421698011562083
0.48382274341622694
0.3944170880680948
0.3544088342987429
0.24803000791349392
0.18072420180447105
0.03804169038621963
-0.009604422248821257
-0.09868716415440362
-0.20296164591698437
-0.29413113213051556
-0.3520344706065556
-0.4394004985450845
-0.46764395710426215
-0.48858082137464265
-0.5344843725310476
-0.5376302839608447
-0.4734020261682499
-0.46783131511775455
-0.36862539623659357
-0.33384406412892165
-0.26838548325489764
-0.1350024720203286
-0.07060630300258064
0.05178859408382849
0.16234556452384075
0.27673976281233
0.32095156366985195
0.3944443311867999
0.4500262205022755
0.4815942689040378
0.5174840638044109
0.5119996432675119
0.4623664251212173
0.4699478558247689
0.4612384433731682
0.34632979887475546
0.2939075342582149
0.22919164214457574
0.11270015847616302
0.03793997166685288
-0.08184772734327972
-0.1999597446848742
-0.25484014487658213
-0.3250005613488129
-0.42312298867555354
-0.46399405674445976
-0.5277292187394604
-0.5175498018962386
-0.5188783173472279
-0.5031022060116966
-0.47882604218092945
-0.41680219593324686
-0.3274662570694268
-0.27947359041793235
-0.17913489714204817
-0.0695376475322164
-0.00922299259417239
0.08358467852666114
0.18911957957465447
0.2786858555670447
0.3675479621419668
0.416490210236212
0.4456211946771789
0.5138460890951457
0.5373689412856855
0.5231636177903801
0.48005108261628293
0.4696834334559346
0.4143596109644217
0.323980526099988
0.26088174144102505
0.17790813038883843
0.07666963404180094
-0.05734880651473617
-0.12633360565202517
-0.2171783866732779
-0.2724017158744768
-0.3805449493951731
-0.43918872020220356
-0.4948045276896349
-0.5181526261032212
-0.5543645622205916
-0.5009159766142984
-0.5079614389887731
-0.4169502085738976
-0.3546136232888493
-0.29720035350370044
-0.27225641352244456
-0.14501923870391767
-0.06214234752306873
0.0494758504981007
0.14934252647871732
0.2546073528759031
0.33057494300693624
0.3841375914025303
0.4485927584891541
0.484650516626262
0.5226676851295582
0.5476376778284475
0.4970734127170872
0.4800352618651661
0.41217283173151054
0.3844723021454259
0.28790990402804734
0.19070542269553947
0.14136246249392867
0.030474174248547425
-0.09589457343115276
-0.16785430653533484
-0.26507283074375515
-0.316176301609571
-0.38330240990652764
-0.45290652274691445
-0.496185498218334
-0.5586960106441347
-0.5135837006970614
-0.5025519614326842
-0.47499782782599154
-0.4217062182845654
-0.3477093321516007
-0.30417865677500233
-0.17787900958550684
-0.10390331968296788
0.016021742911237164
0.10362019008401027
0.21144487241373378
0.2683002027813837
0.3719190793168603
0.4220297363713019
0.43839813281787915
0.5178496428313332
0.4660179315642099
0.5282630347588952
0.5002352581474097
0.4282327054847901
0.3893450624743073
0.3127041416959549
0.2498230545384451
0.13360817133790695
0.051272026354116595
-0.034130574829516105
-0.14695892896179333
-0.2449850974181928
-0.26402690464103257
-0.4295486623672422
-0.400762260546427
-0.516254867960046
