-0.39575933490677695
-0.4457676349867015
-0.4563482642640036
-0.47431895698566867
-0.46025757198136985
-0.5528975653775768
-0.5302751851838341
-0.5258182532481318
-0.6042847332341701
-0.6120388222012823
-0.6148478973567794
-0.6660159732940496
-0.6621025985435893
0.7164391039906162
0.7003970639953109
0.6527995633574453
0.607819570798672
0.618862287420281
0.5959376008512118
0.5696641943995499
0.5462810163456608
0.5345810061673183
0.4892381293171799
0.49562865532326383
0.4324730463131095
0.45768433854027835
0.4337127289323328
0.3792639690049522
0.35858145136614
0.36764899361335
0.3251944812823529
0.32550541188578813
0.29045605042634065
0.29515264177904305
0.26130811201873044
0.28494420480447386
0.20998547885859148
0.1720505631457526
0.16940415922032115
0.138440202817789
0.08778472716140642
0.11343948201803164
0.06254878945497541
0.05336395398519468
0.05199433047964284
0.03852666425104174
0.02715789045239604
-0.041621072599781817
-0.020295192157574214
-0.059589143881353744
-0.10300473364217481
-0.06613067330937597
-0.08589990686012496
-0.11014828662158485
-0.18682254318460614
-0.1871788571407321
-0.19913566476789846
-0.22514160679298026
-0.22994955907064052
-0.25208017557585066
-0.3114580862380605
-0.2841738413600702
-0.3465261989095934
-0.31209007358311736
-0.38120265331988334
-0.41085860614816394
-0.4010623152906203
-0.4496694743004276
-0.4723916807284925
-0.4333766440822255
-0.513438831841528
-0.4853168640486582
-0.5341411864227695
-0.5191681240498034
-0.5668762443605014
-0.562893160319176
-0.6153907268354553
-0.6293898222830847
-0.6408803578450077
-0.66524708216316
0.7390845876821054
0.6101789671776311
0.6694785114988079
0.626957275462612
0.6017164088685928
0.5540960950293967
0.5514240254077009
0.542882874599205
0.5266341480279266
0.4993119211999268
0.47885655526924675
0.4764026268946377
0.4242353778171611
0.4037556001213833
0.4074584081750282
0.36217100573011113
0.3359257125413405
0.3605713683455976
0.3049326370962479
0.3160118555303324
0.24911446943898352
0.27834109515914135
0.22226603044262233
0.22982041394045788
0.20345039059905473
0.18312403742160538
0.17278214153080054
0.1362914225025111
0.11891589876586624
0.09073266198139118
0.05759352920461561
0.07739729652421096
0.02501788885747996
-0.026216438157506156
-0.030973165124710583
-0.03116654891460573
-0.07231091940894498
-0.10559680170381687
-0.08466182081290277
-0.1296411696584311
-0.14595418318196257
-0.13200980806444224
-0.17063035950133457
-0.17384915541032292
-0.20821776997614463
-0.24252704144890044
-0.26104919397401694
-0.30122531660579754
-0.28315431744744535
-0.3116168834018215
-0.37601372934746913
-0.3988751020922357
-0.3908898877418619
-0.3882100550189192
-0.44899089776094836
-0.4586209424595397
-0.47607722148460124
-0.4559354291511875
-0.533021338181071
-0.5267875503427462
-0.5867096381826586
-0.5823304177256472
-0.6225700255551236
-0.6027598039682434
-0.6509265683562547
-0.6393623327887481
-0.7020863781017582
0.6646301771257698
0.6723570266140154
0.6629647519987939
0.616498300820978
0.6130877627118825
0.5690594673996281
0.5646051085568945
0.5208123669521466
0.5575916258206854
0.5092734627915945
0.48342949709864497
0.4592161509640458
0.43147333130597193
0.3923767087449192
0.36586647331961286
0.3782693600897098
0.3158733882469873
0.306126904175124
0.3082141664387387
0.2662518134551095
0.2915804613809754
0.27144920387732285
0.2226522762193252
0.2010474483721944
0.19838551248045952
0.17772988025309008
0.14706280718274672
0.139736192121231
0.0857970268828597
0.08028467204338727
0.04381061174982352
0.05865507040647651
0.020247286701276904
0.019434217434298486
-0.040130840992497016
-0.06094678071187702
-0.034108009193788064
-0.1228406953683415
-0.11188569476367868
-0.12863708947184904
-0.1592862391356251
-0.1537959939178238
-0.19057019810424067
-0.18879034884549348
-0.24704911023207027
-0.2528630204853713
-0.26780952301411715
-0.26821035009753946
-0.32732760193849675
-0.3213735909084855
-0.37272955809509223
-0.3664218753853364
-0.37816314501929904
-0.4187678019471152
-0.42556379517883924
-0.43411468141942217
-0.45739712877230193
-0.4752861725023301
-0.5392514275714856
-0.5464893736895089
-0.5764394252083306
-0.57683473725762
-0.6066519087358578
-0.6179953315914891
-0.6252169380771214
-0.6598142020661916
-0.6576208738923375
0.6478559791184638
0.6527133032827379
0.6566336895195817
0.6210544290082206
0.6226699263957121
0.6100260742488206
0.5681926672375524
0.5463852543415397
0.5151838165791509
0.47524922024070243
0.46892550105000763
0.4136605272339214
0.42303312825904227
0.4064062506271228
0.4020336553971314
0.32665050725876377
0.4048240890181406
0.31723380043957616
0.2978743440226497
0.2774395283284453
0.28379550634622946
0.2635975780659048
0.2398747507188116
0.18754331094883342
0.18552118106958038
0.16329660819675104
0.13647143615561272
0.15361104518833554
0.10866024106165845
0.07963848200014316
0.06878567213495695
0.04482146527267435
0.03300973120757339
-0.0060686751283666966
-0.04098969401685586
-0.037000449720376465
-0.0685781188145991
-0.056452192357847174
-0.10834098232421466
-0.0846120009078285
-0.11399314752346554
-0.16559835045929527
