0.10628259834755968
0.07371534103605129
0.05354093801982618
-0.017471835554979324
-0.06125023987903095
-0.11660392410604847
-0.18397201514459038
-0.1768655313095859
-0.22211300923275612
-0.2773146260270085
-0.25890128713098626
-0.3363609081062363
-0.3467816113958535
-0.49085558112338046
-0.4786779354328553
-0.551674223428476
0.506974843279705
0.4522336211769694
0.3887231749190004
0.35900101022868064
0.3442912997735378
0.2668436719908197
0.2509039437641474
0.19931578365609742
0.11944632662745651
0.12130701523423214
0.09689845037125691
0.044371988091650535
-0.04154377015194119
-0.045848227284386346
-0.08517202408200386
-0.16036373141139998
-0.2067170438434353
-0.21417513698576746
-0.2565241320592257
-0.276273258444416
-0.3360066958444893
-0.3967222106004966
-0.4295161405499381
-0.49575485072167547
-0.4953377832054819
0.4737682603842586
0.4720897952094237
0.401136762314788
0.36285013973000707
0.31981021983103725
0.2672150366861356
0.22690508654368316
0.15964296546372975
0.15337882778526687
0.1269658808593383
0.056757289038289804
0.024040630550168498
-0.008307452883401914
-0.0532750887973078
-0.12382439644712083
-0.13056643908580395
-0.1662678967369643
-0.2330604551242056
-0.25186382068274027
-0.3302597110759549
-0.3639214574953026
-0.42114625084627894
-0.434613873360626
-0.5088264865135098
-0.5323228559363661
0.47922000468551645
0.4675683909552625
0.4449983962969749
0.34593470882814487
0.3264505240831436
0.32364976208412166
0.23085839765882582
0.22227721873958975
0.13998020043929604
0.1119857637786009
0.04492555039908295
0.01745715143942338
-0.010131164091001656
-0.04706215529914398
-0.10786248244473985
-0.12302066438320466
-0.15241643498687987
-0.21532659654628905
-0.2812058053163193
-0.28036698699296114
-0.36715920958937853
-0.3817785616154848
-0.42372058109081134
-0.4783036409191263
-0.538864895427544
0.4992680382339632
0.4762164078958464
0.40257239192561356
0.37562308441306613
0.3493522724208985
0.2676579940302126
0.2814089279111603
0.21213429428303104
0.15743546507127784
0.11770612607498192
0.08922585390632663
0.0457849167443575
-0.005768557194991477
-0.06655767454764436
-0.1116482173741288
-0.15030605461912236
-0.17667057297513425
-0.22605746142262273
-0.3041980562342425
-0.25836154183214466
-0.41543684475769765
-0.3996018706855834
-0.4658869881239984
-0.4568143182400922
-0.5495048304965522
0.4955476503405239
0.48436948132667024
0.4300765809719521
0.35877467107377037
0.38109808065446915
0.3240275545293722
0.2758778847559536
0.2262365430630535
0.21645653686390962
0.12686899981959127
0.10729591591562501
0.03739437272278844
0.016403219454596673
-0.0967778949391837
-0.09393743395304394
-0.13845931934903408
-0.19949345784130768
-0.2251379337715146
-0.24375616464318395
-0.31627466078473065
-0.3230217118328615
-0.3633637645883087
-0.4429159828302056
-0.5075158404565272
-0.5105963232108897
0.5080366071155495
0.49326013235005484
0.39370994202162685
0.38072264905891434
0.33586978419623453
0.277186611076531
0.2526276707672554
0.2149448984464823
0.14330155746009424
0.13886662066982425
0.11721659341552254
0.018574979323582458
-0.0003014186076767925
-0.018953301024723607
-0.1315254861267185
-0.1157718919224687
-0.14341100836026086
-0.20350732816439826
-0.25660330450067165
-0.27610457839260405
-0.34839317319770835
-0.3988043122327096
-0.39161694377401274
-0.45707086604003266
-0.5117368626730441
0.5041909767887669
0.4932058675845692
0.42912060140803154
0.3930793481729462
0.2902485065964103
0.2739556592002818
0.26403751649833535
0.1745653967220672
0.17714650648845867
0.15283615907217976
0.07376955026043501
0.06450558909108113
0.027563608813598695
-0.035650608287115776
-0.09128223319175537
-0.1097541526757788
-0.16227231682205165
-0.20341045437040867
-0.2694250143291031
-0.3136951524149832
-0.3303127803701126
-0.3880663293532055
-0.431109282907542
-0.4450968261288002
-0.5127073206178475
0.5391935786203899
0.47175048688325333
0.4437262508592257
0.40826805194997223
0.34061728978484507
0.2971050407420077
0.22290066330691538
0.1903903827714373
0.17613887545146115
0.10572045359927591
0.0771463999695358
0.0451557818269698
0.008214530469593369
-0.05741987548341273
-0.07354564186806285
-0.12359351240364559
-0.18651440691162338
-0.18582785226053083
-0.25936012869793634
-0.3114766692556516
-0.35165917100019783
-0.3886017520533108
-0.3875568549509638
-0.45467615109211873
-0.5150807396625158
0.5351909132841418
0.44911051320214973
0.4507686690957567
0.3494461791623918
0.338860257678511
0.31244677497600226
0.2614760798842442
0.21982540017272037
0.16791404961727216
0.1368644007524041
0.10154484004903927
0.07053051709726772
0.008461410719359744
-0.019805696432273853
-0.07941487688368899
-0.14942531255754524
-0.1681522489274709
-0.20734646790001807
-0.2302588540134267
-0.2716294324013709
-0.3313875089300983
-0.4066501951903014
-0.4165014386297123
-0.48436445200968753
-0.5316857292079056
0.5338453478688479
0.4673667603512254
0.4527284771337719
0.4143320070815582
0.3206963887931203
0.31167805826289086
0.28075146224925374
0.199790949401031
0.18892686772618786
0.13559351141326592
0.12503477853868436
0.008538563173758867
-0.008224320322723648
-0.028193807087173502
-0.05161526772227705
