-0.009200817761505498
-0.00916707648544907
0.00985456873080618
0.011023296139159231
-0.029270150049605058
-0.009460449947475202
-0.021048449315410864
-0.02167335119214816
-0.032769550059141034
-0.04401280101548652
-0.05943936461222837
-0.03127022279804715
-0.05946878249179598
-0.041024857018551464
-0.010809400773760781
0.0022979021927343486
-0.004299513184227082
-0.021300029817733553
-0.027374642138654356
-0.034312769897832454
-0.0321758790729025
-0.05129554471348088
-0.005993785632736295
0.03250577569916123
-0.01740655859303772
-0.009009408859233018
-0.03051568477005201
-0.03358027323699447
0.012946456520525621
-0.03682277413802751
0.0424465860223093
-0.05356400707667247
-0.004098656958906075
-0.03369594595780541
-0.0062026940131669865
0.003973303764289057
-0.02142218439577828
0.0008710119477527878
0.0066034394271807
-0.024595477667637863
0.009102302162517553
-0.02261058172925786
-0.030108792827767517
-0.02552452192372457
-0.014760515974693862
0.009584656853901967
-0.014855452946290763
-0.0074624393311301974
0.017884982880668282
-0.02337026519757338
-0.02552459447998321
-0.008218002903909968
-0.00948058946769353
-0.007336561135020945
0.001893770567764741
-0.004727476798677667
-0.018491496471676368
-0.04171552922845567
-0.042977339228608226
0.05003785327774535
-0.06006919352160909
-0.026520943422602427
-0.01948019218142158
-0.016648894745114332
-0.026352245685761815
0.019085697515654913
-0.017240030652819264
-0.054502739710034394
-0.012370729678312478
-0.002060065844661719
-0.014339024336445154
-0.02867955265828531
-0.016055842287901658
-0.017657662530861012
-0.019310709031236124
-0.06605350614982888
0.009026300669022564
-0.019132945298006975
-0.015702144930930015
-0.046548323979699394
0.009962897463610447
-0.013229335918868386
-0.007790459182288976
0.02645343845883311
-0.02602665754078242
0.001330073973517575
-0.006728370815550876
-0.005711757276611874
-0.03148093893910998
-0.040780262700287055
0.008078226133091185
-0.0008845364117533797
-0.01837494345263107
-0.008724355287489974
0.01992535017748597
-0.034318542684449005
-0.03212147224972198
0.02621593098815409
0.00824841760490489
0.021227072559757403
-0.016489259664998736
0.00196598653094267
-0.01556378216960179
-0.04175465636668428
0.020286443248496714
-0.004057386339440534
-0.046319189364866176
-0.012590707214836128
-0.03748065437663975
-0.02773098502621424
0.008413146422469948
-0.024675091334582233
-0.016822488198515638
-0.04261202670918995
-0.052663829481946464
-0.04803338553268666
0.030818674796189483
-0.0033772136993697986
-0.012269071336963942
-0.004329979338568437
-0.024340633527441768
0.010591414351178729
-0.026681125661576835
-0.017941256804179292
-0.015885660608651313
-0.02969486082297276
0.003096580769429553
-0.03842132504046596
-0.013825136774781803
-0.00690705396501704
-0.028578312664786696
0.003919496987695096
0.0002934951987128079
-0.06054547414914545
0.008325426552826703
-0.03584286336787124
-0.05136508490253608
-0.05768378734599254
-0.015212968357961385
0.0012966966358727572
-0.01838439372437274
-0.00874997873442601
-0.04622277124694242
-0.030846208945457317
0.020145839001183545
0.010766858680859536
-0.04004177481836013
-0.026474458984542062
0.012063480249239263
-0.020357798080103073
-0.00010601865490389331
-0.015644089357234558
0.0039787112773820585
-0.025082336248285236
-0.030208143962779627
-0.02213197838654931
-0.002654267129122312
-0.046320891308387235
0.014409282512000297
-0.03393240445871312
-0.021909998259424364
-0.043756052701106884
0.009834505110223633
-0.003450152797124258
-0.03664781952093805
0.016518258445333268
-0.0007203399654182492
-0.01996634294094733
0.009560738892943704
0.008369791738282114
-0.038978047563591495
-0.023476144226677948
-0.002747624401603343
-0.01845561900312217
-0.0360977774991757
-0.04626449008431727
-0.04229450113252631
-0.02982213386592516
0.011479581044369505
-0.03154817705818279
-0.027392127098742454
-0.029826014874987032
-0.01964929293379944
0.0054940294982326315
-0.007963401123260383
-0.032767254090967445
-0.05433606103175575
-0.055298999029602974
-0.008946414117114831
-0.026647653806584303
-0.014133251603425824
-0.01646553483966768
-0.015869987255649667
-0.009152819833646478
0.02682382403609329
-0.01919246425399607
-0.02863649516708225
-0.03001635637915931
0.009675678704774864
0.006801140724477534
-0.0293231918150764
-0.028527200583892964
0.004830332110551277
-0.034385924769956014
-0.004766947866445798
-0.0009358908924758831
-0.019960179197787937
0.0017550865570212524
-0.009328323642447546
0.005258971413932698
0.015182646683134762
-0.01706387593198473
0.0074766488121676255
-0.029354392163106716
-0.0197051498390998
-0.04538317988500049
-0.02185847277217317
0.0036161743517675645
-0.022264852123407244
0.020318684550839523
-0.01838141891392659
-0.006076358030943231
-0.015412203053523178
-0.05107445874351274
-0.027661843435159986
-0.028313803599868542
-0.04108945318273752
0.014049030526113927
-0.019288038030304232
-0.023971006769886373
0.0019682320528809673
-0.0513012252444212
-0.011141849808749315
-0.004299911819610869
-0.04662733857234852
0.00714310181850664
-0.048633250885115525
-0.028302178319966228
0.0020746995824946247
-0.029492622742640938
-0.031479065707098755
0.0005042856694173307
-0.0055190208577064696
0.0009464844322402688
-0.025628109935654907
-0.027947841994637693
-0.007811228373320628
-0.0012622313313616238
-0.022075713887362517
-0.01655974381793513
-0.05774319445091428
-0.018807839646902504
-0.025852955439398355
-0.03828695151768696
-0.03443060109840123
-0.025427816466985987
