-0.10259810370056846
-0.08833390213485262
-0.12093238919524653
-0.18179890780741026
-0.09249600957997002
-0.13065483782684892
-0.1746612629725829
-0.15723948306257063
-0.2212679747041267
-0.16916791711192036
-0.19037901072645477
-0.20784176164857582
-0.20145591434758522
-0.2198040085360205
-0.25039794987410424
-0.23092256839279335
-0.27373679926257155
-0.25281674775277413
-0.2736446651363284
-0.24621538168134233
-0.23543076507570898
-0.26724594688680015
0.31731322378046717
0.2792346001909099
0.24822816719946528
0.25387679070939806
0.2510368922765187
0.2435488953345955
0.165184592396766
0.24080667748258075
0.23192630058559985
0.21486567684749322
0.23810227386992552
0.148423602288293
0.16348277265307282
0.14965013702810262
0.20336085440935633
0.13728779261627733
0.13934333170249896
0.1344799260100984
0.12051698499852803
0.14150887395755848
0.13039836882262873
0.1362135255492619
0.08572085648153438
0.09399302247986902
0.08180264178951253
0.0760730871226192
0.046068335153465735
0.05093962336800129
0.06873504408104797
0.03293333840414472
0.0376208282115694
-0.02110920503826708
0.028012704328988322
0.012820315216098449
-0.008721507631224286
-0.03996556346387582
-0.019299914720002198
-0.0389791869476009
-0.05338842085215802
-0.1008957555953305
-0.09705862690297468
-0.10067340824544618
-0.07537310281052373
-0.05787131589111483
-0.10765260937681984
-0.10427703036274333
-0.09099807931311082
-0.10963443943213398
-0.09916166664805603
-0.1640991320093873
-0.1112862572032324
-0.12982234594999498
-0.1432041236300382
-0.17917358685995646
-0.171352574589158
-0.21457156837045135
-0.2166909993865047
-0.23429818009613446
-0.23313043852020163
-0.24763610024252017
-0.20886987220282152
-0.27333906563670485
-0.23484301469722096
-0.2800004696516628
-0.2802269350994995
-0.3083924137596283
-0.2803837580375067
0.2979275960041587
0.2726893718930577
0.26960713867006775
0.26300560889218927
0.2668109641243056
0.27913985088657095
0.21692325975068183
0.23373414319630934
0.23127554991092494
0.19686342055617234
0.2073626022671172
0.19138378094468944
0.1569065367369132
0.18333087427819916
0.16154000884819858
0.17341385250225613
0.13421276860222425
0.13922560204634135
0.09444683104973567
0.08264292436032433
0.11519872535493406
0.0987135219938125
0.13833459989760313
0.07353699048356896
0.1082074495631825
0.046225295803184546
0.06963577275450566
0.08576078207772744
0.04385619902094588
0.054821059481970344
0.047556791497969444
0.08216478407582141
0.02058076876811521
0.012622023061483596
0.012120421984019615
-0.009999237879106983
-0.054390596284133785
-0.0711603088542269
-0.06821231317425897
-0.06250460392053363
-0.04329383780154414
-0.040798086175143966
-0.07263467754855293
-0.10923309254052851
-0.08581376674660653
-0.11729824392115797
-0.1258920054101701
-0.09213297346093839
-0.13621777644714053
-0.12876343350830638
-0.1556815433697447
-0.1749260119524417
-0.17779082366770266
-0.18705136923915092
-0.2004908315601255
-0.19680272256786688
-0.1852529060974034
-0.18584560832796554
-0.19407660330534068
-0.22665939540079968
-0.2412330765545759
-0.19580327906811756
-0.2283639659522865
-0.2581583720049047
-0.2837667070357205
-0.25615934083148956
-0.28337196394705133
0.25986781812041615
0.2669554601935864
0.29054419766368933
0.23705610869094873
0.24196631169306224
0.2539114186244525
0.2650245298448404
0.23386864023769158
0.17633324380135737
0.2568167177597287
0.20879297838570987
0.2036279455096444
0.17890526131243858
0.18235961570908896
0.1847033264155567
0.1550498772878212
0.10058508541440563
0.10938120496556294
0.13311275489440066
0.07144116411725683
0.08627154345572338
0.0927975987266161
0.08939481821049064
0.09937382434109442
0.025496359166774826
0.060169090032010264
0.05618278259029253
0.07463886519332719
0.025564230678563345
0.034150312910918496
0.020947906506841654
-0.006584918049525415
0.009493864064008099
-0.024734936093724375
-0.03633975064531482
0.003358873999431973
0.00048314918110289873
-0.06832566775776239
-0.02648719891070802
-0.07924233464418731
-0.06761762146476112
-0.05090933265548188
-0.11220705446692111
-0.06996359282232367
-0.12124518774646102
-0.10814344885880436
-0.099349499384968
-0.16219502209558992
-0.1252350713379963
-0.12868270167402002
-0.13400354152075458
-0.19469426753902883
-0.17889245515870603
-0.16843727027562447
-0.1748253563141084
-0.20872749654937364
-0.19485441188709007
-0.19699947275079616
-0.19780819963356397
-0.23748962877840835
-0.2214528883163361
-0.2461399598715809
-0.24143840287849502
-0.27708396130896495
-0.27689542912172777
-0.2546647360115177
-0.29941652950704345
0.27904345534300407
0.2978166577762491
0.26996788994931614
0.276500740480725
0.23420503389323824
0.24091788805892775
0.2421814386606279
0.20999574030994045
0.21356504240743684
0.2549576018647795
0.21907072992219379
0.22560302683287356
0.1847593098819857
0.17959098657693465
0.1724396109089073
0.1298579126835745
0.14766444612704063
0.11216784193764638
0.1196080601520841
0.1060832412125576
0.11241492942180623
0.1097218614653405
0.1031040967893803
0.054416629318819534
0.09006193282978804
0.05684539970642956
0.06465858062369909
0.08217104562535726
0.027403584786272278
0.04550555307170838
0.02484606107774516
0.055846078037484384
0.008419940771273945
