0.28624389543904577
0.2593536203138891
0.2537827106100449
0.2723227680283468
-0.2520413272445944
-0.28174990587982146
-0.30944389531431865
-0.2588244420913993
-0.3013052226289687
-0.288622320490851
-0.25696005674685596
-0.27441276181672225
-0.28673773750350207
-0.26617796037890973
-0.27671871757268107
-0.29786423363268183
-0.2801595768683767
-0.2713063067726507
-0.2599551262534926
-0.3050449940829525
-0.2897031127914841
0.24836079193392108
0.28596239596669365
0.2865444188963139
0.31096342318139186
0.2718574739752621
0.28774876126677984
0.28500369679732884
0.27990073477466415
0.26556575973926877
0.2719091140832452
0.2784523697135422
0.2898574042586259
0.30306102790393435
0.29141702433737743
0.2691782694721953
0.2670081487656647
0.2731541922248061
-0.2431475601934286
-0.2999940352573714
-0.2667180415045413
-0.27601863550801353
-0.2763613918662505
-0.27893968271745734
-0.3001977861645681
-0.25348065422051136
-0.26268291926721915
-0.2568674143476338
-0.29299382828507353
-0.2263901340186149
-0.2738221623255773
-0.278687585353191
-0.30477164793867256
-0.27043451917616124
0.2755567351635376
0.26836417771176896
0.2799822262267296
0.25141278554502017
0.28439744706094555
0.2704754763621131
0.2712401023825978
0.3066780036201356
0.2826502476718464
0.28423421776679564
0.2696768555795369
0.26778042817585906
0.24857924560055983
0.2599590499572948
0.2732790987262509
0.26753192114495383
0.28147678262509307
-0.28002730592352376
-0.25149362152399735
-0.2830463176182657
-0.2721035260530544
-0.2660313405823105
-0.3080185589833119
-0.22779263913146888
-0.24717097284511996
-0.274331269163309
-0.29069151985075775
-0.2864279936792676
-0.24882223700854111
-0.28609975121273395
-0.2700372234229296
-0.29759452944265496
-0.2907952332342823
-0.2662726941937391
0.2600352285137432
0.3064325169702754
0.2729320386594748
0.2888732205785484
0.2992324180575428
0.30419407093228357
0.29952330194447585
0.29293605397155703
0.30160433410769505
0.26688107606986083
0.2526459757041504
0.2797235607080506
0.2945599616127087
0.2772421615326106
0.3069968870070381
0.2549610190404735
0.270618045720512
-0.2728443763867415
-0.29223808991756417
-0.2670756009413963
-0.2514777538312034
-0.2937431259409151
-0.27261154900519585
-0.2830793185569842
-0.26324129152393294
-0.2663403169102329
-0.2896180757087333
-0.2950656456506258
-0.29796912984277896
-0.28223093823580464
-0.2862809378797831
-0.2844267472666226
-0.2636356879364451
0.2680724597317491
0.28925980895406034
0.284620701658345
0.27825137706165626
0.27464837136290765
0.2919680863038724
0.28283761700030796
0.29737918028064875
0.30743084835294127
0.28248615152717105
0.28159134074080483
0.3007143545268776
0.2709694202638778
0.3112540160542145
0.32702759579005714
0.27445074096921757
0.3217027531956989
-0.2793642253673989
-0.28991056309617635
-0.27612841556791073
-0.2999598200176372
-0.2939846409266372
-0.2869660838865062
-0.2708741763037332
-0.2956432384526626
-0.2906436148853063
-0.28636889826639933
-0.2605681192344464
-0.2508895435846507
-0.2884161566932456
-0.28319291641737643
-0.2912940303863872
-0.2902917028396743
-0.2732130576175136
0.28969090554451526
0.28703125753664827
0.2824716558072038
0.2805311542334763
0.27353653896870334
0.28924114464464246
0.2810316711852221
0.2635713291740561
0.2702224427967184
0.2893762270638135
0.2845660995537507
0.29603009866702595
0.30747068237338426
0.29173791178281455
0.30590324134264296
0.2846873785365474
0.3037449262501565
-0.27907537179566083
-0.29586231086846
-0.3196868297662593
-0.2636110554288099
-0.2613845668479945
-0.27567999836352197
-0.29746392724103254
-0.29518778019465813
-0.26290846923169564
-0.2944876243221626
-0.2719508082398106
-0.31101112178421764
-0.30564766529237763
-0.25782006372970784
-0.2552277532385915
-0.30488007642104475
0.284035022820148
0.25255061084067965
0.2729389692017983
0.2843099867379791
0.27865596574334406
0.28502483898012587
0.2962183456530833
0.262913653220493
0.25472909085143114
0.26321807731258956
0.2607840088964317
0.2968242129935682
0.2729414439515202
0.30072904728410743
0.25733899353471135
0.30682824448998613
0.3126377003210608
-0.2980775032417369
-0.276665921002258
-0.29784985152295074
-0.26635202478278414
-0.25143283750007384
-0.31660194487592364
-0.28128025804463297
-0.2848948665651743
-0.2589990959645904
-0.283197983676898
-0.2941645266572745
-0.307062107210593
-0.29748223394892953
-0.2447901388828672
-0.28608011506377745
-0.3140711270965246
-0.29871462726821985
0.2953652238037773
0.2618948347325757
0.2723168223698264
0.2979348157980688
0.2653792568780524
0.3026404913705358
0.30386206670490923
0.271889990246836
0.3186354004849876
0.293468102545692
0.28824572829222195
0.27320361353615374
0.2745998037431462
0.2567575834156369
0.2843774859238936
0.29013015245961377
-0.29718874908916965
-0.2793035765972248
-0.2994877566707319
-0.2835579149798348
-0.26596595225270475
-0.2863225981979362
-0.24183411708047825
-0.2634353992409637
-0.2848095030637175
-0.28352101165732835
-0.27800613935990576
-0.2608985461074461
-0.2749741484877706
-0.2901642599105882
-0.25172022242648073
-0.2838587598902905
-0.31395243937122697
0.3026851035399435
