-0.11524153952534967
-0.08055134568092046
-0.05487067253194465
-0.05956950825117015
-0.0736687315223501
-0.07842494045767257
-0.04412608134575643
-0.053375555565483374
-0.030044500413933205
-0.02000441640528135
-0.012385482332382533
-0.004268507189216842
0.03162670578089366
0.02841753085149908
0.06024858862596289
0.05878325871410532
0.029259548884983125
0.08143596391318518
0.07902738931960966
0.11311129343776999
0.053363983716024216
0.12241974172433699
0.04971895581116606
0.08372897572210038
0.03839215972291239
0.021297905423714743
0.02200400144925506
0.04764763518584507
-0.011631498313787103
-0.024658650277909294
-0.05921293310049082
-0.04330896583654714
-0.047112142769562465
-0.05401540674921248
-0.0665614668160793
-0.034767722652932306
-0.11123321436027293
-0.07094178294373212
-0.07746201694608851
-0.03295188716828326
-0.0626490752776376
-0.04679118269396937
-0.008684660483109573
-0.0005756787130100135
0.004389050950093996
0.04029139624276604
-0.0016322335965880258
0.057166790615195584
0.004081328633050808
0.07668121169777857
0.07168400283774835
0.07634436419189625
0.10140921299291958
0.05619704811372066
0.10692374851725692
0.08447012425234929
0.0449518146903607
0.04526049858966592
0.05880256920234271
0.013794715134901808
0.05364516567350626
-0.033309848195295734
-0.030600437507207565
-0.0572529413099699
-0.04874867494314537
-0.05805547554189541
-0.07154487008373495
-0.05032512704537639
-0.05651336172790086
-0.09387376829677191
-0.051330484093707274
-0.10967969387645951
-0.031679411092121176
-0.059602350299388
-0.0373704977091853
-0.02615530401992952
-0.03219667524921051
-0.00898050682254075
0.041025286930837256
0.03137602695609157
0.014444810579488581
0.07215337130235111
0.03677006752921305
0.048567092366425924
0.0742660211075668
0.11650740653059924
0.08683594724950006
0.08629392056053889
0.12008605922078658
0.09806476877892101
0.04223215122694879
0.022437425508980275
0.04558830233567845
0.0016564741283785506
0.0032164781174883654
-0.06115866083617362
-0.02604369604703218
-0.06347414441508788
-0.04563240080136699
-0.043931996317716424
-0.0641500029167336
-0.08013938182326764
-0.08060462002821395
-0.10508839901768145
-0.08086078882506789
-0.07497470172617421
-0.09372538500833283
-0.050798172713160485
-0.055059925010908096
-0.02159501709031904
0.020188961500723124
-0.022511374583115203
-0.0032954077126274954
0.029636837015815303
0.04167296525679621
0.04657880768931634
0.046379951457890055
0.07443346616696568
0.055106597265920994
0.11768333795726271
0.06866236627769415
0.06595131650258355
0.08370303851129784
0.060541702960888774
0.041742130778662595
0.014799715527057732
-0.01075097721140637
0.03127549529791761
0.004878063283523206
-0.0017538472639774226
-0.04286100204945169
-0.04587885871512997
-0.050800933794313975
-0.03823908861445027
-0.08890645864825157
-0.0677255357577639
-0.08238214119811735
-0.0677926785004826
-0.058970549678407355
-0.04583339990547852
-0.05875484411425038
-0.061367452233047015
-0.05450980213822384
0.0007429538349882428
-0.01355003017220701
-0.006463584758006237
0.006138371768363956
0.02023066688819745
0.06386135212842449
0.05463433154053049
0.06547034286891891
0.08629069024922459
0.10623899655822672
0.0894120191711117
0.0885099971170306
0.06214939242687896
0.05143429549472229
-0.003034396407921622
0.05368632822696727
0.02848777087417178
0.026613080384982585
-0.003577847710514096
-0.04653958707530447
-0.03588718385136635
-0.04881281759791532
-0.05425424959790134
-0.04614433747072766
-0.061743604803739104
-0.07033344183979759
-0.07358511194279685
-0.08241973863893408
-0.08980156035153294
-0.043644707017419335
-0.1162092287056935
-0.06216130926764679
-0.02369150871672207
-0.022729100578461926
-1.0028673918194286e-05
0.0379933366870323
-0.001548134470228956
0.010185348789192906
0.026084570177180893
0.04180903657480839
0.0614908717701386
0.06071475694590671
0.08081820144955595
0.0722144985077199
0.09297644886544962
0.07355158767487081
0.013650404931443968
0.0543805575559467
0.06404488320186044
0.0599859882036527
0.033307842860402774
0.034693572663335795
-0.039227006845156585
-0.03281279162785708
-0.04635144713820732
-0.021948272439766776
-0.0186656616332199
-0.06614046275910018
-0.05013016106912152
-0.07358322079074117
-0.04944958000537488
-0.07709862890518021
-0.11524176524060188
-0.09690765209945885
-0.04554538963927943
-0.03431221060397312
-0.06090150756965304
0.010275146532894491
-0.021015253251631918
-0.029993660064474265
0.03277829616880944
0.02889782785410365
0.07346649844488487
0.05335487271945835
0.044960363162187496
0.07661476667126221
0.045843178599347056
0.08533502933098788
0.055915788117847594
0.08842178370113928
0.049085318803616884
0.0513310788499612
0.042030400295950655
0.0048176086775757535
0.0013276876165615077
0.008983260586281742
-0.004016959809210151
-0.004059910610316211
-0.048205817242550755
-0.010261139061502923
-0.03602902279216155
-0.09710079606691607
-0.07215346599504262
-0.06602357869291953
-0.10616408536145093
-0.04171943777446739
-0.08907498326770166
-0.03416217048739556
-0.08574222561787283
-0.04567467825762837
0.021306772294184265
-0.0079219168850641
-0.005637341066693677
0.02931737843325736
0.018628877494527296
-0.006815046899497974
0.06578010059799974
0.023401616152744074
0.06290051081710071
0.10788043653011756
0.07679907974428328
0.0686974081972279
0.09859562272616343
