-0.6120986324735048
-0.6209435674663497
-0.6384796844701419
-0.6415923636877208
-0.59559163322773
-0.5859418127702102
-0.6084351340816424
-0.6263666149392165
-0.622156024296301
-0.6496322786762277
-0.6240380998551543
-0.6306795737930986
-0.6311408243405751
-0.5986405420461505
-0.6225669491604721
-0.6430212678256324
-0.6646340249427334
-0.6012081809918765
-0.6195853423647674
-0.5640791380511836
-0.6153302891241876
-0.6063251184463586
-0.6369297558678984
-0.6472087523857301
-0.6203810547230851
-0.6192459200368042
-0.5907331754867333
-0.6192793762518576
0.6061302626476768
0.6015087072631959
0.6093294175550455
0.635343193295596
0.5983437898107569
0.5943334221566013
0.6147805660091596
0.6207343032463435
0.605633249970362
0.5965415094326807
0.6497475589278529
0.6450436380011784
0.6207433556470265
0.6395651530508815
0.5762120892629617
0.5957671823163871
0.6006018687572681
0.5792127511681704
0.610578566662846
0.6403046600994746
0.6206330190383015
0.6300559646995776
0.5769909126853364
0.6112393900152111
0.5989940523376266
0.6134314889537773
0.6218741084805353
0.6413333603146506
0.6383166115197786
0.6363120429015277
0.6216254219382878
0.6084064410906007
0.5911558281630533
-0.6186228163113648
-0.6239885793603147
-0.634466345120372
-0.5991984212027048
-0.6516898160684458
-0.6157847580078094
-0.6320620792690269
-0.6371578210350204
-0.6095008132241533
-0.6027840557731459
-0.5970046434057272
-0.5953630853125788
-0.631541908150394
-0.6241592146080566
-0.5868382402324134
-0.6242763791950736
-0.6050512500945946
-0.6159922949967107
-0.627969903023425
-0.6653366674093698
-0.6026538742297376
-0.6266937017555804
-0.6219365354375488
-0.6305731109522088
-0.6070970539102003
-0.5928219343647345
-0.6283160070548247
-0.5994273477984033
-0.6215041636905934
-0.6250087002774241
-0.5930327842700535
-0.6103498125137424
-0.6198893113880416
-0.6170154434637041
0.5908445700012241
0.615936985749243
0.6203759640320813
0.6328785550129529
0.5924300185382919
0.6173450717653571
0.6483911982307858
0.6129481654827013
0.6063860389726816
0.6254794259482895
0.6063463395352314
0.6226176749717615
0.6128567706334614
0.6339384008304008
0.6282885047544102
0.6074840660783918
0.6472078847767287
0.6332600987052607
0.6190990008700529
0.611677076223855
0.636971713542064
0.6133284791553857
0.6070766389685186
0.6193042572796458
0.6003698017587697
0.6361301567305196
0.6165364190241351
0.5974067890145732
0.6325352120288399
0.6145015311403039
0.6218055027257751
0.6089816043343242
0.6053899403374917
-0.5985972158109103
-0.5954190755923205
-0.6250269749628908
-0.606323197792893
-0.629899740870052
-0.6249017625929876
-0.616057403514042
-0.6179568854180969
-0.6346415344135922
-0.6232838766750547
-0.5895501235804788
-0.6473774359850342
-0.6307193077766489
-0.6266836106076981
-0.6267151688052951
-0.5848764844114264
-0.6195368877125139
-0.5951253150980618
-0.6133582048891979
-0.623600933609454
-0.6508506339994992
-0.6220667131543683
-0.5956112437566621
-0.6437637282467036
-0.58927494022069
-0.6284031806915706
-0.6474529525119157
-0.6398419539107577
-0.6259652807108047
-0.6165910962029577
-0.62166677757195
-0.6143257564892527
-0.641425658042096
-0.6488979839264674
0.6260123775613193
0.6491216488444471
0.6158855283191892
0.6383376852976992
0.6257588193694184
0.6358892401288976
0.6222139884672486
0.647993261704212
0.632308510074072
0.6317218894521559
0.6024015938747057
0.6022801710589306
0.5648495720475133
0.6371778082945441
0.6188392185633842
0.6280198535634319
0.5915319190803177
0.5923804437200286
0.6199434092396017
0.6152425525317688
0.6154916231820717
0.6174345043389994
0.6216163133836681
0.6352744663840818
0.6056106491375018
0.6279994906107387
0.629819766639621
0.5974267474554147
0.6025991660136308
0.6354967079091889
0.594549532184349
0.6362682380922561
0.6210099556012937
-0.6195151387789255
-0.6327465421231284
-0.600263212203451
-0.5876791473048231
-0.5851122839388005
-0.6173434448909536
-0.6301174670230266
-0.5931739482078926
-0.632761226213074
-0.6044729239574937
-0.5896130244383403
-0.6051154718777909
-0.5810945613881506
-0.6069079418658736
-0.5750129034989
-0.6232756969513317
-0.5835004797209641
-0.593730454034998
-0.6476228447329788
-0.5990661853967936
-0.6062018519562415
-0.6037189031053608
-0.5857301299245704
-0.6415792583147049
-0.614403827631965
-0.5792022884858309
-0.621277706512826
-0.6210742311246652
-0.5434088011780394
-0.6260710842535545
-0.6018639672214625
-0.6300481241185738
-0.6179038937002583
0.6047875576745106
0.5968873676582688
0.6211210690072103
0.5860765291011923
0.6235816108423518
0.6159684376915057
0.6376066734770656
0.5968243287486598
0.6058848143854718
0.6553573211168383
0.589575420861082
0.5703030348877114
0.6227330311450704
0.6046570486285581
0.5915032026407994
0.6780972057780459
0.6130030541246198
0.6270931524696356
0.6181573514546846
0.6061720280190964
0.616883478665533
0.6324604008239869
0.5994998503646399
0.6086411274888333
0.6058818342844452
0.6128454075401695
0.617933529394881
0.6074598222917292
