-0.018131991617026336
-0.024791525458017945
-0.030267310588421033
-0.03429797070723478
-0.06809865274147103
-0.08437715074912464
-0.05502242527659938
-0.05081727609577418
-0.1057027855455545
-0.05563729170980741
-0.024201402327108122
-0.012649759142007333
-0.012085508374061686
0.008299638978935644
0.04080856781078157
0.07591078276232645
0.0707620963736933
0.05706211835185292
0.10658573653969808
0.0638294131679164
0.06208873085817495
0.046888041282648694
0.07874909859949694
0.029879878669374773
0.007720818398444226
0.019402615182626103
-0.030125422643520094
-0.033844301909232356
-0.012924614889396578
-0.09351111677244785
-0.07110663490752042
-0.08186379827218788
-0.12176769984970479
-0.08002779244235644
-0.05573567336605381
-0.03356442811557528
-0.03182673722612706
0.003073382186545237
0.030083409453304035
-0.004730684148784966
0.08151608084853196
0.05053451130248643
0.09871782104545902
0.12677292096844062
0.09605839768668603
0.08341463864792382
0.07359656218743439
0.06491447712621666
0.022016213493797003
0.023870963648171588
-0.012815757779005494
-0.035531001974426636
-0.040052029277539064
-0.047327995364422504
-0.06781151237617807
-0.06756891490676249
-0.05951628170178333
-0.13026165961116337
-0.06707535520000081
-0.09179284561515597
-0.08348726750729263
-0.05864428661284808
-0.038791784947630935
-0.011106284431246703
0.01621833620186745
0.008820154150750506
0.07443037408378143
0.042494656892366534
0.02346463334248943
0.10096289920590276
0.06727971695086857
0.024866654268496033
0.08052300981268132
0.05210775651848439
-0.004266921965538562
0.012284927362376581
0.004365846151630956
-0.021572358144594326
-0.06724956917698414
-0.07572425417257056
-0.06768463104451353
-0.09678240590428062
-0.07114160035015203
-0.09281982859188581
-0.06185019199254827
-0.024094002932803452
-0.024552149944264363
-0.02600205832292023
-0.0033461173336661763
0.009169010381695904
0.026765705176588946
0.02668967391129875
0.07149884473240352
0.0341833052734606
0.034409428150526375
0.0761271975038397
0.05151486923742134
0.06532562423702695
0.029430550205936466
0.07080397689668284
0.02366653600082829
-0.027685067145961972
0.018033954879874463
-0.03381954726549143
-0.06876293469049637
-0.08738117944832058
-0.06320571859056484
-0.04259563378501719
-0.0702690419529182
-0.08255980320456312
-0.06092016826888228
-0.04157278257759249
-0.01458742818685987
0.022877525789814477
0.021554483309105574
0.03103724933063313
0.0325899884602414
0.06421741737531327
0.09882222215469369
0.07820078979879778
0.06371028533335553
0.06724575966744478
0.0761380579837882
0.08250056371571624
0.026147153018644613
0.010111704080413533
-0.03757332818602012
-0.014796354410332451
-0.06948692133520973
-0.08516511057575898
-0.08318814379833539
-0.10157190471016199
-0.08830701159090627
-0.0796689496365377
-0.0692304849313369
-0.040569208181304606
-0.05732007208094298
0.01319172670247264
0.008970160838116775
0.004037027401354431
0.06266998504029431
0.05093152964179738
0.07567149408810497
0.04064536056444842
0.11761907854734446
0.040695369301015576
0.06440389128617419
0.040951415542742856
0.05306793672677066
0.01366094832096329
-0.026189916228478202
-0.032462265920382816
-0.025089379094927394
-0.056985350660714064
-0.0369834317964009
-0.048140855390614024
-0.10527290852177747
-0.10805814490661017
-0.09996978706627058
-0.05284031239623637
-0.05317750155726645
-0.03970210764046567
-0.04715834156462826
0.014737685242690625
-0.0130344041881123
0.015776897427209766
0.026824380835934282
0.06884872841111339
0.08148174714631846
0.09606247415955613
0.12051380535502526
0.06607286877408479
0.09045695431518987
0.07116039485228204
0.06419637510516318
-0.0017002491752443043
0.015536858967705316
-0.01773723529003656
-0.05076051597476272
-0.08563408112053261
-0.048020003763394534
-0.07551085528590648
-0.07430386382362417
-0.12892318526918226
-0.10779914704331862
-0.04716280088562688
-0.049338639228756274
-0.0395435885608135
-0.0023878916887184612
0.015360814554000932
0.01449304662047651
0.06856425805163238
0.0948897192157498
0.0392082816019098
0.1026139527202386
0.055967256445411506
0.08599687510151832
0.06064063100040459
0.06908942734098146
0.0698020259716477
0.0053647305489174756
-0.015400848658608083
-0.05054494745552765
-0.015398618208848237
-0.06631586528725941
-0.08120496795680242
-0.07920054927316987
-0.1174835034224399
-0.09713616889798167
-0.08458434711618985
-0.03851485570655133
-0.043676000428811944
-0.020228393346866422
0.025606491157950145
0.006754039865685945
0.07314782740885852
0.03735905504928705
0.08049498386083961
0.043216589214634525
0.09261399001718627
0.06276033344600716
0.07335707710878318
0.05656987937082678
0.04569930643252431
0.05794656354602758
0.018217535040054515
0.014092583525016024
-0.032320107114996034
-0.01057031629976192
-0.02715809613930848
-0.09460395233111081
-0.05374207603654806
-0.09919840594435132
-0.0840265528419591
-0.0945421686553535
-0.03692636508420011
-0.051360302421977165
-0.012748092666987116
0.00789525075690636
0.016995889946872355
-0.004151038762098901
0.08228920178772159
0.0841315055640119
0.049600650571876834
0.08310232324088432
0.09252989635935613
0.08479708461573243
0.06465266596236145
0.06562639710093415
0.05611601001557273
0.02507522180579755
0.013003036328294333
-0.018276102049274087
-0.02046168367849872
-0.03160613951270422
-0.10875244260441874
