0.05728638360631558
0.07961378938021696
0.08537988373725783
0.09225827626761385
0.08488614677526327
0.06795358035342587
0.08796992798765467
0.07805425275457728
0.07314860720691761
0.03222420024533814
0.021183356708311226
0.013955032162019251
0.03748151225748711
0.004318269567496305
-0.004010995549307318
-0.017721808784465432
0.03261415769311566
-0.00905749469681233
-0.041791668613661445
-0.02684762582467204
-0.0382929397463622
-0.06587266825984307
-0.05192229249615055
-0.06517548806351448
-0.0531877754676642
-0.09081192972889486
-0.07099415484384881
-0.10734045962109975
-0.11693855857717059
-0.05341636626035404
-0.10357120539001706
-0.0927153774891745
-0.09604929871426485
-0.06418581451026309
-0.08124442753488403
-0.010734830725827843
-0.042783622025162255
-0.04284309370179856
-0.008246377860595108
0.02045315113893355
-0.00904361290528489
0.01591946599134747
-0.014171735246428164
0.044913896093581034
0.00017184953351875865
0.012302346700824751
0.01775675557631992
0.03444444587085846
0.057534151699857664
0.10805341919346542
0.07398734443507322
0.09945516160375963
0.1253700447719691
0.1164485822623582
0.09783996059516434
0.06200151986868527
0.09115189939747063
0.06903589160789005
0.07515129531248685
0.03871604409151776
0.053747003225549234
0.0463451774443341
0.04949330920057915
0.026571769196659187
0.02914602079015981
-0.0007922281444490619
0.0182863713908971
-0.01867068188828144
-0.040596564436991306
-0.014547649494110878
-0.011048696024955423
-0.021036603556905325
-0.06712189883440602
-0.07381233554501489
-0.0745438865942529
-0.050619576413655304
-0.07969251407615836
-0.1089519274254611
-0.10275063042093906
-0.11953609926121038
-0.09738663576957142
-0.06244476943216087
-0.06391136983377954
-0.03935078544013265
-0.05658756712184314
-0.058155992644210994
0.0007011750780740525
-0.0012139181664532414
-0.036847676960339235
-0.032330501441270094
0.0161935700690593
0.0254206429773493
-0.0038681332093103045
-0.030380069164713
0.03605264714596898
0.041084200369334925
0.054675620231350766
0.056763723869235026
0.08550114409401464
0.05409676713903001
0.0814930651896001
0.08505918429483414
0.11461190979484143
0.09744428567940411
0.07947959052697867
0.07807194135426855
0.017399825175860792
0.09136995383505993
0.07627159868034356
0.048419551941628586
0.03842484449371459
0.043702802503987136
0.018680578293366473
0.019507112643892634
0.009602180914059438
-0.0109242173925199
-0.033375533243714506
-0.03558413040195129
-0.028073631389737598
-0.05817060383946552
-0.05299225217575477
-0.007614214460571096
-0.048574986701057775
-0.06483541898336538
-0.10817444989216378
-0.0685747107185981
-0.10961044831686048
-0.05646917189148436
-0.08962544227463094
-0.07222885777738486
-0.10999083468704825
-0.10489308412390716
-0.04126734766871019
-0.07102717518471482
-0.06189920082594064
-0.06631547712692185
-0.03899713888013332
-0.02639373999621206
0.0012584201764045712
-0.017496978245506434
0.012266022602571817
-0.025667383647124026
0.000384029390802957
0.03711487807209106
0.012752911865915793
0.04705862612700565
0.008836242543483905
0.0446379034129399
0.09327998838536611
0.09639426832822608
0.062290247709844454
0.058139814757276156
0.10628741152100624
0.056478935270948445
0.1273387887842114
0.08614248655612836
0.08984369547800714
0.08539853477300696
0.0331764170059347
0.05049144226927699
0.049203685825765
0.05077867087689379
0.03928957018746848
0.0470792587853025
0.03226206084984898
0.0013278217324800756
-0.03109825477213016
-0.02574976320438547
-0.04101999381429618
-0.006945131283254712
0.003965196709569671
-0.03717709658388457
-0.05750396319635968
-0.050736352386568095
-0.08686356211353256
-0.0635649598845875
-0.05788132172968474
-0.10813497819448836
-0.11369554528466462
-0.10230877762525124
-0.06602333232036117
-0.06797353198099615
-0.09119187951191182
-0.049861150786077085
-0.04042303232806758
-0.05645746325854004
-0.02568017260674154
-0.006377025768079733
-0.006433911899535377
-0.023596967941159987
-0.008101443507222972
0.001566612820045022
0.03373638366824654
0.0273655820545918
0.014135728763410326
-0.005117404134594251
0.03238499944755853
0.0517720454310541
0.04263198680392993
0.08249038118429633
0.07454737478735572
0.07201969818997687
0.10005937241770856
0.09195448388895623
0.06977398268931861
0.06229941390139818
0.07135631715311518
0.08393718366020843
0.0723454281895462
0.05782784350696203
0.01374862595341423
0.046538109123773846
0.008766670012664624
0.02596833915291507
0.03181326182741568
0.009825347812859936
0.008322586752720518
-0.006251915810670419
-0.015701066907664245
-0.015019603680992229
-0.05651580945672049
-0.04365365376211708
-0.047062641865227114
-0.06061494350366901
-0.08222112913176582
-0.04038764230799009
-0.08669457078223772
-0.0862124445941354
-0.08521907224025208
-0.09832948705112196
-0.1084357952406454
-0.0985137135757391
-0.08820719891297153
-0.06013156993904506
-0.045738928995793564
-0.04855892488964627
-0.022747345905974443
-0.06498874503523733
-0.0360390512489336
-0.016773405909344494
0.00906014335571596
-0.0022047332191239884
-0.01620782416691488
0.01751421737005801
0.0005903561781448012
0.01201821864973281
0.048640924862225474
0.04883144864169948
0.0718416386275318
0.061071648567214865
0.04976845799472332
0.091656817153081
0.08313872354567735
0.11447160947839077
0.09237478200363011
0.08162501165378229
