-0.7441950341556948
-0.741862557129715
0.7173162616509511
0.7185737074237509
0.7445340045103728
0.723696511464849
0.7193983947509464
0.7087783824333383
0.7285892435554808
0.720828955132373
0.7104703472364479
0.7469908480321632
0.7123522587040308
0.7665217228957097
0.7271176438948677
0.7295435831342764
0.723230534881616
0.7526550453114861
0.673770831258349
-0.716689568259892
-0.7160493121723503
-0.6899521869464773
-0.6932706732102619
-0.7446428557004323
-0.7084837680824313
-0.7030164513241798
-0.7442846382318568
-0.7345812006429325
-0.7220054284502138
-0.7248455219659072
-0.7356461777874941
-0.7293265258559173
-0.7218743516294805
-0.7309477226260686
-0.7425007378441113
0.7259977542344137
0.7272487001442804
0.716489885073761
0.7048931202348808
0.6935504915823509
0.7142043038624031
0.7127795468888022
0.720567629793276
0.742348622488587
0.7298205708588452
0.7053632534142887
0.7489554091938784
0.7336782951831103
0.7492398352040553
0.7436691609438512
0.7168001356107384
0.7216996783355277
-0.707648102004976
-0.7339477607490077
-0.7587148405960749
-0.7616484933079493
-0.7460103291862704
-0.6991413109436253
-0.7069727831565816
-0.7593593784410009
-0.6873674384804792
-0.7624697655884531
-0.724406179956716
-0.7619997731924705
-0.7164242571017193
-0.7240021008096951
-0.7324784236451034
-0.7244292862637934
-0.7593872766346669
0.7324702344418674
0.7647639902522914
0.6904738618267758
0.7368521614616057
0.750085451253345
0.72691980416784
0.694185929601178
0.7077223629620796
0.724630046306315
0.7332916537114904
0.7227579512785542
0.7024105465609012
0.7155915146579271
0.7273944610155999
0.7416346262414536
0.7363146146761829
0.751688287188204
-0.771836568097123
-0.7368295188132434
-0.7438318490765129
-0.7115986645223527
-0.7264862591061222
-0.7562862262744562
-0.7026897778561063
-0.7843139167477918
-0.7178390292112341
-0.7070991301781037
-0.7236232552473687
-0.7238042499299657
-0.7512422040062302
-0.711421280372804
-0.7370370656777762
-0.7145954672343366
0.7095410399472625
0.7137681753140951
0.7431634298189741
0.7277378161725175
0.7569496133071019
0.7184732387952957
0.7314924367453814
0.7151442884885431
0.768258852798043
0.7218366050492252
0.7255341494912944
0.7415909461800334
0.7220464699814885
0.7475777805165887
0.7025683725396885
0.6987374662598795
0.7332456236562402
-0.6986455397785253
-0.7553220990891868
-0.736938892747974
-0.7368507569833989
-0.7065618475791269
-0.70989013123785
-0.7555852674386896
-0.7328422501535423
-0.744793940735777
-0.7220268938085741
-0.7075515296440263
-0.7565594215287035
-0.7224293903174838
-0.7273613818296214
-0.7589871820324678
-0.7332110132987517
-0.7309593811343837
0.7717344764100256
0.7425226102234769
0.7275550269602696
0.7211607489605986
0.7056955401207139
0.7464802959806676
0.7290063147072339
0.778499363817172
0.7619365029943619
0.7174625200635876
0.7076365814559235
0.7649878641699012
0.7456468003776973
0.7418517160018517
0.7416247195305044
0.7058024785974752
0.720684177094708
-0.7363448329174729
-0.7197391402815215
-0.7587867760663831
-0.7388276294524744
-0.7457886130991265
-0.7601516167063371
-0.7570710989624978
-0.718633544700228
-0.7693874364048473
-0.7355421747096279
-0.7183169606990272
-0.7475118783270785
-0.7418229425665138
-0.7350510199418101
-0.7061479890126652
-0.736908904389289
0.7369113458512564
0.7390537665403634
0.712655507741795
0.7230850123707286
0.7349464860221837
0.7173692127018827
0.7147894729252287
0.7320403488407102
0.7117991128066631
0.7130344568805747
0.7331493112037606
0.7440070702016282
0.7230981291302628
0.7395846424696703
0.7706027286576991
0.7143991244161156
0.7328296966315936
-0.76014899673986
-0.7312938771553841
-0.7307850249113929
-0.7360503469917838
-0.7504437309209928
-0.7414871005655123
-0.7681143272285562
-0.7318499664694449
-0.6948740355748789
-0.742876581494838
-0.716657086736923
-0.7011759887612492
-0.7121217809214081
-0.7228521514262222
-0.6743614593616776
-0.7339329694374711
-0.706275683090206
0.7258979892101146
0.7482832717965249
0.7215458532505064
0.731584073069646
0.7063455980938268
0.7775442768524968
0.7112411754590618
0.7232365524644431
0.6711348347118844
0.718909725128697
0.749123867526421
0.731991797412612
0.70956697322653
0.7307335164763322
0.7119899120630933
0.754035040711626
-0.7473700253697324
-0.693740516721889
-0.7629343317152467
-0.7159880242904688
-0.7559371534635612
-0.7345250334241245
-0.7383580258192812
-0.7276804431927383
-0.7388330695032794
-0.7306499989639116
-0.7552315793655864
-0.7838028441239071
-0.7140383396422816
-0.713177277899405
-0.7409011744268988
-0.7333149414026366
-0.7473978822050639
0.7266353163408107
0.7672384036758937
0.749206312988844
0.758756034834753
0.7064894021127726
0.7054735446887512
0.6992720384341485
0.7443792452111355
0.7143962878125631
0.738340753228635
0.7177865742482014
0.7508089126429093
0.7184306918959885
0.7236690380606097
0.7623003352667671
0.7270426781817865
0.7652302979504318
-0.7548405432630977
-0.734584403753778
-0.7609489391563374
