-0.3506397059720833
-0.33958761798766046
-0.3170108853852671
-0.3803807837500763
-0.3579812182951067
-0.36192180311779015
-0.3620661604981253
0.2972280233273706
0.33188384344444266
0.3667709900744806
0.3547454973175406
0.34429911778261735
0.33998102684857695
0.34013300760452403
0.341365888777809
0.3239900661259641
0.32201193816495843
0.3043941669394676
0.3802652815124514
0.3616777238015561
-0.2812395135207026
-0.31285719530001865
-0.3241876700821381
-0.3425382182178339
-0.3228195767693961
-0.34713875743102773
-0.3771219293856878
-0.3099059373409193
-0.34940142767363086
-0.34562941153591364
-0.3385124069286768
-0.33507361932813495
0.33675440845616456
0.3750253700084205
0.33389880440838976
0.33165922615896726
0.3419925454384455
0.30403608259447173
0.34751937848301495
0.374848694401074
0.3454370561699761
0.35228757883011474
0.3655268793809085
0.3578854075179875
0.32211312886312043
-0.3561080842174113
-0.35671514968001056
-0.34812061881379747
-0.34965326045359535
-0.36055653969980617
-0.3272844458166598
-0.3653333722548943
-0.37535671287818595
-0.36520627218039164
-0.356043459510679
-0.3322237320099203
-0.35769196405042303
0.35097052519036315
0.3355182747468235
0.3144954290157723
0.3545886672372634
0.3468284379968277
0.33625797107964006
0.36495577775490207
0.33964688135016846
0.33929634211831305
0.3412383821825826
0.3135752387058401
0.34318981318304653
0.3483555602719462
-0.3429452597758343
-0.34112926793779164
-0.3377818046673079
-0.3314950363504954
-0.35453049586490776
-0.3352118600261425
-0.34369303048121597
-0.3763611300511397
-0.34879449142311614
-0.32478180184916317
-0.364942594457361
-0.33749575818291266
-0.3240195018488348
0.33983109423316454
0.3451525835185869
0.3360556744314635
0.33052648351350344
0.36322020511092895
0.34266430060786257
0.3737297212161984
0.35365699080182605
0.3089472985620388
0.3797399283201589
0.34715224994035304
0.34799842534979725
-0.3385558307061948
-0.33292960982974534
-0.3573067893186697
-0.3330035390472565
-0.3712291355026861
-0.31040124097104577
-0.35490559973673963
-0.3049218626931452
-0.3079502159401382
-0.37516468185141205
-0.31412532316424807
-0.33883681417916617
-0.3273610048041742
0.3332478039218771
0.35329630588519084
0.3605487307509523
0.3209095646849276
0.32144320786102554
0.3499834088544396
0.33696057730662526
0.3629219648374145
0.3602367660367757
0.3417477897522662
0.3274234252614903
0.29125800573309857
-0.3145193658921984
-0.3003244448621604
-0.3420052537123089
-0.35541790780471827
-0.3882958042631254
-0.40405458955866264
-0.3257958352324675
-0.3424571755651533
-0.3579016978710348
-0.3208535967717516
-0.3160339458361429
-0.34590376840536846
-0.3310492113190086
0.39220097061951104
0.33820774029207334
0.343097211202602
0.3396248297616855
0.30814626672120193
0.34312480873377976
0.3443734034781735
0.3447301816340836
0.35029468173082634
0.32293513354540737
0.3385936637778503
0.3270386367223987
-0.33611363710820963
-0.3441376593007251
-0.3474073899248611
-0.35571664216774834
-0.3409423497623049
-0.3473992843881122
-0.34803778104039534
-0.34117260482407996
-0.3408736607916939
-0.32132315703837444
-0.31907544360606166
-0.3595136116744951
-0.3618748722358823
0.3821189533344308
0.3714112285247293
0.33718981297733763
0.327293376965442
0.34918724967132964
0.3885240013375181
0.31526266045718176
0.3401378033263285
0.31291985214699586
0.3264762392482087
0.3611383338834881
0.3573861561249026
-0.34981391928859573
-0.3640178972442114
-0.3456447488294442
-0.36434542758241134
-0.33792834945939765
-0.3525269092761486
-0.37549356287253116
-0.3413436600023624
-0.3598485039898491
-0.3275920969201101
-0.34516390684091036
-0.35050557092529994
-0.3570434744258547
0.3047663512111342
0.36220950839847593
0.34289823648525014
0.31463847393040767
0.3226129440251243
0.3540305663553999
0.35459420046916834
0.3484407179904482
0.35031027660767866
0.32863975956944497
0.33871205090042517
0.315725730712106
-0.34681355836257277
-0.3576538266366094
-0.3063998888027767
-0.33808120827068255
-0.36901632682112195
-0.31427084237706565
-0.326299129724727
-0.3396184298875106
-0.32165630899348174
-0.3361150198797478
-0.3519715259044457
-0.3186191728827957
-0.34594634149747977
0.3705634631497633
0.3676565862131613
0.3279046697671381
0.31610481903153154
0.36204455066780755
0.31255346412489804
0.3254244646733637
0.30923194961293765
0.3047086695492277
0.3159652128728502
0.31944193716790276
0.30870759558252664
-0.32546608773805524
-0.32535369187042423
-0.35560833203531855
-0.3575830189259268
-0.31697272632569995
-0.32947681840531745
-0.3247776396335441
-0.3266303158950836
-0.35801656976992263
-0.3269732735006202
-0.35414774220921097
-0.3158470070869226
-0.3500333001056754
0.3602461671041044
0.32620218495948033
0.3690881920496212
0.3466488641681011
0.34881160775404313
0.32293855648905195
0.29049082262398596
0.350105037526278
0.3494674431721596
0.29978695033115704
0.3280743634857371
0.3368474825623315
-0.33503170011380157
-0.33760002082432455
-0.3581957822705676
-0.3465225702949914
-0.33980498455974384
-0.3637913069482516
-0.3422769461829655
-0.35803302637642037
-0.3466514398764358
-0.3601471472921969
-0.3100228151447576
