0.43006804698351614
0.276002240080891
0.12532359309046714
0.07343405417352242
0.3410197494444142
0.2122323786288806
0.4165166991643614
0.44159381423435295
0.25096728507564064
0.1884763992305582
0.42678671372715243
0.18620350625215137
0.43685420211879183
0.06275716487194839
0.4736670602204378
0.3272477957984704
0.2635606744024602
0.37930033945604524
0.4184838811976363
0.17264406952991546
0.35835818898464333
0.13911861916470994
-0.012153535331521012
0.4349896895377029
0.289066326852446
0.40053429380811184
0.28446409915694715
0.26118730752383357
0.18385402182178381
0.35651834726196235
0.37512690444621416
0.1407313329675936
0.418044992180721
0.39203671883726793
0.24211149007354238
0.297764360389583
0.23014970449826375
0.11196119217359514
0.4315461769651705
0.09012690683113167
0.3232027424501605
0.039435204824963085
0.37191934543850425
0.31150677788614045
0.3509180784465503
0.04657407422577164
0.46524773706899786
0.2730341655848438
0.24785843580958256
0.3880325233559385
0.36432063456732827
0.431002726059205
0.39029139158790344
0.1474057160380119
0.29339973545517767
0.022519200347391848
0.28096948141668954
0.24409010178603208
0.16448999901888148
0.4293376652858275
0.16519055683088432
0.3873152391039361
0.34457023777341916
0.26753930277178406
0.04603431897832539
0.18052682345058674
0.04401917326492566
0.13622055777428171
0.34006966017353746
0.1437695428298891
0.15180887544323576
0.38802421237222445
0.28917408971031383
0.2180759577442886
0.04682441643685737
0.256511204794785
0.08958188522650457
0.16645385652892442
0.08007971919690803
0.24175578326048422
0.21109942217815852
0.3302417983577142
0.26456295421595577
0.029965556105376826
0.017158789264535134
0.33908334199587936
0.06742107684276935
0.21195102912915498
0.34693137783565836
0.07319534245933834
0.13570677415385135
0.19275693731044766
0.39704274234665365
0.1904682495090638
0.27280638832026877
0.32814213489590555
0.3349099178789662
0.39414406594304874
0.2671520538451418
0.1834245162305628
0.1664442174077204
0.3254529496364795
0.16337675180460137
-0.013402797231902625
0.19252420973688783
0.20489490231325816
0.1109646977803751
0.25989124052056495
0.10033271550344663
0.41476525438846534
0.3103716662370339
0.4331072419117008
0.31342533008490703
0.20655888502028055
0.12885285400409766
0.40245324574035113
0.2935046549602393
0.1876883604749365
0.394337687146373
0.31839765851289625
0.0827189162506729
0.3609384359626191
0.18699465517608307
0.2239705252695745
0.44906786028902806
0.05871492312010858
0.4039480992335809
0.3734823935113194
0.27684434469072366
0.2871815164709373
0.1706097705473427
0.36234027109273836
0.19496010086569746
0.21050751979424906
0.1423692720853517
0.11820676282006082
0.22779346732298217
0.16325493165229904
0.09115600161566866
0.03652481359916919
0.06566507354172993
0.0914664188747536
0.06663823869415209
0.1403094003088014
0.4899780271753068
0.24421626755610026
0.4436643515554456
0.4004222034128032
0.21808180306946268
0.12761105417093857
0.34144204412274887
0.26452841871993193
0.03314063039827616
0.44997706757851574
0.021703603311120395
0.07227761836265026
0.20442916320597787
0.16354610613564155
0.41993409851028934
0.214472140268526
0.15312104455326392
0.36483191643179963
0.03203788096622176
0.009873411973253143
0.4568355061914668
0.26986547293917323
0.225920651501468
0.39367560492791875
0.16344711455493083
0.06777352998239677
0.0718168292401824
0.08374789019856378
0.04917974688636753
0.1381906868697828
0.23007989356006966
0.1366396176025927
0.3271776056524103
0.4411207272985428
0.44705604062603005
0.09991436681326449
0.04089672919316444
0.31482967202532647
0.32649328754712803
0.3101509810207933
0.1625303817211931
0.11357825095161156
-0.010960204439974364
0.33650309302315823
0.3409177682531442
0.250797690742254
0.3605046250247136
0.34117833401953707
-0.0069711802080361235
0.013736840631250273
0.05364135336497356
0.3936816356315376
0.20491629260988153
0.15077623660133524
0.38306774309978414
-0.005433125270633308
0.15076884947860716
0.29460391085746607
0.1323145889982248
0.05218641908249894
0.38198955360914333
0.39581222675809363
0.3603058734356221
0.31266840535536355
0.09889422792073288
0.18280207363878836
0.44726593997564384
0.01292356166056809
0.3883097521053416
0.14896262989829093
0.06905190523671674
0.14143286324021087
0.17886627899267868
0.3278409135616919
0.14200780322549986
0.08415451486674047
0.3412630343591592
0.019950079585619007
0.24418445438444558
0.17819439363989048
0.13656523843394097
0.04231595145423925
0.21915087507563705
0.18817478231107718
0.1961655034845658
0.20994901358916598
0.04183741242750022
0.19897005926058697
0.359088562153015
0.10276836511806715
0.07670219888777634
0.1802054013320879
0.12353850172322298
0.27250937688378096
0.22929665893624204
0.28119471500014775
0.0718627322836027
0.3875056147694777
0.40834457559349335
0.38286186458100724
0.18693142789262976
0.1534316131736767
0.37797857403736934
0.17983303503000295
0.08029006793645113
0.1090304723062814
0.39936426104710027
0.24289124016072935
0.4177506190263026
0.2853427793191221
0.2788144779297891
0.015871991013309234
