0.7073756568662443
0.7751278060566137
0.8040255339938102
0.8392314052442202
0.8697545189047068
0.8690701144738613
-0.870640351705925
-0.8335115699355816
-0.7904125592970495
-0.8106320936029523
-0.7765152353563147
-0.6972870162240935
-0.6838496335383799
-0.6407848105229054
-0.6111641477648347
-0.5972423999029844
-0.5195254238094066
-0.4401512590361533
-0.4501901744717367
-0.40267150858196854
-0.36665919484412896
-0.2954810738045788
-0.30163291342605075
-0.23732577813753927
-0.24286729875050062
-0.15699885488626378
-0.15243492781193826
-0.1594443524118782
-0.07879269220402485
-0.06048405568312084
-0.02058595004995438
0.009680859929256682
0.08137503763984527
0.10223633655027704
0.13894998157579386
0.17877611766086526
0.20905668399438898
0.24837262416271325
0.3005241309202015
0.3225180165485924
0.3437349770652501
0.4063016687644119
0.4296805878088607
0.4788319868732078
0.4998145341367274
0.5246385585110165
0.5449344055412672
0.6123221549062793
0.6868378087120048
0.6989810884054325
0.7043720793367662
0.7564410375515409
0.834421964156098
0.862186602751842
0.8237345082057963
0.9180297607163
-0.8625396425839307
-0.8345932797992176
-0.820983252803337
-0.7890057098487652
-0.7833555451128726
-0.7205028169345428
-0.6220309812462668
-0.6081448264509307
-0.5963394501650583
-0.5193664999621401
-0.5349110781007475
-0.484680037141436
-0.45079365731223503
-0.4148717411636293
-0.36922739719333747
-0.3049092462441114
-0.3107210945824824
-0.3067652337923892
-0.255751495952012
-0.2276456994062015
-0.1469907435763378
-0.133704617832872
-0.08070947052348056
-0.03731576827478141
-0.019825656934261107
0.026249478982294436
0.01747713783264858
0.1254103964734766
0.13898288952470902
0.17370363250361037
0.22220981566411174
0.2582750476855237
0.2604938366418783
0.30320530312060817
0.34575121200015346
0.3873150940879474
0.44515943493901466
0.4766520464860637
0.5196368264256201
0.5359162114045748
0.5566993041581951
0.5967188760151281
0.6762541871126855
0.6961526251636572
0.711734453637165
0.744123918653313
0.7899486215088499
0.8347069957644182
0.8983910409413752
0.876821101705942
-0.8892927460249465
-0.8587266933560669
-0.8795868840550355
-0.7778503693367784
-0.7809679784018815
-0.6947421262349165
-0.6568202315644578
-0.6262883062680227
-0.6160349092159788
-0.5586802502460108
-0.5228595264695302
-0.4971682097133557
-0.47409575938584775
-0.41556178752142275
-0.3899043193315608
-0.3162347531254955
-0.30431604411361124
-0.2710843545328999
-0.23131512953763564
-0.22165418875550325
-0.15705571800156018
-0.1300903807348243
-0.06864219872898955
-0.04510275747153164
-0.005532983601545123
1.0159908968285225e-05
0.046722654242560946
0.087960962504229
0.10728146634570995
0.2019079965497547
0.20435317396727043
0.21788607238716545
0.2560749316788941
0.3002447083835454
0.32940730817044833
0.3909395095087638
0.42916417874174173
0.4569748489771822
0.4954399159883894
0.5436110906107218
0.5887745508198706
0.5908957929307032
0.6621243375126091
0.6846670357381082
0.6866416529751231
0.7319263120032401
0.7938527429421157
0.8238706028241072
0.8686055943767239
0.871883873198521
-0.874230574808188
-0.8911583606339363
-0.8215775318767893
-0.805528110656052
-0.7394989130014447
-0.7211314546244624
-0.6943524199739246
-0.6779729507868704
-0.590817517856069
-0.6229596391409771
-0.5354513963063231
-0.4832001817677105
-0.456220511861322
-0.46065494630274245
-0.39283962559280644
-0.3663796478352212
-0.29439559238797347
-0.3181657605703731
-0.26504210624736724
-0.24153452977914214
-0.16302954256128652
-0.11520729174024438
-0.07201502053228094
-0.03414480336874602
-0.04903192589770516
0.005782680031510552
0.08218198208324234
0.08365776321864286
0.09850408002900073
0.1524250967401784
0.2053897430648125
0.2677071254193474
0.2592302883697927
0.3188950965258883
0.3493880567571914
0.36562858387480995
0.4338887532921188
0.43080048576618546
0.4996827884698037
0.5265655067883573
0.5524218072331213
0.6370710931904513
0.6594199194280059
0.6552945371905295
0.7014030432790888
0.7465630690497695
0.7680821371667019
0.8266787781305991
0.8482577898495939
0.8781819088790288
-0.9202553020321176
-0.8354919287991913
-0.8534885824390002
-0.7976850359469181
-0.79004160798478
-0.7555454364576423
-0.6782548821796361
-0.6771646928927637
-0.6160472860955688
-0.5883037079406158
-0.5634062674160417
-0.5277921182337572
-0.44950225358697815
-0.4627128116170717
-0.40523298379809436
-0.370596232478604
-0.31628794365606794
-0.3057310772593981
-0.20545584679564136
-0.19683409816150302
-0.210161293189761
-0.14138688086161957
-0.12999235502737
-0.05751311703298747
-0.030114428186330706
-0.0001134415557696878
0.03821753537891735
0.09747245902694754
0.16128183413363442
0.14755885884482173
0.19000259505153771
0.2234071641082565
0.25548005466173757
0.2939477548152954
0.36051074622098195
0.3854547930878656
0.39810879602949284
0.4331248937119339
0.4943254363588654
0.5175875468499697
0.578187163830318
0.5691811183390784
0.6103028241354467
0.6495093223086023
0.67065046314777
0.7577883109984265
0.7533574840169385
0.7792848945197172
0.8452149314520511
0.8764567015839356
