0.8272668671565019
0.8341008438792449
0.8690223088587965
0.8553032875107069
0.8079075930638416
0.8758097134073932
0.851933866211698
0.8288038772294615
0.8335212352458689
0.8438552603876714
0.8394370863394475
0.8115768978494572
0.848292824746339
0.8268692690664777
0.8797904987381672
0.8219645651873503
0.8747905878953279
0.8123888376719176
0.8612326919734746
0.8212921158968255
0.8188719063358877
0.8143147651814022
0.8347561210712401
0.8632659577627813
0.8306850654513522
-0.8440895639395821
-0.8790771334848565
-0.8759227873840677
-0.8391040113217686
-0.7785948224117339
-0.8788586340343045
-0.7992046079099443
-0.8163847253301875
-0.8439490433083613
-0.8504318337819654
-0.7923744336346725
-0.8134147187535599
-0.8093993599401159
-0.819557678776038
-0.82418537352864
-0.8223933927910411
-0.8509288596074875
-0.857434454205766
-0.8519423890472324
-0.8519996999435475
-0.8393916294713317
-0.826998004455591
-0.8338893382158492
-0.8650248540252996
-0.8863490638561309
-0.8681663315758685
-0.81935649979484
-0.8533532045238941
-0.8060449158928167
-0.8362476767404671
-0.8093721098028185
-0.8238186438897166
-0.8685004130610213
-0.8429704980222714
0.8335509835312047
0.8151694292658409
0.8190232625966742
0.8264813736026551
0.8495889313830488
0.8317069329448483
0.8849688273719446
0.8462295637216577
0.8269928980824522
0.8462698069519692
0.808173862322813
0.8434732980492642
0.8441704459646419
0.835943725334848
0.803266483123119
0.8127355835833509
0.8340687838943512
0.8432612696692219
0.8056402786262605
0.8262308615764351
0.8283818700011669
0.8438786810492108
0.8451944613697159
0.8267184697726031
0.872382201292833
0.8580489050697784
0.800647776215393
0.8465765722065063
0.8543701468150956
0.8233873706335423
0.8428291118691643
0.8090132589720483
0.8372930078642766
-0.8248752996305463
-0.8469001935008702
-0.8202524754294792
-0.8284237960181535
-0.839250712301005
-0.8224973912050129
-0.8119000568386014
-0.8649559778285865
-0.7898951802415183
-0.8141006106638146
-0.8247651723207174
-0.8296668200372088
-0.8518704770546832
-0.8553662987214805
-0.8196875211048569
-0.8665290931596904
-0.8787241933241151
-0.8488488370578435
-0.8370854595080746
-0.8337595219369003
-0.8321119700518571
-0.8265147335287051
-0.8181537641166
-0.868198210308845
-0.8035042948045785
-0.8565794919134568
-0.8284971445135202
-0.8226856444507955
-0.8158366028482775
-0.7956370767204589
-0.7950505088253951
-0.8491152120981033
-0.8647001068326875
-0.8341303077524233
0.8753167230579949
0.8386105753879399
0.8537804669493362
0.841503501905753
0.8497680806218509
0.8060564079217531
0.8678666778006543
0.8161148475370912
0.8576723436888697
0.8241971148882904
0.8285327390153945
0.8336877292598968
0.847725058226782
0.8368754153891289
0.8109388208515865
0.8412856420202551
0.8399027640265488
0.8577618308867756
0.8295149640169519
0.8675915642019993
0.877298192929281
0.856213470534154
0.8288018521910857
0.8427550145238452
0.8429662299139644
0.8438222024145967
0.8201467234935267
0.8171847792236161
0.8238299685800817
0.8323084805989546
0.8253898795309389
0.8524874944904431
0.8619053756131945
-0.8583969368811745
-0.8383489954574413
-0.8227463551414675
-0.8210725382212226
-0.8245037560037685
-0.8242668159725337
-0.860594111688936
-0.8421424375723124
-0.8407943539285291
-0.8653860061578575
-0.8239319015829666
-0.8748518392298215
-0.8250295681640856
-0.8445965630305443
-0.8424560264375779
-0.8441545337967553
-0.8022181958985255
-0.8245331358966004
-0.836148426333401
-0.8629303926946725
-0.8732971876233401
-0.8331846319943905
-0.8364051572073892
-0.8059771253932111
-0.8348901524689534
-0.8199071549424833
-0.8692723752474042
-0.8451885051133797
-0.8629858824661703
-0.8303371088685493
-0.8153417455758754
-0.863585757378573
-0.8389760363985364
0.8279936984438099
0.8170449261319114
0.8260325955164436
0.851326750927424
0.8226319546885607
0.8549968460434043
0.8215309503945538
0.8360121238058992
0.7972657362681922
0.8389830013173728
0.8183585895906957
0.8543284702490029
0.7997449288904009
0.8271193382499108
0.8443419122276807
0.8458421787205478
0.8578534977174039
0.8619667691845418
0.8530760535529239
0.8409160992657122
0.8153918302477856
0.8252128574223689
0.8346402830412659
0.8272476586639018
0.8636002261543171
0.8346562769263335
0.8507891774962238
0.8520336554269724
0.8443448215847407
0.8622790550407529
0.8545897095957515
0.8599867422090685
0.7916499426868575
0.8098784409549239
-0.8503050473872623
-0.8321719624224904
-0.8301270429229954
-0.862940336961289
-0.8476578990629643
-0.8602279352237394
-0.8666317420306178
-0.829864971562507
-0.8149281927507847
-0.8530471724628474
-0.8295486201207212
-0.8138014137740627
-0.8644758807844346
-0.8391619172593313
-0.8488084256443846
-0.8206486733515973
-0.8360559698891229
-0.8490012034496217
-0.829799711303578
-0.8154908234400002
-0.791784064059756
-0.8451424480228882
-0.8753931737969142
-0.852653391616043
-0.8631634963197798
-0.8655964022953812
-0.8450279469936336
-0.8392212814661895
-0.8519709760612014
-0.8486701916699635
