0.8088810779334319
-0.7640710581713406
-0.7966318864666557
-0.7712623567222132
-0.7968199871415262
-0.7793050799151161
-0.7861312030897535
-0.7958418920192847
-0.772002492851226
-0.7468586182749605
-0.7829342472942673
-0.8173322969604924
-0.7770932757661465
0.7826702900428611
0.7777582728707733
0.7438373830428563
0.7581521076976507
0.7775689895423149
0.7436458245293653
0.7896591216845352
0.7327868307893289
0.8026681425408212
0.8019016229899383
0.762201133561201
0.8105652637810593
0.7709576484259504
-0.7912490791474824
-0.7796123779039381
-0.7969493544871074
-0.7746368636687699
-0.771134907246563
-0.7480847981750776
-0.7901790867554076
-0.7803342679690294
-0.7465379116043351
-0.7759849861734895
-0.774582609936049
-0.7835099875116457
0.765174464945378
0.7974078832734283
0.8019512974585971
0.7555986680711013
0.7810914269628628
0.8027240524179121
0.7463096858684222
0.778287847432737
0.7735148820771364
0.7914466527348402
0.7977505777323661
0.7578029248201482
0.811756619994072
-0.7496816287227295
-0.7678337801558377
-0.7869113301309529
-0.7893312482354351
-0.7744416382944274
-0.7615721094257137
-0.8124250481558208
-0.7752988106941308
-0.7951007470361896
-0.8121713692975778
-0.8045193492161901
-0.7959868508295238
-0.7751590455688684
0.7941350047054406
0.7742156848702004
0.7909960054839877
0.796204695007383
0.7565906663977482
0.7708472059083347
0.7955250715693652
0.8175559110099524
0.7466611167497239
0.7837504398235049
0.7529460148456326
0.7870994961813577
-0.7779354422647299
-0.7587778740609362
-0.7642635380721524
-0.8210835655239376
-0.7540452115102156
-0.8128337431171868
-0.7542730915086023
-0.7993255267652603
-0.7833809098033054
-0.7642145393590317
-0.7368236184978372
-0.7903643829604139
-0.7818990243177603
0.8155769384603353
0.8186231005442819
0.7681318358102203
0.775829730497684
0.7938576804601768
0.7622007710142856
0.7977860970775882
0.8018148233950041
0.7682026745189756
0.7580954493063307
0.7748674738544393
0.8036478161050782
-0.7748930320189595
-0.792095225798692
-0.7320530855677336
-0.7929584291213869
-0.7652087403549966
-0.7962136646060852
-0.7419303870133226
-0.7941568527681269
-0.7811295272307612
-0.7673560857092105
-0.8003648825255666
-0.7808061856158509
-0.7884436492237273
0.7756084393824618
0.7843366764905665
0.7852219269290898
0.7966998493008642
0.7810376168762766
0.7606769669486455
0.7949577268932516
0.7943856595916068
0.7457096025324208
0.7987379934488407
0.7771818027444021
0.7777727772424139
-0.7711874513441871
-0.813505660870577
-0.7687677231033098
-0.8070849493069489
-0.7953224877249911
-0.7488677520026669
-0.7418077582959737
-0.7936643281115188
-0.7932998468105836
-0.7782392283416646
-0.7942773483923158
-0.7813016902917758
-0.7788442973676853
0.8106355632659572
0.7772342027067781
0.7950748787739502
0.7636460945402592
0.8416617613669769
0.7892544209449095
0.7741067220488286
0.7969007564356322
0.7517628540033406
0.7721924325200996
0.7859751340690406
0.744857093085443
-0.7916494977760262
-0.783665190652033
-0.7962282116016094
-0.761859850854695
-0.7592420407834299
-0.7744993749036356
-0.8090459951717904
-0.7867399151950133
-0.7713842015473014
-0.7705845814711163
-0.7795283611637479
-0.7941622616041655
-0.7978045402747881
0.8094189463324173
0.8282640958625098
0.7709117272456668
0.8077621348311744
0.7666564266196518
0.7573873262731646
0.7517383697980639
0.7841439073432757
0.779242851635138
0.7529638733004345
0.7744084332316491
0.7383953362964013
-0.7826507982543204
-0.7992868812814737
-0.7735077280797176
-0.7771398472096217
-0.772933975723213
-0.796989941622198
-0.7277557608309048
-0.7537724365661574
-0.7202099508360551
-0.766935119256689
-0.7970973262600434
-0.7757314303127139
-0.7911276726716355
0.781566884953044
0.7967198599914231
0.7462914128903799
0.7690098296761125
0.8008158456410494
0.8411935003875749
0.7928553357284994
0.7692945458253936
0.7754183964625301
0.7590046239585202
0.8047291218871767
0.8180768108289038
-0.7644836478614574
-0.7836159880993929
-0.7907995215854938
-0.7173490321526376
-0.7767897003066871
-0.7567383228900315
-0.7676940361725146
-0.7402713009278952
-0.7765697662990577
-0.7830818766959444
-0.737167411713664
-0.7842473035535144
-0.7824923641708335
0.78939748908025
0.7894762987710608
0.7762869059068669
0.7674786312881251
0.8060838405439104
0.755337641019252
0.8024136584675873
0.7610047269357297
0.7819156312641041
0.7743476988586744
0.7560377813361615
0.8204710656511051
-0.7703485019014292
-0.8145005742040548
-0.7969740039636543
-0.7933001855116246
-0.7753048937456498
-0.7893345917877415
-0.7987974355534386
-0.7491077138520792
-0.7702433063010703
-0.8132111739431794
-0.7959179812580154
-0.8102185960425641
-0.7678689942267908
0.7544638675972706
0.7878720990981676
0.7937487641394282
0.7503196349412103
0.8143451961639295
0.7659521484171888
0.791684770070531
0.7882633672981317
0.762060328341608
0.7610035294984586
0.7962126023279805
0.7346612103799711
-0.8163569499343335
-0.7591222993629835
-0.7768158934132815
-0.7571478346278302
-0.7879370722243101
