-0.15092837238292756
-0.14886899283386307
-0.22351036486977083
-0.20716227974592924
-0.24876116465143036
-0.27683429194663484
-0.2970605647313927
-0.25544698692652823
-0.30340382164393964
-0.314634832552283
-0.31126050353063234
-0.3322094589604603
-0.3334909272258499
-0.34474712008434316
-0.3628024366083539
-0.3770307463049746
-0.3822761054085649
-0.3950800229308982
-0.40233097127263084
-0.3973307283124669
-0.4423901027957092
-0.42812361221400846
-0.3778089076323692
-0.3774634313480381
-0.3914652811592672
-0.35640297535181004
-0.36881914900309715
-0.3601254425765176
-0.31932181617925964
-0.28641104685705676
-0.3143153934805199
-0.28521109169464237
-0.24755585363163785
-0.2204436156049046
-0.2211588555468679
-0.19809831594252444
-0.16926916143276738
-0.17937590084963786
-0.10165958804852152
-0.11570551158914258
-0.11379420439357235
-0.08469440509082166
-0.05407576510506366
-0.029915120025469696
0.01562088756389297
0.05988708762406543
0.035228374755769294
0.06072271104606832
0.12281652368904317
0.12943600962036872
0.14125498396433053
0.15958065731985788
0.16743100557012025
0.21903494316637892
0.21799434232749665
0.26521220223519754
0.26871398422739373
0.2958785827648726
0.29197582411002226
0.3038417406228055
0.3062081327819542
0.3558237734450673
0.35090920516682556
0.3641909759198996
0.384462110472943
0.4177887735466994
0.3717174227459977
0.3742469388163288
0.41161094706602136
0.38434481674039905
0.3922383071904759
0.3687836802029683
0.3762486760522378
0.37818087746188855
0.37068355327226427
0.38784171878813983
0.38220503430153313
0.3610628456178522
0.30703841929887943
0.2883428725552502
0.34572880822771435
0.3222363756951448
0.2658781215490305
0.2715278952180163
0.23244287861847168
0.22303796905715578
0.1494695684984514
0.15245869886506075
0.18417618755757115
0.11669986130334427
0.09534414978072606
0.04845537291112825
0.09601508970883288
-0.006626786985499188
0.03141856494046038
-0.03590049466031084
-0.06146150282017504
-0.07477819708287947
-0.11903716529239045
-0.11600526031581525
-0.19092315507536436
-0.1740315005042752
-0.18873683614259346
-0.1976528594762961
-0.24515418043718543
-0.25749679787865853
-0.2901600566197684
-0.30335389228180853
-0.3286734005422345
-0.3481388582866448
-0.364396460368814
-0.3481853769505564
-0.35757706832720343
-0.390669678609786
-0.34335308908039436
-0.36391389409578245
-0.42921829839326736
-0.3853973296734115
-0.38996419184272396
-0.4093570465994948
-0.40157513823402463
-0.37595182855911674
-0.3884318127943752
-0.3861363364827579
-0.3969983565979691
-0.35136744658683106
-0.3136926249515598
-0.3314462701185132
-0.37089380127139404
-0.33064771130791876
-0.27820477006197925
-0.2833447223005121
-0.300286505888361
-0.2522762556853703
-0.2292539463114889
-0.23624341487348216
-0.19199875732764546
-0.1732760464474407
-0.11089406110386067
-0.14926940538817082
-0.046767625071043956
-0.07212042444780983
-0.060922524270588245
0.0009617690829134447
-0.01687074315028731
0.05686295620316931
0.05463292488992492
0.04642314470827068
0.09128749190722135
0.09885675881702763
0.10998405362591748
0.16311322399089118
0.17596118575800487
0.18641230532989245
0.23474196855088306
0.20826155997433812
0.2656195063865345
0.2970656839641792
0.3176823386034004
0.33308718525431386
0.3228892016089076
0.3631778280804571
0.367422557899823
0.401900814729666
0.39711199550583065
0.3808720228311244
0.3521379629018909
0.3908746447300305
0.3509631374485101
0.3882656966930971
0.4081708489626028
0.3682435122078648
0.36455577029257136
0.3674179056559651
0.37455975635399646
0.3633139227717207
0.37084551989546266
0.36362574345969856
0.34472832604819614
0.33499173834615076
0.30985485244126876
0.28281741397928956
0.28771373332286565
0.26427339520779486
0.2359416611767998
0.2616485070579787
0.1654791526146161
0.15553057071789472
0.12423008904033324
0.11482568070673484
0.1140723127365512
0.10249906812213037
0.04065297386096568
0.06888404931019118
0.019015277942127456
-0.004278844417420692
-0.06757028913761337
-0.05511504861606205
-0.09304529383872986
-0.11621495928045333
-0.15881963804640153
-0.14401092177096425
-0.15803434080674778
-0.2245390232025935
-0.25925144220065127
-0.21783780287176513
-0.25792493266288685
-0.30006629530253676
-0.2917683442173049
-0.3308159832623074
-0.30059314182157537
-0.3685804566724462
-0.3649600601593939
-0.38091788544563443
-0.37760335677387763
-0.3602468469365764
-0.38969393899411026
-0.37078945188268797
-0.41185031069045086
-0.4395505725820635
-0.37954118555338323
-0.3846374390716139
-0.40507075164345446
-0.40237434141371736
-0.37681194099871745
-0.38896841967778745
-0.4345868306569004
-0.36332310189785033
-0.30840080595344527
-0.3281552696703864
-0.2927910845504862
-0.2813617828781507
-0.2860260898756133
-0.24848539111496654
-0.21274537635438928
-0.205413696089013
-0.18062531476218935
-0.18458746770899345
-0.14439091080590363
-0.1492595738034036
-0.11272009252536468
-0.11061256717694044
-0.02692856231385692
-0.036697900462002844
0.0021400858705974118
0.04767570363837097
0.027324603912758618
0.06280647205756507
0.09219741981004365
0.12657299816700235
0.08329925413931258
0.16459917702630425
0.2144067800356116
0.21994388690604463
0.2315302933455688
0.28640044677168064
