0.9113301367644764
0.9707868946374951
0.9321244182549705
0.9709480104635376
0.937478070193917
0.9298562603952688
0.9211008372005157
0.9227060804280347
0.9306448171490046
0.9080598372879155
0.8890162404066897
0.9275958710034868
-0.9652614332382182
-0.9245984989808064
-0.8932745991924058
-0.9149211923678673
-0.9170144741642051
-0.892099452321868
-0.9269958991819737
-0.9195030288954202
-0.9565750265315073
-0.8794594323805635
-0.9503317415719377
-0.9182835528094383
0.9111099310614241
0.936969266229702
0.9425307603072717
0.9434674418633151
0.9030771567117823
0.9080309420887364
0.8971842013804624
0.9247988740733862
0.9188303730110505
0.9535154090686099
0.9349246286973766
0.9546791597666681
0.9332638815459107
-0.9091658706231709
-0.9033294162448533
-0.9345107194588445
-0.9481062390285868
-0.9187065575631491
-0.9537051127290034
-0.900294072359828
-0.9279948126514644
-0.9513924655583056
-0.9398832092375227
-0.9163018387838515
-0.9385029173227175
0.9318865239063587
0.9318379294939311
0.9345992504030096
0.935374600756615
0.9516327640369752
0.9304842817084498
0.9403094517489133
0.9202748022403383
0.9553688152400398
0.948232056336227
0.9428953938320298
0.9518367372348066
0.9142218093462671
-0.8735542007271404
-0.8974901993943999
-0.9803012401208127
-0.9103946071236021
-0.9343312250498625
-0.9179408958486376
-0.9347062743819667
-0.9336695544854785
-0.907313621454396
-0.902513094340596
-0.9423800914265704
-0.9056336034689482
0.9031197295650781
0.9220026872249957
0.9327059207177152
0.9206705732150786
0.8859679782739586
0.9580955253214353
0.9352016882425508
0.9511153383391883
0.9392907313505321
0.9622419324892657
0.8967949408555883
0.9072866370542292
0.9107325023533128
-0.9035142991134837
-0.9187312252950044
-0.9185414058908447
-0.9721105531340847
-0.9054070968397879
-0.9455609568926997
-0.9263053745584356
-0.924229892490167
-0.918941744600923
-0.946436380809095
-0.9250026796154921
-0.9432428869643276
0.8726125984209157
0.9386330252922713
0.9466238753281485
0.9428822249738941
0.9437482148091848
0.9073392473030162
0.9473359595942181
0.9400845134178696
0.9312719947688552
0.9205939078205652
0.9446910648540138
0.895874961042013
0.9186443230187938
-0.935518393802382
-0.9320460219775266
-0.9098803656071404
-0.9097836243377075
-0.9726786386152811
-0.9353840590622478
-0.9349194017168276
-0.9127835966645181
-0.9336451369365244
-0.9433376710180595
-0.9125472048219965
-0.9683479754343185
0.9161623113148828
0.9196258837361362
0.9083881432993135
0.9433180054367173
0.9261318515692257
0.9296375300685922
0.9349749890751512
0.9202119671653284
0.9241270882235201
0.9272712299418674
0.9295126602524509
0.9240806698573711
0.9209713747523917
-0.9524541421606046
-0.9549505671174587
-0.9310927150875892
-0.923376942095193
-0.8821765083617081
-0.9437937742753905
-0.9327202393540757
-0.9331255378895505
-0.9273308618108493
-0.8988509847437762
-0.9063342398786435
-0.954672878002815
0.8955694874080282
0.9034330481876923
0.9213234361714375
0.9304551145983516
0.9445880633029797
0.9108571491996313
0.9189108610795618
0.9168336020359185
0.9127724596736583
0.9063825053793848
0.9298753991514254
0.9198502804517044
0.9298677945843147
-0.9372639356977114
-0.9221619345055916
-0.9151784005428365
-0.9354415856290257
-0.9402558177403693
-0.9407454455853975
-0.9390347807810409
-0.9435768605729753
-0.9011109333679762
-0.921403615997204
-0.9125212202294163
-0.9236816561683968
0.9113188494969412
0.9352027813256116
0.9220728193596285
0.9272318962655941
0.8847110528828313
0.9389072097775859
0.9099048436697745
0.9318680558936823
0.932630499440778
0.9432994558536201
0.9248578218649991
0.9324591062102309
0.9410225239374882
-0.9502491301474156
-0.9190647903051975
-0.9379966502204639
-0.9492618277832341
-0.9315170604293376
-0.9185604591802412
-0.9116662569891644
-0.9208063187894715
-0.9343270290915577
-0.9479095170196645
-0.9215713826817018
-0.9191402804347908
0.9128616769451696
0.9425663865138946
0.9066792379593552
0.8979547350120494
0.9357467644562615
0.9640579987432586
0.9570966868016387
0.9556076073558541
0.9230150382048742
0.9229072112174913
0.9228003128162026
0.920003860121969
0.9025342148158622
-0.9184300217051526
-0.9030550288587412
-0.9336546027679186
-0.8838731112420772
-0.922551196365967
-0.917380379802513
-0.9126635813346915
-0.8896215173217829
-0.9268872081371505
-0.9198013420157808
-0.8916066833925944
-0.9259464060465707
0.94147304796716
0.9301538839551935
0.8969024155665348
0.9400484910855366
0.9275842462847653
0.9256556643404554
0.9613830853219005
0.9372032769406173
0.9478452564065256
0.9165757772768997
0.8929126440543532
0.9339635854212476
0.8981605897154932
-0.9614981614117386
-0.8841302768675688
-0.9400401313820347
-0.9440306588036756
-0.9132267796045629
-0.9154001464487294
-0.9701473922605275
-0.9170101856243663
-0.9068459315831177
-0.975908964390214
-0.9064190258173551
-0.8995247064928427
-0.9096539607312635
0.9283648137471014
0.9072640411590104
0.9109685353413958
0.9326632985675724
0.941445833372417
0.9248102282473578
