-0.8030369943559535
-0.7672905273606423
-0.7279338700429027
-0.6568812209590611
-0.5635907041874899
-0.5334452027092316
-0.439191529992364
-0.35511653184566383
-0.31045069349559246
-0.21165012947686676
-0.16801386845940505
-0.03371896274817633
0.0083099729660412
0.150439957815047
0.19879453165864433
0.26712165876878136
0.382689297529083
0.43830163704916636
0.5134502077966575
0.562423980931947
0.6677146340134508
0.6793003522016332
0.7383811538696636
0.7955678475484926
0.8489408474244309
0.8161454589560291
0.8637757560965367
0.8976866455344964
0.9258219640069327
0.9021828746408547
0.889213766082768
0.8859934384396624
0.8365256284350747
0.772126223443514
0.7860037445415282
0.7169443372453792
0.6676708452768128
0.5943273080425584
0.555771189057845
0.4199642101493673
0.41277427802367755
0.3461763672665977
0.26010625753515293
0.1472504009009657
0.0974906371468681
-0.013854128558508073
-0.08713162180564957
-0.19516730511595085
-0.23765107060665608
-0.29661491686483704
-0.4060380744061389
-0.4750969240690235
-0.5690417039555034
-0.602476487191461
-0.6632675507771856
-0.6750088967289267
-0.7569751351566751
-0.7772798123326835
-0.8213421227574934
-0.8636216165723155
-0.8741309042369247
-0.8627007142211826
-0.8860882386319267
-0.8621046103710847
-0.8596043772481502
-0.8035532831385526
-0.8272230729201593
-0.8350909469156368
-0.7246301991515199
-0.6496729537596466
-0.6353939795915285
-0.5494641017198518
-0.5248507876601756
-0.4502114626758462
-0.34078005585229726
-0.2940405103143377
-0.20851652903159917
-0.15337172716031486
-0.04347793277551501
0.047387262694453675
0.17508135781507037
0.18932782384751917
0.2725792613909489
0.3609203379631878
0.45667405481145307
0.5323294892448825
0.5895058327660286
0.6336992132948084
0.6882532035062039
0.7614439891087994
0.7838288016604091
0.8478782879698035
0.8746453797007252
0.8884828342799841
0.9315544755018108
0.8820903837192602
0.8952116253664204
0.8751516672068627
0.8426182224160391
0.8109852704330159
0.792736383928551
0.7755931646286961
0.7166042046414445
0.6822375092727283
0.5786680656328475
0.5337873933303605
0.4419924245878944
0.40010230126070306
0.37929657598780947
0.2614967103816358
0.15318214343461886
0.09176467112209924
-7.008198143381751e-05
-0.0788594510154306
-0.15627036358971674
-0.2546359818864537
-0.29729828926636287
-0.39395869322390514
-0.4680901024976159
-0.5301920043124531
-0.5922333938443125
-0.6695981890852203
-0.7280010098412458
-0.7863920032781623
-0.779427551418132
-0.8765830955086948
-0.8745216064746052
-0.8826352563512712
-0.8999573184172074
-0.9239391514757544
-0.9133112244555219
-0.8591772329836844
-0.8423275383013042
-0.8165291269113149
-0.7979265589355756
-0.7611026144369447
-0.7100831048932904
-0.606063578624758
-0.5560096954283905
-0.4956720210239824
-0.41321418215886724
-0.32676009062672673
-0.294185342420305
-0.1899892789940143
-0.12672521327488187
-0.01098141624469385
0.021297079000285057
0.12832989508078635
0.217550262855271
0.265790330286694
0.3876966450747272
0.4614391959073261
0.5033347154429288
0.6058951285472531
0.6771185543273661
0.7169736565404509
0.7833907519276351
0.7869479497457861
0.8526212662725206
0.8594193145942497
0.8892171190444284
0.8960999634045735
0.9051421361734876
0.9066589881033214
0.8398025516854902
0.8371081932082037
0.8050426959045568
0.7861685414402899
0.7191176671374809
0.7189236946445992
0.654776467055835
0.5982047145956024
0.5165895453034115
0.5025547215422767
0.3864776959630638
0.29641590291105907
0.22658192685394446
0.15680263852810128
0.10073748066374649
-0.01606101165982532
-0.10057380977382788
-0.17365374724996574
-0.27390346092218976
-0.3295774091999169
-0.44455229459168555
-0.4983453549178158
-0.5531039054432543
-0.641992388173895
-0.6601816587682914
-0.700396326365935
-0.7865192615047579
-0.8042957500351644
-0.8236857810283124
-0.8723109343286489
-0.8904210601551664
-0.8944213196306962
-0.8943303294319808
-0.8458554170126618
-0.8620888940814113
-0.8500817840834175
-0.8469489371166934
-0.806872491456473
-0.7221622686022152
-0.6766398749502189
-0.6012625479240427
-0.5743088343131048
-0.5162783437203309
-0.43076044581647943
-0.33184492184109343
-0.2891252291478722
-0.14465566255850504
-0.1095350702925067
0.017489746980248556
0.043546060359761274
0.12648234734927907
0.23350790133519475
0.289810994763522
0.37003626692665614
0.4556189616223332
0.5481660895642559
0.5725554599452156
0.6537001229453079
0.6882562850076542
0.7488848652604772
0.8135696840589726
0.8284274877086808
0.8218063770377052
0.837701944241187
0.9026453987177394
0.8812889548804841
0.9111628082197623
0.8763693563384014
0.8704068525872319
0.836391103955769
0.8047862508894381
0.747449443241783
0.7095693971163752
0.6878888104168717
0.5880804630229857
0.5360979115939807
0.44838799993430706
0.3860468496047246
0.3105215668166974
0.216409431375029
0.11211843872406971
0.0462911572978099
-0.0240810496620755
-0.11346782419334113
-0.17084874970065683
-0.2582797340898455
-0.3288440702469007
-0.41966069721206734
-0.5137800874749328
-0.6325777978045873
-0.6262904360840986
-0.7088967316356019
