-0.5768583018762776
-0.5799326836507385
-0.6200539842092366
0.646874382453732
0.5885593397459163
0.5455231897746852
0.5100957897411053
0.4585107971749553
0.42717599768216175
0.4273247465014098
0.32291035378705646
0.3055795159637004
0.2586433713925418
0.26552936529898435
0.18918644295817114
0.1687900945183249
0.11717109091895848
0.10162244187795022
0.024309561032945723
0.016142451822684825
-0.029575999785418063
-0.027445553017889195
-0.13217704804864383
-0.15154655716159052
-0.17273711087547344
-0.22042441453690376
-0.2438723388671686
-0.2633062122105981
-0.32567233199383405
-0.3880785158441781
-0.39422926348490633
-0.43423878819458633
-0.48372085155941386
-0.5289858986043601
-0.5941428808796573
-0.6209978652490802
-0.6390428125049537
0.6257371463019775
0.5633093526853038
0.5095045763784939
0.4996202468423035
0.42173171495685513
0.38502017335708755
0.3861277274790207
0.3047659443390873
0.30474181860469735
0.23747249362852596
0.2335250928060187
0.1770092893661414
0.11376361312643793
0.1204866354633764
0.0642879130300226
0.022107188777676666
-0.006985241684827291
-0.026210278832933753
-0.09454541069001002
-0.09008334965525777
-0.1537139324587541
-0.20050794005900907
-0.2449342144128885
-0.26574884497364964
-0.33669677868171927
-0.38208225024282755
-0.40648199945200036
-0.46123075329512814
-0.44463069099771285
-0.5026464655711264
-0.5182145651384735
-0.5656814808734606
-0.6323946402242681
0.6715642442926417
0.5624122413711622
0.5456041051121234
0.5218791453020151
0.47228895232498913
0.44728023625058155
0.38002988158746126
0.3656428644971978
0.3410246823323714
0.2803899203288801
0.2313357304091438
0.2166154513288877
0.1510537244366344
0.08592753633689934
0.08859027736539292
0.06313911006166627
-0.0009611182593081379
-0.025023380837660196
-0.06396615220769514
-0.09500100409774166
-0.1501173159124947
-0.1835925596990653
-0.24830675092157528
-0.26609097990426905
-0.28895919179715024
-0.32550155082136395
-0.3728565798420387
-0.41463112603335633
-0.43766398112585203
-0.4823732332167697
-0.5677249928366385
-0.5506093649219412
-0.6197770798878073
0.6045103232748787
0.6005915147953754
0.5954803116627464
0.4973283922841322
0.4912130428567372
0.4047111720354397
0.43087371599835017
0.3608435750174909
0.3361423904264835
0.29390772711636187
0.29712160376767477
0.22590786568548557
0.17818134468245045
0.13402700584329166
0.11589343961891754
0.05416332905997645
0.022887076821062936
0.011775599677850232
-0.04650535210689592
-0.07719713041685387
-0.15098136846226523
-0.15861882400690497
-0.23361111315337335
-0.23539857922610538
-0.28974201181889536
-0.3463720938403038
-0.3899127684636558
-0.42150649791786504
-0.4341997227035139
-0.4644120614656141
-0.5612355023746678
-0.5372511190474032
-0.6239156472529814
-0.629353252098613
0.6517988132014161
0.5598108535782144
0.5555968108978144
0.48494060532568206
0.4998347541273317
0.4414000485470066
0.40389165330084453
0.38427137818890816
0.29810433102463185
0.26389850054936936
0.20907900110282854
0.1656164959335429
0.16298235256305982
0.10032322504099059
0.08928879348783987
0.08548640349671345
-0.030151831263654005
-0.005176843872694684
-0.1064709774100913
-0.09062187823257911
-0.1468749182702023
-0.2032092099560435
-0.24199503455581003
-0.2691045433667561
-0.3122550155062875
-0.32371871055435997
-0.4162890333485506
-0.48310976083913537
-0.4438610078030236
-0.4735889112927331
-0.5388993162880068
-0.5862751187074114
-0.6025686639773351
0.6445801947234229
0.6076639233355815
0.5345333846755891
0.5125898463451063
0.4796736527157304
0.435282495768199
0.4653528072440219
0.36547750225772946
0.34109600031545984
0.3224779981621443
0.2711017917812063
0.18649784249519813
0.1582348671076011
0.16182814781930444
0.11029677809272816
0.057187304351505513
0.033441403816104276
-0.017434133526555283
-0.0369051609369695
-0.12030398552924616
-0.1463469691750318
-0.16520262217271012
-0.23970504548469815
-0.22521000714579442
-0.2674245120480445
-0.3301019054824048
-0.3668580523593969
-0.43428666809615096
-0.4558903191733123
-0.44161858718927993
-0.4993644975719189
-0.5675313600058381
-0.6055558640982849
-0.6126505491350014
0.6288976107098212
0.5952598613122239
0.5465886229976732
0.5045959530163145
0.4531243995267716
0.45299589921334865
0.408794620078559
0.3618952719068353
0.32580545309484094
0.2690506117479779
0.24677492983068278
0.185851040351921
0.1539098964299739
0.10051812988784285
0.08442864110690383
0.039097251721550874
-0.003940964047019569
-0.028419269465267336
-0.07981368461907895
-0.10461157185439986
-0.1572923921392981
-0.20203055046390175
-0.2440976405479184
-0.25717817676352345
-0.28342518973206754
-0.30082371706413613
-0.40185137188299347
-0.42587443611960296
-0.4629639465599738
-0.5152270136157493
-0.5158843343908853
-0.5757083825329086
-0.612513294066139
0.6392741449628004
0.5370436151812119
0.565246213323122
0.5048297474549517
0.4456965796948365
0.4444762671337374
0.3915052378980884
0.357372139593553
0.3273877110252934
0.2751401138041523
0.2631320102261751
0.1992233557240127
0.1729592753638782
0.11144144421602489
0.10460388647664726
0.056756781744174964
0.031525485505226956
-0.012610805559057966
-0.04749358686214282
