-0.16156834592022196
-0.1269112757327141
-0.10356165310969424
-0.12327653893022075
-0.07251384488097218
-0.06681066729015679
0.0027412701742123326
0.018527460083500258
0.032389015942942564
0.06549313861927768
0.12146526490565984
0.10009116004346015
0.15368721357598844
0.1539973141850762
0.1428874158977707
0.14655883691192031
0.1402687037965804
0.1543167640473183
0.12717599905857188
0.07267898402325487
0.08092412108647
0.027754476547399543
0.02757152523305007
0.027844035244395406
-0.05686699127671564
-0.06270382576721364
-0.04560981363247886
-0.09872988678052758
-0.11102814033238291
-0.10079206147345464
-0.1278368720643362
-0.12992400655344433
-0.11178724672172083
-0.153544018117155
-0.15000028247343533
-0.08649173145261405
-0.10004101814712789
-0.07236570029188043
-0.03977444477847609
-0.06579410490615795
-0.00011920580051253456
0.03261150672322765
0.05438421902356474
0.07752898484977619
0.10163658807068854
0.10683209993611517
0.1699646587615498
0.15522793482559588
0.1609811670870514
0.17728462661130961
0.13783387548823103
0.11518217549547756
0.10971466166113428
0.11694723290251315
0.07485299230295989
0.02766102978905905
0.027020551893265403
0.016307475379559806
-0.03107904556799353
-0.06383037994040971
-0.062199839883970626
-0.0835697936374689
-0.10497113224216417
-0.13727574487026645
-0.1373871807269069
-0.1370955852241188
-0.18007819161113042
-0.08625926199249748
-0.10496935583884857
-0.11090479047451524
-0.08859150834094603
-0.06935848157990501
-0.025314796114355227
-0.024044902499336114
-0.007309495033159426
0.08488403559059021
0.09460465409204613
0.09868545288060913
0.13404458935576202
0.11335578422623478
0.11578902975387906
0.14501158828129562
0.15066509143039636
0.1308504228370736
0.09027425544490267
0.13674966807812375
0.08964956323972295
0.07512278529254934
0.07064874603546874
0.02550862285217752
0.006497114907702857
-0.03339189859346341
-0.050726992448735395
-0.0676920649904013
-0.10396663465682006
-0.09259247843514877
-0.09574317588944922
-0.11207020741557286
-0.14637549337205596
-0.1536372625467631
-0.13235584979001513
-0.11767726410618329
-0.12603095565708267
-0.07459300459624332
-0.057317790788682176
-0.0774869992146686
-0.00992079925162328
0.03791508839875625
0.0362555411529729
0.0007615218732074241
0.08270072373801286
0.07104040785684332
0.1281048161735938
0.11701639397384876
0.13290772117964264
0.1228839497077546
0.12687041605193994
0.10415551561403627
0.11543184777821093
0.09563348207695413
0.09993950372770838
0.05841213534256285
0.06088311895863542
0.0071628952396796544
-0.028801366358184047
-0.06313278716185931
-0.0867004273383403
-0.09994400727575264
-0.11188480396727393
-0.14947497355883665
-0.12406923189284771
-0.11167921372135126
-0.13734198124427885
-0.127963560725657
-0.11552879796971251
-0.11082107181945201
-0.09632232112434284
-0.017729652612230473
-0.05628059812075334
-0.06274306818723044
-0.014287830341215023
0.024996470106133862
0.03952159173842121
0.05880088709407921
0.08034023880783259
0.11832978718470125
0.13269938262035125
0.09600648130622849
0.17601665980205933
0.16404834398769852
0.1388041113801683
0.1199351466321456
0.11839256540247704
0.08847410560576163
0.09332760850303622
0.02362709077044538
0.03436112308768825
-0.02219412901897889
-0.028509269736397388
-0.09422818489456133
-0.07557523330469426
-0.09987093025456611
-0.0925531172173174
-0.14016373586259512
-0.14277887889850124
-0.12425594691184887
-0.16574909865586693
-0.1543144357382071
-0.10299383090956872
-0.1213902880707528
-0.09734522131787593
-0.09267185605511385
0.005118660557889024
-0.02249293761827864
-0.006280908124092795
0.05441524404117272
0.050429132040265404
0.05880045678973768
0.10984052288605531
0.12441653771688257
0.12571626428313004
0.1555576126341717
0.1751276354159504
0.1400533411716669
0.1754574556299185
0.0878791891266325
0.11610432585340077
0.10809834507544323
0.0642554097987841
0.005126786962326421
-0.0005929174377904932
-0.0075453222925023385
-0.0664681207574869
-0.07734669003192163
-0.06096861086576179
-0.12916822474751075
-0.11802946154030824
-0.11553213975068746
-0.1301914200234584
-0.15096128277498932
-0.15744905681457128
-0.13818131001806058
-0.10390818000255227
-0.1237725006612328
-0.07925953773126117
-0.04933952319252945
-0.05001203832843878
-0.021667547090803985
0.013701221786280984
0.01642428732009118
0.052493111047849525
0.1639611028075889
0.09791431158460064
0.1379970310740648
0.15700087633425855
0.12280418830060995
0.15327069004686053
0.1428624566766942
0.12102099508290524
0.11042360999167876
0.06167322972302651
0.06897513735327318
0.03474922661630215
0.023321809603164594
-0.0001970801434848365
-0.08122865961732695
-0.07079690655455372
-0.114740876058094
-0.12570681242671924
-0.11013129102086558
-0.13294244798026028
-0.1483305739081707
-0.17910249919713495
-0.13377761734488763
-0.110044370404846
-0.08802894443913772
-0.08730643836424794
-0.07836222215738999
-0.05290221950572254
-0.07432031377292522
-0.03499545532471906
0.004144862340404662
0.002770599647528217
0.05375410030327339
0.09257865630118961
0.1399786186703891
0.09030760232562172
0.13413354575678652
0.1542867465876504
0.14992816911375598
0.15991559654785434
0.11915876881772432
0.08623232329549363
0.09644974514569171
0.08482111765013808
0.04806421023036232
