0.3790424814673419
0.28757562838083844
0.2667167853408985
0.22103289401807463
0.171565294327293
0.09534828307047907
0.06028713873661455
-0.0467742269454081
-0.09788192864809386
-0.14263627121467934
-0.21754364933249168
-0.2545445616607793
-0.3276508313855912
-0.35949660246338555
-0.42395381696065737
-0.45123441025038025
-0.5673892516789154
-0.594898016148331
-0.6677086337946434
-0.7341308546294764
-0.7448605650666268
-0.8197107168339421
-0.8644672471174941
-0.9498336262931514
0.9627005700236015
0.8736055289781672
0.8213544646667178
0.7440378715148542
0.7346862044737327
0.6215031184581593
0.5766694063673776
0.5345193821358842
0.48965664007404625
0.42643514812424055
0.3500926239768949
0.2718785357413235
0.24246395335697155
0.1498153027161082
0.12393966067727982
0.04209637041420691
0.0028986969862741583
-0.033864274339756945
-0.14748008657756628
-0.12192761286995238
-0.2536330104182361
-0.2975387316582502
-0.36247573294506447
-0.4076368169359156
-0.4751599884423354
-0.5175903826334414
-0.6049316020777339
-0.6590298957566304
-0.6959729788991346
-0.7237823990536207
-0.8089052665348878
-0.8519905260402331
-0.8844648098496416
0.9597399788486998
0.8962265533933358
0.8257462661356346
0.8052493646766892
0.7191706849646075
0.6483021270864381
0.6542840110080372
0.5636869614414072
0.4826958933745601
0.42652879813922306
0.3925050983347946
0.31689528579383086
0.24688687230151843
0.24701278241027502
0.10221534124990193
0.07741578485430076
0.010816999184049818
-0.011653708620772349
-0.07247221673792895
-0.13647152991435618
-0.22357410561487984
-0.256719834535727
-0.3035173736765679
-0.4017635876210398
-0.4566059413322209
-0.5050370747954603
-0.6028829052278462
-0.6194389739438348
-0.6710499706927933
-0.7084959386822415
-0.7568862616580998
-0.8260154133372024
-0.8663704471198626
-1.004358498221944
0.8892777434826241
0.8674874751769429
0.859724488408845
0.7497378833819809
0.7155002655065887
0.6249897823096499
0.5609642143090415
0.5014992915390524
0.4724294751720284
0.3753076270097503
0.3354323989305918
0.27537272509251853
0.21707809870092043
0.1657260131243716
0.10493489492174171
0.053725720161040824
-0.0026307146535929967
-0.08998442417324651
-0.13843484255776167
-0.18177495398906596
-0.25108491781508385
-0.2942560121774411
-0.34161999591326647
-0.4143102300149918
-0.4513819602909651
-0.5343437305392283
-0.5721743787224266
-0.6438491456626614
-0.6982271634529398
-0.7593303804181725
-0.7867150401283469
-0.8936272386973076
-0.9198912622213851
0.9370419804814147
0.8404521605188332
0.8281879496933711
0.7950607862630988
0.7141908643853504
0.6659840756830052
0.5699224336800709
0.5426268117206839
0.47960681719727083
0.43469451680712196
0.349710722289332
0.32650323369764456
0.2548699769818187
0.2179256885571189
0.16107720410686388
0.03540891861226731
0.027828771315536096
-0.01975862835001979
-0.07617844746569676
-0.15236438354686033
-0.20052742046656657
-0.23362547664712818
-0.3242629939916918
-0.39618354482355705
-0.4366515468492964
-0.47336851815383063
-0.5435282707466541
-0.6144087348922481
-0.6604690910865821
-0.7206063721040242
-0.8256141610656526
-0.8389914101259943
-0.9326351560464811
-0.9869972786849694
0.8882503198898012
0.8459207293256498
0.7885645507487282
0.7490202845011172
0.6883951055140284
0.6397520746198552
0.5514281230748613
0.4948890532753788
0.46284992552692605
0.38373418084733907
0.34175475962420526
0.30647741625883806
0.20848046344430435
0.18788309482795934
0.11552838527986209
0.0650516329399686
0.01477827969982137
-0.09894622709723774
-0.12807852132530667
-0.22913315401579812
-0.26428956482655513
-0.27228512326110094
-0.36492237047004383
-0.40886130017786176
-0.46737257973447066
-0.5230782067247595
-0.5754765764680356
-0.6675488460331906
-0.7146706364974174
-0.7290117765095074
-0.8291035615066189
-0.9051465500319333
-0.9424424192359102
0.9521442068821562
0.8907992977954501
0.845396496471953
0.7666680861495743
0.6691456940842546
0.6092109741887266
0.5532142868783005
0.5187800461566848
0.46011702228927404
0.416897607344305
0.35687454442066247
0.2865675337067395
0.23637199683417442
0.23144434185770077
0.14088939873432138
0.08156442778988002
0.01775076833967653
-0.04407616194898117
-0.1534116365815324
-0.14014930569418615
-0.2139015373259034
-0.2836943386736046
-0.2950367125248871
-0.4149231953807866
-0.453447468110699
-0.5326115695457414
-0.5576256607112577
-0.6107936024791744
-0.6647205857523937
-0.7264646397133462
-0.8026907150052459
-0.8740347989682139
-0.8614354844591869
0.9680189505765769
0.8888317793697973
0.8559487349915861
0.7690557320675129
0.750966326751026
0.6973310382276272
0.6051405538443294
0.5770696613764857
0.5030406322387512
0.44283538699079134
0.4107868210847019
0.36381010318032436
0.26830428301692133
0.2215484419404436
0.17673602944438083
0.09363737695992445
0.050480690546220744
-0.017711645629861706
-0.07970361134698584
-0.124995005745618
-0.18276511994298306
-0.2534848125101285
-0.29344219378746467
-0.348398680538447
-0.4044541753495077
-0.4814423618204589
-0.5251945485671723
-0.5866612059594739
-0.6523292218614171
-0.7164999996045031
-0.7438369311311985
-0.8135122857698374
