-0.8699857211926928
-0.9112493252340073
-0.9232338775037361
-0.9257162634719419
-0.8673451239592568
-0.7859669070982853
-0.7228998509199254
-0.5941936753011741
-0.4508755851041116
-0.28709479013995604
-0.1333818842256197
0.03539546526637257
0.2008771073515811
0.38057597937799775
0.5366978390940976
0.6662622654067148
0.7746212585209029
0.8634810992397137
0.8889153129716394
0.8965319917949296
0.9317086019260634
0.8721876202977222
0.7818962731196484
0.69728974372893
0.5697388843897638
0.4344572903707393
0.25515080685187547
0.06684540344384143
-0.09399791166111446
-0.19979418245918068
-0.3558780819027594
-0.5872528974875083
-0.6897992707109672
-0.7779893375604046
-0.8510378680050709
-0.9152486394723259
-0.9154644717971392
-0.9201348021070009
-0.8565140706224109
-0.760958580162836
-0.6304292197218458
-0.5576458192320579
-0.3828650656094083
-0.21229198471010868
-0.044088597464842755
0.13919676473157067
0.27677943153374207
0.43585819523995717
0.6194998335895042
0.7214340355270119
0.8643748645017985
0.8764381690581817
0.9186430014993047
0.937266171766812
0.8889556933788472
0.8524813529668083
0.7551033055789688
0.5961316958713937
0.480030957333637
0.31394161928212133
0.162957769716014
-0.013843130478768104
-0.1718970821394035
-0.3071620084892118
-0.5331965909652062
-0.6528490645374153
-0.7426939706460011
-0.8412412090145026
-0.9259984964492579
-0.9122477874945806
-0.8946911718513623
-0.8709565025056188
-0.8070420661666932
-0.7176583757901852
-0.624436872999151
-0.45194036980546554
-0.29031253867805085
-0.09954203958859778
0.055652564562930926
0.2643601316846316
0.39187649711152606
0.5448260463103668
0.6294728444882262
0.7402662883466886
0.8330756987299701
0.905105306180039
0.9179993888189045
0.9089802895928506
0.8788296731022963
0.8449647570213064
0.6794882413084012
0.5418648666099248
0.41268957237650433
0.26733096104358994
0.10940625324090275
-0.1028341095464729
-0.2656265875638956
-0.4294955603112315
-0.6013193908057021
-0.6902051087115464
-0.811341408902721
-0.8938251878448739
-0.9310159733979052
-0.8987593357142728
-0.9156836355187497
-0.8559322406688892
-0.7216112736825867
-0.6753043131299474
-0.5208183928243554
-0.327404358870464
-0.15953456490624157
-0.031693110355413875
0.14357619550564094
0.32131437127365525
0.47591323982806566
0.6166568484200713
0.7530479276601192
0.8032659169078099
0.8935424899630001
0.9345941600916067
0.907099696348601
0.8782287172880131
0.8426746456004388
0.7672085689105573
0.6564436945812747
0.4558301860646585
0.31878284667460427
0.17211878125041796
-0.055721273467310914
-0.1992325502916988
-0.37360778581767184
-0.48514797974941914
-0.6261461948444703
-0.7603071113655999
-0.8429447191468026
-0.9084807059016705
-0.9192208764993659
-0.9188419831111794
-0.8762907220581909
-0.7988273428570127
-0.7071176417590138
-0.6203240410675877
-0.44645827861900306
-0.2663457679009782
-0.07921635430149618
0.07461381517472747
0.27328344006952415
0.40977035082597657
0.5535350819614764
0.6595188875353618
0.8027059259658593
0.8527615074611021
0.8998644005477912
0.9521379766873325
0.9194896706221709
0.8626263948314015
0.7830884447500431
0.6659873831572285
0.5306926462302
0.3843647187885474
0.2531414624443736
0.06639339990348353
-0.10324567676557166
-0.27152680437087695
-0.4135038189310477
-0.6074538759760713
-0.7004868323048424
-0.8144390858643624
-0.899373861117262
-0.9214217332631881
-0.9441915299210927
-0.9119612194541017
-0.8212026147267315
-0.7598992734577076
-0.6144569924512996
-0.4945159736394811
-0.3341785692856461
-0.22586644907240988
-0.023012619432077105
0.1644146281608882
0.33617175947786576
0.4666056711832851
0.6160272651932235
0.7378519800377833
0.8499225970007209
0.8898511060821813
0.9376452276155148
0.9119232121975355
0.890962385339304
0.8261862497122492
0.7456552143895795
0.6050357163225444
0.44804590943029515
0.27663412138938925
0.1262505110550271
-0.030221630136005238
-0.18800009863575173
-0.3893429617544956
-0.5850307659921761
-0.6623403303248135
-0.771053761526722
-0.8705790393168348
-0.9179476488431029
-0.9051136920713836
-0.9049369032279193
-0.8647721372399108
-0.8135953226889314
-0.6925786386769635
-0.5468947512521154
-0.4279382325292432
-0.2441793881515122
-0.09968386389661003
0.08997784583552831
0.2589904040961419
0.4003249418252746
0.5625006379773786
0.7069301211265935
0.7759156385836777
0.8367029652228187
0.9134337048297329
0.959891515096022
0.8979804948036548
0.8604973404357973
0.7694392753952843
0.6316722387758716
0.5444101701178375
0.3907850661328852
0.19750704594138374
0.029835058070775362
-0.1563689676101227
-0.31137444282395665
-0.4588357129733835
-0.5710305405999503
-0.7578672810409435
-0.8440290093287016
-0.9106378135038355
-0.9400217736863197
-0.9284792069682521
-0.8793730171051883
-0.8255387450357065
-0.7369435242291846
-0.6201900520498667
-0.4892596094664313
-0.34653955789258306
-0.15193996151079517
0.034131866235715146
0.16714318993706115
0.3510013355542105
0.49724422100317517
0.6402491792882483
0.749142457495794
0.8696871741581187
0.8954079388135043
0.9218353171646229
0.9226494112279021
0.8913862837468352
