0.2732750484852778
0.2486816946166463
0.2995510769030203
0.33410878283022116
-0.3291159262521861
-0.2777580839476235
-0.2683489754102086
-0.26181650465359424
-0.2092662452387935
-0.1880006283008016
-0.1633178633524947
-0.1250155923525156
-0.09843584516376931
-0.04596004779832256
-0.044355691467988616
-0.034760582955063
0.00957468274981854
0.04744943273904802
0.05985548026899998
0.08028087088562084
0.14287820644201316
0.12386047683161767
0.16622857800194152
0.18743977820922147
0.22759914760766195
0.21162795468215878
0.2752887784485093
0.33078672340440385
0.3470057703854458
-0.3285187460458276
-0.335905993695667
-0.25895800979159234
-0.22928986826864967
-0.19554207126026213
-0.18284739187129595
-0.14658861388437344
-0.15428574490435615
-0.09703766667244798
-0.12747710181861238
-0.02128062667106609
-0.014042825718969539
-0.01968176181049582
0.027658855757975262
0.047225722329901965
0.08783584823970668
0.09693863529785789
0.13859122924679063
0.13998790230598973
0.2141151993905891
0.17993411408632462
0.26575116401790416
0.2589209507739428
0.2977844481796365
0.3291332693281007
-0.31842091120224775
-0.2596449554417849
-0.26021957629106035
-0.23692720332731942
-0.18588147556241397
-0.18642497980388711
-0.16757962244226
-0.1103170960468695
-0.0875936358979064
-0.07607389873666322
-0.06001931618800083
-0.020658678048312416
-0.035815248096717926
0.023192483867309228
0.06822155077809902
0.039530530345615635
0.11282441679114565
0.15872205474801243
0.19239824493107993
0.22284011311854296
0.20273275829672951
0.2534411655146285
0.2843326838234864
0.3072291471664879
0.3224283713825883
-0.32952605772718263
-0.3012482098591541
-0.2681109131676363
-0.26232710516356605
-0.2241975088948801
-0.17109124863989325
-0.17308438364959003
-0.09855972929907889
-0.13720071942007017
-0.0901526318036347
-0.06263147142200184
-0.04174160470792623
-0.014264617519459089
0.04607534983366858
0.07587711184209611
0.10132717538641017
0.07837757909808332
0.14103362070573974
0.161504673018067
0.20007175590840773
0.21740193625388152
0.25477974787624863
0.3034767761609426
0.3169676803604414
0.3228653651129612
-0.33083546613504455
-0.3397987146591658
-0.26781885548726886
-0.20666856873811199
-0.23619503430012376
-0.16271533456713483
-0.2040885223988172
-0.1470636288283265
-0.14397309788257442
-0.08821663513080022
-0.07604945316087186
-0.03699259244161733
0.0332428881627051
0.015096513702716367
0.07344896345939947
0.06081200110499542
0.09761809709342517
0.10702967358326276
0.16345741552003337
0.18755670753749812
0.20817337760245858
0.26213025585804317
0.27919531276877696
0.2940565523657079
0.3422940420635935
-0.31727975795954194
-0.3211664658025352
-0.27818937075647254
-0.2383046120640791
-0.19024823400777405
-0.2191272122150366
-0.18341011692461756
-0.1281259632796768
-0.12313373125995479
-0.09825382145310221
-0.07142974780936298
-0.011518896510651251
0.038160372009278964
-0.008661222516685187
0.04073999365695774
0.07981060847920625
0.1198901214195427
0.1475778371101696
0.1512949824789888
0.18482815677432493
0.18552823291819912
0.2426188962870497
0.25899270548368647
0.2918460941565607
0.3200801105682207
-0.34134408267015753
-0.34629535063950717
-0.29894833541875004
-0.24947558542361561
-0.24040923968442923
-0.21492192541149424
-0.16871616494414168
-0.14792624791613646
-0.1280781387597694
-0.08596652006196777
-0.05720104974345056
-0.026567332517719727
-0.0023229429646873653
0.051848988831046196
0.037638468200082625
0.08600917601290514
0.10842205792870593
0.10827806506520311
0.13594637548967603
0.22593474507799416
0.22478227199174433
0.2698953293091638
0.29187959188634066
0.3047447113689205
0.3127769412277976
-0.33744638770064544
-0.32562046922926446
-0.3192967903995248
-0.2615860562153729
-0.21751922336734952
-0.22213305839761782
-0.1833657978982
-0.15316144825395137
-0.07302060838959987
-0.0707792114265442
-0.06706921658795617
-0.020685725845604977
-0.0144684148357999
0.01456453870523162
0.031534929188596454
0.04136388931749968
0.11445407111618155
0.12938246999571135
0.15464236699216793
0.17075352445874462
0.21870230347150327
0.23235300083484442
0.25190698836216746
0.25959056378959955
0.3173260993854381
-0.3496055462638587
-0.30561567321225075
-0.27053856930709036
-0.2572271391913329
-0.2335964359998545
-0.20695883499103
-0.13699138667306826
-0.12829262618586917
-0.12441598320615765
-0.07740763049472128
-0.04782151577069734
-0.04468230468599491
-0.030942454344145387
0.0175135908486898
0.05998537633361068
0.05637781219555167
0.05321178719072426
0.13195092790725557
0.18150802409683364
0.18319776907210966
0.17377202481544313
0.23863613638510406
0.25661421286775604
0.28183807904653263
0.33244985987289505
-0.36244862836514047
-0.2879045374399099
-0.3014077763230107
-0.25365727309508806
-0.22886921883620423
-0.18081423154168935
-0.14209945779143282
-0.0927213771015282
-0.12026236516803294
-0.06713491438235443
-0.08615528935043798
-0.046245735018914526
-0.037814294219740634
0.022315965249507786
0.014191489661213981
0.03980235483698425
0.08799678929201137
0.10521454232761765
0.1625654994207857
0.1682668253839464
0.2595753175351897
0.24234827242607737
0.24459960652907436
0.3028054694166752
0.3267893983861665
-0.3516699809886547
-0.3294206539204828
