0.21456053820176352
0.06047201408327448
0.4072328776432045
0.20438102961400545
0.20364782577604748
0.08300232073398368
0.2992882566010403
0.21590610360378293
0.033034203588302904
0.1488555250766005
0.3473934320051587
0.27603071360548664
0.30889385249923246
0.10410909148684067
0.35395996453756395
0.27722495514990486
0.20346698605267824
0.21330944063724772
0.36244647201706104
0.3842778230008387
0.3803371288615752
0.09270603662779489
0.11070813154057461
0.028620096449492143
0.187322479981078
0.2432815253838156
0.009061607518118103
0.28770334643780626
0.13412530256374644
-0.0004438568200783796
0.18121070738605766
0.3445961761725764
0.10035462879952622
0.10523769129943839
0.27926330355805534
0.2383264981313038
0.28909912723532166
0.1998100371018815
0.13312178521595044
0.16895514242157228
0.18590424770083702
-0.008637009407671606
0.11672861331134982
0.24417996897249875
0.0781223419117343
0.054496482117998964
0.24963520334023998
0.3212234382018936
0.21701546112515835
0.036364148081141884
0.18919233363233648
0.13229206222463552
0.35410337993687185
0.08480265613248116
0.20468853918273225
0.31061965126692814
0.17369705523346857
0.14540535562876405
0.3384753552884134
0.02884579052457786
-0.03970286957242676
0.16780585255216443
0.18185735345038018
0.0762166401240196
0.019193061640188344
0.12333231520790856
0.35842845480683955
0.30810425156490845
0.13931337561168905
0.014600352700900633
0.3535260680679875
0.36940982024378133
0.14889569170660719
0.06322752553545646
0.32281161933694175
0.31727277484811917
0.3162152064071262
0.2523677414320591
0.3460708579893951
0.09322356386798838
0.17781109406349807
0.3539728041483392
0.39713002209362647
0.07568672855573741
0.19425350576264633
0.13241758286509905
0.2964737693883227
0.04523014416163765
0.01809941741720681
0.2159168502812949
0.26517068968649715
0.30795915156110887
0.37130707787204165
0.31536833101187195
0.16237215777195094
0.11645943668913147
0.010100094510906066
0.07836393952960172
0.18533930838226131
0.021088131360666548
0.010212084225793977
0.23717728825586618
0.23742077541781328
0.2552160963277542
0.029576262883799394
0.07688120270049272
0.020025209086103793
0.14535354991272742
0.22390568494535606
0.23954965515926788
0.07300773510795873
0.24195524340395125
0.06838224890722434
0.27736995734213926
0.2815466699505669
0.08669932644408948
0.08377490985253352
0.36748716299022854
0.006754395858897431
0.07025386277455288
0.28851952831112376
0.13307513852490868
0.13256628527409217
0.02667339238938123
0.18429268047452804
0.3761060118081133
0.3195849200803672
0.09967960926458552
0.2927601934999175
0.0029412640201631063
-0.03980236796566661
0.2906023577577436
0.34876948668202606
0.07538658739047915
0.36650957817718505
0.12700258598002728
0.18097636066079945
-0.015479230061374263
0.3235748519336128
0.07889525343845528
0.32016949696650215
0.24158864585331055
0.04785400962059894
0.3532023970415476
0.29469505712361577
0.31863860370799674
0.2731513072459392
0.3177926731881641
0.25252431943611064
0.4062317666794424
0.17330791228741355
0.23442270529884343
0.12191644244015355
0.18235473159896237
0.03606012573484778
0.3319227528429765
0.298078204802157
0.3049961896301146
0.15765041135162008
0.06907519027373596
0.3577407699240031
0.16129911415857262
0.23708113740073258
0.3579899138303527
0.2891502062400518
0.33384376040810426
0.20560044894518262
0.2112555525326198
0.22790907955703116
0.35713837732493603
0.10208627196435598
0.3626216996834312
0.12708994563706613
0.23704672901643345
0.2058759095068332
0.2751671685989761
0.3193925444123613
0.29732477969992166
0.019225020103402872
0.16052555532429333
0.0860757099493764
0.17671131281989833
0.11974204599592245
0.12920378315814382
0.12597113497267032
0.012429442990777402
0.10736564348027386
0.19804967067488125
0.044623478728752025
0.13494140687939063
0.3521124166314625
0.3593772783249857
0.3432862181899018
0.08015306870290037
0.11223854558067585
0.38368063311688216
0.25764598653792337
0.13845207615632035
0.280715921337261
0.029011806921561772
0.16761395210170904
0.3351166830824123
0.3360782940404619
0.36861396996653195
0.19249398524575984
0.18255185110578961
0.3805506567897839
0.2551575137676268
0.30843928437608176
0.2712422774492517
0.2589773161495259
0.2542136875473724
0.3486319577855246
0.24157969900804907
0.22787729303272297
0.37638183071079323
0.09702768384254884
0.08712367653779188
0.2961174849373513
0.04950518934999109
-0.0010216608166119523
0.3080271240150747
0.008057207128185901
0.01777714949335517
0.07820425874898254
0.20459162207481155
0.04415406837328826
0.1672245209661235
0.13925590924327796
0.12233648331208298
0.23718887536281474
0.0754166430196266
0.37958724218523937
0.22232224902370573
0.18929580337120622
0.04992222280678886
0.08145619412327465
0.0851778970234826
0.06960313687588995
0.15348456446259312
0.2349313261251848
0.19409972803559963
0.029703442778257896
0.0337095811594921
0.03850755857770745
0.29623536003582884
0.13808035111232306
0.29058451891622783
0.220506898321231
0.3411167813856662
0.2111045916300274
0.247292177252521
0.0996625524566539
0.012018217666854524
0.19473825286934682
0.27238104701877425
