-0.2034434272798236
-0.19153241111556824
-0.06723448918574118
-0.25681229119435023
-0.16153757293994178
-0.22436741013760447
-0.06926105736793037
-0.248519180256587
-0.3704322119786912
-0.23369273361215578
-0.3354820011002052
-0.2230645745994736
-0.4023972314880312
-0.0919001627244943
-0.28275298195923027
-0.39198349496620244
-0.24207664190552375
-0.10785999817970168
-0.05497950783872067
-0.33290389446820395
-0.3408006018681076
-0.41011586636784947
-0.06827603158501296
-0.2819829636747276
-0.022694441810155744
-0.0006881888401203597
-0.32059353313550376
-0.3683309632246195
-0.2946440923242407
-0.18715594120504875
-0.20047834533644296
-0.07431248953307795
-0.2919714836702332
-0.40686459699551925
-0.22419160489411014
-0.3982262112482923
-0.3099333800000528
-0.21439005431405053
-0.08659541059817022
-0.006584674547698279
-0.02625375943071712
-0.27264585475511877
-0.28979836780928947
-0.338552571981711
-0.2825006007467126
-0.26257756595414644
-0.21665295361837075
-0.1490631330304456
-0.0462561656561324
-0.1584518664671535
-0.12815948835026467
-0.16983956862287736
-0.1635843911102718
-0.3582157611756398
-0.2767130822586661
0.014342840103394872
-0.0022944587362902814
-0.295389759511209
-0.06392141185497216
-0.1072007115020944
-0.2823320169737953
-0.08035231407653631
-0.3655980569647329
-0.11682437751435712
-0.32075687365224886
-0.26116552671816945
-0.4025370171795563
-0.2970127791094935
-0.10395041344247477
-0.17336358188643697
-0.3947586786771584
-0.16411736468822016
-0.28882543437316477
-0.3350756343288189
-0.026313881651453944
-0.11489197625838068
-0.05322515217309226
-0.1970451188581276
-0.1488697706547836
-0.11665071537026545
-0.3963379465290528
-0.14906151931999911
-0.35503892310095686
-0.2003274502493575
-0.07576237332583992
-0.35870369045674033
-0.16115589729630542
-0.08064945767764481
-0.39312909636613796
-0.014448362702459937
-0.309854521957425
0.0032678136581290075
-0.05102946168628311
-0.28195066254192935
-0.04303857239433787
0.011410806896209883
-0.2993475111700585
-0.33053156136790346
-0.18510579388586065
-0.3446038134832793
-0.33834908782127165
-0.32265980742916595
-0.12837295745402338
-0.35552748486039254
-0.20107333990625587
-0.2538606993480902
-0.17669052165410534
0.002207744872663703
-0.16409613808095527
-0.2799835212075814
-0.3556144525166979
-0.3860136728498188
-0.14724148453165414
-0.05162934145811497
-0.01615404348944077
-0.11079113362376858
-0.2393540048558533
-0.2600321353040483
-0.012451730902999825
-0.298202974273702
-0.2954568605724177
-0.19595393295633648
-0.39363489354599396
-0.2515771360729581
-0.057362877254687
-0.37163729271468715
-0.20533631672770153
-0.040236123577102795
-0.1560771261503633
-0.13517600674239216
-0.3710863063762232
-0.2919851030599777
-0.4088580238265744
-0.245624928739559
-0.2587394294732089
-0.2947330859398953
-0.0460792301633042
-0.08832347167191018
-0.34362274229789436
-0.06800513750973278
-0.3632146949211634
-0.08773565678089845
-0.03807309058218297
-0.41333232403983683
-0.2636687289587004
-0.25342038664441513
-0.10641873402765606
-0.11285614907516242
-0.1372052002513658
-0.21041420986895076
-0.18807727259567006
-0.31963343680707273
-0.34964120265320003
-0.24818467782619905
-0.00905336347519129
-0.12267551608889081
-0.13776543593185758
-0.06588487750548296
-0.022447845136701314
-0.032355845558659835
-0.28208874413943436
-0.23488456286935452
-0.11433094801452345
-0.3538175590007472
-0.37577500015673065
-0.22426150269725334
-0.03466296828670531
-0.35318528138086525
-0.271419606986184
-0.05460907755839815
-0.14250899654684054
-0.16112140234670855
-0.09157633713410325
-0.3385928845734643
-0.055039714000566745
-0.15609842936307378
-0.2544117985234928
-0.11253360726948575
-0.44925532922491496
-0.19709429271841356
-0.287984298449239
-0.24222854551544712
-0.31843362996125574
-0.3409068273874956
-0.15083808050841535
-0.3588325852160734
-0.0047452458519637464
-0.21184353330699654
-0.17545021961394094
-0.23106741356241048
-0.18236048731699792
-0.3666839228586522
-0.05226490210505044
-0.10597518470259094
-0.32476969195841643
-0.1903121754300438
-0.06958765921462141
-0.2093540427543345
-0.22216875959935495
-0.004854078480837634
-0.2759614350445408
-0.13801176020844766
-0.38758957562745255
-0.02886197327925626
-0.0984998091130328
-0.3546451673781055
-0.18196321448640077
-0.2748627042253882
-0.399976665938561
-0.06025160958251395
-0.35502001197839
-0.2795422499505711
-0.19318654260036042
-0.12928976988936683
-0.17451704542338667
-0.06979777390353586
-0.2944365686757461
-0.032770449427014174
-0.045643968145351
-0.18308478150238863
-0.06287309674002395
-0.2317262626257596
-0.3068550258653834
-0.3961145310040159
-0.32180686219023985
-0.10426435949509545
-0.3104022802261762
-0.29953887494357023
-0.05397306059892809
-0.3560447766238149
-0.3390576413790425
-0.15109112521345197
-0.3755380443234558
-0.11763073733329008
-0.32341035749426106
-0.38184446461029575
-0.00963990189149871
-0.1323553129176184
-0.22132222352854652
-0.231047314641111
-0.054903348451640764
-0.04022335557480937
-0.11937277826177446
-0.16387643866418045
-0.01509863216521766
-0.4074084215991569
-0.2607143640756938
-0.2087749515486832
-0.15078367128043693
-0.2098266604405354
-0.15165848728334336
-0.20573716039019235
-0.20312132904980168
0.010409239310414282
-0.2931567085473089
-0.23275842046080708
