-0.28545132080260355
0.266489103643226
0.29069255198688043
0.2518543171636518
0.3147239186392068
0.2776101568919562
0.3047494529967901
0.23137464196369556
0.2695879646221522
0.21128540016563077
0.28606126951433114
0.22381305352604247
0.2244738970393977
0.22815344673976426
0.20963031991364675
0.2270794433383346
0.21957653306872058
0.20032150026494908
0.17659238327002058
0.19886570526398872
0.21861136388235347
0.20175553293035006
0.1925154388612041
0.17223432518814794
0.15255089505755212
0.15303990789415317
0.13549720086013045
0.17033677017680554
0.13663796369762854
0.10900200457331541
0.12502074752057815
0.07674695192340564
0.099661687564343
0.10285709046615814
0.08401212684658402
0.06911059408866589
0.10511432544691263
0.1278920185482403
0.07753732695952001
0.10285899674413246
0.046753726544141574
0.092157334903993
0.041523785538929825
0.04804482855333515
0.05030489528232514
0.031854327531413686
0.03978542005662056
-4.8551918864860044e-05
0.026661777359634587
-0.025810296445935584
0.015835795872946267
0.004637067639852924
0.007043530420313603
-0.01607723326816898
-0.0014207234661060032
0.008238095988184979
-0.040173094673879264
-0.05673457894324136
-0.05706759342069752
-0.09640753865612928
-0.08886518197600837
-0.04181265715610315
-0.0604474963301776
-0.06818045091586288
-0.026613154301206726
-0.0788075396576024
-0.11474354152486715
-0.10064475692476343
-0.09300721344839877
-0.10624630288004457
-0.0969631420576203
-0.11803261415119101
-0.15049828443020852
-0.1043114633266127
-0.14463677392679528
-0.12611666590192902
-0.13223396206899893
-0.1495614141682563
-0.1755010159954571
-0.1745434090493866
-0.13626442207471404
-0.15067415459071604
-0.17630615175004014
-0.18902568017333415
-0.19913026870125408
-0.220541002421829
-0.2338437099588754
-0.23039122567209894
-0.22552308016380765
-0.2401157541930467
-0.27837742301668417
-0.23812391926688695
-0.24652303310978038
-0.259380007072615
-0.26162650918737534
-0.2606692319662086
-0.2871747117664565
-0.27498194688397776
-0.3073449079831983
-0.2841666925886904
-0.25285081651320024
0.2654310132002369
0.280949805132889
0.2711169497264207
0.2755155620962294
0.27610936639508776
0.28606178533336035
0.28702104259374095
0.27335090244079857
0.24234899828271203
0.24212588845483032
0.2413890300569606
0.2236866320028457
0.20254359873113587
0.23481256224566668
0.20735254513717724
0.2343493487559462
0.2259961874380898
0.19080002870210383
0.21664781158751528
0.1808607678842671
0.19672373637775897
0.19146225858207339
0.18930265505508842
0.18695186194863633
0.135374130517371
0.13695172273082598
0.14816323621953845
0.1503682861238172
0.1304562177817964
0.12225360643551601
0.1397982262452683
0.1361579702479723
0.11886093021117841
0.08865414893721772
0.11005676154988385
0.12009097324659104
0.06551768705491623
0.0893920276696103
0.07172400878098342
0.04304794112968555
0.04840114758483741
0.06401226556507528
0.04524012365898039
0.04384446645132091
0.04563152101019114
0.034578003788016315
0.012183332646300052
-0.03455155978480462
0.0015392334576493551
0.0026874917823740407
0.0348677791776722
0.011819448802932703
-0.018798773937004676
-0.040132420049116685
-0.023184762833952686
-0.053980494968789414
0.0009363472245113996
-0.03770586303589445
-0.09259633348205959
-0.021330944864448156
-0.08280630380275847
-0.06712724175917112
-0.11350113901848516
-0.09150663528908538
-0.0897886032389583
-0.1279678681647246
-0.14025409387930898
-0.11130689243754496
-0.12739009039606275
-0.10196325331918547
-0.10193306605074434
-0.06457723151875791
-0.07831201003577695
-0.17568982033430317
-0.13943913501385405
-0.15069203448310386
-0.17912375684266502
-0.12402240868405495
-0.19418427005418226
-0.18812608315862564
-0.17025537246062156
-0.231404485621701
-0.1368728275283353
-0.16865859215938517
-0.20492005871359414
-0.2121561438181155
-0.21436188433472272
-0.23226009585317353
-0.20462060489687578
-0.22024297420922126
-0.24136212715442854
-0.258297167962251
-0.26589504605298186
-0.2671913257537278
-0.2891271331335506
-0.26249779435039117
-0.2879005053003632
-0.2806189925899957
-0.3264605224297272
-0.34560028492137346
-0.30662638535706077
0.29529128948492145
0.3396845332985544
0.2910040265898524
0.3051228739330154
0.28531207411938914
0.2472879150315865
0.2534847949238041
0.2994335348324533
0.28821840919216024
0.2701404478217834
0.2536812306316545
0.20929387109065362
0.23535499953817243
0.205565528905094
0.20092754691950288
0.22468661805637707
0.19671383843158452
0.2079181771402513
0.16107180440599458
0.18229153582878563
0.20144083123839748
0.19709550001708437
0.2103542600624161
0.15224386400220033
0.14542597137739185
0.15771217800467963
0.14977172171693914
0.13661822253703393
0.11947581188138928
0.1308787518119591
0.0984573987320924
0.1084797717492769
0.08844397161403694
0.12043682961888702
0.11721029592682397
0.09611849407476364
0.08492438751685007
0.086432645432261
0.06209797980391375
0.06697731223342403
0.0539274460731941
0.04843748572692746
0.07334424874658328
0.056150608004363965
0.027144166833650604
0.02703978268962311
0.054733737584896816
0.008252737435252854
0.01972450316808879
-0.02452657762428559
-0.0029219115978220654
0.04162394930703532
-0.03955606107343125
-0.029767004510411345
