0.3216968798574236
0.18726778158682206
-0.019163954291682352
-0.1667405337978314
-0.33294932186294257
-0.4929585198021729
-0.5702105615910481
-0.6709983444161101
-0.6872257395199185
-0.6251279702159532
-0.629446439330531
-0.5435557546699771
-0.4321267728409596
-0.2508759175092083
-0.08812540784680055
0.07069938756563969
0.2234188992282044
0.3931307698611144
0.47509116368295295
0.6081217621809927
0.712104006728799
0.6663709728978839
0.6216989491665253
0.5786291085189249
0.4991377680923305
0.34877809521344016
0.16084256465560146
-0.0153056697183949
-0.20233315487774217
-0.343402489877672
-0.4445189749919292
-0.5720780983813681
-0.6681675286278622
-0.7099358857921118
-0.6709993676548875
-0.6537492773254087
-0.5022436368890141
-0.4061219807977376
-0.2693086276218944
-0.060982698864313886
0.07735358817509426
0.269490027458926
0.39851135075118693
0.5223158446221724
0.5612941207155812
0.6737415921362657
0.6810843132288146
0.6716717495431048
0.5986609505923691
0.4589856508898975
0.3193655529646967
0.17740435447944694
0.033067809831049864
-0.13120231483728842
-0.3382434744708275
-0.4418708334630014
-0.5545850556660957
-0.6528936162522778
-0.7042244349472664
-0.6676125724712785
-0.639179227685473
-0.547026967097189
-0.4322665522038628
-0.2675079242579508
-0.12341370610706383
0.049038608214228466
0.2558546455877596
0.412908133757498
0.5337192271753565
0.5889907890571339
0.6607923115010543
0.6928139452474151
0.6436425559242849
0.5526259875974993
0.46632691665886045
0.3733085426335155
0.17037526069271902
0.023699089804875173
-0.14189702322103578
-0.30385063885359154
-0.39727073277686376
-0.5926135374422096
-0.679091926489382
-0.6740979992167673
-0.6899987186184462
-0.6509661898093335
-0.5330582274979834
-0.40146320300168153
-0.24896684987471163
-0.09747958580926407
0.07453095277861088
0.23314751787480187
0.3853903519954938
0.4902228629408386
0.5957208170507049
0.6420544020822986
0.7133577638389829
0.6347840931437371
0.591945907373958
0.47619035168616436
0.37192080328718236
0.1940600271462666
-0.004760731494913573
-0.12707878216738436
-0.3122838955065493
-0.4472642193923083
-0.5489279090876928
-0.6552872037556186
-0.6495399556239719
-0.6920820643482043
-0.6503859315610746
-0.5749714539809534
-0.4385408978996106
-0.2346021573850477
-0.16320543707996515
0.07114431971557135
0.21366517529458037
0.3281816406248244
0.4823117954192412
0.5945112939086411
0.663825790504985
0.68416814471963
0.6522132086806344
0.6190240377245109
0.5054544478138508
0.3748710423251141
0.21627939056398632
0.02882565456733423
-0.11354496324900673
-0.2652968233356182
-0.409209661549459
-0.5608768189986176
-0.5785365073516844
-0.6928823318108843
-0.7054816475611129
-0.6416203956147847
-0.5835349092843066
-0.4439666105377654
-0.307897827607691
-0.13676511370072372
0.07695462113355042
0.1910150100380611
0.4101648587734329
0.5045842874131167
0.6070252362996014
0.6671568999411739
0.6970723065608011
0.6581319966980312
0.5924870232110891
0.5200866821307126
0.36059413334033635
0.21766313696842135
0.024315909139570196
-0.14967260058283238
-0.2863744816695906
-0.40412856646476936
-0.5603112901130284
-0.6465262336853516
-0.7181761542623365
-0.6887969160435231
-0.621809295228372
-0.5770884579657395
-0.43021621644161884
-0.3039478951926463
-0.15865997175583613
0.0864150179387613
0.1761602905240124
0.35151790888940276
0.46203814424966627
0.5870585551171894
0.6781823683628292
0.6667211463013563
0.6861652281109667
0.5883366203598788
0.49348017169589586
0.36766924986682736
0.21212579845352983
0.05311674289570407
-0.10699178638545355
-0.3184186080430786
-0.43780053729910295
-0.5240451220200615
-0.6091013494670022
-0.7011835145277148
-0.6666605404976474
-0.6540780066656092
-0.5743741863625894
-0.47784508514269686
-0.34260783939185274
-0.1433206343190794
-0.00929946782137299
0.23038956974119312
0.3802689362901857
0.49159380190840507
0.5784507194461206
0.666983751543379
0.704639839320339
0.6867784269349891
0.62019938571291
0.4917942461958766
0.38988139869573796
0.20462590817453316
0.06341049504283709
-0.08834984124363524
-0.2699745679985058
-0.4012430239475586
-0.5974552008888566
-0.6663393532388086
-0.6663874179186139
-0.6794408060678168
-0.6593820754444665
-0.5651543498725669
-0.4384022663366605
-0.3054377651265487
-0.15780048254436346
0.016523084570741954
0.1495101887017263
0.3397378354012958
0.43739884831455356
0.5832820259378253
0.6570455936676294
0.6874098817374258
0.7009847128593277
0.6330452140513007
0.5341214414401584
0.3840586901692815
0.2854726512826228
0.07219387291073452
-0.08875573243170543
-0.24159354115657497
-0.3937790618640382
-0.5338475953275237
-0.6581578763988606
-0.6673294958950676
-0.6960634217248747
-0.6642523601754997
-0.5802969651955386
-0.45884250935797233
-0.32065668934991004
-0.1694649925828816
0.006811983109968065
0.1667563391838682
0.3383503038473074
0.41529759204710265
0.5726631302568743
0.6568471093526393
0.7112309928390235
0.6668128446929379
0.6476946090684467
0.5483125705845859
0.4110609055982989
0.25839907115895516
0.08484537767180322
-0.07813130319985473
-0.2668415545975521
-0.41555803084140674
