0.36621854115910524
0.2535303664422609
0.12834918979537
-0.013235683861732205
-0.11913542488842538
-0.27116053520664535
-0.36895231470237083
-0.470958373777408
-0.5951645991537009
-0.705941789756516
-0.8469500948848452
-0.9119918377557708
-0.8757916169658624
-0.7766082170019176
-0.6999056735437488
-0.5839450396744315
-0.4376423858863588
-0.3428081101034125
-0.21940880791540113
-0.08295576122863138
-0.005335426457732287
0.17310282273188538
0.2634415535992936
0.38708045877736386
0.49824258868931404
0.6481880865646478
0.7262873955853713
0.8590461805152332
0.976350454410375
0.8632674613415184
0.7507058017321234
0.6112383040372918
0.4979966578488599
0.36473434997651677
0.33183849232421236
0.15196645827229224
0.0733566079817939
-0.04845102861089687
-0.20442272596600122
-0.2657738819750103
-0.4278699073178593
-0.5018131802338741
-0.6764016166643501
-0.7819441972418223
-0.8900858911339068
-0.9782243820314139
-0.8326698391293053
-0.7318534948684636
-0.597658134549645
-0.5080426213794207
-0.3382815119952155
-0.2580704299599873
-0.11886949324719373
0.007438405909426918
0.06976649366649201
0.2136968731373591
0.3433429236476683
0.41839060305032777
0.585625543830256
0.6600726611419662
0.8092394281627685
0.9137179690025218
0.9283253818132386
0.8083963953986237
0.6777773517802526
0.5438011583470405
0.4627262318881547
0.32919468232783383
0.2211869424832784
0.08758000205875925
-0.008125630092067956
-0.1426087115472968
-0.24737113625953336
-0.35562277520277535
-0.49767927846800203
-0.580583636447707
-0.7101403461551463
-0.8346253766669376
-0.9536830628612032
-0.8988437765308979
-0.7784081301861258
-0.645836920314721
-0.505436630069995
-0.39252936368030467
-0.30315274286080307
-0.2239999053303973
-0.04689574205852476
0.021489431939889773
0.1677443798801807
0.24050971254931458
0.405166122133652
0.5447094521953051
0.6256331155524693
0.7611179735828734
0.8214817559359641
0.9612200278977847
0.8580076825675905
0.7440950548591725
0.5948839590899623
0.49230547328728813
0.43331471247115966
0.2538294349457294
0.12777089846645376
0.01495470590307419
-0.05816616347364076
-0.19940229696818845
-0.3011218799997538
-0.4329882681742927
-0.5198148191561051
-0.7222793111403389
-0.785399516521602
-0.9092216852711347
-0.9339287233807482
-0.8270576819222688
-0.6848578771690342
-0.5758894208776599
-0.4874464862168448
-0.3699981972466132
-0.23161012788496815
-0.14633904385006652
0.011843201238180763
0.09941011894508966
0.2356877873654558
0.3356612240862417
0.3943395081360251
0.5815863653956606
0.6848813391595526
0.7836232377965503
0.9722306931187069
0.9461809869162763
0.8381103584322585
0.6874813338657826
0.5551841413082836
0.4184194194125446
0.30470119391707656
0.2177544124678776
0.10439761760637054
-0.0403299057005847
-0.1303390675426223
-0.2661689549347494
-0.356410392746017
-0.5092088309255054
-0.595155393041601
-0.7181750160703964
-0.83060101635504
-0.9824635446187608
-0.8976033068792454
-0.7456906950026903
-0.6776696288236752
-0.5521993726859885
-0.411212140420761
-0.2858829560428579
-0.15480322322180512
-0.06764663670776272
0.048593681864469426
0.14548167452264255
0.2837934953230996
0.46066425763502705
0.5201348890507727
0.650778288883558
0.7831382267905744
0.8962259185503314
0.9724313667893706
0.8552242325386181
0.7441608616182335
0.6085009150033155
0.5157793101510362
0.38128741337602445
0.25406339832888186
0.13617880015957512
0.008947125656179788
-0.056058060667714814
-0.23091638683092466
-0.3066440406325869
-0.4737165050843972
-0.5428313961016912
-0.6841204168848112
-0.7900988315519175
-0.922255829487442
-0.9539648925382893
-0.797286865659155
-0.710893404513057
-0.5415975903349003
-0.4461108993392131
-0.33310087019731976
-0.23211590801793003
-0.1125396126617606
0.04219568493027786
0.10869086850054432
0.28108058437740147
0.3683550036412056
0.46131298324614267
0.5895412723587434
0.737531353105729
0.7717686078839577
0.9551859130662375
0.9137554955893161
0.7813010125372671
0.6618844570567513
0.5813622536279632
0.4565299468226271
0.32876067833469846
0.20285122790050808
0.075905114804059
-0.034626358141346555
-0.1508921536900095
-0.2979189422070401
-0.42654951413206044
-0.4776318414438998
-0.6406409230258376
-0.7254006347466453
-0.8491323908088751
-0.9616920205009747
-0.856149077547962
-0.7270543799712459
-0.6897798534245182
-0.4946759726111317
-0.38990588031134243
-0.28045764183516786
-0.17859873003248272
-0.021206160798416175
0.08934371802172912
0.19823415829083466
0.2794772254399334
0.3933887123158596
0.5492770818614282
0.6853785872251869
0.789723535640423
0.8750434726047077
0.9592186388313091
0.7989660107743671
0.6935567967853514
0.5735686115972608
0.47744267945373425
0.35626229429802436
0.24820593135384947
0.13692146922139892
0.007876286703595099
-0.08131212830222248
-0.2047577501591278
-0.3509598534478032
-0.4799883597133612
-0.5868907796604081
-0.6825807030259704
-0.7945980739513966
-0.9155607365766097
-0.9466450336702779
-0.8259240619253767
-0.6730221308197788
-0.6004468456471986
-0.4090741766398621
-0.31435703682344257
-0.20700978996313008
-0.08353159841338628
0.01686571715930761
0.13255546561476103
