-0.34273834436592604
-0.36759303948797806
-0.34951187826250346
-0.33281162633495787
-0.3578732890395339
-0.3507848452525331
-0.3432301074327407
-0.32490424674816054
-0.37015526918990826
-0.31551922771986296
-0.3219134284334074
-0.33545001176482764
-0.3644516679818588
-0.32518927654770846
-0.34040583333157903
-0.34637769689788117
-0.33483008383662777
-0.3466221347859606
-0.3453580884336581
-0.3260492976653222
-0.3296465921705516
-0.36805410695684254
0.35611203134374475
0.35225943539203897
0.34997115625557335
0.296890270897411
0.37826386249497684
0.31498733644065313
0.34711967418397754
0.3405796182491144
0.3470708926808265
0.3180423854574912
0.3209882401650546
0.3417343968287306
0.3316894541826242
0.33151805894682024
0.33467973793149614
0.34496392782139385
0.3549595328035623
0.35155958478929367
0.35948995105472803
0.37184270006010844
0.3353118358500598
0.3442779905489842
0.35539640757985824
0.32632821600104644
0.37362615153333084
0.34572888343518676
0.341474568055947
0.35603563750639144
0.3329891603009807
0.3222597772872071
0.37036536996603114
0.3464448821521268
0.3201719023757645
0.33822691604261246
0.31723023723670885
0.358722117040446
0.34796973914957013
0.3591471844392853
0.36130259275374177
0.39189366674146514
0.3361761049030215
0.32625364470511853
0.3399104309551443
0.3194955676919979
0.3380093859881884
0.319604673914104
0.3300447996225346
0.3320442616457452
0.35756589388789006
0.31404502220913305
-0.35465076922954514
-0.3080656538079069
-0.3519490725038586
-0.35404002693803055
-0.35620531214834816
-0.37052094338504077
-0.3728957001366338
-0.3655759482031954
-0.34767048378003856
-0.3610631417179015
-0.3220254782819941
-0.3085817608823684
-0.36477190097143153
-0.3413566168844895
-0.35188795294112873
-0.3620881692247761
-0.3429707758919988
-0.3531734465815372
-0.35667145274516415
-0.3615196411221767
-0.33005877681533075
-0.370599964659092
-0.35912748180844556
-0.36375995618133145
-0.3502719221393803
-0.3577581657855771
-0.34634384200425467
-0.35262136402137984
-0.3068883150400702
-0.3563953639842288
-0.3254845867797935
-0.3166469376351116
-0.3472661452214821
-0.32700867738420386
-0.336948121786944
-0.3732275015181594
-0.3258057119441862
-0.34738579186613894
-0.3230827900119681
-0.29524986528431085
-0.3515439829327925
-0.3477069203829881
-0.3526773282169413
-0.3137340697559523
-0.3316834719987434
-0.33481501416081133
-0.30462709647012814
-0.35407013707272517
-0.29752866067030304
-0.34097178238221676
0.3265442239164807
0.3606293374662528
0.310384903888805
0.3629815737329933
0.36180834341724155
0.3664919928917423
0.3430897326157057
0.34296050839394576
0.34025477337044285
0.3637900739075284
0.3409757287483677
0.33157821890212963
0.34620333765797134
0.3175427905898288
0.3450344319632138
0.35525550993842825
0.357591330729429
0.33740244201410374
0.30275752686004237
0.3553635775947686
0.31135432906393634
0.3467501075072228
0.3845380655538813
0.3222058595949287
0.35845750466391607
0.3753000926972666
0.3797008854923894
0.31569463843572554
0.34206456551058506
0.3303215854710923
0.32030862633321777
0.346536535453117
0.3743511350000176
0.35082733680467143
0.3452261048129749
0.3603893982404614
0.39035325304862356
0.3457252624686547
0.3376807527151419
0.35341304147374114
0.35415290135547733
0.33084418313297537
0.3853456788535949
0.3409668388015476
0.3090555509032585
0.33253713184373185
0.3597680264751366
0.33404525926137335
0.34560611196231344
0.3617641455678291
0.35352763969404755
-0.3383051545584507
-0.34291339452224723
-0.3444032473507673
-0.3602083698799461
-0.3400721936057081
-0.3548392972759204
-0.3245143182939535
-0.3434364830549096
-0.33037952810667554
-0.3135130941408888
-0.37382206281793307
-0.34399065293329517
-0.349665259688703
-0.33460301171129786
-0.34504378155766635
-0.36335420605674384
-0.3692224589249579
-0.3332162380835937
-0.3329931431810983
-0.3568168524701721
-0.34073983503889205
-0.32558407397027644
-0.34760095177906525
-0.3538261779302111
-0.3232764605435844
-0.32697884277842604
-0.3637848092363181
-0.35805587675716766
-0.33322220450953166
-0.3302616093641913
-0.34953688934301835
-0.35331679906010316
-0.3364775661345261
-0.3690629322022533
-0.358761341146885
-0.34264731404119425
-0.3538162062054854
-0.34756749968429834
-0.35367319000822384
-0.3343200449581529
-0.343358130384934
-0.35215797205799904
-0.317491826151985
-0.36599958268643135
-0.3277975207380821
-0.3414428474287908
-0.3343127482462952
-0.3234304003601273
-0.404520824398132
-0.33865834445681287
0.34890409519250004
0.33662324473313965
0.3369521329462038
0.3438685178429229
0.3520768272313449
0.3224523422867991
0.3531215318682947
0.352302429025216
0.30661065240172275
0.3321240512067695
0.34693408337925963
0.37594281038798166
0.3495805937861396
0.3195322610545292
0.35426404706237424
0.3444359578798205
0.3000951156286571
0.3114555282404499
0.36472688140921816
0.38012094729773277
0.3264351131292178
0.3313276339434097
0.3226557938850403
0.3428615396411948
0.30419454770375365
0.32695232431338195
0.32669144578405174
0.3409605995000053
0.34677023505687127
0.32840575099447245
0.34036285776238123
0.3250089980242142
0.3154468116213801
