-0.2354105857364808
-0.14535547070060423
-0.14833255735368248
-0.11964607914721066
-0.08610671083662044
-0.03790922558475132
-0.04947223182801842
-0.019440574319411583
0.002128834291234795
0.013897164379878063
0.039989386527189565
0.10152600658717473
0.11112454220113897
0.10728370723613093
0.12663178997285035
0.15491191698482154
0.1937123974755125
0.14839018335847065
0.2238493102876687
0.26964788308243876
0.2655466342405741
0.29010945400637256
0.3429044204292784
0.35716159152621507
0.3360511945917338
0.39472936610959647
0.367570848457891
0.4417861603485986
0.4356459086984158
0.49768251645120704
0.49504903608418455
0.5231185902398309
0.5633765915213742
-0.5767015449946912
-0.5032423043928659
-0.4629753137098747
-0.48313363128588943
-0.45582451248024936
-0.42465150582479244
-0.42072768546739114
-0.40488701174395636
-0.3974275598276198
-0.3156568687412865
-0.33441937139923256
-0.2949376849875841
-0.3141631264863775
-0.2317826890635381
-0.23780941567617817
-0.19841666523719978
-0.1907194525865162
-0.21457465725345465
-0.14283917068673854
-0.09862661787523082
-0.1470782627399721
-0.09643870551789557
-0.03823488745214638
-0.057855924439142545
-0.016924055182701916
-0.014429163437298166
0.025974598078520747
0.08538008878449393
0.08359968707978724
0.08423248113831691
0.0983046803649412
0.13094006921674686
0.14814923719708736
0.17072916031987054
0.20720948042752577
0.21823761971312888
0.26510302334972474
0.25621060362949016
0.23949528498359446
0.2860959694976161
0.34515865701496834
0.3625369933900502
0.33752456000110637
0.40097323609536134
0.38168075590011186
0.41212830823133456
0.4437601661913308
0.5005233980180641
0.48935165314057283
0.5350274356544983
-0.4905993357537393
-0.4811605740781081
-0.5285989910186418
-0.49724847489733753
-0.4667729235585668
-0.4170890172644474
-0.4047788213281918
-0.3990726650431766
-0.36413173908582425
-0.34793806049350773
-0.33749301997754383
-0.288240584805902
-0.2763065428107789
-0.29909577911362467
-0.2328002453285267
-0.1826650963612959
-0.22096044963969014
-0.21636137437712602
-0.14524020133481852
-0.13882443345985718
-0.09465420268194948
-0.11467503248521457
-0.10090675970184894
-0.044183448757794314
-0.033625615099207404
-0.007659547428504317
0.003753053534176796
0.06530278461396001
0.09618067754946397
0.06730337192718602
0.13231459556446828
0.13225723088422645
0.14674388945344052
0.15898302710894616
0.14946526282016742
0.2233009992863854
0.26414354990461947
0.26305651409107705
0.29051511075651104
0.31873429552509513
0.3314794886685726
0.3410740511727879
0.33844161156900415
0.4008382789007946
0.3992261715245114
0.4508890769042884
0.43783983112475683
0.4973192553486826
0.5104147955545489
0.5246770813790733
0.5259230031955113
-0.5286381369958361
-0.509523706318752
-0.521969282535128
-0.475055762127824
-0.4212217809323653
-0.4235351955369583
-0.4210670487265729
-0.35884589149580276
-0.34081653544786406
-0.3553825658359977
-0.31480050983703306
-0.231941294946085
-0.26046979762819006
-0.23942767377269492
-0.2009894146786632
-0.20824328076680115
-0.16148490010883276
-0.15092802928581292
-0.12710172164010333
-0.11422364281370052
-0.07230647754597064
-0.059861096785346304
-0.03700688285360245
0.006240006577306122
0.003874308702139715
0.04827439067080384
0.020308778026781483
0.06730722278935149
0.057861429851344647
0.11441096717571594
0.11784050624814343
0.1553835840789426
0.14254921498453346
0.22035360310086116
0.2185346645327063
0.2364280012325576
0.27473977242837305
0.2994275643905217
0.31156679634311546
0.35609565636370544
0.3507096257105543
0.38846405507413023
0.4025196477238407
0.3858582548663338
0.4333308728245568
0.456191825769009
0.47686397610570563
0.523854558185515
0.48211081865377475
0.5940393878118293
-0.5282551899929926
-0.49576541107482575
-0.47359917646680155
-0.4287073143234322
-0.4551023236628713
-0.4395733681660492
-0.37118287484417767
-0.38518461628977296
-0.3668940887390877
-0.3055911884985667
-0.2902317660646605
-0.26387449607414487
-0.2645785063296462
-0.24829128569970252
-0.19824630823492412
-0.20653876206006713
-0.1729009951167863
-0.1628645734003437
-0.12046211550489588
-0.13264724396459615
-0.10543999406659893
-0.05243418669710347
-0.012226402732788993
-0.04008469026347043
0.04236274885394969
-0.01600002225830926
0.028646171499649868
0.07225000413464158
0.05323939493770717
0.12224605649374834
0.12230248828864126
0.13766350624328222
0.13780534469964084
0.20529545541950703
0.18441014905412126
0.20685358014737476
0.25722933310611307
0.2831276377660614
0.30024926825439596
0.32901959616406584
0.3221826657919765
0.38938143622927746
0.36372669870527324
0.38811086178400417
0.4154584532332135
0.39645818334248256
0.46397058499161187
0.4975758327512447
0.511628908275514
0.576816672163972
-0.5359820831682458
-0.5229993763413948
-0.5110927026851657
-0.47325545006135955
-0.4493334465256042
-0.3945312809045487
-0.400894946185831
-0.4452991497998837
-0.35355501832747255
-0.32557454207363007
-0.3106004354995357
-0.2794425303017757
-0.2550183319157841
-0.22559236388090206
-0.2051501388687242
-0.16849926927253314
-0.16391847939393692
-0.14440405165304068
-0.1651794476747204
-0.13128926446195233
-0.07522980898809913
-0.09812015018642578
