0.5579921898778611
0.42092278739073674
0.3034655221487326
0.13773127225413997
-0.04978387199248541
-0.2481837636277736
-0.3537249827521868
-0.49304110038884863
-0.6248878502987901
-0.658188728370056
-0.6716585884636608
-0.7006999348807269
-0.6062697720726847
-0.5234104956333836
-0.37466971887536865
-0.21769268431755537
-0.07439883536140526
0.09370896567769774
0.27910881608188737
0.4420593578363319
0.5333121063327284
0.6193492592109466
0.6900681823533408
0.6830938792310179
0.6259386223899788
0.5723062666354243
0.45771572233753693
0.3083944278313484
0.16480440345360553
-0.0006709328775050642
-0.21452199192616178
-0.3255843579999576
-0.4878995373476246
-0.5918247679926281
-0.6577719203301365
-0.7022412478284581
-0.6890951614175389
-0.6020204999020702
-0.4990030153424231
-0.40201054207340575
-0.24216639954935398
-0.07608086954108047
0.12401718057763797
0.24285560506740184
0.4043988453467088
0.5124376738977935
0.5958816691072839
0.6748851002813183
0.6587621402023981
0.641897437631032
0.5833305464845256
0.4479952079070108
0.2823023112897842
0.14742344639264646
-0.008795542255330408
-0.17930877112362428
-0.3388124073722942
-0.46670422009376433
-0.5889502797779543
-0.6282071828094551
-0.6578265961286384
-0.6804549880048608
-0.6459098507782057
-0.5469544498195676
-0.3811327223320532
-0.2246230665591592
-0.076546826149468
0.07890975855925328
0.2518901948837896
0.37738495205074696
0.5440953244009612
0.6097440658324422
0.6702536907373565
0.6855515713978266
0.6536810896808986
0.6129867451024921
0.48008592751180496
0.33964048597637597
0.19389129449769163
-0.014949458286094357
-0.1644676549095871
-0.3176024152757082
-0.48822120143058406
-0.5674930281674542
-0.6669728815630074
-0.6466730888261198
-0.658631816094352
-0.5963510053475033
-0.5188151038260679
-0.42926983404985325
-0.2675543726089776
-0.08163481996267981
0.11327183993618917
0.2350149800233314
0.37656370912118714
0.5637375450499194
0.5978545611958153
0.6501993577551456
0.6887895367536414
0.6579944387588168
0.6067848564134669
0.48670334799073156
0.32288257633706957
0.16697014040281313
-0.01187434607643447
-0.1495792481200203
-0.3462900669033847
-0.4549804299618206
-0.5909512373396035
-0.6688715185501888
-0.6693084448462051
-0.6703270511031605
-0.6434174173589392
-0.5742694101638983
-0.43154362097233656
-0.2488490332061091
-0.0843754241130515
0.06112251636755128
0.25859669668075663
0.39732923834397466
0.5340137925410487
0.6416809465832822
0.6817364808981913
0.6816302481016234
0.6796697192968228
0.5913467299027296
0.49441088833545166
0.33989794646823696
0.16260711396037555
-0.0028018181512582813
-0.16404345049333702
-0.35360794642102233
-0.45246717862546726
-0.5722060893094868
-0.6345590724164858
-0.695739516550137
-0.6373282998694287
-0.6170667590614699
-0.5565817338890411
-0.40745533878003787
-0.272807285896356
-0.09587141646269176
0.05741196760842543
0.21824791690071163
0.3887544295576599
0.5281820877883353
0.6049204920662635
0.6833981106996807
0.6614806591725787
0.6409567210174336
0.6339936536947929
0.4709642187331509
0.34379686101044554
0.15983333980291795
0.04622431371564999
-0.14866289376988573
-0.34678655472127745
-0.4807238898580548
-0.59498127224469
-0.6644090740203199
-0.6804551961474138
-0.7391980568436793
-0.6652055706881399
-0.5892238433814798
-0.42103676211075547
-0.2377524724835184
-0.10802651666729414
0.05247829276091971
0.22872845357415672
0.3643111992706176
0.511597918155068
0.6121659030137093
0.6928928485235784
0.6957079884656796
0.6913343084842198
0.615817722295351
0.516464276425488
0.35492937316093714
0.19157770797411153
0.01909319768035726
-0.09900852561926937
-0.3055450585778298
-0.44745153188071934
-0.5545797098054436
-0.6732726750674125
-0.6849412282062255
-0.6876102999413292
-0.6607422267686068
-0.5432354660978965
-0.4587147365909696
-0.3027774976889498
-0.08972063437139563
0.0332833456896561
0.19564033961410024
0.35903905895195454
0.5011678336499494
0.6277470610725708
0.6811414985976902
0.7074219554217943
0.6854977632395857
0.6390054250948302
0.5063843635771356
0.3627480050834006
0.22743511471317185
0.053438997051019746
-0.15504013145616174
-0.3145322980378142
-0.45864932251601115
-0.5235780757043794
-0.6379371210762841
-0.6370879704001716
-0.6806972812651056
-0.6267511250137517
-0.572151080610007
-0.42794053965010087
-0.2571155799272582
-0.1332487734989798
0.049046576156312076
0.2359900567988616
0.40667831248285213
0.48049818413178186
0.5958143794154608
0.6637745878431074
0.6619760186799052
0.6749045563649775
0.6162959866910114
0.5153821148689789
0.3684708893849019
0.20247768409701164
0.0975442683227569
-0.11903246650828836
-0.29897272426592264
-0.43798670834985215
-0.5657641123210975
-0.6439448702744276
-0.6932160193675851
-0.698339390835727
-0.6406315663536687
-0.5300171924141144
-0.42906251984833127
-0.30189598304081544
-0.1511673958267898
0.033143609788129864
0.2009100255990619
0.3782413607691119
0.503513219647021
0.5853601695887987
0.683947593096645
0.7085594508398938
0.6811714459177092
0.6104682532529592
0.5177637955753669
0.3996912495486606
0.17759718942931427
0.06670172806794894
-0.13561036808199253
