-0.6211381574977998
-0.6307790714038144
-0.5954324397581718
-0.5953763901909924
-0.6482199013756463
-0.6200181045772166
-0.618191440839367
-0.6217820287984159
-0.6441691412864619
-0.6149561196308742
-0.657533683019757
-0.6265228946826945
-0.6282237431790415
-0.6277545924133574
-0.6272317899029015
-0.6327145332183746
-0.658553685980671
-0.6499468241505701
-0.6025374008056494
-0.6263873500096903
-0.6396571710224722
-0.6432414862315964
-0.6173238952410756
-0.6195414112386285
-0.6342498697972137
-0.6320753627564316
-0.666666451614014
-0.603998143555375
-0.6645886935578709
0.6198166466723649
0.5958500919474414
0.6661086655782104
0.6832028683185133
0.637488893597734
0.6252042642245128
0.6407988791211033
0.6164504251052245
0.6470371139609223
0.6189847787967776
0.6406035215709236
0.6312461013609433
0.6416278572939508
0.5897801738544177
0.6365960693027817
0.6096365199795095
0.617845819011692
0.6218124809636414
0.6549248537768259
0.6177899791217979
0.6089661689818383
0.6283251521844812
0.6445298654995504
0.6325258591765015
0.651968179622496
0.5998379398867346
0.5911579620356037
0.6141215179375418
0.6184569884090999
0.6728415461379196
0.6105765921908478
0.6132429571050224
0.6561189004199973
-0.6345395099556378
-0.6166169987260353
-0.6085454466952706
-0.5835875822876564
-0.6605456304876883
-0.6186688251300412
-0.6215951460122671
-0.6167715964319791
-0.5920367949891512
-0.6358521443346159
-0.6090792738637757
-0.6390174805940925
-0.6261048729605105
-0.6236798220367594
-0.6236239136413744
-0.6627729674949387
-0.5970461816407834
-0.6816810932979198
-0.6194375291733561
-0.6391128146948736
-0.6391848820767831
-0.6221860402702057
-0.6011418139563599
-0.6599543957936455
-0.6488531308494706
-0.6382054711737175
-0.6367075969878249
-0.5910600093460067
-0.6247624566129946
-0.6180179798740962
-0.6150223218879768
-0.6120449274487503
-0.6503247497081509
-0.5990364902893426
0.6357110992790392
0.6178109850885639
0.6121389232606552
0.6494719608924333
0.6221721507289014
0.6030353823892177
0.6131240853711762
0.6224045032209171
0.6382028421246707
0.6232134100693171
0.6391760107938543
0.6361926182063883
0.60232993386851
0.6392394231845239
0.6246153604506153
0.6159683223253977
0.6158879920461658
0.6101997561662451
0.6368293349976107
0.6245074759790559
0.629784297718796
0.6544129846847097
0.5988525259022167
0.5927270534647501
0.6502623734075933
0.6301180461882425
0.6285279156086345
0.6365221350697958
0.6241247126996248
0.6542543906587217
0.649443259055072
0.6536720690921409
0.6629662689268265
-0.6177751786250767
-0.6415696250408591
-0.6508366396608066
-0.6039107767545775
-0.5853619265623278
-0.6211490816612111
-0.6202845223179541
-0.5937573847713309
-0.6399275268236972
-0.5916744476596756
-0.6345881983796358
-0.5851630229449488
-0.6224757657691635
-0.6018717909742366
-0.622796026486585
-0.6615924892992492
-0.64194981898104
-0.6390059874736025
-0.6134211851553057
-0.6228700736817242
-0.6594354713986398
-0.6115783598628715
-0.6181597062072165
-0.6515677611506479
-0.65002720504949
-0.6066128161123359
-0.6301167410199819
-0.6346895283586295
-0.6614304094766001
-0.6323857842562708
-0.6132107273537312
-0.6297021103990218
-0.604640445143245
-0.6251090284114033
0.5901998380062149
0.6307069954855259
0.6445606397707685
0.6440841805195493
0.649273655934623
0.6406630980586254
0.6071060368466171
0.6550826651547556
0.6065269518818845
0.6428787308254634
0.6579082625060815
0.6281678058680088
0.6193962246286439
0.6597467554082257
0.6450914551737712
0.6501908440989026
0.6186957712092664
0.6567579101456871
0.5972762032404149
0.6280234162764565
0.6363250146315814
0.6442857748281321
0.623563668909128
0.5988274056490465
0.6112487268681529
0.604109769464747
0.6334416650387356
0.638548775713689
0.6252230445018779
0.6533334952853799
0.6144831781107895
0.6384831836146692
0.5983557809457504
-0.6359220693095439
-0.6107131767001971
-0.603009072869966
-0.627568096189923
-0.6252468645390468
-0.655083074286211
-0.6120675732660545
-0.5758927247392559
-0.6028592965297013
-0.5911418078208129
-0.6280811300412522
-0.6159236884754156
-0.639805481487657
-0.6489249833584175
-0.6608459353038807
-0.6507187677689745
-0.6161536939089175
-0.6214397957744683
-0.6104514612131715
-0.6244965921814445
-0.6252408449468078
-0.6286063427633526
-0.6248447781721833
-0.6466460540036032
-0.6143717684812461
-0.5952388014622697
-0.6156095985307876
-0.6467559727638289
-0.6193911454367942
-0.6009097072238457
-0.6546504705877133
-0.6744531719970421
-0.6139025137038082
-0.6424032354782139
0.6269924029317047
0.6305778117569085
0.6835351407890987
0.6021993127260449
0.6088613947416538
0.6625681149095889
0.6361585705292628
0.632927792782665
0.6294711360685733
0.6238979541296961
0.6418696895912236
0.6531619873130204
0.6081627154848236
0.6571951934810071
0.6167025717932146
0.6171820710876461
0.6100227561716962
0.6622636946566985
0.6244427738565292
0.6451593780328574
0.6037305654806958
0.6190708072831584
0.6433084618887903
0.603787847527386
0.6023502877842106
0.5969359497760963
