0.07037201936567218
0.044514390686808306
0.07105314341738392
0.08361676992207973
0.09543577444191524
0.06174301925516361
0.06036946297245855
0.08403663642303714
0.0687919328622263
0.09613699174445582
0.06604673640903279
-0.10862091648653512
-0.08913856072954093
-0.06007748319793309
-0.06378150328141353
-0.05485446267195411
-0.03814536272555391
-0.029146000156813803
-0.06050347759009754
-0.048566095108429685
-0.026631243577209335
-0.0685694843571155
-0.04308605927436327
-0.07343644401528132
-0.0580302726031837
-0.07365396072766882
-0.05458519571780534
0.07865423963885576
0.059876056327353676
0.11084581621469876
0.10958097473451936
0.08065214810078825
0.03250865653651481
0.06584793453022444
0.050954484534468464
0.06738122520256366
0.06907636244422741
0.04952217235476647
0.07599006604200641
0.062133086599590215
0.03234363096591702
0.11432228821727738
0.07756413750002833
0.07024898113258367
-0.06987370891888442
-0.06422868284229491
-0.07589436144849099
-0.07378658672460776
-0.07555406040618114
-0.10183768046610646
-0.07213663237280152
-0.09232764367281951
-0.08485286450353112
-0.0591169310000398
-0.10663433946736664
-0.07810725647431425
-0.059864454469355975
-0.08928149888785678
-0.10332976624479448
-0.0919875811853326
-0.09915798590170169
0.053064519307206355
0.07953182146774083
0.04573638232797185
0.1000887263334164
0.07119676379905292
0.06827782467846442
0.04404753447609371
0.07213884629025698
0.060798852037100795
0.06218456090307172
0.07683751259704498
0.08196707197150255
0.06905272329505567
0.09708419675786174
0.10466771056921528
0.05385778878535535
0.07845882737665275
-0.07662544024179051
-0.09007366963846683
-0.04725338356227017
-0.05867131657058045
-0.105041286396969
-0.06437284585740255
-0.06028297401132759
-0.07510962066345993
-0.056508628030102384
-0.09451360985149398
-0.07390441841199011
-0.0703686563448485
-0.08238706648512187
-0.08391630614803029
-0.09380904299840971
-0.08955841732349493
0.09483534741330367
0.0569056651375167
0.06894389896328276
0.04242545872240383
0.09580989648393977
0.08813788594416803
0.11189061776315334
0.07377772548249946
0.06197647309262452
0.08153302073975942
0.05065727856572241
0.05354451389752313
0.0740326120263427
0.07884635583271014
0.07911216171810365
0.04591950589799397
0.08831106108999619
-0.10171495713481225
-0.058324978185745294
-0.08572092168898628
-0.07866011897791704
-0.053403666446651024
-0.06950602834944639
-0.09983807840643376
-0.08010918629540996
-0.08649259377295852
-0.10689846565158215
-0.07750905107673257
-0.10431055885804842
-0.06289438384430535
-0.05381859429232491
-0.05825562407367324
-0.05068251039895383
-0.05429705748276936
0.04844572062270459
0.053091033965790804
0.02244006863478616
0.07164182791743806
0.08938656474117972
0.08384196961635988
0.08112255871449926
0.07837488899195773
0.06530482421359314
0.07205245354460557
0.02183084200114003
0.053387966346515436
0.0529561086657783
0.04637750270239813
0.07114596029672322
0.08734280719875753
-0.05669775538483535
-0.06467204704174682
-0.06726010219493844
-0.10810388861340506
-0.09688190420214299
-0.10332614702132255
-0.07110734431474501
-0.048412602553406466
-0.07610343320556665
-0.06714762742425028
-0.08174973130104567
-0.06829319331584706
-0.07617973241659384
-0.06818971229917954
-0.09195456998797598
-0.07529288056602475
-0.04999659456189727
0.06654121577114695
0.06447428607783566
0.09359174702378788
0.07970311867708094
0.06127736139331354
0.04402348054551074
0.07975359246974324
0.09143382447472423
0.05422334113710481
0.07756279822687777
0.11284307510486025
0.1198371055183704
0.07572129214567969
0.09194388459914707
0.028197126104037518
0.10094019520941339
0.07146397978880069
-0.06331381516706153
-0.06418714261854956
-0.10288260123186614
-0.09283360764480178
-0.06717250333341215
-0.07566184570250359
-0.09853298655745218
-0.07872400532262318
-0.0758944067085364
-0.08083068424785547
-0.10274615573512863
-0.08642156563157272
-0.109932751802158
-0.06219141594997565
-0.09426962757386627
-0.0726317959689786
-0.06808635475750939
0.05775429508433057
0.06157096607038404
0.06510263135948136
0.09833821960988882
0.0691050731312658
0.08154607093281585
0.07931437925740914
0.08297839862362322
0.06647530538377137
0.09092868978483526
0.08729356489290355
0.05812292539220841
0.05997269381481375
0.08143940712292468
0.07852170383063621
0.05011124733871611
-0.05339541131517611
-0.09572107246401852
-0.06013772519819964
-0.12755401803786273
-0.07277671229731363
-0.065521896808897
-0.06198853721271018
-0.04005937320588839
-0.08549185982551982
-0.06370496348163684
-0.05609384814412955
-0.080969595163428
-0.07321073526790627
-0.08974434158723503
-0.09911286090227431
-0.11714161561430991
-0.07416967775058812
0.08108971346205503
0.08733087717165036
0.10841580469624666
0.09634191196709983
0.05563676869724282
0.08708571198707024
0.07659709184584228
0.06766119297313883
0.08163102381302298
0.0770377369955663
0.08149284281419714
0.0779301161562959
0.11303436600569829
0.06220886289776154
0.05169723711804318
0.07088435553568424
0.08789915046377704
-0.05881287655122378
-0.05769129705814002
-0.04133708541707608
-0.07641311512222444
-0.09363884325134554
-0.1028986832127625
-0.07258038841944253
-0.0894429298728949
-0.06435606205543193
-0.09343487869213982
-0.08284438071505293
