0.016118477253085264
0.05624954619800448
0.056838032486227916
0.09312782640879974
0.01811002872561701
0.11893405119731437
0.09151612229722934
0.08584113103701294
0.14028687994912614
0.11308618441647143
0.021529065606722096
0.09441312028063463
0.04462756011530412
0.027401936359408338
0.11074002319201506
-0.0006157469461724415
0.03245317440873916
0.07153584796903896
0.032180289947052174
0.050986720022271115
0.03797835936544168
-0.017783921556318753
0.025300995388768448
0.011174234449711709
0.03748660516726246
0.043974154764618315
0.0932405533445049
0.0634515247794279
0.12647414626396428
0.053121125385432746
0.06975868837099657
0.05466031819232943
-0.000555599203967222
0.09975187966326779
0.040274798353202836
0.06146193428570403
0.09735696369317756
0.020371196493404697
0.041766928318705085
0.10533905988258425
0.08658887920303356
0.06545967074940669
0.08948239317299796
0.09124732276958186
0.02679509610852039
0.012655552439415955
0.11474482126515498
0.04329766045157986
0.10339797780283076
0.046155391885099595
0.11583880663348295
0.017817969051893555
0.1125023846980992
0.03911433197254515
0.018067782037692916
0.10343027478129603
0.027151072176600673
-0.0031107356383668723
0.04539430509566453
0.026699031689296347
0.11970661832662197
0.08834253069788471
0.11055223308737887
0.10047143622377104
0.024169034346425054
0.04066408327082983
0.09454767248067754
0.015239989561102778
0.05895560760163383
0.12574694956504237
0.06725350032283714
0.04622788903398575
0.09024756609232006
0.03613347635557859
0.006659781304542804
0.08420946056098223
-0.0217706498784912
0.0337509909788687
-0.00118786213646753
0.030942393736363066
0.04446212008374033
0.05558802407094806
0.007730283624458451
0.05252438595035867
0.0949127685041894
0.09214875343349925
0.046785332751985584
0.08345802333783067
-0.009456772732889869
0.07580599770459409
0.08075285417412285
0.12626852015036022
0.05099100120735389
0.031744526250437825
0.04330331134599921
0.10783954161236362
0.021152991826186573
-0.0034548218158313836
0.10054489678653275
0.1124951451158363
0.08821132797044987
0.040783566127300726
0.04897141705049575
0.06903348825145918
0.04427539441141626
0.053391511333442256
0.12937480621630373
0.053727285921555984
0.06099588584725372
0.02139042206802258
0.049944828300339444
0.0009156187133058536
0.08247633133264903
-0.02076415378847856
0.07075701362554838
0.08796952173584935
0.08053563328771234
0.03648173007317322
0.04973827251354552
0.003803526036450282
0.08176934816658264
0.024424427225731772
0.01232734326470325
0.024091339524133233
0.06335116445219117
0.062093375514220644
0.11349740334476573
0.014306278938708523
0.10696714787261585
-0.0327970667172734
0.004093055678136167
0.080741140353352
0.059959330718769015
0.10412614259532764
0.10848836666654811
0.03765994309988573
0.05860486591418479
0.04399433287823891
0.09203816652638828
0.04525670859011503
0.01141181155909737
0.06521467134790424
0.11946484394695948
0.07530733183161063
0.13395675710499616
0.06306050134607395
0.019813480040692097
0.06662210475593333
0.007136472250698227
0.0980475798453605
0.04790589185993098
0.06246507580411097
0.08510095469829505
0.04598504248940754
0.05179368352916468
0.035982348103871915
0.09221288562991084
0.009996450299503669
0.06801752038545003
0.057270072349252146
0.12470672009274535
0.06918292068129409
0.03482756822642813
0.003708973898610839
0.12033473461517447
0.099788483198013
0.09636469813328127
0.006565194420181011
0.10325041573062253
-0.014881755031534504
0.048601029947922585
0.04463786652851049
0.033130399131836095
0.05139859954166465
0.019527767424919337
0.06225342571165525
0.030258293694186575
0.004581268683007195
0.07843532695190232
0.05850988245214286
0.09830713224551377
0.06169142388680337
0.09850564558972616
0.10123506605611549
0.07969415101103984
0.048137179709618644
0.07371366034281054
-0.0052575230153615385
0.09969505999581951
0.10128298650624068
0.06027148883082033
0.05855245839125479
0.015886673138563463
-0.007496338335390605
0.058169287725208366
0.06999533622577046
0.023422091731036206
0.016501336955016127
0.107407679481787
0.0885614688302053
0.11560787112182142
0.1112496880634015
-0.03547672282844814
0.1058473686920257
0.0938570022673228
0.038593591303344416
0.09025188772103312
0.020034819310060622
0.13292122028627965
0.0672484663155087
0.011907318981768392
0.09741665191967702
0.09479782769998064
0.09367347787880197
0.0928948243436994
0.1067299785309608
0.02719815347614091
0.0037434887478206384
0.05503173700401668
0.11482040281640811
0.08711060243962232
0.019204880474788872
0.10783410246111834
0.04316308045229662
0.06501882476758827
0.06924807046698131
0.12192419623896282
0.036438334750792466
0.03059577658368748
0.028739858144234666
0.04659098850596478
0.03129608080129546
-0.02026975082880895
0.058946680464341594
-0.012367438787233157
0.10674688369634491
-0.014197858627334956
0.020350653813000125
0.060078266252336504
0.03397144131306785
0.023895545470146096
-0.010532459543803302
0.08983678482434623
0.06429354282545169
0.059499809035999204
0.05842868985770337
0.0794116197173002
0.03879007949957292
0.005010123505480501
0.07243824561482354
0.06263308189509814
0.062225995631042516
0.09618476924536366
0.08472701843805752
0.04571588333419721
0.06320887680453383
