-0.3829361403851479
-0.40077417312724956
-0.4275593250632314
-0.41444848297372117
-0.4259162077640836
-0.4324144472868216
-0.5410819649104268
-0.49778219436339805
0.4856046871276242
0.4628071953018209
0.4844514471397083
0.4380578032333534
0.4273199291775965
0.41989539595429026
0.4297855614219707
0.4066848500366547
0.3912642447291771
0.3725715045559295
0.33800823180477446
0.33011453254668915
0.33873496315621876
0.2701106879312293
0.288125403544006
0.24479411743364723
0.28088862686641825
0.2552098696317855
0.23782952392401668
0.22901015185512102
0.20568517493137103
0.17596076263626673
0.1504151791079428
0.17041972599278563
0.144308864892818
0.13052702748927883
0.13653449067196882
0.11272098984453419
0.10471403000177892
0.03703336862133311
0.0473324322688824
0.015740204353193094
0.04443259016970459
-0.014909072948928542
0.0006698948362152436
-0.030279298779087915
-0.020635491557992124
-0.09887697210514676
-0.05765243994749203
-0.07342530140176412
-0.14173672382606642
-0.1293263430761979
-0.133203667221957
-0.17085887417876694
-0.15696557836691144
-0.1899639449405183
-0.1974521390902207
-0.21737509156730114
-0.22813194017175148
-0.20798775420667193
-0.2685014703420564
-0.282201513194023
-0.2854799176226008
-0.2852758561067074
-0.34406182862432166
-0.3111919769569961
-0.30930006871022275
-0.3504870650407412
-0.3677767764764605
-0.3924136250335606
-0.3957171565920793
-0.40069767807575535
-0.42619238958560723
-0.47691838195151137
-0.4313947648314819
-0.5201667410732754
-0.48418695836938935
0.48896215962478073
0.5174067609870752
0.48781735060911724
0.4669264039000271
0.4172973430000769
0.42624597459731844
0.41216414409238217
0.3589977208275154
0.39037252845337267
0.3877464062315531
0.32170207725044947
0.3414106241055321
0.3359137954634896
0.32398199784848974
0.29223034301393586
0.27924014121139606
0.2408096313621702
0.26727247939004006
0.21701693877701136
0.21043114789253442
0.1779135701553383
0.15480921006455367
0.17984010200568365
0.1118547480195314
0.10541806805589427
0.11752661265058172
0.0852107778917636
0.11527130941208324
0.05225722429124549
0.10988622030630196
0.04073127998383089
0.029937860262528145
0.029364054877171766
-0.005205856443270975
-0.007764753481012962
-0.014872828192545814
-0.010810322885242953
-0.04933491712200688
-0.09179553746012584
-0.09365969644981817
-0.11293604323222922
-0.10569610886875026
-0.17391297749487078
-0.16104862725488295
-0.1431514434870772
-0.20134502408298585
-0.22280069935273145
-0.2050346111653464
-0.19742714379890522
-0.2621392299259813
-0.2616396880357703
-0.2804109620408341
-0.3122529982105403
-0.2960928721534733
-0.3173182840718178
-0.37548263027513984
-0.3379640453246666
-0.3457810351107835
-0.370794887410504
-0.40799399199393965
-0.4078461745691013
-0.4099011873765882
-0.4279577383700929
-0.4293050017647697
-0.46425244459270126
-0.46966943984024584
-0.48359879455400406
0.4973258292750958
0.4764446103021915
0.3985350251006867
0.43559473635660706
0.39317968893311556
0.4268240902099992
0.41522003483890124
0.40621590938197294
0.3812795648152411
0.3278154587243107
0.33035801538325715
0.35643760666641067
0.294585229579414
0.2864187303536711
0.2904324944867508
0.2901921119206534
0.2693162083689485
0.21016454998548248
0.22992077770193997
0.20508840211234738
0.18060524977828765
0.1449053829531302
0.14469766589657898
0.18060764729625592
0.13800480284394637
0.11434555072338942
0.08618808487820652
0.09927821234706759
0.052570602967816224
0.06320779903531146
0.04356368473507801
0.030049627264233353
-0.0008938479444914223
-0.013091113909412953
-0.009545258443626919
0.007763769977161911
-0.06780996489477385
-0.0663630831881507
-0.07519697519164815
-0.08540638989591832
-0.1294421580239482
-0.14013297779108042
-0.15850484830323974
-0.1696043020664908
-0.16662917079922263
-0.20010819327945437
-0.2158905033073018
-0.21835498443584106
-0.21778087820516948
-0.2339162041168161
-0.24693362659080031
-0.29997765606859034
-0.3087865685978081
-0.3055696570623911
-0.3335171254908323
-0.31793766243258487
-0.31025265864325374
-0.3487920377369718
-0.40286829518058537
-0.423983354899132
-0.40997626342400284
-0.41376826147405016
-0.4336636872412684
-0.4458209613042743
-0.5192241587093858
-0.49660476788054614
-0.5104504212168864
0.5157853714342053
0.4581931271212617
0.469266656640993
0.452391757911211
0.4418237262800833
0.41901969744784273
0.4023045187395562
0.37527506771091823
0.36995004861138747
0.3540625989297285
0.3412714299192174
0.32451052662355473
0.28366548352169946
0.28226216785723196
0.2946579870578326
0.2406190179440363
0.21478495780779394
0.23115103971653422
0.24246717017560637
0.20801857665222423
0.18324420518539292
0.17698449754544973
0.17346510398479312
0.14242675791579384
0.12650911157449082
0.10508384159268708
0.10545948488016653
0.06880249824663982
0.08811346768448276
0.040340044992480506
0.02621334806225165
-0.004968337185043369
0.02558766817559143
0.018052293629639404
-0.02981506313851794
-0.015294385432263354
-0.06351729324899548
-0.08130332433476278
-0.07188505243888867
-0.08912004903281949
-0.10697181101618716
-0.12140477624352589
-0.1583448948081348
-0.15658964399110656
-0.19710026507668751
-0.16659523592527753
-0.2241046066602097
