-0.47730647430138484
-0.4895750153246826
-0.5070086781374619
-0.5103938264862572
-0.4572795993813492
-0.48461156159416174
-0.4851193904560907
-0.47959227802860604
-0.4814177080560938
0.4638360044937315
0.5101362992203694
0.5190466928323957
0.5250365183854606
0.49907136901786564
0.5080831848781954
0.5014064028550564
0.4976438114547317
0.47925198444668543
0.5022994853795484
0.47059136240273947
0.4943426866587892
0.4725140963959842
0.4646789295088468
0.490709963357873
0.4792742914600435
-0.5182257418876514
-0.4325498271354929
-0.5144082898016866
-0.4783799083863622
-0.5201716614278517
-0.47441196515764583
-0.5119420602055829
-0.5143976538108854
-0.49034058166046474
-0.4618498091991355
-0.502218492806109
-0.5068463046285641
-0.4794694082747582
-0.48448710759251445
-0.5058745423570997
-0.4995467728767748
-0.4729763544906558
0.500471657466309
0.5091948519865996
0.48844057194409796
0.4851696874127698
0.505904346122945
0.4995778784766105
0.4999886723639663
0.5158826605455332
0.5206455712416798
0.46664959435086173
0.45284944382971226
0.49842751498185667
0.4466527937704681
0.5027464620015065
0.47849586544855
0.48288312206121503
0.5101311129794905
-0.4855968599287215
-0.485645346065685
-0.4922923968513213
-0.4735866533193843
-0.48306377863177796
-0.5153396602051916
-0.5318816877094007
-0.4799261378054652
-0.48220470550045613
-0.47572052091351913
-0.5006966447413752
-0.48937856647040845
-0.5072757257831936
-0.46198758958092234
-0.48900720921811536
-0.4568663089169527
0.52326802185526
0.5268245268411503
0.5076301535406715
0.47422271632166757
0.4830746212796873
0.47783828286838026
0.5159100445603554
0.519627439265971
0.5065845924815192
0.4705009467074568
0.4618215601341152
0.5256193300945462
0.4852324965123694
0.5178427456240307
0.49182163732205014
0.5023306596634419
0.5082706949394856
-0.46220150371152996
-0.5033171769998993
-0.49350837043389184
-0.4808422997127832
-0.48722815552946436
-0.5145649563535518
-0.48102612257872207
-0.48719803850934407
-0.4496167901042941
-0.519571480385428
-0.4834674023965247
-0.48993574769876086
-0.5274654581782566
-0.4883727131635626
-0.4945074874127306
-0.457041373179417
-0.47564674864257006
0.4874485073893636
0.49649044198263775
0.480734665643833
0.48929632070591833
0.49826184158742404
0.4449240955175459
0.5201092982604926
0.4722279813359412
0.4675224379785735
0.5007009571912246
0.47530740395210136
0.49454994801683655
0.5051059302132557
0.5045083946397627
0.4769156634673991
0.49850764361360256
0.48415915967990736
-0.4946765883633679
-0.5293617970968388
-0.4958883476534377
-0.48325254741177337
-0.45799276244221054
-0.5430269087965818
-0.5094902478908131
-0.4901166598415004
-0.48364932178910464
-0.48287123068625704
-0.49006929303287283
-0.47431434770822684
-0.47647295432887066
-0.4969831475394143
-0.4910875848648506
-0.5407545691466284
0.490379580756592
0.4808768538948057
0.4778836720491737
0.5194698551074023
0.46873467970304145
0.4841714686976003
0.48449227910898535
0.4871925811126839
0.48048458737151456
0.49316231920732323
0.47986223598339545
0.5000649513416285
0.5195296911971836
0.47408976900830435
0.5149086642220762
0.4966701223018617
0.4940637131599402
-0.4870133546323403
-0.48248604395478334
-0.4801441282646828
-0.49700889110396773
-0.4757957028734206
-0.49168883398611146
-0.5139543054101068
-0.4683636924345035
-0.4726579569562049
-0.4298610424875723
-0.4911381058050575
-0.5084180821839062
-0.48474271688959075
-0.47299285818410397
-0.5115626054018618
-0.5073199318823086
-0.5056953036696156
0.47726341087694424
0.517026842590563
0.48533596496215564
0.48711007527142525
0.4932264047431152
0.5498255069983204
0.4503877518925296
0.5110558477086492
0.49655247416324966
0.5182078158498933
0.5321671248518063
0.5101840527778628
0.5120174333368072
0.4734118238817852
0.4903036972419223
0.4862291315603552
0.4734427959656178
-0.4941936987780007
-0.5257379066963039
-0.47979261770441156
-0.4923532154198693
-0.5069429450004864
-0.5037134474427915
-0.5158843365267148
-0.49996801998541673
-0.4986979403745852
-0.4999719453326386
-0.48001271202532825
-0.49240018860942186
-0.4919658226102954
-0.5070077171599755
-0.4595872940830072
-0.5021263991578135
0.49372694764702
0.5031774256939529
0.48316366231539387
0.4944276587283149
0.4765242226656423
0.5007317680952602
0.4968527048610252
0.45525216884351144
0.48766127159994715
0.502985901114128
0.49528117738123156
0.48752640257435104
0.49715228428658814
0.5226540277326607
0.4539005649850326
0.5035907340926211
0.47456454791092234
-0.4934982695248635
-0.5156852534439843
-0.5154748591576823
-0.45806621994857405
-0.504033603726407
-0.507947906630143
-0.49351233441416487
-0.47781391826865033
-0.5031382444116951
-0.477629045913048
-0.45633371491532315
-0.4852662673538326
-0.4880756674120201
-0.4791599985130915
-0.4963762885243485
-0.4996997037518083
-0.4807481282402812
0.4729114138150223
0.5087636964973377
0.48414851899241057
0.48531780885132214
0.46919997669513847
0.49022980183057696
0.48160429934134036
0.49212540142534095
0.48517302399397216
0.5079568692681408
0.4700365069257988
0.46116037759936696
0.47855589620392075
