0.36508405261449944
0.364158549124656
0.31632881089336373
0.3968573925903711
0.3590851055142274
0.3477243601583722
0.33286669327803375
0.36623287531825355
0.3389718214416279
0.3668803818447955
0.35209036075838085
0.3410551499606249
0.31712155091823874
0.37042560334242364
0.3327892830949211
-0.34665237731267773
-0.36712286499981595
-0.34847383402312426
-0.3363659760029778
-0.2991908153853089
-0.35123782031773704
-0.38356536666956753
-0.346271486340936
-0.3957783811321044
-0.3430783635934859
-0.3672123125385173
-0.32131565078201035
-0.3585367269715816
-0.3208669614578482
-0.3418598949278844
-0.33781108811088667
0.33278751219905534
0.35722759835464
0.36255412858738134
0.35145452638712416
0.3709010457789636
0.35263913935851304
0.36453040231333717
0.31306453957994573
0.3621335367237038
0.37327980172687736
0.34744564750558526
0.3367101094444819
0.3411198575519361
0.3740826488999882
0.3271008041059026
0.3439499475738916
0.39092749442183433
-0.3411876596465085
-0.38433822878143564
-0.3393641475058508
-0.3704008167562437
-0.35368945480689123
-0.36016420559441104
-0.3521300565526601
-0.376276677452134
-0.36312730715568053
-0.3377511643456245
-0.40560791554023157
-0.35783021857528197
-0.3483278722712991
-0.33378670778396596
-0.3631913277389218
-0.33170813016087247
-0.3057174834391638
0.36184926076872986
0.3629102497530698
0.37083266084019384
0.3218887600561259
0.32595280182651454
0.3578381759256022
0.3218878181978513
0.346461166238207
0.34709761829056296
0.3503757756135674
0.3251748319256466
0.3432244169936519
0.34554232202641416
0.33095994457881855
0.36924493012377624
0.32310106368211566
-0.3523060391538584
-0.3751854004807661
-0.37622694767528847
-0.36702340341076684
-0.36124311771371753
-0.3430370558517833
-0.3626568527196168
-0.35008614224399104
-0.3934317338960415
-0.3244586015385907
-0.34663932669820635
-0.376699852343199
-0.3502312352998249
-0.3447075203616537
-0.34069967632586806
-0.3514045352096674
-0.3455796912738569
0.35738577709921876
0.3327442469335809
0.37554542457554796
0.3810717520799084
0.36313641139347413
0.3959853652411454
0.36009698527238987
0.37859380643883594
0.3503539898859124
0.32284163020376205
0.32890102474318456
0.34404169279701463
0.35146104465311506
0.3711728662508924
0.3554110964296256
0.36739287230268025
0.32052766515142794
-0.3402310403353954
-0.3265734946497372
-0.37707805222880164
-0.3341100035001456
-0.33237027644787337
-0.3353157234480184
-0.3437058402782848
-0.33997306913012776
-0.3581202858561867
-0.3137328927775916
-0.3598556552326067
-0.3377639233651629
-0.34893243842356797
-0.33822021034264277
-0.3576913782458869
-0.35036289244464985
-0.33041300202960283
0.34420193457399434
0.34301616282009195
0.33402632190684584
0.3392478927793247
0.3241036734611789
0.35401704125583816
0.358321966085155
0.3436672489695818
0.3660957335236377
0.32840228672324273
0.374762473696964
0.3244418983479445
0.34486022483691436
0.36138547155486966
0.3292900104910849
0.35100941372364935
-0.31552411169741534
-0.3542017921045729
-0.3360159238755491
-0.3294939496000077
-0.33458946524711664
-0.3325609054255688
-0.33838979782576634
-0.3607291584100685
-0.3484264688829288
-0.33489970983367223
-0.36168667284426764
-0.3581523663720357
-0.3325918358051292
-0.3538881195504527
-0.3480974362415849
-0.3783863457586787
-0.37520446591714246
0.353321102578797
0.3673643857362522
0.3310156796442503
0.33290543563498537
0.339885570301749
0.39183415573616714
0.32067938012063235
0.3655623987636035
0.3750368966039537
0.3482580439642587
0.3378803962661157
0.3731646625476932
0.358521466816286
0.3521393862620655
0.330923299320783
0.3617984700722836
0.3553503838766201
-0.36581949056621604
-0.3325149293046123
-0.3610560459009258
-0.3401679395709444
-0.3833203524043372
-0.3414092154247326
-0.34946847140696274
-0.3408286863593082
-0.3517191170278633
-0.3121162150029044
-0.3757031596566003
-0.3280045404041045
-0.3304248065533658
-0.3466911148176441
-0.35510864159078215
-0.35750029677194656
0.3546727732214192
0.3336117147494399
0.3466423346666871
0.3347422743430073
0.34181218083209985
0.32458743954695823
0.3473223955595317
0.3482696864313655
0.36686962185448
0.31458394757043046
0.32885977134732675
0.33623622241350487
0.35335399471048756
0.35760500921999944
0.3866784466221412
0.35558448213389654
0.36257723705763373
-0.37363483109732687
-0.3282124090220794
-0.3521299574482172
-0.3542535287294934
-0.36011602145652893
-0.35305683488819317
-0.33344340617758594
-0.3222218195988677
-0.3526211458176387
-0.37987146525643983
-0.3592004879997516
-0.3345897245553118
-0.37960761325812525
-0.3591744176678396
-0.37237749937386216
-0.3286842193248756
-0.3498089511049128
0.37635823427165505
0.3381792994223085
0.35309930840186177
0.34727789158963335
0.35901979101428316
0.36479558732248263
0.3463991782103767
0.3504259254426394
0.3482259081797931
0.3344270185869499
0.3234184295427021
0.3734120071317922
0.33209086817322003
0.3355367396764508
0.3249031535969612
0.3572475127933008
0.33950230326311354
-0.36255465305668283
-0.3693688939590685
-0.3522531319826105
-0.33778941644822985
-0.37915139007221244
-0.3653222575269014
-0.3552956936108884
