0.7066107613149025
0.06619879448892407
0.31130154923988784
0.5177144277069251
0.5318546992629797
0.3594821203361876
0.7671009748718587
0.15945497936841824
0.6992618302062428
0.5404068157077268
0.7302354296069169
0.0019903764738635372
0.3323080797537898
0.6762654808020189
0.6766485185607454
0.0325340953228027
0.0038195120111714845
0.5595685467231521
0.3000205355174336
0.0228095548061651
0.5766923416418849
0.4672539594155913
0.5955437436676083
0.19619834434060515
0.08774971626666975
0.5628786194071709
0.5720286046934484
0.5819080763889041
0.35960433624518473
0.1272794626401459
0.18171311084918537
0.3548174941376112
0.5448128222668449
0.48167447463626595
0.6428047663389197
0.18984040759114212
0.2778011524453592
0.5025395400323878
0.5182304156253122
0.5036817431954695
0.7300993298338361
0.06707221248361948
0.689437678604386
0.1491543022991232
0.5718644868840269
0.5660051016985771
0.21466955554075073
0.588624620271064
0.43267699146418426
0.14486818229496976
0.4002829421134151
0.34642019506969685
0.23047134818898887
0.5062975311148995
0.6735228359127454
0.10174298736874536
0.109482375715485
0.01334133861182396
0.20707380426491775
0.34785985720713947
0.7614205148835914
0.5158745173556067
0.5004536992209683
0.6786709237465871
0.2282909226926505
0.16756421842665353
0.14880586699686893
0.2169418034855514
0.15139422151998527
0.7404311920243879
0.061346412444770744
0.3382642779067948
0.21712721006640548
0.11092710297504618
0.7489937325979152
0.5420553884801005
0.10302955274768491
0.23035283637069046
0.41349836348284147
0.2349998323555073
0.7507786253867413
0.48902232934613316
0.45798390405344835
0.01737269460338913
0.7120088089202973
0.04273397080691494
0.04970587308385439
0.2625787082050873
0.07130322658311129
0.7209616953619619
0.6873469378673635
0.0708650724274701
0.24297560105890018
0.21657348418162095
0.28254678722512055
0.18186545968872123
0.1623318756778929
0.005269113224364977
0.35406159767380807
0.11640404164092676
0.5369594940659346
0.25491482458038967
0.4119415897417621
0.05332151574959655
0.5276683926151039
0.33953403478957284
0.1777815390534979
0.02733514829313548
0.2984868600405478
0.7327417061891851
0.7646489393803579
0.2892905548068474
0.37065731928223333
0.3406179426512961
0.5519318165145669
0.5921706057662088
0.7698023691143603
0.31479595695708323
0.0985388017759083
0.21827981880809208
0.657877691836255
0.19219266205126737
0.5384501349173123
0.11803129564555612
0.7085309052465916
0.017537458477273598
0.5961676176648673
0.4764246830927107
0.4334508676523272
0.0269875815906028
0.01849672246763837
0.3251419216669042
0.49684351349370715
0.7453958753440139
0.22179433844629376
0.7667717873501625
0.23179721152402277
0.27455368203977
0.17788838824748046
0.37887621314549264
0.5076798150978151
0.49484339115368625
0.1453762012859173
0.40620385920628777
0.49703219040913044
0.3991576623246133
0.39016118800540345
0.7417615612278587
0.6466322027802347
0.3401017351273306
0.266372764391764
0.14168680731043978
0.07625402228367305
0.24532632458457232
0.5266175306665646
0.5337807053641782
0.21713245332546574
0.5080222057277374
0.6532605739712708
0.24233400326630058
0.30180721112429687
0.6400059304450082
0.5458175575283082
0.5587160642630484
0.5983877208807121
0.6612120190354649
0.3783414965297429
0.47563532360115734
0.16604418132985388
0.5217682388453388
0.4377191051447482
0.6277734939945777
0.30827319475083115
0.6960739423403344
0.7152961142455692
0.7662102938060105
0.39208782208703646
0.06321103287770183
0.41860505145784377
0.5552777862746827
0.3517107530214115
0.46542050479487307
0.058966853821973725
0.44643232671078953
0.4941249721098156
0.4830608059300253
0.19248421016632308
0.6090162130490165
0.5746616218000972
0.2915600048959909
0.7491634400780183
0.5003744308964431
0.7314864078186618
0.42190583305339124
0.6012875159437646
0.25441404560034686
0.4044424909827349
0.040824541793763054
0.7621753522347454
0.23702128956561652
0.520548045566115
0.0025032174038349363
0.10914955861186428
0.7020416798455619
0.7152660419040491
0.09221763942799319
0.11790675121410724
0.5148804805137488
0.11906721568128514
0.28165147477091784
0.17669339887148022
0.4812299771393739
0.2528313834109496
0.38669086651098794
0.39473859373318265
0.7331750607656735
0.7301585866808217
0.17531289048282375
0.20780575318134134
0.5130341560269458
0.1585706350359268
-0.003867594920267195
0.11589040446990144
0.24542262397542375
0.0684079328618216
0.5309211137910368
0.3701168772436314
0.436088599786224
0.33706310301106535
0.6834834106140901
0.6133068966272569
0.45997633114654024
0.5982420966271196
0.23889845976891674
0.19369023435899324
0.0427205853346732
0.1275648620310416
0.2918461355500561
0.6023216733028592
0.8248381999337496
0.7442636955793219
0.08465913810505968
0.6698066334814363
0.3700009880364283
0.5660617972914466
0.4350896484104816
0.23754063055918442
0.6406044736180949
0.740520940127322
0.6391571349159886
0.7391450795071438
0.24782141199264057
0.3129452927870799
0.5871069274594526
0.09933139758363467
0.7107030891392913
