0.7691541437945594
0.827280017860958
0.7808626565472471
0.8206635534078709
0.8007359476334994
0.8013031340009295
0.8062741691057176
0.7612081114062
0.7648524337855988
0.7430908827719606
0.7052534096640387
0.6738191705153743
0.6720015772467113
0.6056406125734709
0.5717986027664651
0.544847742375811
0.48981176881780575
0.4605390935562575
0.41180062453176464
0.3718147370617873
0.33897789400420925
0.2996546633739104
0.2531697594310825
0.19972318427578867
0.13985343458362134
0.08726075160924096
0.03243049439510234
0.005414508799554664
-0.08037378676889881
-0.16054443455108894
-0.16526666248987865
-0.20249604285133616
-0.312387981169586
-0.3007288052910071
-0.3741235347386306
-0.4014197492091439
-0.458162176846534
-0.4620966493880615
-0.5497044351388805
-0.5538351076880375
-0.595084018119767
-0.6178421626933168
-0.6804238486865404
-0.7067482384904208
-0.7326650478981421
-0.7290949005212438
-0.727860251755106
-0.8151564837813032
-0.8225328998288072
-0.8123698243644543
-0.8343643439683256
-0.7993854032965004
-0.8397225551144404
-0.7795223532488929
-0.8102524297671843
-0.7848069714502501
-0.8210807084036006
-0.7862033053607078
-0.7193772979574704
-0.7461881330262781
-0.7105472901476273
-0.6768546287502543
-0.6563486780055654
-0.6299485188921812
-0.5757094886949836
-0.5554084534191486
-0.5581209184827154
-0.4536109535046137
-0.4403189785662204
-0.39678996897464175
-0.33108198291270025
-0.28480253491338314
-0.2443317906831157
-0.1710865748068221
-0.12734658532288062
-0.090848552735761
-0.06191030760598487
0.03064814338927458
0.05214981296357486
0.07904255496459878
0.14323393023932224
0.20416823911401238
0.2831350122449223
0.3082942703049107
0.3643243252333347
0.37106056923093983
0.4362954586174522
0.49192429016552736
0.5450192853304334
0.5361084140666302
0.6394205701540976
0.6509531274215421
0.6992329858246764
0.6868575501799337
0.6631153732370764
0.7724299394464247
0.7424203014496463
0.7798367235561485
0.8307876743551589
0.7721353364007142
0.8205235683694265
0.8095854307103971
0.8272835310208629
0.8077424121597823
0.8177227384404591
0.8113239997360022
0.7731659695874308
0.7520980841739062
0.7547871258348778
0.7545892540365277
0.7028775295196117
0.6871719037279317
0.6366899330768907
0.6039872084926063
0.5767894728223557
0.5516174987367458
0.543627830697238
0.4703392545263285
0.46233507310306643
0.3926275790932971
0.3167755889102335
0.27705579873213676
0.25262130465391225
0.18944476952746814
0.13970989297071285
0.0635707828414947
0.03888142859023363
-0.008681178516725879
-0.06607659364491067
-0.059218332368186834
-0.14060414770049925
-0.23560905305576596
-0.24420622831121583
-0.29137152422185303
-0.36617637842833295
-0.3850427494784691
-0.41808631536179025
-0.48194098833999083
-0.5317395860834475
-0.5608648290424281
-0.5586429583132289
-0.6446927404697664
-0.6520918343659557
-0.7281828711757008
-0.7267406186444807
-0.7189824478030449
-0.7319566568620216
-0.7664465371067058
-0.7596212849766236
-0.7820482019164553
-0.8040363213933088
-0.7747893608122715
-0.8384438719724989
-0.8095234364573517
-0.8284240050186324
-0.8149719546260342
-0.7885948147982537
-0.8027526792311465
-0.7525144636912512
-0.7190336404899951
-0.7250412926474109
-0.6988096028027841
-0.6295872956503049
-0.6249077212619748
-0.5824842242203403
-0.5424264509149304
-0.5502625670267711
-0.5105878759205777
-0.44807465332169416
-0.39310507872066597
-0.34027115280341114
-0.3285984224325792
-0.2780136669398549
-0.22943238893241452
-0.18026558973820414
-0.09982580313004111
-0.04907015568431988
-0.020171461530246147
0.05313391018208012
0.10291161694955321
0.17501401928761803
0.17489915902618072
0.24440955023342742
0.29624629406474257
0.3386766081734376
0.36872791846744907
0.4444997352300669
0.49961210886766455
0.5457660678349797
0.5478432301717305
0.5976245654896734
0.6146047240543533
0.6602127856206275
0.7077073834715172
0.7172649688839173
0.8010012627943758
0.744748678316135
0.7749274618894977
0.7871986666186255
0.7768595431669659
0.816685427714326
0.8378840510490625
0.8047263528257382
0.8190495268351908
0.791039543637869
0.820578008047579
0.7630323713041819
0.7545348464145256
0.7197404117359472
0.752201586345093
0.7533385107277047
0.6933221288286723
0.6953078289187749
0.6109912687923723
0.5544751806472579
0.5701117878237048
0.560569092578157
0.4753996552562718
0.43987231197815274
0.4055621809462884
0.3365385094067867
0.31835942082193175
0.24333864840122016
0.20632952479940586
0.1706911942153719
0.15472909170078955
0.055081562402174204
0.027990097050201015
-0.014675875350881953
-0.09950650841542616
-0.14352913332966297
-0.19503389398701526
-0.2622882006736947
-0.2969705015315014
-0.3151477147936659
-0.39673345938402776
-0.4293133699521384
-0.457871144665773
-0.5408377768259659
-0.5305366402801324
-0.5871664787578069
-0.6422736601531759
-0.6642185590110739
-0.6737903523842002
-0.6958682695378247
-0.7028305442352233
-0.748793193137541
-0.7677267811399738
-0.7912323341121876
-0.8294573043956691
-0.823167843696408
-0.8071998235943755
-0.8052541458500186
-0.8144444123426913
-0.817689612695747
-0.8237591983446716
