-0.021666608019481698
-0.03108977293864336
-0.028886125228279578
-0.08068784440917243
-0.047974740500167305
-6.59484172782776e-05
-0.03222592633461808
-0.07047535142436853
-0.05995854209641533
-0.03792116752266034
-0.015737276126338687
-0.00815669951306326
0.0063255478229928865
-0.042174013641509134
0.016114441538554847
0.018912915511515183
-0.024986430095320193
-0.015253240248728138
-0.04149499026414801
-0.02734320820829478
-0.025860435716268945
-0.036993432663915346
0.008490812859413333
-0.010801945039057998
-0.0525236456328701
-0.052429725977755665
-0.009366749887490672
-0.04793114706213045
-0.04741231749345242
-0.08007180327722921
-0.03436762762687551
-0.015566130235498521
0.01366658838486618
0.01217167447637363
-0.039659468139369394
-0.0018202310010077966
-0.08442659419145988
-0.06823357836597961
-0.032411704399317405
-0.0972720298493043
-0.042046005768574625
-0.013687498947010069
-0.008431108709804847
-0.04356425384034049
-0.032405382114825645
-0.01453929036671335
-0.009802054600782565
0.0032431721865335203
-0.04922439000131242
-0.02448146205903989
-0.0312608975529956
-0.0322860547783652
-0.025175710505783534
-0.04673416844477823
-0.01973373195354377
-0.01707300532489931
5.905096826367036e-05
-0.01640179037857248
-0.0746441577495248
-0.03868026744054816
0.008983669031637099
-0.03903064080465982
-0.06952021208773494
-0.1007476418087363
-0.025320159611559135
-0.049907197913972544
0.02054175929736145
-0.01035717171334383
-0.02028361402128736
-0.037196092549667104
-0.06965075694658225
-0.0423215301279211
-0.08524121952361531
-0.05688163026701063
-0.024929560164078615
0.006271630522846346
-0.0510844685472612
-0.09644181126367005
0.011739011119706256
-0.0498883272863484
-0.007833113010743731
-0.09539959133077966
-0.08759936696270501
-0.06227099324231597
-0.031173199891432482
-0.04240748449375198
-0.015409215264297242
-0.0022577685673620556
-0.022584069448974058
-0.019041039571631207
-0.03171827812109503
-0.04468534498915316
-0.08903746592208894
-0.07406412112455237
-0.060103271465122336
-0.04853006949612328
-0.06371695208435038
-0.01917978038074522
0.005194548199203687
-0.020133240514046108
-0.058134150951773635
-0.04850619472815255
-0.03216205171382594
0.00891781123274271
-0.055458983824156996
-0.024782960060624772
-0.06663322924740983
-0.03213788889135759
-0.04960956788479701
-0.041402213869336714
-0.006493156818255425
-0.0158703633632929
-0.040591889416623755
-0.031009877167691532
-0.015480205042250901
-0.05988728632476355
-0.0374786102658731
-0.0699581769939741
-0.02381749877608611
0.008383866389865515
-0.03412379887910486
-0.03141621589351144
-0.0713800193913407
-0.09127997442697702
0.0010185498057391131
-0.07948015307255447
-0.04530714403910366
-0.03646139200000883
-0.038071142389794935
-0.0005896771051262378
-0.021157304504306203
-0.05893542940720509
-0.0193176083843193
-0.007638557339851091
-0.06107481548407172
-0.09653174501540107
-0.009867397831010032
-0.05324016647002601
-0.04293572402024768
-0.004260925058763819
-0.02405931138474294
-0.010207201769085492
-0.03161164889440064
-0.021636281146118073
-0.05583888079715909
0.005937882810252234
-0.018067842221047858
0.02598689408061506
-0.038122656980896494
-0.05451721091363528
-0.03244727118774071
-0.037819245770720676
-0.030880383795742677
-0.03120654966180439
-0.00047939253862230163
0.01085546195748003
-0.025746694461887133
-0.08466084569347779
-0.0653570217891673
-0.013044239260270853
-0.028618679864904743
0.004855779824794997
0.028593327737000553
-0.06659373455583238
-0.027350844928957736
-0.04065497728376989
-0.0013405686004706076
-0.0641904128121056
-0.04410462577064354
-0.0033376667784324743
-0.03421367391563991
-0.006931723150916927
-0.04811166680287032
0.004513068656968568
-0.007884849162104551
-0.016550327334166875
-0.032384032212573834
-0.04492993018625226
-0.0701891045848114
-0.006841863037912441
-0.04327629973784888
-0.04858626728780721
-0.0499483338667177
-0.07260749474602769
-0.08420951968974784
-0.014900960840348592
-0.04681565043787917
-0.058334137721754886
-0.01246432821885517
-0.04230181262605596
0.00036754269754910897
-0.04537397023898115
-0.02222397502413424
-0.0039965833793347665
-0.016261311522724923
-0.047940643292044005
-0.08580050562620722
-0.05740625410862096
-0.05927602038999541
-0.06383241821869212
0.017952280352769936
-0.07570948760032185
-0.012102219014148805
-0.020533369327746
-0.051188869672889
-0.06530664951249691
0.0009337392027738319
-0.08310198721605051
-0.010604596451529863
-0.07114646038905834
-0.05473439651443055
-0.021942088281065926
-0.047352227795757096
-0.045197952427018774
-0.025398179656346997
-0.020660721114965766
-0.049266174073562104
-0.03679223512573179
-0.0911041206953174
-0.01103697359078774
-0.0021860382222709356
-0.009141889525112818
-0.047665479472691626
-0.05520228764569004
-0.07828889742636394
-0.013483111334290964
-0.030455766980984858
-0.019408845189897342
-0.03360269355157132
-0.015370403535319108
-0.06558023309713558
-0.023934057271238283
-0.026562554831189016
-0.008990794924619405
-0.044655446418581886
-0.029317000173910167
-0.038064149231140064
0.026203824214085705
0.0027072219077071726
-0.03438415482752688
-0.038514929382222174
-0.016357767001560865
-0.06535456604219676
-0.010324930516833464
-0.06341861885307574
-0.03189642761126797
-0.08472899128366854
-0.016080362545652364
-0.04844734190512977
-0.0393279969919083
-0.016506727927744977
-0.059568241937211594
-0.03660035708997147
-0.059053761023743545
-0.0433024351747158
-0.08304206486700652
