0.4100799396673252
0.16525436002438318
0.17136190374061772
0.514424287453539
0.14189181128618136
0.06718026491008927
0.13275014215880354
0.3566878708611491
0.08388640005331548
0.34643805798883737
0.5583262890604597
0.16326168755627965
0.1274830879488922
0.24861271402001633
0.043018745007012055
0.5163783979433231
0.44455471015235176
0.48315145303184803
0.14875274008358635
0.4012094416530045
0.17407790331175088
0.16486611448994254
0.4442530425570986
0.03445698074832565
0.2574603477456211
0.207060964957481
0.21771270538250687
0.2598720331509432
0.2679692833436604
0.6216678262595795
0.3684857906973235
0.5450270267335983
0.29105458527880707
0.1659546821566244
0.6163072832395516
0.5064778670785763
0.5589200763022537
0.35013172164751866
0.46520705077502233
0.39256466848234817
0.32116308651924563
0.2066201445628093
0.13952797512718287
0.07329567534224332
0.20884782156310222
0.010448509799020199
0.33429092181022946
0.1195329176179466
0.4235231673389906
0.5373933949658075
0.19961919178851184
0.3930275869682105
0.24279003384091338
0.37673205432790907
0.5148848904108116
0.3550153448208943
0.4914415856467945
0.17123966573796057
0.2668825295538037
0.23172701892396289
0.5916394385225019
0.15641460932641352
0.34851178424276147
0.6321339343828437
0.5570689029074452
0.4630595905822484
0.4089778993743381
0.11762295154731187
0.27066617661438075
0.04894842567043242
0.26069376499626984
0.4406853031566841
0.3901622679864228
0.1294110532470563
0.5230146826305846
0.16243670841701402
0.37659144294091024
0.18439456973866325
0.1642997789954211
0.04085596589309794
0.32564381451761865
0.3835077518886078
0.4619783758046432
0.5845111295027328
0.452016821998812
0.017298341297023
0.5643613569610262
0.3989312846011204
0.4273256746293776
0.23650607798733933
0.4912695115811617
0.4832650640972616
0.19392383158667806
0.4966253125741675
0.04545728234675527
0.46721604219017654
0.2670089034861731
0.09560047421984508
0.13739446461371108
0.20299805328175546
0.4459659122283796
0.3235850911309496
0.09165649366113038
0.06782790176462128
0.2580120447759688
0.24643458577674743
0.3672959665741243
0.07868111236335158
0.2098937287170534
0.31831716027502305
0.0424587234739327
0.33821939004422086
0.1710313246171306
0.4571584289096915
0.5765450083737681
0.20739055279589197
0.5226379791805413
0.5751028611710117
0.08052781689101567
0.42964404965858144
0.5517572300112167
0.06077261032812853
0.02250425946493541
0.47400621119076164
0.5302756124269041
0.05623312393588017
0.12791619748282598
0.048437968086762845
0.40734226432255294
0.38906642826994964
0.04104211337269372
0.5576563554621761
0.4449972751931246
0.5212795123852698
0.30761824961038675
0.4616153977062936
0.5373396730909231
0.2989337370746173
0.22819192693172793
0.3558646444019255
0.26851039948421057
0.5808955970623585
0.14161434731628328
0.09660820916888047
0.38065051631742036
0.12314687517273265
0.5847143059769471
0.39772609137042275
0.0488660867790508
0.054363976659032955
0.2848090102754648
0.2941355265655903
0.1792764331141844
0.034309630227992285
0.6179082967115553
0.44069381740126834
0.12843805449138176
0.45969046900755633
0.2317453446400705
0.28539845829642946
0.20590102617723646
0.09180532733500914
0.5473767023349498
0.4749910792323905
0.17476386070704464
0.19797311786336205
0.4960918673710952
0.10358721761783386
0.5022466820777324
0.494243879606718
0.31734788232608535
0.01631900007800786
0.1788134747410515
0.0477177179767942
0.025677354661378236
0.10377299014213355
0.4731929865014959
0.01861851720360278
0.5450768186249372
0.3486660015016568
0.05342954417736481
0.37400844897816726
0.28104627760933926
0.0097477938595181
0.06998097452771518
0.33366335378018425
0.195258717321333
0.5581806870202932
0.054986961054351
0.33295839377880226
0.027867074301411707
0.4612705859431202
0.16871248386615156
0.5426573691040284
0.0696623312395414
0.3690264715216703
0.5877541395257444
0.12882560445992752
0.5236195135336844
0.5647824512242001
0.2241759175980355
0.18227243441000596
-0.0102630587625687
0.12766209801954173
0.2287821655140585
0.32607072949209087
0.5756650288999449
0.07269549825556462
0.5651090912412907
0.3461995024941638
0.3313010724344039
0.4744429639918443
0.5064384383461349
0.28014830978431604
0.5098218919781605
0.24304497316092186
0.43781801328199754
0.3856376139129477
0.44363628781750325
0.5015827825892107
0.3199498479435061
0.4936870806950962
0.10950122008951838
0.32486726292834733
0.04495839642327442
0.5255703775913834
0.4251038005577259
0.4553746519089676
0.38922077692488327
0.27765614223886065
0.06577429859015663
0.5519480892136689
0.12609849307160373
0.23976763967781536
0.21050908876940033
0.3452626106939127
0.40092822716525656
0.3406880774520695
0.10222393999395879
0.5774296326655596
0.4339049979792915
0.5217008721501734
0.6159232548312429
0.07651106462283191
0.6042547616117955
0.2936375722447075
0.2902486578401577
0.4298027162941836
0.4656806175476185
0.3944049590250349
0.27412712356205843
0.16934710462502783
0.054090085537663236
0.40702369455734266
0.526617015252254
0.05270925185222168
