-0.3555365912784491
-0.409514180133571
-0.4834337141681184
-0.4904583336993181
-0.5341980457759204
-0.6139650259672904
-0.6351821252466515
-0.6822333271016106
-0.7669206347294026
-0.804309225004306
-0.8191364838312318
-0.7324070378826533
-0.7120772509054776
-0.6660251917206123
-0.5990617193209348
-0.5254689797192971
-0.5005071501996754
-0.4522669753938518
-0.43002082618528026
-0.3611281448162944
-0.32161578148637177
-0.26439189433829235
-0.2430586055724122
-0.1877401865457201
-0.12640459824186995
-0.07184967365151254
-0.017988249618463483
0.06804097899697167
0.08843248488810661
0.15554729561196542
0.16994926615207998
0.24167251582922403
0.2830473984685703
0.34411533417458195
0.38239536446292605
0.42564221935740926
0.4857442386451485
0.5060515861979407
0.5898992101048954
0.609441528147757
0.6867295121865745
0.7256149007678344
0.791736275449546
0.8258303595351821
0.7872833044438001
0.744249826302046
0.6724736770435809
0.6552173067276824
0.5412577158891374
0.5438714252837525
0.48022686264952164
0.45695201825010257
0.3943460574513727
0.3117247840259921
0.2650013191033665
0.2276757610782033
0.21358819552572697
0.14515369234779898
0.08530725102647833
0.002158766968533142
-0.002842676618756002
-0.03727544354149123
-0.14273913938543797
-0.1469174559875892
-0.255782891507229
-0.25913539561248916
-0.33055521002033234
-0.2878835136785046
-0.41720864191580154
-0.45612427046862697
-0.520212950152988
-0.5498332182095556
-0.6077075528987491
-0.6738243784081251
-0.7135011119919976
-0.7583423360130306
-0.7899858458564606
-0.809504988854014
-0.75037400481183
-0.6941525142541843
-0.6299529231868701
-0.6158242650693546
-0.5524625613818127
-0.5340360097915551
-0.44984725301771433
-0.4082760129687679
-0.3834566359274922
-0.3251685107376979
-0.2527484825608255
-0.229237489991663
-0.12826047694170006
-0.09546126703732116
-0.04954747589547424
0.012465591807671296
0.02821067079983082
0.10465526595418935
0.128320393097372
0.21329275127436745
0.21686301241126138
0.28062479161222775
0.32569436484398934
0.37641759235607075
0.423768657972994
0.47846713434944005
0.539426116292794
0.5820047043779429
0.6150742359217617
0.7205259352998117
0.7273678189223473
0.8227339154048459
0.8199183261508831
0.7836108020977909
0.74204638105709
0.6961733236150328
0.5959687717544072
0.6013456389245331
0.5232008640942788
0.4660700183934705
0.4285471614538442
0.374059925350488
0.3421967182945267
0.26422257846112407
0.2710478350556442
0.16622418895259716
0.15324550289231123
0.1194470738001996
-0.005081074348902627
-0.0008955045793396683
-0.07341004062233307
-0.11726079293128423
-0.16874684232421908
-0.2361738258695385
-0.24449476710968096
-0.3202459561075928
-0.4093684763440014
-0.4162849234993633
-0.4774818095429026
-0.5256661785460083
-0.5629801000917645
-0.6321660306546227
-0.6673448604825039
-0.6917481536179304
-0.779665615602731
-0.8207131864779822
-0.8154275106372618
-0.7530554075928867
-0.7042313150646129
-0.6433317827800954
-0.6338911595055096
-0.5705918320858742
-0.5215820131385069
-0.4509734731500135
-0.37539653228937286
-0.335818510607365
-0.3078443544557492
-0.22835501233416425
-0.21740653220464387
-0.1468528888057823
-0.1408900868214195
-0.06187527355129783
0.014481239953700339
0.04543252164081747
0.0869308012108008
0.1413967804947297
0.20664904341517104
0.25044112238264105
0.29913487346466633
0.2877447384174615
0.3823520213272136
0.42027657173483535
0.48536034227486174
0.5654894116544074
0.6328381775120051
0.6175994453060071
0.6911538711094938
0.7562824119568612
0.7926494797213809
0.7944708361159977
0.7717917819602994
0.7484518347693553
0.6835285208032579
0.6265240587814503
0.5566843304467503
0.5492988296223661
0.4832075938124748
0.42223026140454123
0.38961597215159965
0.32228424675976597
0.2739719618738187
0.24773315005967067
0.17816112898334496
0.1590451224312042
0.07854750361214465
0.07670978319590938
-0.021847051059391363
-0.09722442279651423
-0.11677183696589268
-0.21477989282144525
-0.2303872676954736
-0.24934102442178774
-0.30600505686373297
-0.3947490733408317
-0.41496687345391564
-0.48758798533517755
-0.5539646786588429
-0.5609276451395893
-0.6443653485084845
-0.6914877565764254
-0.7160732191708781
-0.7835133353609631
-0.8085049335228673
-0.8099699916483679
-0.6956061944980393
-0.7137700066817974
-0.6561829900420035
-0.5968480315828925
-0.5349644013982103
-0.4504275353472934
-0.45713799544101047
-0.41332485318719797
-0.3227358598622578
-0.3009379454738613
-0.24350512887462614
-0.18799372767021894
-0.12729780962742507
-0.08946233990796346
-0.011849870083104244
0.030556995087523096
0.07310635617917745
0.1509762833136302
0.14023800047696408
0.22524198734472
0.2580620863531176
0.29275526287957654
0.3419726229832742
0.42369909855088733
0.42772701675215863
0.5109980241812155
0.5393246839518646
0.6304595503847625
0.6984904514156328
0.6812743080864916
0.7506710189844708
0.7783254126857453
0.8151178913252617
0.7658475522306821
0.7081991057493258
0.6614319140894339
0.6243244737262691
0.5868550621629978
0.517658881927779
0.47018371664950603
0.3759398098881382
0.33808959152084406
0.32011857080046624
0.27345131928773986
