-0.09527606542227941
-0.13279635935869197
-0.12000014313780882
-0.14768607484422544
-0.1449879673362145
-0.21505748510051906
-0.20411678589856921
-0.2405092841981551
-0.23622249223905875
-0.24534345250792589
-0.2817154041621697
-0.3240258135477717
-0.3310400717668724
-0.33560680104877116
-0.27300465994191575
-0.25508016841502157
-0.25501706526916457
-0.23858076481192114
-0.21880066504021717
-0.18029728569448336
-0.16746884973798665
-0.15974353919971665
-0.1406097298905462
-0.10590951791180914
-0.09410460954402469
-0.08277329646994533
-0.05741761552280443
-0.01123018344887989
-0.008930654944731557
-0.002691185297212782
0.001793443765659375
0.08221415259665689
0.08702479054535933
0.05430307633544299
0.11507288998579436
0.13959321901326038
0.11853288204995074
0.16413846929029635
0.2048096237032304
0.19976102272655238
0.24322492189335898
0.22290656331705502
0.28061448429608266
0.2838365208396975
0.2775333471426402
0.342078616823692
0.32735101973072694
0.279352041005223
0.2612230303950067
0.27704212373486603
0.2567661666201364
0.23198108348130794
0.17631401623709816
0.1941637168823627
0.15554263463999415
0.17771756169965797
0.1567547171058426
0.1246096967335941
0.10395030885646786
0.05704770595087662
0.02679684130592718
0.001138634036741519
0.024536284229115028
-0.007506928658291657
-0.003705608300594826
-0.08504712494443792
-0.09118475554277769
-0.0793620246543983
-0.13512220669633415
-0.1273970017334052
-0.12141990510880402
-0.19329682967312192
-0.15979474640694621
-0.21041377759351604
-0.24105616154647933
-0.23350693863355435
-0.3023835796830564
-0.2728604968230374
-0.32406193885489615
-0.3404872599800759
-0.314225643667651
-0.3007495787949209
-0.2846257411843567
-0.25473925318085966
-0.2407868160186774
-0.21064890690190705
-0.15585332232036267
-0.15636089797274685
-0.13522042359601355
-0.11724817076316828
-0.1267493365427463
-0.09692187704504354
-0.09225283584232347
-0.033140576601339705
-0.0378023253969445
-0.06122467967521839
-0.0027444342407125927
0.05923897374976467
0.0374026277234807
0.046444162438180794
0.1051040493078061
0.1408547439333942
0.11919656039862411
0.12139344131927599
0.15848786152425484
0.1573740275427726
0.16002359685541384
0.20477640888556636
0.2393299536638193
0.25957489599993105
0.27717302823166384
0.3036119798879188
0.3391637829837354
0.328102944146334
0.315589654406517
0.2208782066175996
0.27662354543577444
0.22122480996449725
0.22884827583829653
0.18457828270018775
0.20409641544855572
0.20925075704244073
0.1426576651978111
0.0818949239882557
0.07232413621634588
0.07822044600303252
0.014581702985852284
0.028694520126027696
0.03233061133128444
-0.012341092160678954
0.0016236433145199146
0.003575546202378571
-0.06400190135101756
-0.09312871473451302
-0.10706965707677459
-0.13341672491898113
-0.13732373774008583
-0.18415015573503035
-0.1588262340375554
-0.1724897822852418
-0.17244868950291925
-0.25209004930065215
-0.21992695850762697
-0.2640753291285057
-0.3178013804607348
-0.31526018599548633
-0.32794005557800215
-0.3039832568305646
-0.2917846387343188
-0.26205193113334496
-0.2518546793462054
-0.21224162675464792
-0.24045332364912184
-0.20067974021383694
-0.14418358075042642
-0.14033174566974257
-0.11855311732386821
-0.07417011073155211
-0.10317993052296347
-0.06855493919899343
-0.04642814510492936
-0.06787334447391073
-0.006077391105001098
-0.011412219584752529
0.037574824967747104
0.039749625285500724
0.0605945671527882
0.10071258642612263
0.10849945144984728
0.1385600467204334
0.1764670242531268
0.1830952013452094
0.208444227555358
0.18440351299935098
0.21334012826783377
0.25940568711238476
0.2529403889325233
0.27638650523184827
0.31014281932832233
0.3135667522466788
0.31791861025679996
0.30645811623983094
0.28328418875435685
0.25948329840189005
0.23904481331850727
0.20219343569288606
0.20893065797666016
0.17315023209331937
0.147437036802411
0.1079060036844899
0.11450627242059735
0.095593427226777
0.06646409550547261
0.08191376778684799
0.04540538439306777
0.024933488804896785
0.030491414454968037
0.02844000533006601
-0.028964141695756902
-0.10015129418891999
-0.0909683609341428
-0.11634281828423067
-0.11228780355075398
-0.09958207595859733
-0.11064491149021605
-0.15886023663451262
-0.18861013532954357
-0.2384804652183773
-0.25951707169990784
-0.2412138704986773
-0.25851350920327787
-0.28841281781751094
-0.33023917577237116
-0.3207463493305913
-0.3292790012176772
-0.3093236289183097
-0.2718027622880664
-0.28549985042843157
-0.1910949432841682
-0.21207245790671325
-0.16871178065210196
-0.15074454015330682
-0.15412207502570308
-0.09877696114987997
-0.08330906327225836
-0.06381715864165682
-0.046817005425890366
-0.07723668507294092
-0.02813377502023069
-0.0055501374874618245
0.03023806215972539
0.038629672264047545
0.05199737700646048
0.09204747465784574
0.08693633569749593
0.11785192143348809
0.1429782890354617
0.09849590235242014
0.20808370334602508
0.18319715851660132
0.17996922834869672
0.2559743426022169
0.2936758336958504
0.26778767166330025
0.29373777735915485
0.2750488123245185
0.3685421900024012
0.3212257985964566
0.3045319986527956
0.2852525514659423
0.30156495711843584
0.2119374306120409
0.2437219577021869
0.17538648301793436
0.1631174681704324
0.14066477540349118
