0.198107176480192
0.17770053349402484
0.260496428717686
0.012555424034190642
0.4408778754288765
0.17648545212210792
0.3619839427142516
0.4440358827061191
0.1360864802083294
0.2756527109385053
0.3708554467029434
0.37090298270330824
0.226567174623118
0.45072243716195043
0.348691634948393
0.4384124873569205
0.12134896816019393
0.3092326150509241
0.46374258465635265
0.053658289467978404
0.2708186935914228
0.09215096571610326
0.4353757441727758
0.37755502789370565
0.4233408444087817
0.1449982610899645
0.2727127559168356
0.4105213224147243
0.16049193611865595
0.09049133291491844
0.32907723680012396
0.4165074927132931
0.12148465977774403
0.17924138207796447
0.32552937973734414
0.16184425919470244
0.07139239818557513
0.37090349672599565
0.20596002359779414
0.22027504041535276
0.3306373591413175
0.2570888746985238
0.014076995487862422
0.036367552366891695
0.09831016846966871
0.0491779208468173
0.074008783293145
0.2001521376324331
0.2299128636306294
0.45645450655492137
0.28090213291733307
0.3950232637232415
0.3369957480782724
0.03262380192539065
0.0683065435957632
0.061071721150798
0.21327377771648168
0.20562844845197015
0.16312119899287186
0.037273985563162644
0.05181142369279313
0.42725411150812814
0.3887049876208146
0.325924567009664
0.1549627043923154
0.24596303986173168
0.18275153330771052
0.4086267867466271
0.10158848344837709
0.47182618076096355
0.0579145093850579
0.3915304606455512
0.14961901298755786
0.21150615057976002
0.16143484410528403
0.10479641135528914
0.24214145925783187
0.23932170609902664
0.16478689173791786
0.11410839758646153
0.11071335352203852
0.32102412762183574
0.19774972093471463
0.14938680415222566
0.20497822617572753
0.07429370824096405
0.43339636398630416
0.2781612884891255
0.20515853133824719
0.40837054368521775
0.18518419571192496
0.22471000169932903
0.03274166054598389
0.20100572719171275
0.03204488624420964
0.014070430138911379
0.19588726014372168
0.1562161788303028
0.46844722320261867
0.3356736277647158
0.10728668842547551
0.37681100188301525
0.3048772148756701
0.35090690783815287
0.42316987258447664
0.44546160763163756
0.43923734580975093
0.37439341907969914
0.07456868030818914
0.06940178396270114
0.41294541222494086
0.4087864373054738
0.2627243786610177
0.39447377523936805
0.1572386829898046
0.13741800055992226
0.3828127222759452
0.3812712208609394
0.227008855033349
0.32713423075600845
0.31328461694902227
0.1954039524890517
0.3104045903764785
0.022055171424309954
0.011974131370322414
0.11275096747505048
0.23499675930732886
0.41853159345059593
0.03489375352485896
0.041300714553344706
0.11560898703366292
0.2969973692293353
0.24181920876945007
0.4211142716688715
0.2447804147078544
0.14586922130456917
0.2612775395547098
0.27829406518806526
0.06586720494314552
0.21602990805400785
0.3531282001134356
0.3196439029436407
0.40477244772563525
0.09887620472779256
0.24430653068095748
0.152180405767527
0.3451321438320808
0.4411439864299394
-0.0018138263309794306
0.4011912056574437
0.4139130502850558
0.33291114577703074
0.4104068704055454
0.22251968343642048
0.06863204476796163
0.04260261061894039
0.29376434852561895
0.11756537541582601
0.0517600542195209
0.17462709534630927
0.075822641946733
0.13296121976177536
0.21304760419787946
0.04693827783446626
0.043845231619352325
0.03292787180776
0.3221894278300473
0.2886198769747099
0.15133482244478788
0.24550466593383335
0.35334443077581673
0.3075695967824592
0.23012507869434953
0.042106348982112705
0.4125051337353631
0.09002081739964095
0.44746926618541016
0.16940305110904372
0.4601027261404198
0.4351095465954446
0.37063365304734297
0.33569833098794044
0.1356970065706791
0.05048127139074046
0.37137416065616785
0.3551835660604297
0.1600710596402378
0.3406947252064138
0.405612273260566
0.23088863390080902
0.38344827502666845
0.10363141437517749
0.3342789029726292
0.36941085187323125
0.28077112385541225
0.3079582175830937
0.22824813192856228
0.26154685345818596
0.013502383212033738
0.110510396762832
0.350463069287102
0.19078012810898745
0.03926351864050889
0.1425366934282524
0.04535332090649807
0.43434071838840826
0.1742991270280387
0.02301195964899045
0.15694268484146182
0.12670816993555117
0.42793507585469265
0.2642056780602784
0.06427586364497526
0.07171022675408144
0.2965179758383066
0.1760632435103905
0.06878825846539433
0.44456712683890826
0.4297801632865187
0.13837450983336202
0.2171219831183413
0.14842869459263028
0.20662440494428946
0.2400268648404668
0.3377983377852464
0.13354993131880918
0.3921971979730249
0.17200085233611867
0.17765829661049998
0.4180085661967401
0.4780099676510816
0.2339582296115213
0.06729527962240582
0.42912550205283706
0.3811891875646534
0.30394550461694997
0.3280626791456886
0.25106587654154966
0.2164127288282494
0.21623086404312028
0.13542534018667543
0.002569149895606751
0.07006020330166983
0.20799360203845288
0.2822763644287813
0.21330308455519278
0.23544314154554508
0.20597175155920466
0.42584466891615264
0.3993735696927076
0.39626981209336537
0.3789835208264913
0.11526686950186898
0.3642202994404273
0.02767589452064327
0.41827282296128704
