-0.02276943024012887
-0.023399827030194643
0.019538999400378742
-0.017051625738116426
-0.07413436342072535
-0.036670814266329274
-0.03374605558753904
-0.023707594451879872
-0.027940821200747742
-0.01126325396897131
-0.049152852095788666
-0.023329170605133523
-0.01488375651718064
0.012027362103622936
-0.026826660670525526
-0.044541304273882726
-0.01442243881931522
-0.004246186700039307
-0.01158502890373029
-0.02520240903693448
0.024752292718605885
0.014195897078704847
0.0007826894948580344
0.017501676250863376
-0.01701256858135683
0.0010273689764313029
-0.009986934069208293
-0.029894755164420354
-0.012945690262787623
0.0001962561825232783
-0.011504805617152364
-0.042987992510830145
-0.0015286172139202334
0.0033085489057348306
-0.019237158080421014
0.005287511398094623
-0.02774662812346395
-0.009191026417628279
-0.03773325011765663
0.02904465894441186
-0.0018156365094867087
0.009740282820302246
-0.02885266527580668
0.022157466505071596
-0.04237987292605147
-0.00426702054502298
-0.024793377672146642
-0.038599966546762766
0.004239165096817707
0.006138216461869706
0.006831860955347761
0.010651680990137437
-0.04508531239390036
0.013752055198652522
0.022168275671345543
0.002137806961276332
-0.0003265899227032753
-0.015327567781080137
0.010586160124576222
0.0024564512732003735
0.025796062762617717
-0.01897740937141249
-0.0013266276098873805
-0.035047898260199634
-0.018656094783610133
0.00023430012850533463
-0.021667589764016594
0.025916534442408937
-0.00636958794247036
-0.026056364784758007
-0.0005366498742274649
0.019375249324861135
-0.037862297477338096
-0.016812172760661912
0.0017401488517296698
-0.002898217687714491
-0.024430802647814796
0.0016850285048540716
0.017839178658572284
0.029367861729172832
-0.038621981218934155
-0.021362284997479022
0.009682934302049487
-0.029195317964968708
-0.012267659347746693
-0.03416723375600638
0.012973766957267388
0.02464668641795076
-0.022775758009152845
0.02679577143932293
-0.018367423162732096
-0.038836478129876346
0.005956856267158866
-0.01995986705326366
-0.0010121457223457656
-0.004942372961435952
-0.03577798199043798
0.008650092197943838
-0.006328594195502453
0.006371298161301133
-0.02868066097812596
-0.0031081482789949563
-0.0068836938841103385
-0.011429127775908893
-0.022879038835781875
-0.05340424201406101
-0.0061367756725474445
-0.031761433890201925
0.02869700377883818
0.003685606598035728
-0.009893703226446674
0.02088948251324423
-0.03161872071792808
-0.011159149489995706
-0.013589637428307353
-0.01215910541533215
0.008219888836927536
-0.03697707113938231
-0.037025865233900696
-0.019924081435906557
-0.020441190747366937
-0.01912755140348361
-0.011563560919434385
0.012354720056792303
-0.014969719160131166
-0.042207867232409116
-0.0316165019432213
0.0012107446998938847
0.032559005226784565
-0.00534127215585645
-0.043266538210523654
-0.006513625309375515
0.0067579856266846445
-0.021977708649795858
-0.006039478023972165
0.026188922532021895
-0.02395450488097475
0.03291341734016956
0.0071392256956115535
-0.015138464910022405
-0.016397977867598477
0.029853436414102617
-0.026903972106740455
-0.002234990393023019
0.005170418558518386
-0.046815772220731244
0.005510505147908665
-0.0366481007558889
-0.013469902370714701
-0.005442408324799548
0.0025110947572157026
-0.015419104862656904
-0.013719734937134066
-0.0019082601579183886
-0.041451663563295923
-0.010780796967453925
-0.04694236358358306
-0.0033889790848345798
-0.0028849757539819477
0.04051160975859375
-0.022820055760979348
0.006699172419341763
-0.013173157162037652
-0.030581261693023432
0.0012859402293205723
-0.013869521974582358
-0.005215322005722776
-0.060294378509331954
0.014058112930454406
-0.005091600716498189
-0.03461745928202977
-0.001059003693588136
-0.013392115655148678
-0.016318113500938734
-0.013505045590298453
-0.04573671735762162
-0.014357948561083871
-0.04322783148136765
0.007003030152746648
-0.03393064957663664
0.005759934755913109
-0.028312738762480506
0.01572014943149958
0.012114438804735785
0.015014949044502724
0.005637093685333245
-0.01696013989568618
-0.0037118814458548767
-0.008567114777892768
-0.00909496496716323
-0.0016148871438606185
0.009528996958764299
-0.04261582361278997
-0.017335845780977625
-0.026809586803037747
-0.013872876576079971
-0.02753680240788147
-0.0034885808122267605
0.0012439025393821482
-0.06230071958431705
-0.006091360913234374
0.019727563656902054
-0.020061725187650297
-0.008020358652848043
-0.0127238334593635
0.02295744647438296
-0.05575162538462973
0.020023116957333817
0.010861689899643196
-0.026541707106741093
-0.023391063118576
-0.017703892642611574
0.018761032380797314
0.006181168053567275
-0.00523254365116263
-0.01140688678271974
-0.031190882779587308
-0.016358361078493963
-0.009373171295995866
-0.007185525304654635
-0.03148462200982358
-0.021213732074436095
0.0079823288507787
-0.016664954650943795
-0.034831461024304365
-0.016829983366869243
0.010013884695045784
0.005100814850284947
-0.026137734599985037
-0.004251953519602192
-0.024758221276503664
0.02302845008806921
-0.0028066573228668085
0.037557717393734105
-0.03255180304649696
-0.02078452841545886
-0.006142909127213946
-0.003922961062807531
-0.03051328637003898
0.0652500940294606
-0.010215914292938725
-0.019205440204356664
-0.033626784109002335
-0.020033828476826956
-0.010780720122271405
-0.012490111604964474
-0.03606468135575319
-0.0200227567801523
0.0033505664675433193
0.00635364914326912
-0.008851261443429487
-0.014450844857337256
-0.02050240981830739
-0.013961065822424892
0.010476788016959495
-0.0036516568514385808
