0.01370171806858524
0.11880055998752845
0.09062887337349473
0.030366396648759356
0.1441615173738164
0.015157419222891325
0.11608281856140931
0.09734898703404578
0.16654469501921385
0.15135863697584817
-0.013282696703214036
0.013484439389790378
0.14772543109093764
0.1451291039192356
0.11443290135902322
0.06159579298702936
0.05614233839690937
0.006175878625642782
0.11607432081983841
0.08741363580927647
0.06534889623669064
0.1343511129007455
0.021570675899078965
0.10999832775921115
0.0637549608558545
0.12357319450363977
0.08028053739635298
0.18852633852479928
0.18953855450871582
0.0408239720523396
0.16541898456679754
0.12977416216256032
0.05660341505612813
-0.003980191144958373
0.055033883212911264
0.023540149973979612
0.06642754410993773
0.051228537082106625
0.021634963986641387
-0.008150584100421392
-0.004130667699421107
0.1316195756984519
0.03512892213181923
0.09573314759431588
0.05385025593382448
0.12292424733243586
0.007899944951366204
0.0356044195787418
0.05737879840622568
0.04252572265675326
0.1042486696964158
0.02750153104599454
-0.018959979342637268
0.045330254264149286
0.03397437876905542
0.08859568595753978
0.1405884541216289
0.04748994026504336
0.20298076290077446
0.15427110535759972
0.030238263324631816
0.18021888812010112
0.11158000327571513
0.0926759543975228
0.0855733574527488
0.10512854008302233
0.022394438319338173
0.12209301191174594
0.20473255762135115
0.15115727272303536
0.11386383093330922
0.058392814255845006
0.1892557979851613
0.17360400938955797
0.0633865110602217
-0.004988120805646668
0.11352580107999502
0.07059199157259548
-0.007475699416859823
0.090464270714979
-0.013946503361521433
0.015941274773867913
0.052044659155191055
0.1169102852331372
0.1796033318832666
0.1553451549469341
0.09039506057388831
0.05790532050297137
0.0094503126701538
0.02672624012042288
0.0678668564406725
0.09573248520739285
0.04761063642508537
0.03874677515173633
0.151996909107828
0.07414070751399225
0.032294094958151845
0.1154766039989846
0.16780706351591665
0.01958919667289049
0.16328655137427844
0.009896215452913734
0.09770918636053805
0.010777484202499282
0.12556393823121875
0.17552239903743228
0.0856865218640353
0.1372402728909579
0.07035855221861148
0.1817572388440947
0.09279873616186915
0.1629850004073805
0.015133987980585257
0.14292947524839542
-0.0033653634214956697
0.07576654276978553
0.17730310871482416
0.18525613035797414
0.14115045251512184
0.05798780004537604
0.14646028023724278
0.16900397948696166
0.03009357561784681
0.10464326816236723
0.17313015463679837
0.10497755594509331
0.007640292222758498
0.044019520826512
0.11840784258929835
0.046921688339244816
0.09562486866708371
0.1556087780888077
0.07095632872235583
0.059449267979918535
0.14656167127100547
0.1837822524074631
0.10214463705431681
0.00028632698670827406
0.016729531015435596
0.08259088055692067
-0.03912056878553473
0.09628048285520853
0.11485681517826755
0.2080124146917523
0.06715460712389393
0.1097065133694301
0.09831811302332458
0.010594497330346106
0.11690706003718215
0.04686520181276116
0.1572970113322253
0.1292840963587618
0.10479858782979094
0.19247385696935362
0.02598928116285764
0.11706457024934203
0.11575712034147374
-0.023959594587680495
0.18071290493078898
0.09309858468916098
0.1184115763032774
0.06443148220121268
0.0055850830844291315
0.11783410534979566
0.17671371330583918
0.036104161187205774
0.0654747060951492
0.15120020466371212
0.15339617378303458
0.04950736050154129
0.18726437513126237
0.029775249090102315
0.02446565522571392
0.15728790160517359
0.09780928097472107
-0.027685584981745816
0.13976950161958462
0.09991529222292517
0.0238653707110574
0.043182548332485
0.05160297488937142
0.026276493209825433
0.2019278446969009
0.12383567596213345
0.03055206689559216
0.14319452960293103
0.10800869022836232
0.050012679635950165
0.1791739894111737
0.05474397511161035
0.12045925835010289
0.10696184121373133
0.11767371678663964
0.15833769734205
0.12918140944429163
0.08536929929434403
0.17139220179869177
-0.020485793471671832
0.12070165173931936
0.07477917457342342
0.12592840152831963
0.08743331945623894
0.12197371991451901
0.005870431010130029
0.10863475963382024
0.03403014020786636
0.02389067709992801
0.07010893953408201
0.1345305356049691
0.04375009045325036
0.03822114768903151
0.02049397180400571
0.017983199989451724
0.05334026292590449
0.08733453093260607
0.13096425224165822
0.18949070180347422
0.14982709369530833
0.07384100776056568
0.06216335572681749
0.06037019956741192
0.13426188024746852
0.19666897444536746
0.202013044221244
0.1336849214893651
0.046275811106995544
0.04574558178737055
0.055153447022495014
0.0579599862547968
0.021047651472033052
0.0036242575777500237
0.15924125572883588
0.12510439006482799
-0.005150309545870809
0.11424934348867426
0.0905749470336175
0.04681465077276097
0.06489352354032614
0.19628244103567002
0.12997978632260104
0.08506433753885137
0.12048413209947124
0.19208491545139791
0.0564192483476796
0.11027058032146811
-0.01528950427721021
0.08898709412757293
0.08258985128201685
0.1617728874590578
0.023654709485933217
0.09952177777181954
0.052597808419467776
0.051468033886651304
0.08490450652835863
-0.014067866849785435
0.11858172973197308
