-0.09256949260796186
-0.03739028444036342
0.011114423351540717
0.11654307620816373
0.12257722944996169
0.17689349731984616
0.2361307981749189
0.27700622271538433
0.34051027066621
0.3503802125364351
0.4106319094644275
0.45105482905865096
0.49521267777061817
0.5428040862639918
0.5882941723318657
0.5848399720077738
0.5294747766256181
0.46223159581116313
0.4149471351363817
0.39037227288209975
0.34304157513215444
0.25632656013182353
0.19437187703043135
0.18647069394119026
0.09517712738592715
0.044736353631060766
0.02267588694305981
0.0024242294048519505
-0.07637759560257977
-0.10655101178785095
-0.17955471535384124
-0.20028004878929104
-0.26255065699789887
-0.2881716333465139
-0.37668324544598436
-0.42074262939609813
-0.4732566460615779
-0.49410216874593754
-0.5670685514311654
-0.6150319533988143
-0.5681520983824366
-0.5339170118934027
-0.4446901463603984
-0.4260817414191775
-0.3271994461869863
-0.3456084620598794
-0.2951080861908834
-0.19248241486771112
-0.1690625074164494
-0.10327199000536536
-0.08041887489570765
-0.04863700281309182
0.021511164823698088
0.07072417173568916
0.11417030831343064
0.16443558383594
0.21287058685240773
0.2453577966806287
0.33736173709369693
0.36553056339258744
0.3761304261820017
0.4518221850095325
0.4883147205398528
0.5744045806067606
0.5901008764680262
0.5776443711656013
0.5063851099375758
0.49119808116444663
0.4458374362247239
0.3719173346274148
0.2872502254955544
0.24500755972656202
0.2130233658741961
0.17635828822667673
0.10042171725827448
0.058659124987718164
0.04415538096196291
-0.004729115902433927
-0.07151460400928232
-0.11360402531234262
-0.17978266104923385
-0.1994659361759625
-0.26662559859123935
-0.3259135776714758
-0.3597425909020214
-0.3709052987200455
-0.4603771790497026
-0.49855257695166005
-0.5593751893284047
-0.6215210704837825
-0.5355687327651031
-0.5332435600968327
-0.5030067683549371
-0.44030011100322797
-0.33951662150674605
-0.33840077470818913
-0.2782598044746197
-0.24152025118638396
-0.16844596898904535
-0.16284670226030845
-0.09262849568315039
-0.03067191835242188
-0.007187778785359341
0.04967886947635715
0.10383121918531021
0.1326131383803028
0.21407632323882048
0.26966227585631103
0.3297062853409866
0.3327359186696547
0.39294571697529146
0.42789742812362563
0.5095102146040116
0.5366024934473345
0.6020895847719335
0.5966677332231712
0.5230083309473029
0.4762848771017745
0.4108311293296138
0.37801185014689187
0.32279401989167905
0.262250394285461
0.21959608613989529
0.15922308766917545
0.14795299997154482
0.07045264136677448
0.021076976776840464
-0.013278008229532732
-0.03831537237575629
-0.1014377255141509
-0.16987418550318228
-0.21331225082951583
-0.2572481574366543
-0.29549336801768133
-0.3760345649569477
-0.4092613359890119
-0.45175297357167293
-0.4639483390839622
-0.5444159745959702
-0.5917208378287844
-0.5564317954054762
-0.5484392526313304
-0.4924177342396271
-0.42514562297140895
-0.3591895583361132
-0.3120749742894514
-0.29369019992950574
-0.26740551872630564
-0.1647983305677346
-0.12712133926996905
-0.10475673119901416
-0.05557911309442587
-0.0033385410213333695
0.06222287579620252
0.10007739747677863
0.11672286459837267
0.20635315901287876
0.24420581468132754
0.3048517869243499
0.32824698613089814
0.40439529358471726
0.4580268555532054
0.47909030344761466
0.5313193232851223
0.5804985423071966
0.5575200806675841
0.543551540291567
0.45998080670672437
0.4145526502974583
0.3614342250121269
0.3056558189480018
0.2713365498687397
0.27272613846208055
0.1901682220354799
0.13311132713926324
0.09289522492483164
0.04385233664452495
-0.048889794407889244
-0.0817813422054525
-0.09463445258356946
-0.12682470339687893
-0.18231986999438368
-0.25846466204433294
-0.3241688660705338
-0.3378385893080269
-0.37143736054199905
-0.40326486992532784
-0.47077466964128106
-0.5420577304556176
-0.6088081035438675
-0.5466477300586863
-0.537304673863974
-0.45674052100648843
-0.4610904566866357
-0.3544846150497607
-0.33904786634481415
-0.27459553725768426
-0.2632988669280046
-0.23208388572478889
-0.16094770713861364
-0.08955977716476554
-0.04816226324647433
0.0023584690510054236
0.029130407226952378
0.09660205355465189
0.1381283108171444
0.22356493554621631
0.2413573359503328
0.27629830793315296
0.3376726546785906
0.3892905699964027
0.4225915125472613
0.48699888882909476
0.5467322173494301
0.5759405943284844
0.5615158800721334
0.5216505228038689
0.4830936149083203
0.41241714673827573
0.3604846962045846
0.31109231243979596
0.30014118756917385
0.27924995610217945
0.15231747572100315
0.17421688588833267
0.06719072203379088
0.04357207054497979
-0.026644649642015645
-0.05172072872721356
-0.10000848344532944
-0.11214382816906074
-0.21215686014251572
-0.2568071933386242
-0.31107587227777644
-0.3296678591441707
-0.3951305417428151
-0.39928542667291256
-0.4782692429373222
-0.514316302559357
-0.5927337067335092
-0.5639873625185193
-0.5127745318274138
-0.46566347170049205
-0.44729644797686413
-0.3699452835161122
-0.33592457682367727
-0.2863106501736097
-0.2352102336304073
-0.17528142006528108
-0.14318855582669185
-0.10524786222582186
-0.07668402014002251
-0.017065611965188274
0.05826982545435389
0.06887206448482612
0.12132402221711044
