0.23545983793554484
0.2497728416661601
0.20804596691239272
0.12697356362259188
0.1010719094841028
0.062441776397546736
-0.004901403379745086
-0.04503707416412408
-0.07500504998656787
-0.16180925382399355
-0.16201828029643925
-0.22660577854670583
-0.21344874168438532
-0.2492304090311192
-0.29875181160574193
-0.32607446079527774
-0.3516774522514886
-0.3196322844507302
-0.34800353346226137
-0.34655577360453027
-0.4213910085433024
-0.3722444975244464
-0.34974312131665786
-0.3534310626592321
-0.30097571681010904
-0.23760782059842286
-0.27084913273207756
-0.18346545624139907
-0.1821598897002557
-0.07060568058997829
-0.08242222545924595
-0.02609023568525651
0.019128230901185928
0.07009702847968365
0.12215480798378343
0.1374248626392897
0.21783733171731334
0.2807054872263088
0.24873738762841782
0.2988268830918009
0.3238747373759133
0.35488802237751677
0.3336516146270178
0.34436164980139405
0.3480903298909283
0.4159071564390278
0.35443893848238706
0.3173778456381098
0.3118035238361518
0.2780978971336592
0.2677289556822148
0.20565919568313765
0.18792214638123253
0.154527678045945
0.09554326628899901
0.07045366558777526
0.03519844725338927
-0.01270524028099661
-0.05606075472298898
-0.13589420631219723
-0.14186592255662625
-0.20484465089641743
-0.2229629099827894
-0.24493545654905974
-0.28959849747565497
-0.38112155086922145
-0.3467356975434146
-0.38577671192323887
-0.3653992789816665
-0.38789471975506146
-0.35027903890479734
-0.3505159431095752
-0.35456920891790206
-0.3269879139615605
-0.2874177652483598
-0.2556793694308776
-0.1999937456972292
-0.20222105579988994
-0.20207523390945306
-0.13899350946478184
-0.054934364375485545
-0.0415865206879832
0.04075295665083035
0.046613563185663495
0.07413294521418612
0.11544201316365502
0.20663415001008809
0.24748394969767065
0.2761364406106662
0.30167288047966595
0.3271494121235583
0.3347866833660542
0.3691256864593228
0.36907969634485777
0.3622386565835721
0.33959047437138407
0.3647087292476226
0.3422579412932644
0.3408373043134763
0.2982568008324336
0.25853706294296386
0.24091747167130154
0.1617971970057261
0.11363818500260844
0.10231002139697742
0.03969424750257747
0.017844664896328626
-0.04856068747367366
-0.09978797442015244
-0.12154693045685613
-0.16932461184103487
-0.18693026114773978
-0.2374138309701825
-0.27206274906581035
-0.32049056211218374
-0.3272182773631744
-0.3535426778892126
-0.3358993386753326
-0.3767587074343034
-0.3695856926597811
-0.37686374048217064
-0.35775404853739984
-0.35085990777421106
-0.3339318354202137
-0.28445928339865995
-0.26205905440846516
-0.24797087328985945
-0.20297178443004973
-0.151947111894153
-0.1267637300607462
-0.08071894174326716
-0.04773260371847218
0.03400731386637475
0.05127329147533084
0.11481321908082304
0.16972185938968848
0.2015570821813846
0.2238241259499796
0.2435101158263096
0.2827378222554081
0.28708748819631774
0.319039120507313
0.3488314538889682
0.3390854365261833
0.3834748943451294
0.37502201873727564
0.3530326248624072
0.3851849500443183
0.31628982525552407
0.2813800060385743
0.2662604579642274
0.26983494827959736
0.21060824913281218
0.14490208464731222
0.15232460241745777
0.06361869704489474
0.015943704352192365
-0.026360630695377536
-0.05699585511861578
-0.12465258547757987
-0.17165113550359828
-0.2063407422462969
-0.2401742299888732
-0.27098929959742674
-0.3014463238533464
-0.29799839533046235
-0.2916809066593854
-0.37485950197163875
-0.3370433700767811
-0.35138155393879666
-0.3704241407509194
-0.34489241066884063
-0.3340951292815199
-0.29843310617547114
-0.2834018673775828
-0.26765993983031144
-0.24685798482814375
-0.18834171047663228
-0.17951657193026105
-0.12664716417161917
-0.07841068489601505
-0.013633507451248087
-0.0338948795810153
0.07465273033703371
0.12571612537137428
0.1239494264948745
0.1914374651316713
0.22038071838543857
0.25499404126342645
0.29882271566026675
0.3297248903931396
0.3327048726398196
0.38079098535388967
0.3900348066997057
0.3170729997444866
0.3354730130779379
0.3563084653241377
0.3524644620823829
0.3759283229255625
0.29934625887435645
0.2546361442829621
0.24936769579481913
0.23393135573075063
0.18742062307210566
0.1303301451675901
0.09194524770976048
0.0580804848630537
-0.02542440551522096
-0.045735191980227956
-0.10941937919234594
-0.15230006517947806
-0.17479097125170623
-0.19793171126222653
-0.24704318171659792
-0.2923558279645071
-0.32126297810499804
-0.31947616984186616
-0.34815026941988975
-0.35431968740087777
-0.3535629242061349
-0.3733998485429293
-0.3507390997114521
-0.36635964784565883
-0.33122232392605855
-0.3225049027037869
-0.29922905514898784
-0.23142476700187756
-0.19965179003664307
-0.18918900593126894
-0.16951344838861285
-0.10101841418248264
-0.018385815234078957
-0.0232928766327688
0.05462002837013249
0.12987555164745868
0.15136304619402088
0.16214550935856428
0.2043542247771094
0.3042304987156069
0.25435389507482536
0.3147888295657161
0.336189654223415
0.34265619167369943
0.35338342510861065
0.36851070753964094
0.37145714864196205
0.36037064127102003
0.33072922008827477
0.3318217828976066
0.31866708742053257
0.32015278746013215
0.2504066772135753
0.21461437588093457
0.17303786976693541
0.12181408997710651
0.08488438570139839
