-0.06910854280342679
-0.03939831921110938
-0.018619535428593348
-0.0455467856579186
-0.021425297220148146
0.02265565128006805
0.06282641766341854
0.049216862789299445
0.050410076091704795
0.08724797339281182
0.12283738525249424
0.12321486160608014
0.12438141813573787
0.11393829029306066
0.14820551680293229
0.1227066076937417
0.16259215859899653
0.15641940520785694
0.15574198307757275
0.11526430399179528
0.1477961096270899
0.12454044426637159
0.15549468794913246
0.11208629350887828
0.09810844830454862
0.06900145752705371
0.07833140432544386
0.0665004367828343
0.024139626874332888
-0.010864499178704306
0.011606365922122172
-0.02605709714764738
-0.07088709600459897
-0.055428050357341746
-0.09587112766423292
-0.10215669035697231
-0.09578842406172927
-0.09160520867824386
-0.14181456799291559
-0.11753448969737205
-0.14024905803490506
-0.1717170931918522
-0.15798263783432084
-0.14706805695432193
-0.14424319255250148
-0.1313488362684424
-0.15283492677269453
-0.11706782617059627
-0.08229352340217506
-0.06304269166671927
-0.08284741058093631
-0.0877768926040636
-0.03607376224375472
-0.04383874734499627
-0.007615035579039972
-0.011622131658159578
0.04495418907233499
0.053496528125808025
0.06112464120445497
0.03576215397285837
0.137002804152366
0.10626050306425325
0.12208305334177957
0.14424062884418623
0.15403978188239112
0.11592799128990453
0.1817942909125948
0.14596578449087141
0.1422026114180335
0.15814198328012669
0.14970527261101485
0.14700490431955382
0.0907136036094501
0.09895931751326062
0.07613451570425481
0.07017890340662518
0.04957156632439826
0.03645139120614309
0.026835878534161604
0.014938135726764553
0.0025162121446052586
-0.03013132519318357
-0.0533250893855514
-0.06663933833377768
-0.06755035279584602
-0.13233788446240835
-0.09528863398555402
-0.1375865259214989
-0.12568933810360533
-0.15972522419891705
-0.14221791482687512
-0.12382609804742037
-0.14323659338158848
-0.14670461566471696
-0.17398213802581858
-0.10686098755093168
-0.13722122824814909
-0.12775222065511888
-0.11557610638916235
-0.09287564498728526
-0.09689646582991074
-0.07171994123337119
-0.03835530143229867
-0.04941561195348053
-0.04331450663483659
0.02911683407691764
0.007474605394038332
0.053072003595226055
0.06995309449096324
0.050682304364212186
0.08041776668873632
0.10983936390095778
0.09092469875962214
0.14670001762206242
0.12023564285810873
0.1556144666546576
0.12366969783823442
0.17629583939371554
0.1714978220091467
0.14870169394374727
0.14167162151365872
0.15406994607106764
0.12929752649634665
0.10746561643999414
0.13089016897099703
0.11124485680624266
0.08652815598540517
0.03983469996367881
0.011042115795990001
0.01450163995027715
-0.04566617785573216
-0.02672694005145276
-0.030567640342314965
-0.07818209515689276
-0.06754130852677062
-0.08180995507900703
-0.10325838435653362
-0.11979916785024579
-0.09063733067281243
-0.15198252087611733
-0.1282140521605728
-0.1667698071571398
-0.17369541716550568
-0.18763422056894477
-0.17717591799227816
-0.11805130655182575
-0.13508184268773607
-0.1095325527487882
-0.11152476025065279
-0.0941271056671048
-0.06766506136632866
-0.037719160405528286
-0.06571030524207999
-0.049438746532629634
-0.00014210879936542645
-0.01135753755533134
0.04837733771635833
0.04324852581158949
0.024266868409146068
0.05488196361573275
0.1041797577458492
0.10528812516848583
0.14400241977616918
0.13176318431848263
0.1318367395354725
0.14635980744183077
0.15360042805057014
0.14092117066076915
0.14353692503983104
0.16965750055625162
0.13495658909333577
0.15396409333102523
0.1362670456916202
0.15586209332013234
0.1221070719354912
0.08082416141616518
0.0842300607680366
0.06540522149441651
0.022042557690969924
-0.0029850018347650532
-0.011541765935705812
-0.028148367932147027
-0.017990418883356132
-0.09014673983451968
-0.04735625818198294
-0.12125545619365827
-0.1398829515756846
-0.11491760878240069
-0.13158830470567623
-0.13670907447305405
-0.11354254251575534
-0.20646296281210477
-0.17187899008835852
-0.186732842145835
-0.1336782267145619
-0.15478024979946695
-0.11413314504201662
-0.1304151296700927
-0.1532940647411759
-0.11072790998025436
-0.08402879958308994
-0.060196576878124276
-0.06712845187862976
-0.007767469020393807
-0.02509637427665063
-0.0026664759021282035
0.03902250381218035
0.030968856533002194
0.06723292262060762
0.07984511391098914
0.07615358604000916
0.09274155856323181
0.09749983389176863
0.14151656197556897
0.12139042164419493
0.18385745272422338
0.14849729786289292
0.13212857549914908
0.15241895008496756
0.12878176501547148
0.14958996164164526
0.10625390449355449
0.1567706321666507
0.13245594754559478
0.149624587680291
0.11862530745074616
0.0943936399192488
0.05884899692147077
0.030782531033676133
0.026326083503138135
-0.006073094202843535
-0.03345206399806537
-0.06610337755529573
-0.08490287921133147
-0.02245380774376997
-0.07982433839632562
-0.1423646505316905
-0.13497357011687122
-0.12307568007081979
-0.12197223941028507
-0.17467821056302105
-0.15055638525831005
-0.16583258249657162
-0.17539330284095078
-0.15744629708867094
-0.1521551150441024
-0.14487131129437036
-0.1326388532332717
-0.12056396448704639
-0.09879283839222892
-0.07836981182082184
-0.08347283937017923
-0.010534360915166303
-0.0372307079519631
-0.006923753411109585
-0.034089758828819886
