0.03231324743768751
-0.022145109515136145
0.04304889287329238
0.0747679976610138
0.029452360598591604
0.06304153129603063
0.05173401336501131
0.07451799412107038
0.0703060466885208
0.09957104818912405
0.1185923556971107
-0.11584558462026372
-0.07976611814659822
-0.10122985373138704
-0.0719081073343063
-0.07476117853206873
-0.0782985776120605
-0.07234674310644779
-0.016258050820908514
-0.007166024596441386
-0.023698995254395765
-0.031152997153968118
-0.04273545299589031
0.022192997899932194
0.025543362240329583
0.03820289274091425
0.015445316925547872
0.04775490974322021
0.05353511746297674
0.09674946357221884
0.08522809580901007
0.0583709026833586
0.09382817246973736
0.07659515653468967
0.10728102447560961
0.12261357555986498
-0.12550227858896063
-0.10578844157174015
-0.08773640325337272
-0.08576266068853994
-0.08149588441007632
-0.08371957777945704
-0.027877984363240644
-0.05374366815192224
-0.054171435384748515
-0.024916576531589445
-0.05272683998391496
-0.028639895150784682
-0.0203203804262052
0.009377616844260169
0.006650804214300731
0.029839626199771464
0.06594023376168703
0.02865787208877224
0.07943635120968325
0.047831552930984095
0.0971987871172612
0.10378346602464751
0.08559412548147112
0.07836067105118216
0.13442212081887234
-0.13450531233081817
-0.101872394082502
-0.12437084298791742
-0.05992738365557788
-0.03621092243981907
-0.06758774958474502
-0.09138390067633007
-0.04204958972463165
-0.05025512906675551
-0.050403895094719216
-0.0043590752778461805
-0.016689337811779975
0.004260892752855813
-0.028953580557964494
-0.0010220031822314977
0.014873602168598057
0.038653243371447606
0.07845843894562346
0.0623595063542373
0.0672234136561835
0.1166462748963297
0.0507358587330561
0.09242844923040883
0.08402018905007527
0.1011236429250678
-0.13059744581062485
-0.12042919979001113
-0.09912979706364322
-0.06711643795747185
-0.053213003447336496
-0.041613656997423344
-0.06728828117692316
-0.017254230728788674
-0.039728425311291705
-0.02397093946170123
-0.0006156090557523503
0.007393605579884603
-0.02432189755858758
0.018233016631298928
0.03395977527757429
0.03211846927748809
0.010963915857916607
0.03435875029256562
0.040854165388455536
0.06829882904499535
0.03872521153090672
0.08188860117148719
0.08535276721571988
0.08148007943498461
0.09462844940598833
-0.11802679803176697
-0.12502624263159443
-0.12044089716031145
-0.08817541195691679
-0.03855963824950495
-0.05142949209930916
-0.0347992395073099
-0.05689603773283322
-0.024732849271554586
-0.05324939772395386
0.02916611725357403
-0.019371273438767305
-0.012250324556486586
-0.0014923250081213613
0.012432708861807239
0.05111847772580653
0.02550128986120504
0.04510436707415202
0.05234630888424862
0.050863434260134135
0.04777205375942667
0.0770381140323499
0.0743539963692301
0.10800974631925339
0.14476215325491734
-0.10412993097286902
-0.08482075663719763
-0.08712383417881785
-0.10582319410867966
-0.09649650601960202
-0.08036651127588912
-0.03475508980471755
-0.04374799282609067
-0.07396654566797752
-0.020500782922050972
-0.003149230001548261
-0.03048272957223728
0.002129823900882073
0.0029932652729856768
-0.012254030542426696
0.03748612605043895
0.0320687876124194
0.055589629004625635
0.04860320183958556
0.08811045406954911
0.061944071672428325
0.0564519173774814
0.06273466435504717
0.06659107719253105
0.06385130973556674
-0.10664270609952091
-0.15120428034335323
-0.10041772949816498
-0.10871648439308747
-0.08642358600593096
-0.043231233812518054
-0.05383023473563673
-0.028519569700557766
-0.048954465602606224
0.006785188550234349
-0.024153557240811585
-0.023407830213318583
-0.003104578904605994
-0.01228493999541094
0.0005667414278586226
-0.028590241087665145
0.003742863612848101
0.0326183165920694
0.06966604117479781
0.04584680382602855
0.07894133959611872
0.062032000967497676
0.11668663198457249
0.09685754397979988
0.0941760222805392
-0.10508084821488034
-0.07634658390762053
-0.06362627851425362
-0.08666080042261451
-0.08625516482459554
-0.08798230224066886
-0.04632442398569412
-0.060738832900157066
-0.029261415301032066
-0.06403612121650296
-0.02060678941015881
-0.04060967883942837
0.013033811331741384
-0.00022750331015590573
0.016244771144464636
0.052120871512537144
0.007856413848242386
0.018644227143647534
0.06960630503069365
0.0423307690722136
0.0540505332509164
0.06844467248550715
0.07069000812836375
0.12417778672494457
0.08842838492421526
0.10658177328871009
-0.08726284038764852
-0.0808796935940679
-0.08748040667414954
-0.08546065816613158
-0.07166192697286668
-0.060836055492067
-0.05141883219389768
-0.018317182512230613
-0.04883319270244982
-0.01926554854349085
-0.009811745994879894
0.027017783486078556
-0.010166157231087365
0.014537339493551184
0.03872000034354789
0.018167577923717253
0.004279853865015039
0.03788000617880961
0.07354539744423946
0.09225841494917483
0.05354575023114158
0.034299656178764897
0.13092237181363228
0.08955937633776663
0.0790280979960851
-0.12637062034194624
-0.1236194201927762
-0.1382318955138759
-0.06700209187804354
-0.09323641973797378
-0.06797049673220154
-0.03785462361685831
-0.04887012709658357
-0.018556839300456075
-0.017272634510681645
0.011350935162633654
-0.02809671959802695
-0.0344176908949923
-0.0073318534137158595
-0.01885370538812728
0.028412604011416015
0.05490770968935112
0.021413735140803688
0.08697448830255214
