0.40970306972946535
0.5996257592662904
0.7226972665046788
0.7363732582386396
0.7753881708059046
0.7241958905102616
0.6661754790324373
0.5417077514130219
0.3855200263651797
0.280718600761548
0.05738737201126987
-0.14632833505148218
-0.30845441948844654
-0.49126520955528014
-0.6141176250198337
-0.6886775101352096
-0.7735073661407296
-0.7458655794691623
-0.7088236423413663
-0.6055928769600656
-0.5040816994761408
-0.3427867109425345
-0.14689187940006765
0.01791593846885911
0.22338373184172722
0.4043220110224247
0.5871492808302139
0.7341859277638275
0.714025831456577
0.7777379305992558
0.7149823848260831
0.6700702104972062
0.5619651020331584
0.42502369313895155
0.23424510630499956
0.03282677659639557
-0.12491333163745208
-0.33629645564523325
-0.5169131139856021
-0.6168352399768474
-0.6862317538670645
-0.7676493270939785
-0.7481764299241324
-0.6966953361576992
-0.6191618227036153
-0.4967214342919285
-0.33596083360461243
-0.15920538855596197
0.030179672292332885
0.22083046992001926
0.41766789857544695
0.5363872350197895
0.6403897304485605
0.7513469379202221
0.7788587796522108
0.7663706276297289
0.6870512280577415
0.596556374571919
0.41711021014632377
0.28259500799309445
0.06254703495740209
-0.14266972351925072
-0.3281969672747016
-0.4500043688087431
-0.6535508187202492
-0.7205070323646211
-0.7489199169824347
-0.7476230896293503
-0.7547599760606507
-0.6706494426466945
-0.520262788569553
-0.3662850672821664
-0.1973917025649095
0.0069065996886750435
0.18305083542850387
0.4162617760571297
0.5167570323155835
0.6347968286463366
0.7217996026519369
0.7706683277158465
0.770101346992701
0.6705352126904537
0.5787540207146182
0.45846037796815053
0.2929426351118075
0.07359406254648451
-0.10515650047792405
-0.29588908158234295
-0.4445672304406335
-0.6046880896263843
-0.7465570648304294
-0.7552649700148584
-0.7957654504313989
-0.6984367045842603
-0.621686442467969
-0.5488542476795236
-0.35309513573587875
-0.20289058293551224
0.011570666347708381
0.2118821926369609
0.3651248801691112
0.5600101487471882
0.7130013581374421
0.7741459062535807
0.7473156487214843
0.7587214318999052
0.6829749742039535
0.6249454449745645
0.4506498547817964
0.2691802364213154
0.08871407321659129
-0.10345630412139296
-0.28822664670793235
-0.4633230008607369
-0.610219893734397
-0.7073382578671639
-0.7191631795153799
-0.7869008576616467
-0.7432872129042406
-0.6560357979281178
-0.5232685567085987
-0.40265907913830695
-0.1906131015080102
0.020767986483035076
0.18125711175695805
0.3471621304205625
0.5527486793615669
0.6291509219009245
0.7350307381098422
0.7868100846901142
0.7826708851408016
0.7321870864704254
0.6059105313739281
0.48852875117837646
0.29437229272349574
0.08360703768769003
-0.09254033786341868
-0.2519764879436782
-0.44007832798031404
-0.5807779117650329
-0.6832132891318908
-0.7771392130039463
-0.757335277276179
-0.7344585100629581
-0.6581538862177926
-0.5239349348855022
-0.39141800735584925
-0.2015724468698602
0.001007064275317729
0.194948579807941
0.38315071572197235
0.514389960939169
0.6328249484381349
0.7335174515127258
0.7804311369496282
0.7753441086036033
0.7167327623767752
0.5839572489278623
0.47281274549350943
0.30707523995930647
0.10683419903844009
-0.05840799998293344
-0.27898353137933535
-0.4801920998835325
-0.6109324444124166
-0.6650790494158535
-0.7627743632920259
-0.7384226214395827
-0.7638970001439198
-0.6153119139318262
-0.5555349928935173
-0.40789315448887675
-0.1978328327413132
-0.054617331778980135
0.13869786720054822
0.34545818294257846
0.501463971143872
0.6554382993953461
0.7114549273480247
0.8198106114022594
0.7430366017710552
0.7374092868085947
0.6199679743108985
0.45128738510758415
0.3425049075027272
0.11766503081415997
-0.0887763336033019
-0.25209178121736364
-0.4128873467853799
-0.5983084011560451
-0.6776181659742778
-0.7545985641784715
-0.772338930885144
-0.778138762462356
-0.6480681316346807
-0.5459726217985801
-0.4156236513232981
-0.23263961854605372
-0.05248476117323454
0.17079686859883556
0.30849575878125657
0.5254486789755503
0.6491345286820611
0.7253602145647263
0.7751663554805834
0.7508548708531506
0.7264975714448737
0.646184555849929
0.45984661705553015
0.2783588681819597
0.1117205289119663
-0.06420733472338527
-0.2379163980677481
-0.41574390280307794
-0.5581527534088707
-0.7020055476377159
-0.7557626465295069
-0.8026029912923185
-0.7788107082282265
-0.719367154821108
-0.5833149608261637
-0.3875086177997406
-0.22789165301474387
-0.045267447107687264
0.13061666806859867
0.29905072262608423
0.47861978304348035
0.6330307852578763
0.7065900056473664
0.748176217532344
0.7845514183861049
0.7291251408971517
0.6184880359199464
0.49391047569698343
0.28604631556429333
0.12723989455683862
-0.05211424196763793
-0.22676567463774935
-0.38722591306529325
-0.5954731905310237
-0.7273991222443579
-0.75022730535983
-0.7891641290532729
-0.7571601067808346
-0.6793343808770297
-0.5837528016366678
-0.4296070758744839
-0.2165136286993655
-0.05275382140101846
0.12131781661999366
0.3236888147005595
0.4899625257241468
0.6351324630653313
0.7114890029347821
0.7178629173803879
0.7650894246638287
