-0.5264540923195038
-0.18622108254798828
-0.07473753355506577
-0.15836229356381332
-0.11541557434883634
-0.46862335209909456
-0.25022019807572116
-0.22207038347678434
-0.1904412283364545
-0.11821146739854763
-0.17837091836126717
-0.49970028906342534
-0.21905044318393177
-0.3410055361105235
-0.4014911781236747
-0.5834943115428445
-0.15632457162594088
-0.4686254110836964
-0.5432343710860964
0.0032183256963041595
-0.28478513519313225
-0.39260506791549576
-0.026220465531912547
-0.657634312953068
-0.3267645271599569
-0.4943862669805953
-0.2864135419134488
-0.6075845363021518
-0.680331829284542
-0.6994199776456101
-0.1852067929547257
-0.5695415835069287
-0.27218158531921466
-0.055105658271139536
-0.39945152588328153
-0.029286387597965143
-0.657969148690098
-0.16606711288573794
-0.3464982947394568
-0.2306269381218069
-0.4723367629223149
-0.6839037368403188
-0.21720164711526158
-0.18045551121584646
-0.11048666847421017
-0.47102508522872016
-0.27140802575101725
-0.3296013998941421
-0.44895805285779955
-0.6495243765633428
-0.04719779854288797
-0.43955086224963696
-0.5517151243630481
-0.05868124364972075
-0.20546799919971062
-0.5609555102400496
-0.16146350578154958
-0.3056081943109779
-0.12075763304212513
-0.22139141207202728
-0.2871970900958349
-0.6142141042574377
-0.3722909216761818
-0.08397288980838863
-0.34538303983971574
-0.04102981503856978
-0.3424128762926415
-0.3364106271575732
-0.009109581656571861
-0.5806210257828599
-0.3209000447820037
-0.512130917602691
-0.24412865265236466
-0.16708770691603655
-0.5062778913871188
-0.2499209827615515
-0.6841656732025216
-0.4557883726464612
-0.005487238170002777
-0.48123250447308413
-0.3122486938688274
-0.4634313751035133
-0.10899570310090026
-0.3643434861130352
-0.06475468910047116
-0.5212103059501738
-0.0767907656401329
-0.540938812017677
-0.4569806492710351
-0.608729404521101
-0.010495239669804306
-0.1309567779814854
-0.4009270107020186
-0.5181333602681604
-0.15701499532359617
-0.4125348088480201
-0.45531629758256886
-0.4467690970624718
-0.37667735877828384
-0.10963179856955871
-0.2283914489656174
-0.09006522805282027
-0.40303381403226424
-0.5219733677398177
-0.5975338868670328
-0.4249771431092383
-0.5210827256921833
-0.00939558640605469
-0.6825410883619657
-0.03877439827818508
-0.4814303963827365
-0.24163756505573608
-0.3140388893365869
-0.36123255548970906
-0.49386041774222095
-0.11659427641881087
-0.5843397575739054
-0.4690890238262105
-0.43276494177831465
-0.4439853599634914
-0.08592866812830956
-0.5885051767185073
-0.39952433706518414
-0.0390412794167669
-0.5809002528725326
-0.6862713898806879
-0.5700481706467295
-0.029402595765627842
-0.4879295527040645
-0.3249970922763896
-0.1796071022376153
-0.5485171834014341
-0.4199285648885535
-0.2665186571922305
-0.05356575189255312
-0.10911077677988579
-0.6701126764970163
-0.1897205432416552
-0.4231267777558367
-0.3783529858190209
-0.6854407170076982
-0.32015323970287485
-0.20940927719188118
-0.50815087874476
-0.4927305496451261
-0.381899719899773
-0.2961200295401717
-0.04470946928721019
-0.03567943670812029
-0.4600878483995873
-0.06011321528847469
-0.299661451687643
-0.5924686891064188
-0.6136165974550511
-0.40195667094881454
-0.15127957420993496
-0.3524189102179453
-0.2681271086411644
-0.3739756913621745
-0.34856874040210084
-0.5396492177516308
-0.1517350962743593
-0.6663551034323753
-0.24746405281191847
-0.43882802892402845
-0.2861710482471845
-0.1510448069128933
-0.24967157970656695
-0.6765245322312321
-0.321743307119325
-0.14484587399626403
-0.04194061646277092
-0.12044850263867622
-0.6913009669128746
-0.4220107716854689
-0.11329896528610811
-0.05015867038747027
0.00035069103568726844
-0.6799667760993255
-0.5997284217240796
-0.25541430443129487
-0.3682726044545334
-0.1227401967961756
0.01617219250747593
-0.10867190636751566
-0.573539458586908
-0.30302604919572945
-0.4851089842920249
-0.6034472024603477
-0.2223324708873326
-0.361725978868631
-0.46670787979604955
-0.32082911013995824
-0.6252170988913085
-0.3001320430458667
-0.550343197921294
-0.29509221877975444
-0.14302180856844215
-0.2496194063219433
-0.4176518139939467
-0.5676272835731123
-0.44845853344962405
-0.15312452785006683
-0.12103096392661615
-0.16640426781638565
-0.4034428224913356
-0.05225844450505461
-0.5045571973168888
-0.4614156039218827
-0.3052188823180003
-0.21449072421255072
-0.38163157585170226
-0.3975654875094316
-0.7175041144450561
-0.17365142805667658
-0.6684246274351188
-0.017788764423208897
0.019285596794587263
-0.016996819250483554
-0.22257344013281838
-0.4414488859594372
-0.05427288504283154
-0.18338195886364517
-0.6296210401280362
-0.4585583145501402
-0.15242963846540608
-0.5505401173690057
-0.22607797075103905
-0.32669269294410047
-0.4831153533070593
-0.09957544260418497
-0.258363171613973
-0.39108635219972304
-0.31193234222168026
-0.5660066789640874
-0.5012080944065473
0.0205558961774543
-0.2229316570435061
-0.455883180909906
-0.17558674547220854
-0.1089637271418561
-0.23631326858038418
-0.25768346342313575
-0.5448084554390391
-0.1548510086461852
-0.6924826463309013
-0.5986959660321294
-0.5095233547551925
-0.4281247491587935
-0.41916115842931023
-0.15519820310244353
-0.6115935143719006
-0.16590829608151653
-0.6902157840210453
-0.3232645880481051
-0.42721362122957274
