-0.05873946763873038
-0.04753690509510836
-0.04972957392707547
-0.05594913252782851
-0.07949279537390193
-0.08015283416885133
-0.05918674753502885
-0.02411135475406639
-0.04723466193828742
-0.00522803798749959
-0.015747681098463757
-0.027181468514393542
-0.008073821236502075
0.0011454613756709617
0.014400592044122217
0.019400928676531377
0.022326255930951715
0.07158158202012127
0.06743240747404916
0.05990054155910544
0.10228301079511995
0.07411397607830938
0.034938563218648036
0.049581533730926
0.031121947680104612
0.05590104583402957
-0.003126251143280613
-0.006951746007966329
-0.010748712166413417
-0.021002272715625853
-0.005394371817318128
-0.008353130835492772
-0.0582773443002869
-0.061967717041393935
-0.03759381402485669
-0.05858056958434652
-0.07570297085384474
-0.08878166986108212
-0.07917113235528118
-0.05540297750955309
-0.06112378349857857
-0.07952067048487609
-0.04490253723944544
0.008572019216259327
0.014268397483384182
0.02311884439782857
-0.018315412700505664
0.0408011133668802
0.033046999809823924
0.03646578932823047
0.03531602301661917
0.07245591126829445
0.0804266110031704
0.07718708939363007
0.021852814634825912
0.036522556381421004
0.10018995138001971
0.013425027144206028
-0.0035669857966620575
-0.011881693413817323
0.002607497405992745
0.028520921378876723
0.01373059192538815
0.0018483501367428136
-0.03596104693260822
-0.056276558453347884
-0.07372432007574875
-0.041719331482018715
-0.06385333743090015
-0.03809974211196887
-0.0549399933528357
-0.05349182068551142
-0.06357750864254476
-0.04355333093699142
-0.044094482363045785
-0.01858418901737998
-0.045862953277428356
-0.030200674490083353
-0.012476882975980378
0.035951507448366234
-0.015056550025607358
0.017394676535145738
0.06277966424795348
0.04917495732836099
0.08556577880777494
0.03845185692171835
0.039589219132572365
0.0551983538731956
0.05153799262696751
0.08930461909547927
0.027418394011711728
0.05146413127604499
0.042998119041274985
0.0015605214288707588
0.00041306335560997286
0.028541742900252402
0.0002380640649221194
-0.021699342662182593
-0.019224613752048605
-0.0428213743464104
-0.07403576109996934
-0.08525524434027654
-0.033073092224136305
-0.0783378555894228
-0.08181144792882045
-0.04733905312680786
-0.04573384612544239
-0.07325525946607608
-0.04096946907405603
0.0019358215837907249
0.015151990124156611
0.008528063584688191
-0.01485674167851584
0.021757010494630143
-0.009758763482621773
0.012262119756502422
0.05269821408217701
0.06179746618240928
0.05227613964465536
0.035983360038258444
0.10965947875652644
0.05932542543920741
0.031065917751744106
0.049218550801358174
0.02494637844712131
0.031279004790231456
0.010159125635114749
0.007837432581392464
0.030706493963422826
-0.0021528471129959896
-0.010616536675178312
-0.017193630481886213
-0.058441290423157946
-0.04627740152517337
-0.02400087627054466
-0.06291605693684475
-0.08478480543252954
-0.0860747087381285
-0.05553931681272467
-0.05042371545480881
-0.076125784214215
-0.044353622230585754
-0.03974762859780237
-0.01678318171723201
-0.00845616824540243
0.013003785910557307
0.011209209202727555
-0.0006106561763742739
0.048860367096289506
0.04121560042763688
0.022357977989355505
0.03524762100663618
0.07173339760634781
0.08072663730913848
0.09567981592944974
0.05416719305384672
0.018045401632431103
0.06068420551801389
0.020568974997789098
-0.008469053794129
0.015394675051411011
-0.004492876542489536
-0.013987417699847725
-0.0026443151180832944
-0.008364806985629506
-0.05432024251898104
-0.04195612852444664
-0.06064489237231904
-0.06710317327920531
-0.06540460218477115
-0.10507564020122034
-0.07632501918783453
-0.02636641856622761
-0.03227869319331923
-0.009786319517939287
-0.017383142830522023
-0.022096201356954587
0.0416687185918799
-0.013565965161373362
0.06286245214371688
-0.009529543849185026
0.03592886588548043
0.046211381571469964
0.05471213833474139
0.04919536949603527
0.04233164829892955
0.061278884159993885
0.09089653319447952
0.06983531343155659
0.06426743751246593
0.058907988688395974
0.04561158468171291
0.048620875634936445
-0.007945331090091785
0.01109301479207756
0.025830670201973778
-0.010797004373406856
-0.002124144887567044
-0.0169399173668734
-0.016684990284939753
-0.0953644442264392
-0.027785534605614063
-0.033181724723515715
-0.07896567814476334
-0.07770560521440906
-0.07627770636130667
-0.07690423555436253
-0.048251405132288795
-0.002129718207968763
-0.053770846915232345
-0.0007994926863306787
-0.020541579794845735
0.02169570001451776
0.013206088510153514
0.029863864685705045
0.0517104783268926
0.029921749567202723
0.0436671506328243
0.06162108598987687
0.08419233868927112
0.05488141583712508
0.05090132905180851
0.07316177747511432
0.04634515594078613
0.053763794119926094
0.04115718518038539
0.025989824661737028
-0.034245184881397626
0.018150075389886694
-0.016301215352228483
-0.0033752843722851898
-0.0187050722385899
-0.031249892788228935
-0.060894615402053015
-0.06944516796220315
-0.02540861736248894
-0.058335035335265524
-0.09056935201236492
-0.05213585649412915
-0.06105202481502307
-0.045814999941116
-0.026170585345470287
-0.023652825075976398
0.02852264699709256
-0.03806364660624938
-0.023040607588313358
0.033767025610241606
-0.0060160628145125485
0.03134778034810748
0.040599033725938066
0.061667215246036425
0.04716453907057495
0.04752674927000683
0.08222664346405704
0.0885818532106474
0.057882611064051785
