-0.7464161931865889
-0.7033678687316167
-0.7142074161175935
-0.6898337253669418
-0.7141843080295103
-0.7221605021125753
-0.7554377850710946
-0.6966747568953995
-0.7295231708350068
-0.6980936377927094
-0.7320971740766214
-0.7485003750576013
-0.7607530375078455
-0.6955224977327824
-0.6863653818697492
-0.7239147968120412
-0.7096133687406692
-0.7075171702738818
-0.7411207570303482
-0.7378021404649532
-0.7264359637013975
-0.7099910062052931
-0.6844843414336645
-0.7058000331938807
-0.7232630473146732
-0.7004026734200997
-0.7346652559501446
-0.7464466578847079
-0.7577044052532773
-0.721899859601141
-0.7173753154303366
-0.6761287638622651
-0.7050767069946363
-0.7170658181808219
-0.7243292281434551
-0.7364951770895946
-0.7296248564034454
-0.7225798762896501
-0.710105096194158
-0.7090434165630899
-0.72422447967689
-0.7546014742023062
-0.7194191811766177
-0.7267597989160033
-0.6863840023803682
-0.729588306795813
-0.7021268796044251
0.7524165837305474
0.7040227456684249
0.7296616195673942
0.7339929145882954
0.7205888297584082
0.680530745366996
0.7113633649252064
0.7836659623307111
0.6986342697371988
0.7200584878687211
0.7012291706929847
0.7129439198060764
0.7100959758117948
0.7158699429799221
0.7033400329333894
0.7575413743968176
0.7029548953076754
0.716783580155698
0.7124369938732789
0.7371118472714927
0.7181722120810192
0.7318073145118861
0.713006441818488
0.7429189310623764
0.7429066780995249
0.7359606710833495
0.7303169675336653
0.7191112671520098
0.6991294518498882
0.6871464305357131
0.733713845933592
0.7545720810085912
0.7204041023739983
0.746771653492034
0.7156817632192652
0.7199858243734671
0.7198033350569311
0.7398837986097861
0.7322233496628263
0.6922974954637097
0.7328628112679975
0.7259418204338293
0.7172418525957914
0.7457563410022027
0.7445322376901182
0.7385501122789275
0.7352013575637165
0.7574585784101805
0.7484814678322778
0.684410067664287
-0.6960585785022451
-0.7353477717040998
-0.7182782884689343
-0.6906455989082028
-0.7286215306120954
-0.7281756905906611
-0.6531452917242953
-0.7272155728254832
-0.6628896878179763
-0.7122944323744749
-0.7292470044677998
-0.7315654910033781
-0.7329416705771888
-0.7410926055969248
-0.6887043991693094
-0.711092683972635
-0.6868453853699978
-0.7131567235654116
-0.7582802218985072
-0.7236185819094569
-0.7185527543493514
-0.7135106337928877
-0.7382062880263935
-0.7110180448307452
-0.692653922908629
-0.7356865587847268
-0.7390893499629423
-0.6960638876816456
-0.7561191408526282
-0.7055904520997478
-0.6959161606264863
-0.7403595250282518
-0.7088837194380055
-0.6962913728311435
-0.7279876391904294
-0.7138998807724128
-0.7350131202245827
-0.6999837942137277
-0.7518048264294467
-0.7335869515934903
-0.7450277966135294
-0.7427328063166367
-0.7434692929500804
-0.7099323099035652
-0.7365990522298257
-0.7229199969196146
-0.7048295242792657
-0.72138691416027
-0.7252234669615785
-0.6987257095945856
0.7017953607537339
0.7288921646242196
0.732282241057593
0.7291240242208331
0.7229736463848627
0.7185252507305052
0.7035953785024016
0.6986712860858391
0.6910979532932635
0.7350810319342451
0.7000411870137131
0.7122615172624096
0.7484395540266714
0.6933042558911892
0.7318631535865492
0.7008525419649029
0.6961912957309411
0.6981793532015848
0.7330270531411729
0.7253864183728643
0.7192447035638353
0.7487224366026084
0.6920434345245841
0.7025404245473191
0.7375981321951725
0.7342697955508127
0.7020441174100284
0.7613021442015916
0.7419012896671038
0.6824425373821122
0.7207138974301923
0.7495738144409984
0.7673279728568893
0.7154370909766109
0.7205979742585477
0.7333225575179955
0.7246000894224831
0.6963380150784467
0.740659695899072
0.6884750085801621
0.6919400450650482
0.7070400024557151
0.7251962927561028
0.7347544486837168
0.7101112075428847
0.7387825088156393
0.7164903218032683
0.719550394662739
0.7315552135834411
0.7308192035545362
-0.7106420512349322
-0.7469082035808435
-0.730155924265504
-0.7337493222811547
-0.75704910061543
-0.7284591278152545
-0.7350870371115015
-0.6988032421109055
-0.7298438427672301
-0.7318928507524602
-0.6930854961176954
-0.7004462979827472
-0.7069978982122489
-0.7622138331351523
-0.7276652462747702
-0.7341640003507939
-0.7442720788416223
-0.7181276591204223
-0.6825696599279241
-0.7148443355021572
-0.7148767210605453
-0.7523240696562246
-0.713102145726586
-0.7037200751266274
-0.725942301106936
-0.7401327011253453
-0.7555363508499894
-0.7164511896366759
-0.7141650686428016
-0.735197396147777
-0.7464715077488747
-0.7183286914217208
-0.7271250525955102
-0.6953533770004312
-0.6937764586895647
-0.694690876775269
-0.7237386292375401
-0.7260669332914431
-0.6938329103910502
-0.7162739171777198
-0.6855124625671071
-0.7203014391290623
-0.7355466180719119
-0.7207129713024598
-0.7120575911704606
-0.706968896183399
-0.7104737209674631
-0.73145798458267
-0.7161124556690825
-0.7121631805843085
0.7487244776104401
0.7362925070021483
0.7338965041013316
0.7242449016217553
0.7083250985015006
0.718228001270217
0.7432937833517915
0.7039869664708664
0.7218974211874449
