-0.024048711867912152
-0.0804594268801214
-0.10169947467333809
-0.11222318362612067
-0.152905519158232
-0.1559007783466449
-0.1913488931227466
-0.1879788402490175
-0.18434904697200882
-0.2036458784689075
-0.2076289760062772
-0.23236246132896432
-0.18734094489835212
-0.18289378520099905
-0.22341516962491276
-0.16340277787640398
-0.19001679145685635
-0.12855220441646095
-0.1329617363651361
-0.12458931705221327
-0.08293221353776704
-0.07760106946800763
-0.02812627988203295
-0.02693698607579993
0.0041817092286725414
0.024076279177573028
0.0821234096561646
0.11297925044820616
0.12710206605180052
0.12184653622399366
0.1619091990686203
0.14008446006055342
0.15495914779007713
0.2135425397338126
0.1904368325233439
0.1866777723181862
0.1663411312417289
0.21212607328859048
0.22957209004164766
0.19212083545988728
0.18740580447995503
0.1758169324032851
0.144486859887572
0.10461671285771405
0.1148617412502291
0.12030438975260913
0.0661301209186501
0.039612568949842164
0.003396199426643506
-0.024823883023790225
-0.03518047105302472
-0.05901647531064281
-0.09568384662309758
-0.07939323041313825
-0.09219550922561742
-0.1442566357063539
-0.13985337792579922
-0.17593293773572227
-0.22803057688933268
-0.19756098257960114
-0.19395438783066282
-0.18949494627322902
-0.20272248382538244
-0.21899457379729514
-0.1914066463228189
-0.21964381126367039
-0.16825613304618775
-0.14658683375020937
-0.1358868009798816
-0.13660124750827135
-0.1149914963129062
-0.06411874393273564
-0.036231826253593225
-0.0009148665429902503
0.025051794726482314
0.0380102722573312
0.059885294567886625
0.07081398623004131
0.10159317191702759
0.13617745190460742
0.15528991910386528
0.17160482675912742
0.1939554715793755
0.17871888459871385
0.2519096624137672
0.20567686018498796
0.1865697084520624
0.2070927998297177
0.1911953611217078
0.21156168682805535
0.20027009376866256
0.18746835315128574
0.18189430694247805
0.11974373173650492
0.11690835361550093
0.023895742906589926
0.06884035153125798
0.06748078013455175
0.013290382434492558
0.00869967028754684
-0.00259469782332037
-0.07859322892121258
-0.09712158416427087
-0.09880857853420875
-0.11967229180394451
-0.1542818147623491
-0.16126359458538783
-0.1770430101832236
-0.20099530715982827
-0.20677416461555223
-0.21789664247327667
-0.20806097241423685
-0.1811438300065935
-0.17736997916596373
-0.1910949178997804
-0.19257470160671045
-0.1821491564937891
-0.17213205170848167
-0.1479825494172089
-0.11668774280189978
-0.11226830623389673
-0.03966196356531713
-0.0571578403526667
-0.03764016601242039
-0.02177417660049415
0.011813678471793924
0.06626315170579097
0.07283494043072676
0.11395495929761747
0.11366727994494741
0.12029515923999622
0.1792059229969766
0.17455180483793373
0.15730581491652795
0.20051780365530567
0.1941558570849212
0.23163273887126773
0.18710879192114052
0.18962194429378965
0.14157979760841377
0.22125638138300227
0.13718871932479948
0.13504462911726683
0.1532572317977886
0.14228936615954274
0.10677070071784749
0.06084543242736032
0.015948198053624064
0.022193683245365886
-0.014847313334098815
0.006306697158206469
-0.08157597970613062
-0.08347201479763323
-0.12265512473752493
-0.13829597205430844
-0.16310048269274888
-0.17280354820215055
-0.1680098383178129
-0.19034809485463683
-0.17653158924405007
-0.2113248339620121
-0.19647345029049612
-0.19355965806886688
-0.23671844545181625
-0.1729363757804686
-0.14087884998396485
-0.16238512422510307
-0.17200403689313748
-0.1459158044065849
-0.07885757086343081
-0.13488250499020385
-0.09252570949104225
-0.06833904501266042
-0.05039591682140873
-0.012050080732273625
0.022334900161608974
0.06075760029286318
0.07565454971070174
0.07218556005325556
0.12015267213510163
0.12431525381096467
0.16761858741757082
0.21818721810802794
0.19593150071732013
0.18383158824856227
0.20057013610890825
0.1907284683560952
0.2226008789744993
0.19803832411250835
0.1959586719907099
0.15748670678223273
0.14616128056573513
0.14360871393499008
0.13529292501133966
0.11991496032974347
0.1041876175356597
0.05701735203162572
0.024204074833268717
0.010355144899624335
-0.04648168104655338
-0.03096581900551705
-0.06587497124947127
-0.08013684441330807
-0.09206739256712115
-0.12990001286117003
-0.18294490913607928
-0.14213000009889235
-0.1645570796837527
-0.17657019685218991
-0.19338495183963778
-0.25306685844859944
-0.18497403912660812
-0.2236507441388907
-0.1984462772837573
-0.21201480267789827
-0.17705814938820927
-0.14216084566251497
-0.18445072608804125
-0.12405882740341158
-0.08524274399744947
-0.07930532175410848
-0.0863863105251644
-0.09285665079409611
-0.021426794539297606
0.00044861060850721586
-0.007547232061806859
0.046832289918307644
0.06322806418495867
0.08675923204804133
0.15105113661640135
0.12607306066129773
0.16809428749343525
0.20303335282528837
0.20596637443644514
0.19786052116634983
0.22661354078914625
0.20082064477854328
0.16722315802485196
0.17376099205510837
0.21335558637344776
0.205251931927649
0.14997837472339978
0.18718120883276168
0.13228480021654238
0.10607467059608662
0.08438117252839912
0.05448633715588276
0.043657466452576656
-0.009183756072095414
0.012220853359105104
-0.03910523221011236
-0.04302927279091881
-0.12612690388406653
-0.10720178661061218
-0.14266799385191123
-0.11385433948025807
