-0.0023259302041547594
0.08412481773345767
0.10178661194086938
0.1145557126968128
0.1944370227618621
0.26641587712568016
0.2578596654674944
0.3088693350021561
0.3662415946361776
0.38614506008716326
0.41772263716086744
0.4131679246773572
0.43062916146070274
0.4055034579378743
0.4339992132354403
0.46761591359710747
0.40813762355465927
0.3787160248145962
0.32738558429850384
0.31065239703821035
0.2955463910412072
0.21828739539123554
0.16612995514676632
0.10265905839955977
0.05349943251321355
0.022614435948821926
-0.039229824332206745
-0.11454523386203196
-0.15488502603666218
-0.18203823165337887
-0.2618003102975503
-0.2822628287318425
-0.2975955657700865
-0.3506819571307634
-0.3613664827468684
-0.43647669308813025
-0.4379572434867392
-0.44733083160584397
-0.4276868524766933
-0.39236926345875195
-0.42020335709895124
-0.4262473829247966
-0.35221814142845026
-0.3575277804974292
-0.3161844595489808
-0.28339509309136196
-0.21200024992987218
-0.1875624100038372
-0.1311782263385296
-0.049248056483049266
0.004779464618652047
0.06251658603542726
0.10109755226406772
0.14166607645970122
0.21186410456659605
0.2752942060183306
0.2765481785009267
0.3306358249748288
0.34657851853961996
0.3823719576794578
0.4313500805349092
0.4131396425842173
0.45554316405947864
0.43082761109393214
0.4439069069161912
0.39353869092762495
0.40810813124862083
0.3784498857021398
0.32400325777151107
0.33132836478414485
0.24908009702702819
0.254277738610841
0.175135329890463
0.12521536849744092
0.06068574742471769
0.029285958222426425
-0.011312445950588123
-0.05325436013493709
-0.12256455740871776
-0.18169338436748597
-0.23774181286831392
-0.2859273927937442
-0.3148914905400982
-0.34306994452885625
-0.4255822910501701
-0.39076681089940135
-0.4172828698157757
-0.4052754121983244
-0.42207320311730095
-0.45055039155605964
-0.39769039880537266
-0.40295987270042277
-0.43813688087185654
-0.3568752502789683
-0.3259870637530524
-0.2380263241467008
-0.2374680629493062
-0.1673216061872704
-0.1313103783022036
-0.12103731326751087
-0.0016886695660415715
0.023103815848790205
0.09750834022676642
0.13893349907392247
0.18047211056920565
0.1908533911304654
0.28572066951020725
0.3530281827649293
0.353881877803611
0.39484020303376616
0.40911750447039263
0.41257038118544337
0.4320613812183653
0.4188962496067783
0.4550880882018246
0.4233312454094883
0.4095890518301359
0.3870098258313194
0.3508551601613714
0.2872700566227565
0.2632821175471608
0.2716320467151092
0.2115677867507661
0.13722995722410303
0.1035828857125469
0.007471048094658407
-0.03744789064355723
-0.061582792256097585
-0.15207315355251147
-0.22461885701762363
-0.24152235943186412
-0.29830916661499285
-0.31590784627522595
-0.33887672360095655
-0.35696218840616845
-0.419644689273008
-0.40834871696705316
-0.3804829807512401
-0.4634569787294077
-0.44090716464471974
-0.44537467559719385
-0.3959120366031671
-0.37704820755492263
-0.3634534063444056
-0.33557011109488516
-0.2700929167926051
-0.22431669024386947
-0.17806627426381272
-0.12442834364584565
-0.0780916719959121
-0.04257880762908017
0.046818739403936306
0.07009165309900589
0.12633598971188484
0.18260025689695053
0.2255256105285414
0.3016479597312146
0.31344311084965115
0.34893973939719314
0.3646358790312363
0.4101300695838727
0.3833200584173189
0.426515765807003
0.4466555822959048
0.4133676074498975
0.4329799479864418
0.4355657500272116
0.3690644532710786
0.353681889954753
0.30694220796929433
0.3008743731458118
0.22688965718047194
0.1624451799365992
0.13120978016928964
0.09535805113901011
0.02026183712883841
-0.016670654210823897
-0.09520587152138664
-0.14054078916915694
-0.19680612210649154
-0.27138075481208757
-0.26701679005514234
-0.2975155437412826
-0.3077836703702873
-0.38634730805689327
-0.38273462389437685
-0.42599152939475166
-0.4151437217656641
-0.44958284540094373
-0.4752217965173119
-0.4139489871962865
-0.4241109828629319
-0.3320952627118877
-0.3696114554011143
-0.32800893993324554
-0.3019037195607431
-0.2548673896756002
-0.15259678596659018
-0.10412912337155397
-0.08250972439218418
-0.05909453724774745
0.011843745015956916
0.11010453264822945
0.16261964583914792
0.19868152095602912
0.23502762624476434
0.28392028425314586
0.29675785748631905
0.3463355957947488
0.41298308782584153
0.38913716171964763
0.42229486001476196
0.41526036044297643
0.4304344136612783
0.46738310261180793
0.41675751558369456
0.3973784050288195
0.40397876010018674
0.3924750307753243
0.2763375667415784
0.2843294452053972
0.27492011699201213
0.1744512773581844
0.11465958186798085
0.09951325805630251
0.04982129878345342
0.013890104039565344
-0.07539235524345028
-0.13176480264003126
-0.14386218839516082
-0.22907339525792558
-0.28167469329351735
-0.31265372434687694
-0.35089784582889855
-0.3513274502647813
-0.3622385317884621
-0.410136653821832
-0.45354570094053437
-0.4480509128774912
-0.4600824464660737
-0.43103130949522006
-0.38650515473715363
-0.37421508589239105
-0.3492154434011615
-0.3613954327572477
-0.30352059972307466
-0.21721910239921557
-0.21463996453840825
-0.14613137769379644
-0.09633081196235958
-0.031330048544356365
0.041621168117087784
0.07773613372159974
0.14172228249626323
0.17784526965230185
0.2575328241717316
