-0.8553004874694627
-0.9729770817349598
-0.9457179305902074
-0.885556091072938
-0.8152075686771657
-0.7327606552984324
-0.6533603147258455
-0.6041518733162656
-0.5234355706049207
-0.4530403512699361
-0.3836180409753018
-0.24919816824920543
-0.19083580398172437
-0.11938253760208392
-0.04591418344012687
0.011082292508483853
0.1309460089300186
0.1799612913443457
0.28410377840996204
0.3639638739349766
0.44236418323285415
0.5006004523526371
0.6082464994155121
0.6803314535382023
0.7404966939309636
0.8121844833227982
0.9308227399136964
0.993855066055938
0.9215323336900771
0.8103332366896977
0.7659960605313078
0.682755485021802
0.5952028538883516
0.5099891779922947
0.40628914178011444
0.3294887793591357
0.29233283551069866
0.2185114240118412
0.08787780183798313
0.05004790154384226
-0.022163849077625444
-0.12996878142979737
-0.19765886520141202
-0.2569826927061779
-0.3614609751186178
-0.45290088850550436
-0.5124148278834987
-0.5951116806120235
-0.6650298953247278
-0.7245166775576433
-0.8685607326253115
-0.9203614829862707
-0.988120374411014
-0.947531930630181
-0.8291441048527712
-0.7635615138521422
-0.6518487583310305
-0.6057827089129506
-0.49532652161321056
-0.42159987510277636
-0.37677479423160765
-0.2684613713143323
-0.1699540146160373
-0.13703563501802438
-0.06733843012181744
0.027717224114347853
0.10997853306704301
0.20867508012247157
0.313403251008586
0.32586369071212595
0.41867307637080425
0.5285402775083902
0.5986045234840618
0.6726245743331689
0.7265146010132836
0.853454083338888
0.9274639557226994
0.9879214715015842
0.9247365226330452
0.8395977815339027
0.7576420229073966
0.6750897623909601
0.590860611760641
0.5234125256133221
0.44341055646700045
0.3604853651264426
0.29620543453868836
0.19477940024437046
0.1093279908342441
0.043161067470697145
-0.0363319091368073
-0.10886730925952062
-0.21854531851916742
-0.27253070128384377
-0.30014597434582285
-0.4134026136495832
-0.5437957697538424
-0.5870098963757983
-0.6138427811970126
-0.7507547962992468
-0.8056285443536156
-0.9229800368148392
-0.9552374815941425
-0.9023633462597118
-0.8321111561289986
-0.7578477069046734
-0.6895486039886114
-0.6052228251710814
-0.5434733502866919
-0.4758687093561298
-0.3887424658444156
-0.3225624278976608
-0.18727026246730882
-0.15322203514375887
-0.02382721011011801
0.04190313599215398
0.09369001574953088
0.16455633701560274
0.29440644119148734
0.3564251606117638
0.3775991448698335
0.4841296609991612
0.5703328146814253
0.6306421515898633
0.7520502496252928
0.8157758667019334
0.9233129234582741
0.9687213781469209
0.9489606742901271
0.8534762628630091
0.800624165210758
0.6614026335655301
0.6301195859523369
0.5330104377951611
0.4626950723403689
0.3665819883774536
0.30492224983849925
0.20170438099580315
0.1593979298035359
0.061326907489878624
-0.04919891240801822
-0.05072295829563769
-0.18007917611514143
-0.2623613343190577
-0.2996427716397794
-0.39002038874536954
-0.478018145141406
-0.5827911267891481
-0.6730176426866714
-0.7594402404411859
-0.8196010488409025
-0.8856694932637892
-0.9948926562160739
-0.9259775280153149
-0.8641083501867488
-0.7584020781506063
-0.6866308663629661
-0.6129469517536515
-0.5367017088653737
-0.476296879755051
-0.4223645257617688
-0.2792508930511183
-0.21329326265532475
-0.159943063994944
-0.04376857071894691
-0.01233432570238236
0.13582088977695217
0.17672600470830985
0.21299797667806103
0.32961175276222443
0.401324277066785
0.47770046561133356
0.5653821599630514
0.6249636474412548
0.7412019869222731
0.8054646677158595
0.9116784242795217
0.9710902162790399
0.9469167231572435
0.8747083668403326
0.7806592245397054
0.7216838927683644
0.6262628736297997
0.5276510907585732
0.43719212460523077
0.3884359370269588
0.3160199721069341
0.24567461913397157
0.18553307793453536
0.09074460024613465
-0.055136218002342946
-0.07138012102340652
-0.14382832151106967
-0.23627362535947075
-0.34767084297900736
-0.44400061958681125
-0.4990580928609967
-0.5632605506314546
-0.6473096132216202
-0.7434399566709038
-0.8129424477867395
-0.8592222548405816
-0.9246348879422528
-0.9740164199461101
-0.8731874615524053
-0.7939618548501203
-0.6926665143076399
-0.6242718440708576
-0.5323535291366788
-0.48725064693625203
-0.3768196674729224
-0.3607251081742067
-0.21929965035892068
-0.16296339852154074
-0.05154657489452633
0.0004148190426756524
0.08784430489036282
0.16379294161371727
0.21002984474568712
0.29447873862388063
0.4214595212964723
0.44856218714334417
0.5359948358195487
0.6233808902840243
0.725434798464013
0.7872959416904711
0.855694221719819
0.9646610190355978
0.9759641450682901
0.8660418503061581
0.7825551505004724
0.730816798475544
0.626430097610018
0.594378982614396
0.5058898721734664
0.37120715537203297
0.30218239919751444
0.2845710028979115
0.17337763696222874
0.06792811830502711
-0.0003927729646694316
-0.0649249289751275
-0.1767700414887544
-0.2778440484030641
-0.32257431575326684
-0.3987161803964823
-0.46950858321215927
-0.5372878640105715
-0.6453309376155768
-0.7414718595453009
-0.7566457128638179
-0.8290482975645522
-0.964813128799339
-0.939661921706672
-0.8762930068071376
-0.7842154635594463
