0.8276119588247277
0.496659620450883
0.3274249982342974
0.3347030958333079
0.2588741746851759
0.20261238989738206
0.7899397949962482
0.1519258744390793
0.09081365004886696
0.4808842197951799
0.8827984359616199
0.030872080367244842
0.8734843767944918
0.7715937124381534
0.8440782198879755
0.3352503257423702
0.7834095035997928
0.25822652418874087
0.6501889909208521
0.40852391923957293
0.44844193427763446
0.13249570408357259
0.2176770587863496
0.26816041296892185
-0.013028900742971467
0.05804511293230457
0.06800157295309073
0.22638474197095873
0.23346166377553354
0.5303371026131368
0.752842855924551
0.5447502468391849
0.42367922556389725
0.7500678476165042
0.7594720086626379
0.7938344109363763
0.4009443479496819
0.7895462834042768
0.3160143184910148
0.08499629403450433
0.8709062880661731
0.669880773831949
0.6913300394052545
0.5217939247759654
0.0610743603403485
0.6320986471514652
0.2067629867292413
0.14263028565382135
0.8117705676506911
0.6360522941365403
0.4322281017327086
0.7643029514250577
0.7384909705297819
0.14260105680528176
0.2589441168854616
0.16552839483117698
0.131641260305351
0.3147894039079565
0.150448194089421
0.1681793326363652
0.5963562515468087
0.22221254253498263
0.1617032226259434
0.17591969907251784
0.6074917887288249
0.6906135461192796
0.7752395008181711
0.7711722772869604
0.6496218484977373
0.5229326207757942
0.3594419497336279
-0.015997132885091324
0.11958068050480902
0.33637326704358134
0.14958249545786745
0.6950288822635079
0.8128966105108798
0.5437177643644843
0.12274958496404612
-0.017067380723777736
0.7686906035677827
0.7596328536345179
0.5499009067288784
0.4343832926984538
0.35693059037781905
0.21293794706615451
0.7739777263750429
0.3425887010910515
0.12177847267298732
0.6980372007758022
0.07648738959100795
0.02634361297398134
0.6210453414403936
0.735048710391966
0.3466109062188733
0.24322612079128253
0.09073326768515738
0.5586954373386425
0.6778760570786356
0.19238842452593072
0.7412186836591436
0.2509725918514602
0.0005062460891643349
0.6693407660383868
0.10615590355784948
0.4911117358014819
0.37853805633680376
0.6329082971050779
0.8541528522703897
0.3607409842616677
0.21948259346089502
0.7717399617895768
0.32477081761452686
0.0065043608452962295
0.38129540303779214
0.16126313285824673
0.42695562754649485
0.09373766656980796
0.7638190823106787
0.17411400992239645
0.7484249675536259
0.06630757216384894
0.33277402661762473
0.2623140711751788
0.7488881420686928
0.15804268815719924
0.24747621611021534
0.5441756374681885
0.831577404746162
0.6884939071233322
0.6739013182935258
0.5438064803663497
0.3493400475198747
0.7937925373886675
0.5357964268783955
0.12162416002434455
0.10165922459447752
0.16413787709566482
0.28535662175261156
0.5953372591910325
0.8232528032196614
0.858396361198256
0.6347217547136652
0.2984230387936889
0.464991583825653
0.6467555190250908
0.4979146963164832
0.2910330273379095
0.5850176628839255
0.36943206127263006
0.7049558167939798
0.7640913638048533
0.16294832355581026
0.28894644093520766
0.1707007197115439
0.4332482881564973
0.7078050157878282
0.32124218704407353
0.04459665055478815
0.5656645463955705
0.7320582026916517
0.5850282970871121
0.0515580594860051
0.06388428689386211
0.29310700939838585
0.04468545416350225
0.029796950509426174
0.6583933408105743
0.6113919958234826
0.7123244441251236
0.373819906188371
0.07928759419671627
0.8008168717349894
0.3396643856578354
0.4487628453226113
0.3818874575075482
0.38022014040257257
0.29850676136730503
0.5874557322552934
0.5350610462756012
0.31087417336980255
0.6838306053231293
0.5245080806307547
0.15857005890146497
0.40129507067341436
0.7930953047300411
0.6037846381026049
0.6012324032519094
0.2653363972714625
0.7020698781582418
0.5071391862852771
0.1593546505083829
0.7008988145373762
0.3465476584694978
0.007880603213076025
0.35775048816187427
0.30959100592106376
0.08281288516751834
0.33820489535696086
0.4879383626176047
0.20828786525448728
0.039579229552276135
0.17384662165684286
0.4398359454267948
0.6122444176807802
0.26982235317600606
0.07645990926133822
0.6188743917570683
0.20663039654881232
0.8250200374330343
0.11436510337191877
0.09653476679526185
0.3931684289955476
0.32624020952985194
0.6983299907778422
0.8275754330555884
0.6291197876417746
0.7395347925028405
0.62155537687828
0.474368162889946
0.8429816326675651
0.7369891378778685
0.010575782463033652
0.5467465835529144
0.2728230423519117
0.7985430418442749
0.5050944648154734
0.0908056511555936
0.45966486997061123
0.34937629507912965
0.11652938726375801
0.14653453367020622
0.4032850144256381
-0.00016968658080001187
0.24347274577278286
0.6485836031640069
0.1305470083651651
0.21533255627755069
0.26839480454719133
0.17772629265774054
0.7680658852267732
-0.005159889996756621
0.6480761417349958
0.6883355731143126
0.638398452226969
0.2237099196526789
0.2812151107054047
0.7732335121745066
0.015554497704135577
0.8587116790079283
0.13075319849035608
0.4059733027709229
0.5655946057111375
0.26263509341765884
0.5037536274678613
0.6193711553673669
