0.6147085353548448
0.6569918119575453
0.694234307487641
0.6519617079798578
0.6650672654048847
0.6596349066650152
0.659199475542545
0.668692519363174
0.5794370535520423
0.5999660086786439
0.5965548666669719
0.5221520038584188
0.5158914199049118
0.43141635570504844
0.41494393272360686
0.3332660347587273
0.265557547010338
0.2437015666924165
0.16495178097878596
0.09254871100839523
0.05753761944188125
-0.016451758461096318
-0.057073434434572745
-0.17352579132340962
-0.21896767243416507
-0.26435399157048844
-0.321954605827046
-0.37408968933436026
-0.4292504452818103
-0.4385801774621034
-0.514587418260116
-0.581401021052231
-0.601924933706335
-0.6267329721944906
-0.6524726786080672
-0.618964299959249
-0.6668024064017327
-0.7080359611481098
-0.6785914023226433
-0.6926095200780324
-0.6614086885525065
-0.626017304377967
-0.6388761911996388
-0.5709149297017854
-0.5452565678782421
-0.5194683149940598
-0.46491277165622347
-0.394880589217413
-0.39075928720149217
-0.30444758882824197
-0.27688927465602164
-0.22648812374576355
-0.12936038381825388
-0.06942451171498074
0.010485467039989798
0.059583747417984674
0.09987805235666025
0.19143437450202405
0.24718515159782378
0.2701046106249371
0.37822959429159203
0.40868111581010963
0.4989169407416865
0.5240370473471389
0.5532796304135349
0.6197377774656365
0.67095955304286
0.6645915072426992
0.6716820266868979
0.6576762191908198
0.6712038413335129
0.7191439410050625
0.6912456864784484
0.7067911833473837
0.6745179474596619
0.628366552567418
0.6093586479190475
0.6063848402914735
0.5266357132642783
0.49783054765127305
0.46208976504329713
0.35912556635379295
0.3226315999623614
0.2798771429926371
0.22343666637191223
0.1351209717415744
0.11178840574607055
0.05120660260606353
-0.05346830261778511
-0.11131979877225673
-0.13115933412067862
-0.22492612666213668
-0.25639456994469423
-0.313902598338762
-0.40110366063895675
-0.44105360463142407
-0.4563837147744371
-0.529086619054049
-0.5780738192599465
-0.6037742687791652
-0.5996470855088293
-0.6569234889574691
-0.6921683393599882
-0.669936281621725
-0.6962796467149175
-0.6913602054336021
-0.6830165970841046
-0.6651352742088287
-0.6254780253155267
-0.5850561785614438
-0.5897414478691747
-0.537280234158344
-0.5533363893817288
-0.4669296003949303
-0.4085268970490203
-0.3772510086466719
-0.29445535656093796
-0.19902817061557768
-0.1922509016668644
-0.13363730954084369
-0.06049254825004231
0.025693970393242744
0.07884515461625427
0.1422798625873745
0.1831440446041237
0.2179269681883551
0.3115273435445788
0.37208263588628204
0.40773541751116543
0.437738478344387
0.48486019263031305
0.5440857803819217
0.5509797316338598
0.5885108988158123
0.6380767248813264
0.6721550212538189
0.6719917838524484
0.6700361775637055
0.7005431077568338
0.6650610726178954
0.6379421845734976
0.6421216072884971
0.6265838670554763
0.5808097337255937
0.5659570285215675
0.5466004922218473
0.49440684130895096
0.46641608342878804
0.4119250568854384
0.31336047852096277
0.29189551144249865
0.26523908670958146
0.16035849803367733
0.1036234432970338
0.0413462236025711
-0.03768521281953907
-0.0849625225032554
-0.140349214300252
-0.1825461272432394
-0.286341842776249
-0.32536475690490196
-0.40127411282209335
-0.4821429871342073
-0.4911116339782753
-0.5530121411940713
-0.5885318129145867
-0.6296589276824395
-0.6150805964375916
-0.6546824604276074
-0.7022645389743813
-0.6862743112405281
-0.6841229722420841
-0.6829251690284437
-0.6661604369415689
-0.6545117915293033
-0.6139903523459236
-0.592656603184875
-0.6046480303805881
-0.5233220938260202
-0.4897661443273153
-0.4827111988304834
-0.4162308647303844
-0.3320838672537477
-0.28138273603376524
-0.24716444219278905
-0.18250248516850817
-0.1219229091134658
-0.06038046171753392
0.014824565866751939
0.09423115612139574
0.11572950176034669
0.19422078300319803
0.26403678680489334
0.3293367879063811
0.3994588566898902
0.4197059506285791
0.46771266387890675
0.4875246967908123
0.5822766040078532
0.607085864822896
0.6288908845678028
0.6488711574184001
0.6621472474835091
0.672352450679346
0.6517122148221256
0.6993505224337164
0.6779811779978148
0.675861896408807
0.6464402497959141
0.6207352992581484
0.6110451786046572
0.583996513316262
0.5169226867434024
0.4663287884197955
0.44884555784167923
0.38018460951422306
0.3341949549091018
0.24981578211655775
0.2068493540167542
0.14546653814935892
0.10207441704910139
0.007046852325101417
-0.07016923237920555
-0.13329073324167154
-0.1723149130510934
-0.2524959626424854
-0.3011228627921631
-0.3283463560727776
-0.40824471150905745
-0.47725174601329046
-0.4711039291864086
-0.5055005462257401
-0.5911403916491564
-0.6365436687944838
-0.637372592582242
-0.6540735321808451
-0.6743404318507124
-0.6589277864110945
-0.6939653311975841
-0.670072101771369
-0.6592786002402123
-0.6606121120949751
-0.6808745887801988
-0.6285939216552432
-0.573022545232902
-0.5392334876601804
-0.5034602311919313
-0.4635165007600018
-0.3958530258757152
-0.3395887301971931
-0.30942552897851455
-0.28122054611231057
-0.1737258694853325
-0.08895890535386637
-0.05621353471362254
0.0093359375747193
