0.3837773472417726
0.11894648057141007
0.10368411959255265
0.31494590452095894
0.011896366125736704
0.42004250163209605
0.12384686396715705
0.11374334281230157
0.36935520792881055
0.3065527319470679
0.041837996451489785
0.403063951817955
0.3982132481821996
0.26674540575872624
0.3196199858142899
0.35050264242160345
0.07325080521136602
0.0674616791291128
0.34697369040537307
0.15125214866882636
0.22854178450260607
0.35634147456819215
0.3100390827897766
0.40095746773428925
0.3372851754288616
0.1701913728901199
0.06128980050457245
0.04088650658731473
0.13383981566825376
0.2049064470638096
0.3889050792585767
0.3399037762374623
0.29045488496164384
0.21227717624983902
0.10741773442148446
0.14650630040696838
0.2646318083317172
0.22619876365107214
0.16857199689413124
0.4051805585461359
0.15773697615307042
0.30969552045948007
0.41905311846592463
0.24111365569981635
0.07319862247936618
0.3743527205967137
0.35389805695234283
0.21141818504263052
0.4405901345807874
0.2773610890902403
0.04533812852447329
0.3369053782813842
0.08025800909135847
0.34425523430595956
0.40476853231436477
0.33572806162109325
0.3569244837060959
0.30535941716942294
0.06826084549054048
0.3683375595817911
0.15255744932142645
-0.0032990470006548298
0.24518154980059595
0.09604186390632492
0.38797158631838113
0.0965942765274142
0.36820340514626815
0.18362240231710608
0.3217015583473564
0.034137027968542136
0.11416788572485924
0.045499326580788604
0.36119228419141036
0.4147729757540929
0.2881189605092306
0.2221399421542881
0.32242090737558293
0.4290864577021284
0.4504251342737059
0.32518782164953025
0.2847399504751758
0.04357426909657242
0.16425982339048684
0.38331926521210336
0.1145215702978325
0.1433253480490111
0.02838275532241315
0.23085750958909815
0.32470657371168715
0.1987856352714901
0.4205683416434617
0.3957853587815252
0.39099651646883626
0.02376787429159233
0.29749580959168526
0.25437576477356
0.18617364315848356
0.04768659036744111
0.17591380843000365
0.01141790389335136
0.04550635334052617
0.23335498251479436
0.1338901553389847
0.21927415281636992
0.0770547496251654
0.3107062418127954
0.4540761070335823
0.16309649676983667
0.18887073337837854
0.04082607254252257
0.41775686533544937
0.11751935699633424
0.2499902659784394
0.17653726329843333
0.05474765551588809
0.256215678424329
0.3309712725934618
0.3139372041735987
0.3906974817968877
0.08208875432403243
0.4297950915799364
0.1978321076958178
0.35115748800827495
0.3383387395346221
0.38436545897798846
0.04494677454946395
0.07079297472129523
0.08533993887828516
0.2518412985249809
0.04929142411074315
0.35849013397970747
0.4321432117020232
0.3026647289530014
0.05794228825530053
0.39528479071469697
0.1170496183506035
0.38710400297823805
0.19932689904165138
0.11587292232978733
0.027259324239426893
0.2611760696213632
0.08259353230247578
0.2311200271359581
0.305150900637552
0.3492134609641135
0.3775300830476516
0.11461965484440748
0.10589437845769452
0.33854762115991
0.06031521626158495
0.11849100455906085
0.325874498046622
0.18392725006178287
0.4041135840927123
0.19068745453880487
0.06236324515634396
0.39110441589079564
0.18386653047728582
0.11452131468898885
0.3398705039967991
0.007345093215321707
0.13140838160437626
0.2500135889253031
0.05281853080826116
0.12023236518037896
0.05915618412539878
0.20490050854815595
0.3967635096271495
0.3148505991139587
0.04520122019862772
0.38466416443791057
0.27345119046999206
0.45875623491047535
0.4059971891451046
0.16060554100199514
0.384800301221029
0.24369575470950117
0.31657310802761746
0.008891023597578086
0.27799819618880084
0.4351752062292658
0.24198886814513076
0.28629485870534743
0.3634786351761911
0.3052567875463198
0.07821873923202316
0.13499345253920142
-0.0012068386373099236
0.19541145369985644
0.27600302155382006
-0.012484096093501677
0.21798612920097504
0.22903148272341398
0.2449156341063727
0.08430537799995473
0.17925427041667527
0.3969083071912251
0.009262482635457862
0.4311544949369227
0.34000027745869127
0.35968656064741683
0.3869134858137732
0.3437965913292506
0.1363713791836368
0.21806957244079933
0.1897773921201846
0.3145264419186942
0.13612678636913933
0.05598715476256136
0.39706953488796504
0.33155334895644095
0.1592959474483098
0.32642033297609074
0.027385207980939533
0.3419423949134073
0.25232668606045894
0.3267348403623493
0.2396660607522441
0.44235701593927035
0.0014844197942260363
0.054747889271649156
0.3248883238850702
0.06414351007475452
0.2745002243073434
0.3170990205289796
0.15851810194597282
0.020573349605526026
0.21756947282426684
0.15479800533335844
0.24584362197795684
0.14360920550211684
0.36187963817422314
0.15601674614123284
0.2735785611617997
0.18480738072399783
0.35325638051273656
0.11646877343180234
0.0008831810772545082
0.27049124539759944
0.24009223731940785
0.40184416613698143
0.10946396878213493
0.28051965448052263
0.104543910849941
0.34824062860478494
0.282533563496329
0.4257402716770497
0.3071226881329707
0.1903802207885476
0.3734430474696947
0.44416822535708705
0.15958253699630337
0.11777530246483003
0.2506239516520173
0.33940924507533476
0.12621001429969989
