0.1959804319624378
0.20883140303244618
0.18969659123197574
0.21930763373485979
0.22322122605791636
0.15493945646810137
0.11854915333634279
0.08518996947248524
0.03353679446424533
-0.03566372239747514
-0.08146978639600239
-0.106804413775439
-0.15892559793384237
-0.22169545471108892
-0.18739098197309137
-0.2421170352300401
-0.23388453970291426
-0.16786522524040084
-0.13824307310206993
-0.11265775690284799
-0.0451655410359108
0.004057682924404948
0.06408105029336966
0.10867632007734028
0.12132496524866081
0.18799479620556123
0.20488896263580733
0.230243368551084
0.2112102437251537
0.1793445651652506
0.16465729098888598
0.1180314099984806
0.10201732763414995
0.045452758170176806
-0.0009737298314740558
-0.06335541083874968
-0.12077235726340281
-0.16607418702866894
-0.21567253856537055
-0.22514164677331105
-0.1875151738339158
-0.21455578643516415
-0.18511128021056572
-0.182582476987093
-0.10675658435873724
-0.05436787965734597
-0.012891390688563901
0.040167198258988374
0.10086444050446064
0.10518779656750311
0.18179697494991953
0.1872894533893517
0.19782183789037203
0.21433701693924923
0.21029990046412966
0.16837854682391346
0.12238414708404102
0.08385606610304812
0.021178541110499285
-0.0472052405186099
-0.0625350231153529
-0.12955094297323227
-0.13351280162011017
-0.17279393867233708
-0.22295949363301637
-0.22081563440998853
-0.18298554673300219
-0.18017505809798842
-0.1607479505056289
-0.13893253575733197
-0.03805664164044423
-0.037437467868391555
0.04891620632149613
0.07897879749169476
0.10991323062762383
0.18318335567611854
0.17091911311231578
0.18187727381944244
0.2215597801755274
0.19236317094598585
0.13567951258914013
0.11752315393669972
0.06098145821131781
0.015640156179902814
-0.00691694128634842
-0.0856257833778055
-0.1576969636699129
-0.15609640839058245
-0.14618298583741662
-0.17073219409599158
-0.14680081322733957
-0.2309059914367325
-0.1931071621760113
-0.16634876217999583
-0.16054207337437876
-0.07019533502998125
-0.019757708868062142
0.0343112586951944
0.11130153997353813
0.1546469352672714
0.197938768923169
0.19328949089423023
0.19035505514311543
0.22046230681371565
0.18045322482701556
0.17039979406081288
0.1283589938047427
0.10123973145536483
-0.0072731491809705714
-0.041376811671474376
-0.06679214973236539
-0.13592649749371238
-0.1685179420100231
-0.18947136523358415
-0.24921961533335207
-0.20218284520409474
-0.23042081752854668
-0.1847320814795118
-0.15032356097161645
-0.11773111781468397
-0.050869846913201545
0.001987376869294599
0.03486721227723973
0.08310133696406558
0.1746093650726545
0.18238505415306747
0.1984239989437665
0.253778021589681
0.1955334469026647
0.1871629441850428
0.15391116524583084
0.11193987923854018
0.08210292407813835
0.01821573896149242
-0.04009658028876864
-0.060553764623506354
-0.09665372815028078
-0.14895626865242798
-0.20145146725353066
-0.20898810533998297
-0.22828768948727718
-0.16976003376713839
-0.18390349628744684
-0.15982747186003715
-0.1348629753609821
-0.07141534918673402
-0.008198105262834376
0.007887490887690817
0.09755022789618649
0.12519671815908956
0.189899860339249
0.19476114172373019
0.2138876206380174
0.2134443926153321
0.21172298644806303
0.18588792713374436
0.1538074753109107
0.09636282818872811
0.015835547024219368
-0.05895386137429114
-0.06987021713310146
-0.13469169930432676
-0.12923476321214014
-0.18767722853070387
-0.1898590397891647
-0.18705820020179953
-0.22006611574806562
-0.17396078850361157
-0.1487728959144825
-0.1057620884395787
-0.07227024175849579
-0.02028028962554494
0.03611289533140308
0.08625175629950263
0.10853203865747116
0.15159160705804264
0.16988442818048594
0.2338060866901008
0.1746638690070113
0.20841939402616633
0.20671535045059844
0.1355133250290731
0.04579371778008905
0.038629473859581424
0.014502272263855129
-0.05821985549597526
-0.11912064413913018
-0.16397047093842063
-0.15161660295124355
-0.2196001477041859
-0.19982432808191497
-0.2097582348784055
-0.2057831781476448
-0.12908218478145364
-0.14658353311728223
-0.04994348306055337
-0.024765994918849753
0.018572861029970633
0.08358356358583728
0.13522013077080963
0.14688541111687703
0.1917653679625755
0.23026406690596513
0.2175791505361609
0.22474364091234156
0.20063775270973852
0.15463548984986797
0.1143239186161683
0.04397851999803318
0.008871739842138661
-0.09055006015240855
-0.12284939747486864
-0.11478833403538974
-0.17898957194569115
-0.19921212294416576
-0.21992922339772117
-0.21812591005504736
-0.1596573464200864
-0.16425171461928118
-0.126267751393885
-0.05990079470326703
0.0007559887369442443
0.006609567673323866
0.12067071372231164
0.13156749813512253
0.2143276445725611
0.21784024602252483
0.2180969729001988
0.19337265504285558
0.20385351600754553
0.22726094729485813
0.15867821372685278
0.09794876777475138
0.02944706583730828
-0.004357915063216498
-0.041830565558362245
-0.09174796350382383
-0.13181914371104428
-0.1548915763683973
-0.14825953565357836
-0.22250923247202883
-0.2265770034282586
-0.15568206867074108
-0.17621823018231797
-0.1263332637812078
-0.09516423066766753
-0.015870255146060518
0.019717749991686927
0.09207132493534383
0.10392609453162138
0.15293211271547585
0.20027165859232965
0.21110215514051597
0.22667154782186974
0.17754742509394264
0.20203313366295766
