0.00486609700572984
-0.023581055182063757
-0.07410944592086305
-0.15658118092528917
-0.15414531506768958
-0.2464280684304232
-0.2249520108537827
-0.25530960546133136
-0.2914170784224736
-0.3686350737020586
-0.4055809770754868
-0.42471492727604415
-0.4590733695145569
-0.5185042562948161
-0.5529145626028923
-0.5482187641598407
-0.6281629817382581
-0.61956734623562
-0.6041646578134331
-0.5808827166409971
-0.49760262004931644
-0.47167325025972395
-0.44515113823890123
-0.3986359866986505
-0.40176256970127056
-0.3880503417671357
-0.2799186059764952
-0.2721286408162455
-0.19475494990830605
-0.194205913823354
-0.10841471078767612
-0.0986305458175388
-0.05046327537042671
0.007253639309632007
0.03264018835524701
0.05303546625234484
0.08397962217804808
0.14229844394811025
0.20197238200806078
0.20738123909361206
0.244769928043853
0.29416939358468236
0.35112470869429546
0.37085635978294
0.4054138708243271
0.4774646678017791
0.4879178796819894
0.5388778491964978
0.5479034914097595
0.5942424743877746
0.6451296459145648
0.6001603942597753
0.5970162972603458
0.5685106992079542
0.49651420370380867
0.5057738747813842
0.4118721929442296
0.42033179102142776
0.3517698349924512
0.33539149767579973
0.25636204893032
0.23302348215317917
0.18836295439161127
0.12319204213447722
0.1085210509373428
0.054011550662496965
0.06524464932051852
0.024367011386394247
-0.06457422361652959
-0.0744685871906976
-0.11956749331488482
-0.12773777073257991
-0.20054377249068717
-0.23141811926623715
-0.28573305100719776
-0.2880744155000494
-0.3851027539000545
-0.4013412074053275
-0.40700913306652065
-0.4692109016435485
-0.5031059354832199
-0.5497804827209517
-0.5670596753608907
-0.602823371947816
-0.653058773302463
-0.6122973270173231
-0.587674080092722
-0.5265993367196842
-0.4811532904003752
-0.44120609435136154
-0.39911436979024206
-0.3659993459095761
-0.3062718731718099
-0.2960838365681753
-0.2372525201338342
-0.20028850053942115
-0.18106760187386425
-0.12844492201007063
-0.06689068328835972
-0.05933037301603784
-0.002209420672791434
0.03522264387796554
0.08350588292631961
0.09795788967274024
0.12937642440907238
0.16779130246640195
0.2010675613754787
0.26817355426945205
0.3138436756421284
0.33289079847703323
0.3998962188790542
0.4179702901239015
0.46307266969431854
0.4669857642266625
0.5456260311412267
0.5687221136624914
0.606406720107473
0.6531407578511849
0.5874132910396269
0.5938052030029917
0.5311905946135957
0.49448181930886914
0.45733730996706684
0.4107969518476291
0.36645766192847457
0.34152550269134824
0.31057726712006445
0.21903452637256
0.240497523330063
0.1664587732422995
0.12381894926355087
0.0907134551694007
0.08579333748873089
0.04103459953605786
-0.0030003660175930364
-0.05633299910318351
-0.09732517476132367
-0.1345776135010124
-0.13407920857450326
-0.21106753348531054
-0.24035448160221998
-0.2789221479312085
-0.28893135345498944
-0.3384245080375125
-0.4254937912707048
-0.43700903724909856
-0.44881827683841646
-0.5177007574434633
-0.560170606084489
-0.6002494930093286
-0.6154294394965768
-0.6100702312045421
-0.5807649207673706
-0.5385694134948941
-0.5075713727703781
-0.47224027752852327
-0.4598860695353434
-0.39636995143075376
-0.3922824909989908
-0.2892497618628954
-0.28860541371449394
-0.2614796037992598
-0.22142389155153486
-0.1790900813723797
-0.1272834124685087
-0.047875692670771776
-0.07323225405015236
-0.0354733007740209
0.012827400673738606
0.021562670921825976
0.12474422435382024
0.17967132050362117
0.18225134057787595
0.24200970852142778
0.2554986539380847
0.31887641670659045
0.33211191251073663
0.4131020450622123
0.4207117484641171
0.4635794281823581
0.48421124658447356
0.5444192966469952
0.5433874768285095
0.6091072672204699
0.6356601662198542
0.5734981353233104
0.582935104320945
0.5503459800963781
0.4814874492725942
0.4553970695598721
0.41187614680599116
0.3617330523323852
0.3364817932878915
0.2862087716871118
0.29329850942642793
0.22402845450575515
0.21335852309200973
0.11541775767673898
0.12810554769022164
0.06384541927274577
0.008196697005115845
0.018277998243910756
-0.05478765661899658
-0.10604199801582495
-0.14593226217342792
-0.17794798141696885
-0.2320022345388057
-0.2451525859599857
-0.29974049428478866
-0.32836608221790864
-0.38921815810830984
-0.40242257553554606
-0.43666574443219525
-0.4665687656188747
-0.5051183967628913
-0.5348298992189727
-0.5813835106170537
-0.6264233775392932
-0.6600236684953898
-0.5841503379378616
-0.5328820899434467
-0.553717443449537
-0.46446893929812183
-0.4381031164561013
-0.39377599518834744
-0.3691843339809344
-0.33971838622724976
-0.2439927196558446
-0.2876571082501159
-0.20070981476126679
-0.1621419154478843
-0.12327515791593613
-0.08307200453183068
-0.02464929946842259
-0.028246731645173682
0.05205484400404636
0.03203551654587058
0.1300740487813386
0.16382545939584206
0.1901285095489621
0.2681801538172723
0.28372832864217246
0.3119032246960594
0.3659928079669339
0.360927589063448
0.4203952685693478
0.4715392303339963
0.47740991331449306
0.5354024099538073
0.5772061383591316
0.6151884247232035
0.6351293849802783
0.5931915482109658
0.5567113752390593
0.5160893607511583
0.5124040641621361
