0.6123875847276045
0.6454558746815617
0.6435812532032849
-0.6271522087259588
-0.6145522478707417
-0.5910646862728445
-0.5610830029952477
-0.5313894714745747
-0.5627999426974554
-0.5356806705270991
-0.49269012426384096
-0.4390180102060434
-0.47965685337181574
-0.44438030073571905
-0.39061788374535844
-0.4190573892411582
-0.3893939033040412
-0.3694787337230587
-0.33351271642654395
-0.33340507379363615
-0.2961751799265777
-0.310229765539006
-0.22308563618092347
-0.2341772943935291
-0.2345372809901623
-0.2027818222652707
-0.18400715258732162
-0.1829290305193145
-0.1373303528326045
-0.15328856998736803
-0.10731056342175041
-0.08730831758636261
-0.09443452218753322
-0.04767672131170583
-0.019951383939647474
-0.011523579644638854
-0.021921264491854095
0.04199925977031962
0.054814642554398676
0.04064444921748882
0.08523462918357916
0.09315131065798582
0.15250297939390406
0.1455505130357101
0.17341204640329405
0.18143477928622914
0.22364824031150318
0.20944014253009174
0.22241837980972168
0.23946250690619755
0.27168246211628144
0.27466102735282844
0.3025859302510597
0.34536603309163416
0.3863775039223045
0.3581176908106883
0.37194387633725423
0.4079796690988074
0.42220499090627905
0.4267784417757107
0.4638648057829484
0.4925542263768204
0.5217764047652925
0.518797589516026
0.5509377670498121
0.5743069952507077
0.6000715177070416
0.6443634801817507
0.6349921056536874
0.6198141069350183
-0.6638632703446586
-0.6252287849822042
-0.6182438844449625
-0.6171423493585991
-0.5447650784558424
-0.5391942086917394
-0.52884050708645
-0.5097577953865429
-0.5054221452419339
-0.45356506690087794
-0.4427404950521548
-0.42738048336131573
-0.38076533999338275
-0.3832363631762915
-0.33156543622387546
-0.3472278203210688
-0.31835147321713075
-0.30459216750638785
-0.3110146487873136
-0.2499557357117147
-0.2351501058411505
-0.25235179651963713
-0.18997204342279794
-0.15608407063345717
-0.15932291137131607
-0.21214033140276484
-0.12416506915998565
-0.08860957662359645
-0.05790140557427436
-0.06891158051078111
-0.05074573023011505
-0.05544080241412376
-0.0017299631913963096
-0.025875382543091574
0.019395480972408917
0.056046716025234436
0.06996282940892387
0.12013893834867666
0.10569642510688004
0.1643210268682896
0.16427381555028975
0.1595944459325911
0.1943507962321678
0.22336869759016412
0.2125463630649265
0.22551048136087426
0.2382637707928609
0.2670380390189449
0.33244823107578586
0.321560588324977
0.3508787784623263
0.3869042474515452
0.36722671440652166
0.4250327320957753
0.4142077681593409
0.4394630650612067
0.45597061064058314
0.5112175211796085
0.4859402020296649
0.5128931022572536
0.5180212387714276
0.5231742673961122
0.5727894457128324
0.5615360232094936
0.6070605601536126
0.6503889390634641
0.6469403149538326
-0.6433745500788914
-0.6157340072968777
-0.6142477711576487
-0.5660069479527002
-0.5165834306534022
-0.5263704754438663
-0.5223055159702399
-0.5121670260632342
-0.4654016559196767
-0.4755253256665773
-0.4643100087785208
-0.39713511165196647
-0.39030491470833906
-0.40264634308345004
-0.3812156341191193
-0.3392072739716281
-0.31432572471343584
-0.28566806247912957
-0.31050155437808136
-0.2515569951913547
-0.24807242735599908
-0.21755938132221328
-0.2266725197637253
-0.16490392253986352
-0.13032103410867446
-0.18006431033070155
-0.11936883324850289
-0.09382394053311395
-0.0787950675812594
-0.0471460791689849
-0.0798791646501564
-0.07014868104564292
0.037982055426175824
0.020356190693317122
0.045991209430548644
0.057633305872840074
0.04810660059452808
0.07217297539621276
0.09942886537364529
0.08243797485027038
0.1725509042255937
0.16362606933186938
0.1819269992917673
0.15040693658924031
0.22113293512721552
0.22843411560715188
0.2414049226297314
0.2886084010456813
0.2950998029440509
0.3117601841329144
0.3072941222815479
0.3553382672873467
0.3909838739432545
0.3941303201045721
0.4077947878171849
0.45428380979896293
0.4483648150700278
0.4671376682072465
0.5121989374198312
0.48927208092858054
0.5071032239045971
0.574474506221176
0.5544364744987907
0.5904365057236981
0.6073417113578496
0.6889254605079098
-0.6457029413844693
-0.6508127662422357
-0.5940142526801917
-0.5711489409980116
-0.5853279015958696
-0.5619265051166098
-0.5180497465579781
-0.5188360227948282
-0.5017239405716662
-0.4451042484342951
-0.46911189460729347
-0.4352641414917605
-0.4009770076012731
-0.36766452802273164
-0.38127344687825077
-0.3536401720965173
-0.29501770133610783
-0.3059718178668172
-0.30428466252515585
-0.28974918363794283
-0.23755632149996492
-0.24282225103499536
-0.21046017404012834
-0.2030864309867859
-0.17873467607676272
-0.14483898056765193
-0.15527376076666172
-0.11845399016665388
-0.09249721982413973
-0.09207662531501207
-0.056391260163807494
-0.048541914864819166
-0.021955480963870205
0.016816522038714758
0.009900106557714963
-0.01824787783783676
0.03715565888836698
0.098286628002445
0.0625563263130551
0.14033226901968884
0.12977001708548092
0.1464314008539869
0.1532508122520764
0.18335029482653326
0.20011821513293512
0.2223490221696095
0.24793466375221318
0.289901119502204
0.28472032214437476
0.3159293383818593
0.3370220394720113
0.3285081990722464
0.33588138332501577
