0.0713337116629627
0.11841247423859261
0.12332347037643707
0.1597298575255216
0.19147707258254618
0.26253132698793075
0.20740716331614478
0.2699777094934498
0.28092144272503355
0.3434988716580833
0.34588300783605064
-0.34850161739782454
-0.2714351778440477
-0.25986714064092953
-0.23106261759130733
-0.19525499006780087
-0.19112879951449704
-0.1804501990187396
-0.12399979053578807
-0.08805312448582753
-0.04659675128556326
-0.058482801650070804
-0.042364853596502224
0.05594271950910429
0.05775309545559443
0.07183293779073822
0.09899279982771615
0.13973385382933787
0.16425864190502143
0.18104734834364175
0.23339968252305707
0.2602956224292807
0.2311218281151433
0.2897887850914866
0.3320400057575521
0.31054244048473817
-0.3154184287009744
-0.2831792637878783
-0.264176955364223
-0.24710793338376574
-0.2297773701943863
-0.16717358649827954
-0.17096239815577474
-0.14076488312576654
-0.09187766825054998
-0.042060109338219936
-0.05132776541330035
-0.026599412085837694
-0.018486656760904933
0.03512041070470542
0.09411387915775812
0.08677071361838581
0.14313936522230092
0.1453807332969922
0.16427922368063624
0.2210849382985486
0.2207966585641696
0.2367033633351861
0.29732044743589536
0.35431044698706093
0.29653989276370735
-0.33258045221341126
-0.2981537874513693
-0.2894630974933225
-0.2056781456926025
-0.23557591022961613
-0.17203147587104325
-0.15156712863458496
-0.14573226530258745
-0.11358466063158722
-0.05915351921946967
-0.030907125280531116
0.01586463569034367
0.012236556750495944
0.010186641937227854
0.06235387455212351
0.05949480596394541
0.15316897986502767
0.15690105118123726
0.16503322621218547
0.24093618152528856
0.24285387378242018
0.27498768759555475
0.275276727778002
0.29470974214792367
0.33762561496240184
-0.3180191693883369
-0.3079712115766614
-0.27593702381719365
-0.24881601538040618
-0.21678926159133272
-0.196976567902773
-0.18429998384152635
-0.1351517062717842
-0.09846291058187244
-0.06933939780940938
-0.03625224125408885
-0.01564872354100941
0.0024964026164097514
0.052807109987804315
0.0824947225760852
0.11522380677526267
0.10636247569080136
0.1280632794391891
0.20236527851926892
0.18138305300810467
0.23991055884993634
0.24822054725501702
0.3135323949822093
0.2961242016015936
0.3100561721011764
-0.3265312173830965
-0.2997980831219916
-0.2687892732831653
-0.2158977679056096
-0.20928348246096418
-0.1591271274570727
-0.1761805817985159
-0.11498766716188145
-0.0691055828613445
-0.09952683301893119
-0.06989711235026741
-0.006874219555529719
0.01501280478120829
0.002714926066559868
0.04224534176740925
0.08022262168952655
0.13084915272955758
0.12842635234644267
0.16882817457074215
0.19243743401008295
0.2518919456264278
0.2377870858076496
0.24938313150539265
0.3023837799976502
0.33381922149873033
-0.3298022213103597
-0.3175077516841179
-0.26629056198810297
-0.25477308113507774
-0.1960388883836453
-0.16476150168294695
-0.16523936093081076
-0.11062632817107367
-0.15309484970445544
-0.09733415363210149
-0.05009282767044942
-0.028332985045738834
0.011172824352897253
0.03491372511246326
0.0863779161516185
0.07028906528380484
0.13538063964605376
0.13372845725745716
0.19203531959434525
0.14742757131121015
0.21493773455389154
0.22504322116390707
0.29269452862240486
0.31200965529696256
0.3170007702579314
-0.34104962546627576
-0.3270743813831119
-0.2782945737648543
-0.2468000449158819
-0.27206296595156015
-0.23816228815367835
-0.15030480815288982
-0.13546901200231995
-0.14255236270498078
-0.10556112153578956
-0.042490927797316946
-0.05037721164562855
-0.027906109744362327
0.05858182429398549
0.05798757383987127
0.10063647004926876
0.11219361526670596
0.15353570854355442
0.18790945564122977
0.19862615921598395
0.22408618405170871
0.2891540919938133
0.29654485881242293
0.33570185490860066
0.3358146169114512
-0.31369764995696203
-0.34094253822055987
-0.27401562755679343
-0.25420323043829024
-0.21255535379150853
-0.18389522915911355
-0.20412471553538775
-0.12617316309586213
-0.1128817166271038
-0.05020583613971012
-0.029940815013164677
-0.020408627948612312
0.011036813349252116
0.015808360574266996
0.04664888997833744
0.09465920244413474
0.09667378783022271
0.17203953206230294
0.1463605995906918
0.2155978214594818
0.2507494518660894
0.25247059248960885
0.3038725161564292
0.31373210751127206
0.31835889122449323
-0.35648583661659927
-0.29889396510826316
-0.28187630169468075
-0.24486996235300776
-0.2400496740111358
-0.18977688106203297
-0.16931206294606893
-0.13408000267100806
-0.13872308347799803
-0.055100626824763806
-0.03331815398214576
0.004002543374763717
-0.0006354714981311304
0.01774306088694969
0.04040085992036041
0.06309560958877453
0.11790094559464857
0.16370846821663412
0.18786814616758443
0.21151428152436064
0.22886555250643015
0.2175576054683373
0.2563147541264058
0.3315754062038581
0.336023469232253
-0.34999607178858616
-0.28606123827140634
-0.26563386277790224
-0.2360108238234852
-0.22258304559906783
-0.1908507035751246
-0.16523369106590116
-0.13941410689899236
-0.13472457462189616
-0.05881803333740962
-0.042860839070617836
-0.024823482298650203
-0.006143964245910115
0.044380698560240295
0.043069583180535456
0.09425497341172077
0.13351383565585445
0.13721027736524155
0.16862476854664762
0.21280687531707243
