0.37974825399435225
0.3147288369112075
0.2570560509453207
0.21947292815170247
0.1441744346403057
0.07913245380081822
0.04703590742432172
0.060437401034947505
-0.09860497606351164
-0.1329745672823004
-0.13303782020774307
-0.23896436926785025
-0.2514558942316352
-0.3009590930622073
-0.365485759574152
-0.43267362756553607
-0.487646666851458
-0.549684043836714
-0.6075367053482577
-0.6078864814352747
0.6501431662263611
0.5691689164865987
0.5157610963873366
0.47400752673599084
0.41216748002144127
0.36387026330094463
0.29221617111188525
0.2382496026673024
0.23394813526538022
0.1621323065193416
0.15130145956880503
0.04961528798681972
-0.031350647340776826
-0.06937825859080997
-0.08786481455134988
-0.11872589721390314
-0.19582375008738848
-0.26339268966760476
-0.29979737974023407
-0.3530206082056374
-0.40940883100922876
-0.47989154541846174
-0.5136133705349479
-0.5598564593985762
-0.6480760190551251
0.6305675021094069
0.5907905361235456
0.5096983960701258
0.4964896412197268
0.4014160587424784
0.3690072574369613
0.3350611781126242
0.2455418310457315
0.18476384442843521
0.1819201323567308
0.08612493082318431
0.03322018160104828
-0.034075932156425286
-0.004354459420899799
-0.07679599310212963
-0.12046242726883451
-0.1803713761730466
-0.26729091985746045
-0.303252633889725
-0.4071855517839135
-0.3980976875302292
-0.4383389652298043
-0.48971973362299037
-0.590111869554631
-0.6421473211533651
0.6595589682386815
0.5738843904896819
0.5013836673563424
0.47533260913876757
0.46775308374349395
0.3718087112803665
0.33312249635066804
0.2501122823389651
0.25614964039334354
0.15510230672373465
0.09707609802092373
0.04715173615831951
-0.013076909299179398
-0.04220577496090749
-0.10521816791287669
-0.1631252967427324
-0.2033954303991776
-0.24144911247769887
-0.2784132733723492
-0.3804843146343974
-0.3972884220832368
-0.4609642789241114
-0.5074437199325258
-0.5689568512067598
-0.6118086182575586
0.6902323819422512
0.6087386473313744
0.5055229679514823
0.47328525232302554
0.40215069215687893
0.38142884834145835
0.312145078733847
0.239755472385877
0.21518141120596662
0.1395302107081565
0.13563228707897357
0.0956893693566985
0.027099185451932864
-0.05936846825419771
-0.07540766081315438
-0.17685750981104825
-0.21187241388157182
-0.23407697806165936
-0.2869389991464028
-0.40118038312067095
-0.39965963666104726
-0.4527971803526135
-0.5340467293634068
-0.5436688282990165
-0.6410791324461906
0.653439481206591
0.5730601853907148
0.5390243133898691
0.47283298842267407
0.4215769469142965
0.3734170910118396
0.34476829052267155
0.2806920899136517
0.20995910990874841
0.14812406819226234
0.1650664786631785
0.07839068340116967
-0.00868449079541221
-0.03380228894479137
-0.06994727714769242
-0.10316577672626517
-0.19311991657713068
-0.23966561119804025
-0.32496693796664416
-0.3701740066990855
-0.43363112090673495
-0.4572458156852416
-0.5030590412794766
-0.56507413975539
-0.614522491918931
0.6278441303156538
0.6022782632599271
0.5400529477309267
0.4859284618554494
0.42928267708621
0.40873406174713156
0.3185260713214703
0.280711818113037
0.22144729753148276
0.13406496293377393
0.08769386747362778
0.101224835317607
0.021431648802672273
-0.043296878643935714
-0.09180286303185402
-0.10620237394764165
-0.19890957259252057
-0.2724495119982806
-0.2692930135315271
-0.35031897920953975
-0.4135534934881011
-0.45525386572793575
-0.5504600303460627
-0.5617123618371076
-0.6081228269762627
0.6507216278307323
0.5971677827888022
0.5484470128120765
0.49492455442930033
0.4259889867177206
0.41395664592098147
0.3349620669631232
0.2742853232253296
0.25526800497430663
0.17660254360141864
0.10735149063569364
0.07304058066668173
0.021938121466669343
-0.012196917414424347
-0.059402242588416955
-0.13899099247594757
-0.1766805191406412
-0.24302807725845238
-0.2873789422410938
-0.3775557238556421
-0.41122122459405036
-0.45477294246903116
-0.4950748803950644
-0.5368081084493542
-0.5819193070604594
0.632114844626269
0.6201117749212713
0.5458594057776377
0.47358161912070557
0.42158324949207565
0.4037948604363845
0.29935322375051365
0.24629393012889284
0.26376551015830646
0.17144343237766027
0.12755709080391972
0.055665927772761734
-0.003379313210614892
-0.032633323985527984
-0.07631389581931496
-0.18035902966992426
-0.2064082399358697
-0.25310758532075966
-0.3058117684259356
-0.35355519852138473
-0.3844052839862561
-0.48775126470933466
-0.5134284923706505
-0.5659119256997118
-0.6097200936132988
0.6616835619036633
0.6144478696297134
0.5673637376064499
0.5299964655738174
0.45612682378101255
0.3567968856372407
0.3580679657514542
0.2720220149336983
0.22685904444610822
0.21531219816011052
0.16036816260839826
0.04020733101261994
0.042882492294281024
-0.022556632574503833
-0.04708150876996571
-0.140541227229309
-0.2183701657625018
-0.24648446490340487
-0.2579652801740556
-0.3309221484717318
-0.416621634277941
-0.45204649685646003
-0.5147479783031694
-0.5350675589722464
-0.6041725593153193
0.66536808112334
0.5901436908426276
0.5454384355237897
0.5060949467130422
0.4680441836962752
0.40364018316308403
0.35874806355136785
0.28496813905253643
0.2150263458047902
0.20411618126477793
0.1224691509477053
