0.6876282231718152
0.6884958116629684
0.718408030324439
0.6527749791832186
0.7106027557147379
0.7074318952567905
0.6815252649957373
-0.717721036666593
-0.6963340202712784
-0.6490826177453192
-0.7156401932330116
-0.6679002521595198
-0.666816193603952
-0.6927753086576567
-0.6640991849630609
-0.6844616060525033
-0.6970162200981459
-0.6817538919435877
-0.6704871221047296
-0.7016190116645985
0.6861153820026745
0.6757325052184949
0.6526491377810538
0.696692094725913
0.6792432483041985
0.6952910464670073
0.6952935306490332
0.6891058885541903
0.6587680841313006
0.6892835212961181
0.7009514385822063
0.6658407178980613
-0.7115780361152134
-0.6930532006003859
-0.670731080570676
-0.6747391365672833
-0.7044871108663665
-0.6454476847666836
-0.6892925444257904
-0.682690946587223
-0.6889061121009118
-0.6397450206354349
-0.678094971264317
-0.6621952771078352
-0.6827156825264236
0.737590091197483
0.6903201120469589
0.7252285155070178
0.6958082414177709
0.6944212233669721
0.6698223575067417
0.694052160674012
0.6744521895687697
0.7076936626484953
0.6797060611349268
0.7011892936606259
0.6989058189499348
0.6811190247518569
-0.674945073686166
-0.6559655087147113
-0.675234456297175
-0.679100862298766
-0.6456879744428365
-0.6989900984542778
-0.6884154595888919
-0.6677755451490194
-0.6940338240076883
-0.6969869950902728
-0.6682207745740297
-0.7116252075512961
0.6465584845243899
0.6649780016741264
0.6987077261103362
0.6507768805324832
0.674043764174863
0.7026199611321592
0.6636399763821245
0.7085817039769363
0.6766850791160769
0.7007308089061827
0.6567642074479801
0.6907537365494943
0.7009272127028495
-0.7024041657626738
-0.6873283368153186
-0.6829751232227236
-0.6767259103085064
-0.6417861405106404
-0.6819740111788302
-0.680875304165609
-0.6634576662165336
-0.661544563020891
-0.6646581595089898
-0.6797724675586595
-0.6879553349307475
0.6743835150541554
0.6772304153475969
0.7014233086893238
0.6987309504108385
0.6812192207191252
0.6721395640943169
0.6507778788215514
0.7161075564726973
0.6833834053955926
0.6816411837565158
0.6738112641445
0.6986204917206449
0.6724692950148704
-0.6765314858340741
-0.6739258806986618
-0.7119004271895306
-0.6757171550696761
-0.7102488489524957
-0.6663138236651022
-0.6367258549943869
-0.6969922094184776
-0.6723402084798455
-0.6714455178292524
-0.664618432912392
-0.6460099450578242
0.6653676760953308
0.6801118171426656
0.6697577593239042
0.6948153217767481
0.6657532981127344
0.7012242679119897
0.6985913507634667
0.6219128150308323
0.6643803397293336
0.6702795770996258
0.7128493312391643
0.6610275013735691
0.683851426149432
-0.6651805604861939
-0.688276350617635
-0.7067885145425763
-0.6820407532467412
-0.7040587104518524
-0.660621949200848
-0.6405035851408036
-0.713996037532275
-0.710241782800649
-0.6539848040596011
-0.6870910120731274
-0.6776171094893745
0.7141323382426272
0.6652486796533277
0.6829577622979067
0.7165448437533009
0.6730779764609965
0.6618189570609231
0.6814835426323441
0.6687638185604834
0.6831230504184517
0.662237534964202
0.6906294927954625
0.6590686841424629
0.6508769660678652
-0.6370018650364773
-0.6660826873604693
-0.6699752793709474
-0.6841350111599578
-0.6874221666182748
-0.6897625416809485
-0.6822564345108848
-0.6708440391379491
-0.6753841599547938
-0.6700678767501448
-0.6908985403415505
-0.6693850983149545
0.6774869283827576
0.6661990722012157
0.6776742866970045
0.6612094229072378
0.6862649606587862
0.6560645822798324
0.6486819522340793
0.6650587458841384
0.711207739047502
0.6941417377917223
0.6908882057044179
0.6635400581322228
0.6862006123125544
-0.6935611920875623
-0.6320959880567971
-0.6843793097469186
-0.6651360227073696
-0.7039253339074625
-0.6581043922046586
-0.6367501261840258
-0.6808459007621857
-0.6627730708138506
-0.649468473944171
-0.6514826498043326
-0.71963313020633
0.6653670088903203
0.6632375112559497
0.7044241162713033
0.6935191683556425
0.681968317891692
0.688142721545053
0.7175896384916076
0.6526334031696608
0.6899392088183608
0.6653847845099905
0.6975510813747257
0.6553428594519648
0.6711978960318642
-0.6910713127158217
-0.6889768873479489
-0.6797511458013534
-0.7028732906535186
-0.6948594175893222
-0.7158742358922943
-0.688658993959322
-0.6860427470560713
-0.686387527281682
-0.6857805637271781
-0.6878571802463815
-0.6627151998828533
0.6685516015365406
0.6820028255180414
0.6560900061098347
0.6994061714570116
0.6595076399207326
0.6947948894005054
0.6833425378282065
0.6965593145100238
0.6674219675542009
0.6976531443294343
0.666728462432367
0.7112956963970153
0.6653691700925788
-0.6494404587713315
-0.6581427380069907
-0.6930483326850907
-0.6696149799533474
-0.6851413343736502
-0.7218868799581841
-0.6865110551280721
-0.6842318204876496
-0.6968528475404211
-0.688781668829157
-0.6836002130403065
-0.6790396518339747
0.6754498175842358
0.6452363057378623
0.6976189463986916
0.6753879065643126
0.6576229108355134
0.6531891519119375
0.6917953707514181
0.6892102445594915
0.6531398738995841
0.6784704454499175
0.6619007441414032
