-0.07053706331864931
-0.1257210952145741
-0.10793530055541638
-0.07197552049153708
-0.09735514387587185
-0.09506112496699641
-0.11267310441528335
-0.09910858839794948
-0.1673181310785467
-0.13231752792216583
-0.11006770590917475
-0.15892389452306324
-0.13974214257554954
-0.13675421887580616
-0.13588159741768624
-0.13977968507945107
-0.16326741606414483
-0.15243878979935277
-0.19265031617058131
-0.18505631255140984
-0.17150681469322518
-0.21031666621252426
-0.2076462449716985
-0.1995476555639747
-0.20676784435601442
-0.20935090558695638
-0.21153788365067072
-0.19614154884953355
-0.18504715353739273
-0.20514337466266702
-0.20784170370723756
-0.21218042502176265
-0.23237643285706824
-0.2485913888902543
0.21469187196624145
0.25269948614759763
0.22115097831823508
0.1735339683543265
0.227025071019642
0.21722432866199015
0.244351854019716
0.21769939632413837
0.17243773029335893
0.2004543156404278
0.17025414932150013
0.17266166247923748
0.13585012252293172
0.22194986453726054
0.17106211101497443
0.13897960120197556
0.150108815420192
0.19312110631717017
0.13597981819982347
0.12848492113437418
0.11363275086428637
0.12091057889086254
0.1495019502475926
0.14731912991858487
0.109845144615301
0.1018221153230496
0.09447208742981716
0.11103638134395286
0.11036983886538432
0.10242035328602794
0.06324233927401003
0.09769578051556098
0.0801127259517572
0.07565065740332269
0.09327335662331032
0.10743401711133631
0.032346862957176585
0.07848307263014183
0.0365673299383933
0.07550587318428385
0.052159138403713445
0.029441245080476137
0.010314379486246267
0.04131569882440148
0.022666590532841
-0.026630426190038213
0.022776145374986786
0.03581131388191895
0.01581316387968798
0.032085600793941516
0.025938871140016775
-0.012733139290648263
-0.021038657834695836
0.014004673950108348
-0.001175919683680783
-0.05338237302204969
-0.08130490495543481
-0.019043807095971033
-0.03525039334057277
-0.018180844296776688
-0.045500280262648234
-0.05309289461005148
-0.0640457240908729
-0.04835630531218334
-0.08211662052552522
-0.06459901269090766
-0.06870474619096875
-0.06395801500568474
-0.06917226578380792
-0.08121967659496726
-0.11692423282789777
-0.07228376523112218
-0.13080611931654948
-0.14217200489074197
-0.1080773630737144
-0.13702123617534556
-0.11020646835984862
-0.11245712889994218
-0.11888016784967341
-0.15563582510295942
-0.1457228305084905
-0.14711982609977717
-0.17294004683627429
-0.14521267109608388
-0.15103507387090015
-0.11959964427002484
-0.12083205948808452
-0.18707221421124157
-0.17034341625579186
-0.15134440963595142
-0.21603141734819487
-0.22277224409782764
-0.18599491074732682
-0.19805195090099598
-0.20496925895587506
-0.23187154694777012
-0.25126598487442836
-0.21427939641035068
-0.19356304918545592
-0.2263837190630605
0.22041127200604493
0.19749262055092706
0.20176248225503501
0.22082991510622543
0.18461179794578753
0.23202077799107296
0.22340410302142358
0.1813608850912366
0.20902203580108095
0.21110227108097562
0.17642502174657046
0.14461012026476128
0.164900177454394
0.20199145786395079
0.14740838289777475
0.14133954620773065
0.14571420317167774
0.14740142936152725
0.1512741049761046
0.1690643310016018
0.12404548492950597
0.12131969732905729
0.11352008371283448
0.1521471380098245
0.10499652973368358
0.13773681762743184
0.0635720925285976
0.10108167709963077
0.08617539420386514
0.10385247376538152
0.07554443293310645
0.1024103214595847
0.058215313588393505
0.06430277012826195
0.06302486850473572
0.07699334820341559
0.07422603965337529
0.09147423321495043
0.088032297280396
0.05194655418330008
0.042909225480180724
-0.008535065958343843
0.016444052154286903
0.025060796973611327
0.006305677982100983
-0.005631716139047529
0.017955874492085785
0.03252040655974101
0.005907684140875853
0.0025091973824389953
-0.017240703235665965
-0.04553125093611198
-0.005958438731309063
-0.007186593734510175
-0.019334591028666637
0.011319939071981998
-0.028169711156676932
-0.013608161861397905
-0.04492033693912702
-0.04301914416696041
-0.04737135816508551
-0.06205629507463817
-0.08869270760585288
-0.06221540648633567
-0.08717085322630963
-0.08282593330299208
-0.07257739356585552
-0.08564585182268866
-0.08600929203113825
-0.07838401055310398
-0.11199974023340223
-0.10204332429100738
-0.08696882421432992
-0.12630139588815667
-0.11251432693048671
-0.0973763619408873
-0.11723584985598284
-0.14785607976997303
-0.14261732827180437
-0.12163781517796735
-0.1573572013476672
-0.16864660240758664
-0.13419648211789054
-0.12051974987998254
-0.18087752816396177
-0.1480277180193165
-0.17117814762913885
-0.1762017015639568
-0.17896707145835025
-0.19300904835012755
-0.18016556944118392
-0.18850916705683118
-0.18053690630871605
-0.18830315573021336
-0.19368049003390295
-0.22169183498704584
-0.20679650985747894
-0.21458300718129739
-0.2339313612768786
-0.2158876422879491
0.24913769454035528
0.23778097002849574
0.2486749016163042
0.19572901520417468
0.1814385222380211
0.22087793182272636
0.2178415867298718
0.20624464466848247
0.18657229229597097
0.2027718450612295
0.1534101526332562
0.2054936892720809
0.20239853689029175
0.19944242552656774
0.14821848423862344
0.11240936725509507
0.1627124401550411
0.18295227380082107
0.12953588687765358
0.14837875187793279
0.1616942128406197
0.1163923077943364
