0.38348592651878083
0.3819346524134733
0.35047633426832464
0.3315751235639108
0.2819408006614857
0.2535719982183872
0.23257261929474618
0.215694063444251
0.16772204300547908
0.15964248208151421
0.10708031016798616
0.060491005721594306
0.0720005852415772
0.08128760658837747
0.047672310107660286
0.017340674098883735
-0.029715388535949315
-0.05079446952478111
-0.04252449604547874
-0.09366980348023428
-0.11203456593341328
-0.1404791608620015
-0.17292389549397952
-0.20082862498284199
-0.2475773266184395
-0.23734723877556937
-0.2879364676909508
-0.29184435262626574
-0.31126745921041765
-0.3696449228349955
-0.40780784824643107
-0.3869138291683534
-0.4050818603658605
-0.41849783582978384
-0.46960101452365227
-0.467227720017635
-0.4988713493513774
-0.5157091939230335
-0.5260663435817494
-0.6124113794175009
-0.6188965194404259
-0.5905105162389036
-0.6778787101710622
-0.6980693544206009
-0.7439454252383251
-0.7344699408992914
-0.7496204105653814
-0.8031039076705605
-0.7844620456235356
0.8137220560943048
0.7476751975943481
0.8023020008947872
0.7495668255075727
0.7466463637892242
0.6762469291463905
0.710274558209431
0.6418804348288929
0.6082497486377385
0.586099732805455
0.5473830859085467
0.560131998815905
0.5134049291841857
0.5177424026615908
0.47515018356429867
0.45501507150442394
0.3940314662967174
0.3627111546144438
0.39318995342674234
0.346302773084401
0.33086773482218107
0.30347631718337637
0.25986318127405766
0.28463382904178264
0.24234913004904768
0.21680474197604432
0.17332959334081732
0.14240519928185524
0.12532092158515146
0.09953471411103051
0.07630088767820456
0.035950436824009724
0.03740562061811561
0.022116798089379726
-0.002509163876712829
-0.054477472556112634
-0.07315796834806218
-0.11827699669571154
-0.12631937172397362
-0.17243497165460903
-0.16344228963712928
-0.24293974539249205
-0.19192151397588236
-0.22647595679152044
-0.25908599326962645
-0.24298865263791036
-0.29324983348455524
-0.3462871760585501
-0.3575161718256858
-0.3706889826406289
-0.4105622163964317
-0.4220587629119007
-0.4570158347408138
-0.4545702631637404
-0.5068372538402705
-0.5533766615582204
-0.5227149829251158
-0.607618158845323
-0.5876627617960062
-0.6460150559060356
-0.6495238161198948
-0.654570229982579
-0.7054160840292608
-0.7550393714454208
-0.7607708471197643
-0.7747130818870662
-0.7887824677291505
0.8233708150150157
0.8171437773880733
0.7556281017277493
0.7715887079102374
0.6951496162610509
0.6765769654782783
0.6872158189924027
0.6467809054519364
0.6065560763679202
0.5911413336843777
0.580501044764966
0.5635600205674994
0.5076378648407528
0.5012504766886585
0.4899315039228045
0.43445926381826483
0.4215001718151575
0.39421101433481476
0.36890385412437854
0.3663682711564237
0.31395503191612
0.3146425054596233
0.2370196734017976
0.22089167719194192
0.2407351647764785
0.1720699470989954
0.1818578971343266
0.17908478434558783
0.13380393498933266
0.11067830697371939
0.06338283634239929
0.03342035763800911
0.03301781714489025
-0.018289438246009457
-0.008013078466496387
-0.013953653991278344
-0.11399416306477095
-0.08098792952208078
-0.13726348478334383
-0.12620308593975696
-0.21252018173145298
-0.18137012468839697
-0.20289586705713977
-0.18887056728522417
-0.2698893825547265
-0.27900549339068625
-0.30804941083966353
-0.3752107461243036
-0.3700518842142716
-0.39401590944997034
-0.44308190473926656
-0.4343146132708834
-0.432513892288477
-0.4696689760721456
-0.5316042497249299
-0.5229867412187672
-0.5227401901815
-0.5954236150253318
-0.6266541842939369
-0.6228677886351068
-0.6560003911867902
-0.683444879761116
-0.7118201867819228
-0.7226577185654612
-0.7719235600717356
-0.7581124925819865
-0.7841140802787288
0.8114804618995498
0.7907256865610666
0.7814501521569618
0.720338098549163
0.7303060837391788
0.6923949792127415
0.6831144950410701
0.6419660720101569
0.6254030033031945
0.6212543814171146
0.5397462651559229
0.5159730791352256
0.5311932650210648
0.5014427761999498
0.47372032596229435
0.45781884958414626
0.4118053762245631
0.3972139611519865
0.3849909190907942
0.34790804189157803
0.2963040152455748
0.3141650313813097
0.26269898328179775
0.23660258618330687
0.1974221893776154
0.19915779519152543
0.16858629952215803
0.14252608844245776
0.12766291406486732
0.11173957474521658
0.0843511295799018
0.07687867453153246
0.03235236633843676
0.02303268849781168
-0.020435625422372414
-0.0396826941814528
-0.07191953351528164
-0.0824326165699056
-0.11423301474475142
-0.17005105095526762
-0.18207051687857725
-0.15946019306563147
-0.20530136007679964
-0.2557996409231125
-0.24773953334428778
-0.31348778325728655
-0.3211784862706892
-0.3239098377714957
-0.3822010390726338
-0.39054923051687007
-0.3943467801736923
-0.4790564803396891
-0.49988711842498323
-0.49400306125441296
-0.5222097661298353
-0.5354439018857506
-0.5677039056576347
-0.6066580426571013
-0.5889810165235736
-0.6185055706286259
-0.6862953509200215
-0.6949542154532433
-0.7033125095520611
-0.7254977071404902
-0.787638174204329
-0.8294794276992146
-0.8247990623134694
0.8014011391510111
0.7985395678124839
0.7659952019948957
0.7212167675585429
0.6884101678653961
0.7019603303254719
