-0.037895977065013034
-0.06921748965605354
-0.06811133744935897
-0.0899360567441756
-0.08505431863626019
-0.0425970611907216
-0.05157224149279663
-0.063029362639508
-0.019954806613930044
-0.06720604255996304
-0.05451337310170585
-0.02788124043685268
-0.1056359063392882
-0.04133395416860474
-0.09664143888041614
-0.05049445743035882
-0.0441481970859217
-0.04132366508406308
-0.039645834419735675
-0.03460305424050873
-0.011514203233928013
-0.015104092912876316
-0.01996256002552682
-0.035484479002848845
0.0042724705398297196
0.038275187041190144
-0.0016254683704321066
-2.11533232093164e-05
-0.03257583851209737
0.023114797464208327
-0.02117755289361795
-0.0264620799458734
-0.00348134981125104
0.03240791610528169
0.005947252336354602
0.052879071660983025
0.01426680459999443
0.023497661407675022
0.06899001343970212
0.046513209958055274
0.016219044956549983
0.05265440389867358
0.05207666737388858
0.07851528336994004
0.03661067667453216
0.050764016440004944
0.0491208251433677
0.06338402737528281
0.04878876980121615
0.0693044006649414
0.04484144995551663
0.06092862344319083
0.06701218531562803
0.057545989597593786
0.05414840766238529
0.06548340432651228
0.055096173580862814
0.06358931941122138
0.0547096830784001
0.09843957051383692
0.08386593306001355
0.06429081086185974
0.08317547629354247
0.04059164217436732
0.09229172114435705
0.04807894636603013
0.03760814255066537
0.03718121134118504
0.01633775054519731
0.03994828301168238
0.07392328535281978
0.046182373567517795
0.04706353453116126
0.011146847842269157
-0.00900670415593478
0.02501708864456805
0.03756977012577453
-0.00554082054984727
-0.004244777451309035
-0.012689588021873154
-0.019800009755386386
-0.0009968883604795859
-0.021034753600375933
-0.022734019652322236
-0.0005426760915916151
-0.02207510037911814
-0.0251264561373041
-0.016533111407913408
-0.04996281629222669
-0.055170992247751016
-0.08014187449018964
-0.05257669713947299
-0.03838999465899756
-0.002300853343502829
-0.039473274158806325
-0.04870237058191252
-0.04943936953243677
-0.07470900827259774
-0.08110022981612068
-0.08503570702969467
-0.06163250574928208
-0.09339516685660654
-0.052221447395625537
-0.05044133233340502
-0.06287380649402373
-0.06940975531705833
-0.10581984668268875
-0.07053294663149404
-0.05864636723710389
-0.052361637412042375
-0.10179165492811626
-0.034018980483149934
-0.03055542267062411
-0.04447364807143551
-0.033507101501209044
-0.059390258663896286
-0.07168777272867563
0.00015201429271675948
-0.07841198019242547
-0.043823595515531444
-0.019989522523233917
-0.03968846505337918
-0.025160018807700472
-0.016449949924433833
-0.01951884541902526
-0.03150227819064343
-0.03060278196495858
-0.03463861420166989
-0.031250553774697924
0.04719927945842525
0.013288624307961728
0.007795984152287521
0.01265492214101048
0.06329502391625177
-0.004103658120157699
0.03430349344116704
0.00824108458904078
0.026567798608604806
0.04788650244529843
0.018787663020114812
0.04261148981002973
-0.009059091220353165
0.061535413704564584
0.07232713190373181
0.05913309205306125
0.08801964464328965
0.0606782519650809
0.10183650965718632
0.07435927887658862
0.009542705648504672
0.058521200948383645
0.09420142850761501
0.05565437129959758
0.07515563522586084
0.06379726573060511
0.07546524314020353
0.09268865631972917
0.06719051211415283
0.05249961216287348
0.06257845998661839
0.0641170278275238
0.032463440506040164
0.06753012438924824
0.07732849346174316
0.04365562764112386
0.046059804763037615
0.04127735750906252
0.05244511460124297
0.04783287163801015
0.03334302937857615
0.004681894929560986
0.019918675158917952
0.03307757527226668
0.055355102489250525
-0.013880250051335804
0.0291263836591157
0.019094290207055057
-0.0016307896865366649
-0.003232548462414616
0.02114642706508275
-0.0016972640873154704
-0.011150068536990718
-0.01060075726455872
-0.015779502208374416
-0.03891387453546465
-0.036477664773217844
-0.019880253879141503
-0.00933795444300834
-0.03871511476304921
-0.024853317806965942
-0.04456535820843303
-0.039019996376761554
-0.04438208333309994
-0.06834134967683222
-0.05775196226821569
-0.03311474153934594
-0.03983407710782503
-0.04399236139290305
-0.05635179340474667
-0.048206476023453716
-0.05075729055656125
-0.031066694832199378
-0.07993981532150912
-0.06290578047197119
-0.05464038478519999
-0.05034610941082186
-0.0755622295523363
-0.09598971985736401
-0.05073162552265765
-0.0796584579322101
-0.08731125322528478
-0.08261097806044736
-0.01586852835846285
-0.047353281628222714
-0.034158734404102956
-0.06666910172177293
-0.04730834718582007
-0.03442294624546556
-0.045556407450813435
-0.05040811397577555
-0.040994402332412604
-0.0480078022750159
-0.0564826740848509
0.0016506584966742947
-0.02246980571273774
-0.03246604460698912
0.015932702863114618
0.0007808211484527441
0.023885209459816335
0.004893541298147619
0.03234386287446139
-0.0175093348483961
0.01216265561266211
0.0007012118685528011
0.04562103438716572
0.01641699709420743
0.004317663954797463
0.03218260625832105
0.05503726632341491
0.047355847738034536
0.08243289673512122
0.04102040484154304
-0.000977328379110548
0.060918267588693356
0.05061656437929148
0.04741057573584223
0.0614383665816814
0.05631923878183963
0.0375477578484428
0.05292500131248335
0.028195870946103242
0.04845012510823486
0.053833249797476765
0.07445450548004845
0.07678442828456244
0.06551891819127997
