0.11033512669858556
0.4366807387335631
0.41787221744959635
0.28725836405693916
0.3178715841275914
0.20381112959080294
0.5768867527200278
0.4184471182540323
0.3080022478633778
0.6006100885859907
0.32850055782281157
0.015286071403007867
0.4285117232817718
0.6071016315572113
0.2850585339612515
0.5889973594269196
0.21362269685239532
0.20370900971286346
0.5780693137359554
0.6256659050973827
0.2485866746736797
0.2151006816263922
0.12301907002888349
0.4756176942422773
0.1229734981779651
0.20470337156690674
0.6306811895819704
0.602279487976435
0.18041860924356168
0.00908648543464608
0.29921588020399675
0.4203674926444597
0.15020813445576328
0.4434249511420513
0.6285357815172558
0.10221611650329278
0.2461631421625472
-0.010370434147331749
0.482149038848182
0.5511480716934974
0.2415923241560384
0.2487319477933888
0.19438362470921228
0.2280336064741452
0.2871998422848007
0.47417147955107225
0.4855804441730656
0.4572279938327926
0.30404186880177597
0.019074004699658694
0.4729457669484077
0.4428673234273375
0.21159684886014074
0.23138921919540348
0.43509458243302174
0.2986505928206616
0.045102587922229126
-0.02345273792557241
0.6429714339452862
0.013833401123888417
0.5513722359958614
0.14581414234976234
-0.003189737654438834
0.3960086088618513
0.19988398083451714
0.14731799286714625
0.6200944196501292
0.31668142646310543
0.2205738830104008
0.6025761898489655
0.5271037855004279
0.2132303224863013
0.5851476992776481
0.37730843825102495
0.5111252625487048
0.3102954168468171
0.582835778543065
0.03168723971565542
-0.014845621856597768
0.227107982379829
0.30784997345365195
0.16690031881774703
0.45815839259992613
0.6481276556180849
0.21191922317190404
0.5401149049052053
0.13924997105114534
0.6008965734875
0.4826170430123109
0.11188521615769818
0.2517209967502174
0.26726852433680104
0.345862962517078
0.40506272912874
0.4269463477803631
0.19753517162865775
0.11663656288351165
0.48755337296990253
0.477185159643152
0.6586017560278687
0.11663170000373886
0.5994046711342743
0.5035672585303608
0.14519950220589242
0.5640075182205774
0.47675938706487525
0.4949718206723553
0.4256149644186465
0.37551767731535307
0.2361273262952663
0.13356728501108953
0.19457765140295752
0.02981608635026505
0.2199470919557736
0.2590893931869596
0.2358769803414282
0.4025745831371167
0.3370226729734385
0.05996747981188387
0.5379180210899007
0.2098597638520602
0.4766083288480825
0.5723501493200752
0.0492936249096347
0.5670397619024304
0.21015712321243332
0.6048502026926585
0.18192899914135943
0.06418414006636936
0.5879571230953394
0.04907665720041567
0.11758324442719488
0.08703252779532641
0.5725772436668
0.06106342092307558
0.6110804514409536
0.5778133587635479
0.5941631565936807
0.5686881035869991
0.2137374202870708
0.08130499946610806
0.0015217583545739516
0.14551346996024642
0.08062955929056202
0.052527313992036175
0.19300084208445026
0.22359186123746946
0.25220816100950505
0.030918282328923005
0.31644727276098483
0.10543218082954083
0.3720170041932364
0.08659315236212968
0.565523059213122
0.564964130357139
0.1136661485411138
0.131605415104034
0.02437703509463171
0.5397972939172838
0.2705435979689128
-0.012366037657290245
0.22073816925309847
-0.004542345435589096
0.3895640565469794
0.05329589245904087
0.0032140259818662312
0.36014752870278083
0.3189184265367536
0.5474270221689328
0.4693099138657692
0.14994877290104605
0.23709921356669553
0.3021937749217888
0.646899481278022
0.6585388683011613
0.5351094468565677
0.5462482519466629
0.5070858293584861
0.12386505820886631
0.5922709851996945
0.1456966398601379
0.00835278645160141
0.07398159981718566
0.202712695405463
0.26509200512060405
0.2641104068363225
0.0989274366226666
0.07098707515502924
0.5804840914352567
0.06474333649035588
0.5787033045556693
0.02502072651750412
0.62881415924817
0.4593911737570159
0.33597439738261875
0.5822328265731934
0.585826688525484
0.545136982538756
0.4996598518139844
0.11486714602606167
0.17486426981926156
0.2778435852091833
0.4210812401492891
0.5735545552659018
0.17391684709301541
0.4672813503926706
0.39146430392593407
0.3101508964331971
0.18947473884997199
0.6271765594258902
0.20303777275790863
0.045631827243911835
0.1309488672181708
0.4840572979262082
0.06517428130484666
0.05186575367659729
0.05407010024887354
0.253611670510568
0.39530742285495685
0.4335503937563059
0.1359857953307415
0.30922872437059756
0.3025709934541431
0.43776647311751493
0.034409437461240366
0.24394032165911084
0.6173642819554497
0.24871257260127974
0.49963786706229274
0.03484587945086194
0.004103905223563527
0.3092810718557558
0.11924500519238958
0.08669998454638586
0.5063238680783515
0.16133918182399798
0.0374742725177206
0.256730356988866
0.4464663974721502
0.2151093239617239
0.4617322614338735
0.6434905668506088
0.3621308804456096
0.16609410993202026
0.5225948414069571
0.2854901138988096
0.14954169278450663
0.1667185492943789
0.11616087131880588
0.5816978247576026
0.12366842439906414
0.2444854252179079
0.44665887279578365
0.5706055077864917
0.48318359291507174
0.5213153542882822
