0.19960806920252297
0.10932512631379221
0.112865074099721
0.04357679288252473
0.05360012761774446
0.0031576460995667733
-0.0018626429730680613
-0.03355552411843464
-0.07588276051328213
-0.11920592257549636
-0.10855875616258216
-0.18832020647268263
-0.20920302493543194
-0.2727040933398841
-0.34489148677003467
-0.3288520782996747
-0.3698640048718826
-0.4163474353437469
-0.4492550611833332
-0.42788517575247365
-0.496132731132686
-0.5164939207208198
-0.5330119905357981
-0.5736186754372071
-0.6466641673685563
-0.6493816529025856
-0.7104145861039601
-0.7001014334127658
-0.7918347145349156
-0.7695979596987833
-0.8025822949743666
-0.853284041293996
-0.7845966751268995
-0.7553160026189126
-0.7150315467963894
-0.6704706153013833
-0.6736365362616034
-0.641050825377276
-0.5696031649558791
-0.5346650139691353
-0.55506481222046
-0.4953186002139382
-0.49268405659222353
-0.39736819214085234
-0.3378689994925979
-0.32498458412138803
-0.29369735867257435
-0.3000885804625429
-0.22732330318259675
-0.23823786999918184
-0.15393350962880242
-0.13777078435221385
-0.10105115685560885
-0.10145787423875996
-0.045722663868905056
0.0010486014755104224
0.060040312229268866
0.04554332309021975
0.08136346091266836
0.11501111725974009
0.12854544539054952
0.17958100166042618
0.21494925389815983
0.27660969036872873
0.3165658246265467
0.33729131693519426
0.40252094430350316
0.3973775383146754
0.44403683272738304
0.4507502390633373
0.48504153853946996
0.5102723882991912
0.5458441667336668
0.5883412091727258
0.6127120902382862
0.6788113165756736
0.6712774417860349
0.7449840736730273
0.7915959877824197
0.7664410786489402
0.8417047193205287
0.84410269394213
0.78461649684955
0.7112410603638164
0.7129438202370626
0.6673805610355362
0.6680761783905717
0.6262425759896254
0.5573618708369926
0.5210292364694789
0.5276337678858084
0.49040976373051376
0.4439759761944764
0.4159383767308704
0.3939598111405303
0.3030083565362761
0.34403812535983425
0.2747515789093812
0.2459102579550176
0.20618723987476087
0.16039397993048315
0.13850495805334437
0.12259357534852842
0.07134437497005623
0.05375227036715963
0.014115618630444247
-0.009603623750075025
-0.07815676007961558
-0.10404538824733724
-0.12075684075226804
-0.166409196089502
-0.1747756176988191
-0.22808983035264882
-0.23590697438559877
-0.2691178391643536
-0.2862009268562962
-0.3434117042512794
-0.38598051215637824
-0.44235602715650546
-0.43585051980950634
-0.4732778735568656
-0.5167879803332902
-0.6049614861125456
-0.5920538721851434
-0.6437935762837099
-0.6323514367700072
-0.7176145860229075
-0.730368906838852
-0.7575266873539453
-0.7863909759227109
-0.8314032812960894
-0.8148760273659756
-0.7592625726366917
-0.7869442715714262
-0.7345388545741991
-0.6873160156616227
-0.6505871137890707
-0.6123225338121941
-0.5697947989146502
-0.5692820296395787
-0.5341426602553453
-0.47820208248313506
-0.4263689194358049
-0.428374449703236
-0.36675274358591003
-0.37608096513056377
-0.30626040687202966
-0.296601129663828
-0.26726085847649483
-0.22300360684437873
-0.18016732239578448
-0.14822137433775975
-0.09201655965791466
-0.12426769006025766
-0.017995711596682187
-0.03639396464176198
-0.03028566311150524
0.03715805306571025
0.0841786759342688
0.13459719291836358
0.1603123058007604
0.16890753504671033
0.23764694095542763
0.2332167825619859
0.27403115386356014
0.3354993955962149
0.3599495555375631
0.4135511073651186
0.4284930027284825
0.4622507197590819
0.4712331832658526
0.5115782882978622
0.5628063314986738
0.5607788702533782
0.5960404833147753
0.6273343323603333
0.7144571715955813
0.7369594663185455
0.7375508287192648
0.7744207702743423
0.7971135469358738
0.8149356893689995
0.768401195937539
0.7499837767367209
0.7087353933228739
0.7234957533350329
0.6661120212800085
0.6311122788585263
0.5961203051884044
0.553461832531669
0.5604205689064787
0.5001111554154524
0.4491397811931438
0.41026737223982274
0.37659613309363726
0.357312761799731
0.30234723173727873
0.3115199075367781
0.24851322029664452
0.24749092996602287
0.20308711500442067
0.1405859161785849
0.10940203427569009
0.08233992198385699
0.047168655277639845
0.021892800238235144
0.03643020831765872
-0.032418054748633025
-0.06219765316975555
-0.13469773456696174
-0.13371615106904614
-0.18292940443036249
-0.18693659725012185
-0.24661686614715111
-0.26140272616915494
-0.31536433300867356
-0.37650597639355676
-0.3395048389321887
-0.4095411639107478
-0.4152407192929978
-0.45438140495248186
-0.5505999847487502
-0.5680965181933925
-0.5896753619155728
-0.6151019141800657
-0.6252545228861565
-0.6766193907339971
-0.734783011310445
-0.747718452519227
-0.8217744541827043
-0.8183101971904189
-0.8471916637775238
-0.8124216088345919
-0.7703576299498849
-0.6890399350761133
-0.7148712710992136
-0.6844545351088092
-0.6274333984422674
-0.5928686920846848
-0.5557485241543554
-0.5419859603446339
-0.48974360649687565
-0.4363003186019566
-0.43729360503805526
-0.4049136090740643
-0.3740836225964813
-0.357574323791498
-0.30006065643939506
-0.2588821889716199
-0.20546216438100912
-0.23384916691086044
-0.16038678203727333
-0.10043103382423549
-0.11181603384325553
-0.06205334067884115
-0.017202130840944276
