0.5041865178195128
0.5004132466008978
0.5240285971490457
0.5934832560917263
0.608374115742288
0.6062908873013749
0.6077267062565888
0.6370444455980753
0.6376125729706633
0.5976831833503446
0.5990259312154087
0.5815349423826118
0.5398951605633634
0.5360204752982674
0.4968496808283303
0.4874350491490693
0.4013334116637025
0.3786417219763247
0.3094030404245782
0.26116997161398214
0.19957277114340277
0.17384047308186648
0.09305076556712225
0.03509043481151269
-0.019033751813124382
-0.11337497627719319
-0.13516045295014112
-0.18421530712336212
-0.29299828642750825
-0.31363529438636334
-0.36351509527478354
-0.4319937634564234
-0.40792698038435093
-0.47409762056797317
-0.5156737576258682
-0.5501484987361619
-0.6302071146745699
-0.5749234953602627
-0.6241115953296114
-0.5902423267798474
-0.6104246366389566
-0.5976422812151115
-0.6185605953937202
-0.5818193527569387
-0.5970294702534225
-0.5524130720419274
-0.49713015836959557
-0.5043406233152768
-0.43854150560367267
-0.4022744112143762
-0.380381530656348
-0.3408111476132939
-0.25653887121491753
-0.2636277279674307
-0.17030364588923183
-0.10919607742292284
-0.061489613362554846
-0.007481631086742742
0.07259676865021278
0.10666448148656753
0.20345055990746122
0.19882257725799718
0.2717072073758119
0.33152937591823056
0.3747678823821966
0.45135627593922345
0.4477481400026163
0.4723159479536233
0.5334730805258909
0.5338809268461133
0.5920712575763585
0.6475780192442885
0.6039574027152086
0.6240278898833967
0.6043078744721073
0.6232819954530657
0.5968282683939332
0.5682649096218542
0.5451092148545413
0.5600909434414669
0.5473119325044644
0.5029816537856463
0.4318641778157898
0.4163112355124581
0.3477361257018994
0.29370219695965366
0.25507894974078543
0.2387668035223207
0.11252331091334812
0.056630321336274256
0.020218246501140166
-0.03551626112868141
-0.0976900881809462
-0.13796238068180375
-0.18860169642365626
-0.2844252619242534
-0.32042364221785424
-0.3965292403937283
-0.4224598347013762
-0.42978069046751505
-0.4860794680550458
-0.5734149149147758
-0.5394742023250473
-0.5772145766031616
-0.5765047595275159
-0.6175369466320507
-0.6003252922322845
-0.605271454442906
-0.6320379842716451
-0.6153439987657744
-0.6217633692697
-0.5852907167477536
-0.5642601315484023
-0.5368138770711892
-0.4809739065699698
-0.48749478599328616
-0.43450687860495624
-0.39707320333658847
-0.34448022648794974
-0.29430286418248597
-0.23634952755714564
-0.15592343354181062
-0.1240333335219585
-0.041924026865590144
0.04661717492750519
0.060138517252209645
0.10555317728506441
0.18078801481144977
0.23057979805829273
0.2519735467831149
0.34228340606972485
0.3876697652759352
0.46202293240331566
0.4631110868127864
0.4676835811398095
0.5480593568303513
0.5855031851860212
0.5931440366119708
0.5846933490339864
0.6187771988709226
0.6304268416966281
0.6369251459618257
0.6144090225204846
0.6188158948747692
0.60729471543621
0.5600910758353632
0.5520440035187313
0.5364072873117207
0.5032858152456972
0.3921323120925547
0.3971418412363732
0.3729237285930542
0.3194019048011841
0.2595476157160798
0.21190347559815842
0.1274593137814904
0.11612604075932542
0.03764857499224763
-0.04646205590818478
-0.07333917985611864
-0.14670194038901632
-0.1993444004317025
-0.275862373712557
-0.28832078866242555
-0.3480410321398051
-0.4123731884627561
-0.46662929647624246
-0.47695252443461006
-0.5460483286255295
-0.5375056576461849
-0.5662755374591435
-0.6142899609373333
-0.5872276216638337
-0.6413273482848906
-0.6168899335020709
-0.6232042438953289
-0.6332181769910389
-0.6118766764374598
-0.5831349419683245
-0.551177224117936
-0.518139934918326
-0.48676567609600513
-0.46483760272914043
-0.3690897248469627
-0.3535206437644268
-0.3180512493777529
-0.291501388186105
-0.23183969248138556
-0.16702013581962205
-0.11634823254034304
-0.005894312010359087
0.007998189610971923
0.07935161896928712
0.09662109600630284
0.1913462210168923
0.2448377247443796
0.28038393048619054
0.3520575864080623
0.4090255675276077
0.42503590479977543
0.4685574626325094
0.5074783367426572
0.5460298879988975
0.5753207432462305
0.5760800331616329
0.6232314059868342
0.5976894632361699
0.6265078386545428
0.6696148544539998
0.6195334925499585
0.6152188204271556
0.6026362153749888
0.5819624157259766
0.5347219170813784
0.4968823112271425
0.4962635426298693
0.43481976840708514
0.4243982790809053
0.3659608345681064
0.33058195882162317
0.25585302999135917
0.2008193540489528
0.13571351727635764
0.08464821629759813
-0.002033319748389051
-0.033283062229334054
-0.10450404623020688
-0.1450296953711118
-0.2110620502000536
-0.3029110493639471
-0.30901692411247245
-0.3867580790227077
-0.4469373569126508
-0.4135508479395497
-0.49007270338682035
-0.5234346062830235
-0.5496019893755051
-0.5501573755493063
-0.6091163188006405
-0.558419208129051
-0.5980156566241969
-0.6080948209436106
-0.6073454588299341
-0.6070514960121365
-0.5751661779254039
-0.5711746131023292
-0.5405516583809818
-0.5686952831876919
-0.47767884311442915
-0.45694276584744076
-0.4347856674732749
-0.3426532270088269
-0.3383026154529797
-0.27380844107257496
-0.26002444146964704
-0.20241972431882288
