0.14033962786256793
0.19521987655280687
0.18953476312887074
0.20262899358065206
0.24292747970401726
0.2561778805309848
0.3198175931383865
0.3335471789302721
0.2728503673175104
0.2543966732536018
0.21645222267235675
0.189350478193067
0.17575644742672247
0.16039802616081533
0.09990278276019764
0.09151162998282353
0.09423890628322934
0.05619983317123448
0.035262497207019336
0.01981579114763993
-0.04797627776492613
-0.04509388758043504
-0.11295994918958407
-0.12029970277794982
-0.15624669987407236
-0.16683484444613747
-0.20368095560426208
-0.21456056559407316
-0.2771686049902641
-0.2699454265448192
-0.29980998701964223
-0.29189192752902626
-0.3184648868003953
-0.281309235430866
-0.2416070512950831
-0.2044292675372714
-0.1735346961120122
-0.17060701604195835
-0.13955824318433527
-0.1466850763051358
-0.0824423228964983
-0.06712962244869337
-0.03367897411258799
-0.0032602820032668
-0.030196003285415888
0.011663361884765074
0.052151556931290755
0.07790895221086676
0.052171804421112675
0.1468496299780305
0.1406450466271364
0.19337284474812652
0.2631234437236653
0.2037544622855615
0.22188417951352926
0.28213680447446643
0.3252338658674784
0.3389757451576562
0.2802977692633835
0.2761791519695464
0.2469244926948438
0.21574341310020118
0.17908340915478183
0.13450549874536433
0.13711846607915726
0.07487302145608168
0.07488058350730249
0.015076106590641472
0.049892969283287694
-0.0017646411366105184
-0.03854600332533402
-0.03308661229115616
-0.0952580989743655
-0.09834672998321112
-0.11848049208447738
-0.1974841142839358
-0.23291377635589208
-0.20825488220146726
-0.21991737974154033
-0.26227412841787406
-0.28334235144071795
-0.32930525732799154
-0.2717529812887477
-0.2757208821500419
-0.2745256461988055
-0.20438243041452098
-0.18583267165657594
-0.18078461062840848
-0.16935982925852336
-0.13026659230690324
-0.08999242411050594
-0.06736872863964659
-0.052142106824194324
-0.05399659166749024
0.0160306873010712
0.011176544339132705
0.028233906690204834
0.04714181361859984
0.11987220561291811
0.13178835274135758
0.15999170441220784
0.2096718543617621
0.22373847539306632
0.26716237567955564
0.26451854313661266
0.2947203177966161
0.2914080727273644
0.3223061404371774
0.3129158513886696
0.2429010144709699
0.22285704360153014
0.20892015777164266
0.16438754257661983
0.15836005095708383
0.13202490085467414
0.08591102125075918
0.06334546175378643
0.016282814795067255
0.012768857863749468
-0.007277846103718401
0.010163336707963856
-0.06097591246627421
-0.05804555778909333
-0.10883692244876479
-0.08406317136955858
-0.15284256785374917
-0.17837535936249785
-0.1682759982470921
-0.18631195248708055
-0.2740933185218925
-0.2831855935038714
-0.2982234440833049
-0.3275544060596211
-0.29599007748965944
-0.26078859842163415
-0.23861289026055765
-0.2020361438947572
-0.20577507847243032
-0.11914619132196566
-0.12497711722421757
-0.08924761744032408
-0.08400516191226483
-0.03430530484192676
-0.0301586379027698
-0.005170855522150745
0.04838817333718384
0.0640898734090337
0.10003329553414889
0.10397574929955755
0.14185802647158643
0.1303848930385063
0.17067331513933495
0.20170886474245667
0.22477136250303073
0.22851034259733286
0.27838719677264945
0.3311774217076527
0.3014175622480417
0.26119027028428116
0.2789445258757915
0.24572301632985916
0.20558143623754668
0.1990788499373334
0.13992320079674672
0.11124172093857754
0.09271567039418795
0.049241920737212674
0.015253043495862102
-0.010868266594908426
0.008032841708576799
-0.04135502894067
-0.07599513080771754
-0.14486497792695413
-0.12310400396143066
-0.10582965624830823
-0.12944871739773395
-0.1698485404877464
-0.15888557536468054
-0.22544790137660697
-0.25952875613174725
-0.2638447837253028
-0.28786894768828136
-0.29160659241809417
-0.31491343015923307
-0.24124193784614353
-0.22996809413129493
-0.17734526505730644
-0.1701262806017769
-0.17332295618219937
-0.07704880223027918
-0.09882643446934208
-0.0840458622646802
-0.07009710394786949
-0.0716244961313238
0.031681083275799146
0.03679283533820503
0.05935811786456764
0.08206909467849459
0.1286128905260539
0.15341537227295785
0.13327948468067927
0.17916516484738293
0.18412142800157402
0.23322080090403627
0.2932814059373946
0.2875092256060755
0.27379503785980824
0.3178415907650882
0.2871808267584512
0.24680830622207797
0.22058078001169032
0.20740454320020504
0.1835958175677694
0.1299082567118128
0.14447544894337977
0.11027285501424429
0.06722519453911108
0.06326854736193244
0.025004001730909022
0.005049415408049952
-0.06589775668594941
-0.011003603510208959
-0.08802194047195783
-0.10029499018404109
-0.12281197706699692
-0.15806344869457636
-0.1752621337745878
-0.19361162663801315
-0.20167307721509278
-0.2646235227160982
-0.2814895516293501
-0.2997205079514399
-0.2770967443068099
-0.29720505509228684
-0.23863467650528056
-0.2045330879884188
-0.20232340679901725
-0.22198465975292175
-0.16080934437513705
-0.15732824794149755
-0.11801012154463916
-0.07922309513643112
-0.0657756429299994
0.005195465276576126
0.0027935681178314327
0.0023432239654879346
0.06096054260440223
0.053109276234003154
0.0863937918445359
0.09743324394226063
0.1408524928739751
0.18157364483353627
0.2094866926412467
0.21264968971369883
0.23767415282539253
0.2831903607988972
