0.08036892455723077
0.047530629866807575
0.03538492281822954
-0.028385936339811974
-0.021115179218056897
-0.03463468331737267
-0.06855487891894638
-0.11537155282518757
-0.15488919029484155
-0.1818521814372759
-0.1868673315883508
-0.21046785866201134
-0.24362964225404402
-0.21535387311099863
-0.1995674760651147
-0.2826410322291525
-0.27591295173296426
-0.2651309057208684
-0.30796933165901674
-0.2761890335878315
-0.2945800642627434
-0.28751597196879514
-0.3010412250880146
-0.28521456368158665
-0.2883831883060515
-0.27402850342046553
-0.25284194861895287
-0.2217001256597619
-0.266530346763295
-0.17491270916269955
-0.1620467848253158
-0.11686217827955436
-0.10579128906815057
-0.12609769240494434
-0.10956274542537878
-0.03370959717395398
-0.04193328768125951
0.004912550137536276
0.05065653876489708
0.04747170167090027
0.07586602846014773
0.12858563179253435
0.15160526257412055
0.15187212305206765
0.19858400509042454
0.2082371083098232
0.2206350936831365
0.28556341628772647
0.2258143485924175
0.2601469836332811
0.2987228207631138
0.2723249877749063
0.2939465850675775
0.26610429593464774
0.3076343515920062
0.27956492625827023
0.2737165914138065
0.27613436333361185
0.20633816303985358
0.2796099590606482
0.2435360959579896
0.2158818025513242
0.20813344119934765
0.16749002668331203
0.16945150656673688
0.1305809232530415
0.09222143705189334
0.08612037858744807
0.07401356433985029
0.02504533554004183
0.010331926538169743
-0.040936425615679166
-0.05935495236045618
-0.08347378553914155
-0.08518994454613484
-0.12729019447401546
-0.15700854796721572
-0.17657454083089397
-0.21316903700212816
-0.22971853606278553
-0.24488496258534959
-0.23238216109979257
-0.2799160304605421
-0.24118450321073376
-0.2578709281383231
-0.31625874116838665
-0.28921910444329696
-0.33401988440750413
-0.3098245888416542
-0.2903061845083701
-0.25767951694531177
-0.23403741325408683
-0.2652245873151196
-0.2350926980220246
-0.22466152237797085
-0.1964188521249373
-0.16260545775750507
-0.16779298673294082
-0.14537114276918417
-0.11336342968994234
-0.1006625248501222
-0.09538973347941074
-0.01642085296098265
-0.03138731108352521
0.0067638127800697615
0.04678364211498069
0.06338681164448356
0.09003911019279487
0.08972741872217355
0.1397701744539019
0.1861767024397965
0.21364127454822737
0.2145562772788618
0.22001459509388682
0.2217202862650604
0.2592420140395338
0.24109062828078762
0.2612083241618463
0.33145977809213917
0.27652905333701266
0.2625047395442342
0.30545907430601815
0.27370890867288794
0.27191528894628897
0.3020799845699417
0.2863927992920766
0.25924643263354225
0.20174662007693778
0.22751092403049666
0.19382526722993418
0.18237962985959702
0.1457594489232438
0.144156911087654
0.08359746130826393
0.0740761894512364
0.0744719034365114
0.03319789536099849
-0.04802726785245838
-0.01555427518175554
-0.06478890963626449
-0.07420524983301681
-0.12700414396399512
-0.1576056946381019
-0.1915673312172232
-0.18864314837730747
-0.1931272755904861
-0.22269471207931954
-0.26911502396932324
-0.24715892916788604
-0.29803955734699983
-0.254105654408146
-0.2885133424615927
-0.2917334016917983
-0.27422638986747416
-0.31526185823152153
-0.2907063911408295
-0.2706818881315799
-0.3004839854925278
-0.2564963763568766
-0.2634786242149072
-0.20764272074269147
-0.24339515415023058
-0.18581349152789187
-0.16024026708994452
-0.15570970097673834
-0.13095749967787818
-0.15053709055971423
-0.09476815975651265
-0.04407717187375752
-0.03892062206470651
-0.008391368287482319
0.0037497996587583897
0.04896441911244562
0.06481759779562325
0.10055816164021211
0.15830988334800056
0.16338431498747238
0.19401646263993005
0.20564172114710877
0.20824661828303004
0.23502052479372618
0.24055315950908182
0.28660703335944215
0.2580166409991666
0.3139716118318882
0.28731867543982487
0.2606796730342745
0.27701068482215097
0.2750933782919469
0.28735685432269115
0.3044124326459432
0.27792347584509275
0.24426880116282226
0.2212752854936616
0.22122973973284388
0.18806598007266748
0.1660345416125392
0.1546172758105023
0.10262745236615889
0.11524828386885352
0.09477209309750549
0.03157731215679089
0.03234363419655211
0.0019572367581229162
0.012346917921388964
-0.044948942329251035
-0.009283146186036845
-0.09792452751127595
-0.10802966099346724
-0.12529740085326635
-0.18087395688976543
-0.186261725546286
-0.1857158484091253
-0.18571251362588065
-0.25524450086081746
-0.29166666282912684
-0.2809236198631525
-0.24568108370225378
-0.26864503376327703
-0.31023033781456716
-0.3312290165353835
-0.28065255447000587
-0.29655550392890784
-0.31547705310578544
-0.28085844609330307
-0.2624081520813247
-0.2598145907620008
-0.2579707314378578
-0.22612032347120414
-0.21508428255677417
-0.15723622818027277
-0.14281481961870857
-0.1358652424786216
-0.1297708967516375
-0.11098016731212734
-0.039133085176878794
-0.012253090545581775
-0.01574481800896066
0.005324544979632216
0.014671099054486325
0.08282484077866008
0.12815846096506792
0.1256251905599366
0.1659647762360685
0.172842159913318
0.18110237816310115
0.2357204434842408
0.23563609500646288
0.2492220231484397
0.2361119709124678
0.26338379810759033
0.24849852726890392
0.27636197062219336
0.32595382614394397
0.3055123749751601
0.2768589487305685
