0.535413902064869
0.4862530487075157
0.4912384999838552
0.5011287669037173
0.43270054816803766
0.4394330001571632
0.4098253086038413
0.4166388663695986
0.38581205496353455
0.37726381271201614
0.36776574777531107
0.35881480941518834
0.3218644655362228
0.3322553877978516
0.3198527861565057
0.27880868070650394
0.2732834232075937
0.25435192411515206
0.2519261353410328
0.2071010669130125
0.1958003778692661
0.19416951307813138
0.16577011741656367
0.16555028372897027
0.13234923273008894
0.1329109413657585
0.1504881076556357
0.10312907531751293
0.11106904780195871
0.049535838495111645
0.05486656567088572
0.004943571821966149
0.021417342543928818
-0.014945079745370262
0.02160716727681226
-0.02137215827926413
-0.04656642822448229
-0.04929220455303311
-0.0654045765442722
-0.11414906047845977
-0.09885946874573688
-0.11846706171452256
-0.15242064729688656
-0.1269819330782297
-0.17412640525072695
-0.16034842936154423
-0.2146306023122882
-0.24531844798755634
-0.2616354631557703
-0.22407677168979614
-0.2593618891797207
-0.27694332182214804
-0.27432716030932425
-0.3328423383222752
-0.32803316503780555
-0.3243353421379394
-0.4030369322354944
-0.3595537881383616
-0.38727258297219946
-0.40578012498680827
-0.393565456568485
-0.44915685832934976
-0.4860963525665521
-0.4215450021523789
-0.49537702356973007
-0.49567748258483874
-0.48574197269056385
0.5019579185799624
0.49957374780814384
0.5105731316732797
0.4572828644337109
0.4829614194348975
0.4366637230890533
0.4277895239449193
0.42215147689624044
0.3690021830701149
0.3872544543314857
0.3700735399337049
0.3125172247230954
0.30736747684093
0.34140183752625847
0.2854968749408933
0.26038471920988787
0.26872421990536965
0.24799673842145714
0.24253857154793837
0.226735804141586
0.20276483570272733
0.21527125342769568
0.17492622305611583
0.13474568102943382
0.15438614732049055
0.12438048000399043
0.12598362530850468
0.11083373446593094
0.09419715256540288
0.04963778957815625
0.06034166905602189
0.04146661658572427
0.02800285035445011
-0.012052535922295075
0.010604949675200268
-0.03388549520209644
-0.041812037541106455
-0.04268799012094816
-0.06950238671081883
-0.06925520297547061
-0.1434338560461484
-0.11545697908702038
-0.13778708066983975
-0.16539537106802676
-0.13501950895831005
-0.20295832712037354
-0.18078605368210157
-0.23034928159102072
-0.23229147575573528
-0.25695927444085875
-0.2807762050098059
-0.255786460692867
-0.3055690004441928
-0.3129601116299496
-0.3063559835748922
-0.3277991757184712
-0.3509290284809158
-0.4054346215019636
-0.4266319964459411
-0.4050804241667722
-0.38883193611967026
-0.4491618033674186
-0.41996717999365246
-0.47173915899012026
-0.4467435796105646
-0.4334209298931604
-0.5333188309884228
0.5358748160860812
0.5309911080747987
0.4747480862125832
0.47850019670533844
0.4627807540816158
0.4566336404744927
0.3959616694875074
0.42922819205369983
0.37345949845093496
0.3927521784651626
0.36063063015765406
0.35994800642075964
0.34108242216024454
0.33381931467361387
0.30342489264247147
0.2890506504206423
0.29458759689742336
0.24496525082476275
0.2136371766134561
0.218813979157057
0.18759215264442125
0.18089600438117154
0.18405320869561942
0.16143536159542243
0.07349087837311696
0.13059785841402774
0.10025831384991425
0.07080075861039076
0.08128910412260358
0.05436811684935133
0.07616206771881184
0.008549661111355172
0.02136757128646903
0.008084401886116782
-0.002930496772695976
-0.05088867051074199
-0.04188228496312603
-0.06356647080411829
-0.1210604680831538
-0.0914401142093002
-0.13990880342067086
-0.14951314337211624
-0.16574048169662456
-0.13138554007149175
-0.19209972337441084
-0.1882107372779377
-0.23288517935941044
-0.23555645971359218
-0.23738906465870205
-0.2845281878098661
-0.2572276141940099
-0.26164724305574066
-0.2591039716100921
-0.2743073502280966
-0.34435181949687477
-0.34105750319347633
-0.39954387790112633
-0.3902051697881659
-0.40774986057969076
-0.3882994064392086
-0.43191569922194845
-0.42972523759838893
-0.4282968346037415
-0.46719031959621876
-0.5033621861811743
-0.5157276905752477
-0.49366024582315793
0.5686899897973945
0.4730417494607207
0.4792737797047694
0.47937811903160715
0.4605769603528067
0.425697669144488
0.38425000744525234
0.4003739001671963
0.4237063841487735
0.416425046745832
0.34271026775963803
0.2950535452551544
0.3165604087745766
0.324570010234609
0.2725693624394299
0.2866906351866705
0.23435893285032722
0.2747885691061711
0.27258132934726725
0.25114822249585206
0.20276225586055424
0.19449961322651577
0.1793263941706656
0.11038842387194202
0.132208711491082
0.09845660340742265
0.09621797244754067
0.06811613537765476
0.09134306601839928
0.05896445225277195
0.03910687758008701
0.04972018795142149
0.03205289572018465
0.006423986213071354
-0.006738419425306973
0.0069731545774367396
-0.056963627324427495
-0.04117692430924642
-0.08119183959181045
-0.06860761944494116
-0.12363627809181157
-0.13704650831221502
-0.13753697161848832
-0.13960151985258648
-0.16728901954843686
-0.17808954078517197
-0.1766372828380128
-0.24331863184705682
-0.2696002356726605
-0.21607588613187553
-0.2580171583972795
-0.2994120072104604
-0.28467660301532477
-0.300958469117397
-0.34914863857527517
