-0.2709484777554866
-0.1877544922215651
-0.09255485353517551
-0.007689829345321694
0.08161282770543213
0.15736222575758596
0.190749322392442
0.30611453982667663
0.34189892355640256
0.4572444345710702
0.5677761584923666
0.60433667684929
0.6852035496242479
0.7569682024545835
0.8381323651592749
0.9267399509611961
0.9487680305776486
0.9144126639486686
0.789952999641569
0.7460729078547998
0.6607649194384171
0.5862893809832557
0.4759510228906063
0.43305092025713016
0.3193676904073655
0.30152105578547655
0.1770299082457628
0.13686774924402645
0.03070302568830959
-0.05256344267082722
-0.12605413050350175
-0.20280279949048594
-0.3200476629894776
-0.34872141804925183
-0.42535778480844455
-0.5167101858095268
-0.6088379325229265
-0.6602647040143609
-0.7395015546860729
-0.8201187131477868
-0.9019464876687462
-0.9421917824439776
-0.8722366996596089
-0.8076285749334768
-0.7167860857458228
-0.6156174865421961
-0.5528235435833911
-0.5018569205181487
-0.4402569056092456
-0.32807278797604805
-0.25042741287495807
-0.16302169547671527
-0.10851735487602747
-0.05901331398552273
0.06288492122948171
0.14667689778116075
0.19811744206483603
0.2624459089095112
0.40281728003036715
0.4636542404823264
0.49272463540134864
0.6269061400800451
0.6808932068258856
0.7649697917718681
0.8283783864272193
0.9149193260425622
0.9621118654118813
0.9188159170394254
0.7876700958183885
0.7346270392937334
0.6322924065907979
0.5900226061630728
0.522182115430093
0.3878504198117244
0.3768542558847663
0.2716982212252725
0.18600964851254395
0.07952082010839863
0.03154326827909394
0.009845040429552462
-0.13611535013517076
-0.2036973962773207
-0.26392287276962667
-0.37204207904763087
-0.4578558392937101
-0.4988372738921698
-0.5841604313778408
-0.6832674061535242
-0.7506047056166999
-0.8197124799915447
-0.8707336866083952
-0.9635689770161207
-0.9181723635525223
-0.8623323138520639
-0.7482645787824387
-0.6609728811274795
-0.5973429109142528
-0.48590332629800015
-0.4309150181440702
-0.37044026304683914
-0.2552643735699882
-0.21443959896410308
-0.07980689459830563
-0.038385875189387964
0.018068128624682638
0.1018144956291348
0.18947993837571087
0.2706769624712795
0.3252599288839758
0.45109886272643
0.5109078565408061
0.5866783796713183
0.6901061744892096
0.7346539944495347
0.8293787799009552
0.9114678090817331
0.969692640469939
0.888339387944874
0.8122835376224911
0.7373294083942781
0.6483394382563834
0.5798590605942012
0.517837598006887
0.44480215998867295
0.3813881910392633
0.2494743618753624
0.1947191257217774
0.0972709076682378
0.053807687448554194
-0.02620540808986093
-0.07146464624451546
-0.22165111865955286
-0.29107348444243264
-0.3341067638004715
-0.4201495330032022
-0.5336080797735789
-0.5984101477373845
-0.6779952002472056
-0.6994396737618043
-0.8249772584544897
-0.9022895397183943
-0.9793920591782775
-0.853259294739494
-0.7951766384604784
-0.7110237481952548
-0.6441234612610163
-0.6150415737855853
-0.5096680787271518
-0.4279881344001615
-0.34712222614296756
-0.25022667561740897
-0.21999175984153516
-0.11518679811777946
-0.04320656824920647
0.028344268665973917
0.10642744082906408
0.16489767689053217
0.2486161438828291
0.3282808589006524
0.4341298898972561
0.47361973801869467
0.5864170706743862
0.6359726333754492
0.7268724562869171
0.803104603599982
0.8601409521328223
0.9680582522161754
0.9010199976743452
0.8284087385485612
0.7263685308902156
0.692739392396581
0.5912884054061631
0.5177567022287933
0.4347302280647808
0.3642655915072355
0.24555314604227552
0.15750200299651468
0.17376134412262978
0.03441982263739989
-0.02299434791568978
-0.11429809902737754
-0.18629107561348482
-0.2717084946727989
-0.37805271213276687
-0.376882834011105
-0.526566228892329
-0.5549981877965882
-0.6389785291252996
-0.718567002723815
-0.7886644089949814
-0.8899144185912772
-0.9812528688732836
-0.9061161564450102
-0.8445993941937359
-0.7331889203693022
-0.7035475985170897
-0.5997719917622815
-0.49761156257426
-0.42251572755239525
-0.37587362248766654
-0.27645253636560696
-0.2174228322685427
-0.1359372674502432
-0.05680191154690224
0.0163387921186093
0.07246513215398775
0.16892434073925836
0.24134147760791366
0.3266866878726216
0.3883093512661976
0.48684226655720625
0.5693004331672963
0.596515829147715
0.7124832809337801
0.8189377514986977
0.8689234266955789
0.9676221199702062
0.8837807618319425
0.8433243430896198
0.7664774931934059
0.6786797450035735
0.6081167515689326
0.5062897891952348
0.45267472310320717
0.37807176447745217
0.2587173134266069
0.18815774971402216
0.13901730522087336
0.07545291320031666
-0.027421707217752663
-0.1167414186720209
-0.17959316954767263
-0.26883804390820776
-0.30838120416187587
-0.4417203538492121
-0.48193547431367756
-0.563183178336307
-0.6308869469719126
-0.7059605751023879
-0.8041189986653439
-0.8377637056515184
-0.94116953638375
-0.9169760172534461
-0.8358364592110984
-0.7622548780675313
-0.6889600703535607
-0.5935214685829865
-0.5555262369984574
-0.4483194609300249
-0.3861506071101929
-0.27282621317003986
-0.2415847339584066
-0.15429796192833098
-0.03402333090214822
0.009156271560438564
0.12225698290145154
