0.0016607064375257358
-0.010322863068943165
0.009850055705270908
0.051470413841391255
0.03920539802593524
0.09972545136041017
0.06313890507424816
0.05571717200230012
0.11624484444886168
0.13162573168411035
0.12824162851554147
0.15466528397757065
0.14427504784229023
0.12244695724612616
0.14274136636833548
0.15563436959626345
0.14412627921295884
0.11541420129173277
0.1322566312098593
0.12220314831734053
0.09660819451881766
0.12344987769535846
0.08847234734132027
0.08331948064697121
0.015534612066446744
0.010423772778612884
0.021642950228914354
0.01368523932161129
-0.022574145937566063
-0.06506165176762647
-0.061951143323736794
-0.08274342130766126
-0.0743123851379336
-0.13390989529276426
-0.11492570567193292
-0.05094592940222417
-0.1560299110224233
-0.12179197598645938
-0.11537599299559645
-0.17297458314814904
-0.11743254185766963
-0.11527826963788684
-0.10975069242024067
-0.12373837802431681
-0.1451183364102198
-0.12400793383514867
-0.08380867051424828
-0.06623128575713484
-0.03966710803532372
-0.03902737094107954
-0.018749624756505635
0.002896011518413089
0.0148185867757116
0.009117656856934966
0.033928561362565605
0.07614111905317106
0.07776966496278814
0.06961355512250246
0.11051034184192733
0.0994554473360359
0.12945162316229314
0.16572408683441014
0.12780349574927993
0.16066597493097776
0.11952428569652335
0.14398168351510646
0.14466400821542857
0.12016633406931522
0.098786560778386
0.12727846374569318
0.12114446081605741
0.09175358223163863
0.08337443863335342
0.07981168575671946
0.070672464991434
0.026261418834043468
0.016182992415691492
-0.017219755765508226
-0.007234712599876857
-0.022302627231573585
-0.032882533617197826
-0.02876311816803337
-0.10292520781834566
-0.09896498255990739
-0.11189536079788688
-0.13748370769191887
-0.09680772517043867
-0.15383543356698154
-0.14324808410764306
-0.13090089360938126
-0.15650769865106873
-0.12277646946808732
-0.15198183794174192
-0.14527520561167356
-0.09266636119386967
-0.10282129075075548
-0.08350502276322384
-0.037170496664191546
-0.09519226505768151
-0.01979032767590342
-0.04913316841976671
-0.015796391001755696
-0.006145893478086307
0.00945843025501524
-0.002162617290150319
0.035136008630143156
0.06558264976326221
0.06496450231893021
0.09213836153824148
0.14011598568254557
0.09607089128764662
0.1553109654328148
0.0966790693289814
0.11945093196432478
0.14373153067806235
0.17133456707109274
0.1457795146986457
0.13167662508004596
0.14505059543567295
0.12463637791346856
0.10964942214234498
0.07813975126741815
0.06303674039375119
0.0667041963162035
0.04341455062020208
0.0035097355766838777
0.009880729356476563
-0.023743986665426438
-0.045805003620304305
-0.043477730162426516
-0.0612079622210695
-0.078863280274261
-0.07322066378266488
-0.07185312496871646
-0.08960543530680302
-0.11040519663129506
-0.12805252498345004
-0.1137671402896443
-0.14409331753048116
-0.1660030654241665
-0.12875607880064152
-0.16213267748369883
-0.13981527327554724
-0.12800993381999223
-0.1172342958293324
-0.09480438961015512
-0.08537269822613373
-0.1036727921781095
-0.10449153096634703
-0.06375174631059309
-0.048741530414888844
0.010550683337794822
0.019592013517169993
0.06494587478397493
0.036590620066821095
0.06926834379144518
0.058752911693747224
0.11488366133805324
0.13228744069098128
0.08916780384805142
0.12411161801923522
0.13321079436013106
0.14385282964878254
0.15750728332385908
0.1530747813259832
0.13936368743279118
0.11652727659869382
0.12682584151978282
0.1121815039224584
0.12574353895424026
0.12920239593727872
0.11366571015295648
0.09782430037934278
0.0597163534897901
0.07833255443311479
0.022972188871298926
0.004429680689188711
0.007124298823414608
-0.04478555028860262
0.017320613560101936
-0.08560861628521663
-0.059014396954097825
-0.06861464196684419
-0.1018449753194084
-0.1240884195945155
-0.1279433442291415
-0.09780887515566722
-0.13760767497719237
-0.1208102191335649
-0.19929904180798275
-0.11328916454580558
-0.142302067454644
-0.12157203215838193
-0.11710524640294076
-0.13158671818344914
-0.12269855617045405
-0.09878678918995304
-0.10260536751971587
-0.0962285243851299
-0.0562525560767842
-0.0489138547308429
-0.00489652822871367
-0.004070833031737442
0.01615356227159124
0.055368402212682244
0.07161735008103573
0.07065518561450719
0.05694234228980853
0.1045315460239894
0.08808066666556635
0.13164329881041656
0.1354418338196421
0.1463138540852406
0.17712573351485777
0.14644622859657297
0.14752569099453391
0.11766752192795311
0.14328573115484045
0.10409017281703378
0.13080961628980364
0.12138714009721766
0.11694064508859617
0.08019835150127873
0.04011443538039304
0.0775928367649576
0.02955681076608908
0.028260612298372033
-0.006347400581347164
-0.010535433335743846
-0.017163732232147764
-0.05961436445564655
-0.0858567875150594
-0.06351428996474599
-0.09953859306252286
-0.06913000073467557
-0.10048837097052657
-0.11414350115230802
-0.10360699215415797
-0.15784519632181399
-0.12154968965864901
-0.12363576187104519
-0.13052531793990535
-0.1366566628006607
-0.11852094862735087
-0.15358438997001012
-0.08503706366777464
-0.06164587545023385
-0.07018218333305357
-0.10019109429534465
-0.05354252523888435
-0.06606269137521781
0.001200700401150681
0.019280500852573962
0.010336327612087522
0.01784284715564223
0.05037378227450042
