0.0674702558274822
0.057102788736434026
0.0418603500668735
0.06736522535038743
0.073111635487322
0.07807065408730024
0.0626578997766192
0.07021241679763
0.0666883426543622
0.07185916950317983
0.057909275706990046
0.05297093141873955
0.07244962554436735
0.04989285487324453
0.07070197033895095
0.10500569707988788
0.07435942752181934
0.07714662220921359
0.08150564861426846
0.07604508883660709
0.08320906851712652
0.06524484262583345
0.08759115943219754
0.061990708449151055
0.0918833994023322
0.08055701103085178
0.0249120351366812
0.06916326278303875
0.07701234725836753
-0.05337836911108334
-0.045358525365830044
-0.04480630961308141
-0.04734879929000225
-0.04664878739903461
-0.04790768399469931
-0.0534567030165518
-0.06492537493291578
-0.08974115608939694
-0.06640270785037004
-0.026098344855880487
-0.0344116474572316
-0.0641582289184462
-0.0774515157033475
-0.0850937295804309
-0.059176017672160484
-0.07558661438959335
-0.08950496664780047
-0.06497485762832371
-0.0739617123239708
-0.07673691185659157
-0.031000446212261827
-0.057955962140237086
-0.05951463052597123
-0.12647525899328285
-0.06990839687677193
-0.08677078557374432
-0.0693770278848207
-0.060363286621938725
-0.07045962684098894
-0.050898780289425946
-0.08050180750447654
-0.07177163523976986
0.08223953320585192
0.05404869343896265
0.07618824622188823
0.05897908127564609
0.06922479624565823
0.05751085219592858
0.06571171059400778
0.01621110592426829
0.06899315234659098
0.06930628196337456
0.08907139770871009
0.07034954868773291
0.05755703542522544
0.07722066285868302
0.04320448200753367
0.08896251788246436
0.06332171482707251
0.06726161970825002
0.06901292855213348
0.03768022298342011
0.07280828009025361
0.049612531628596274
0.07119146660007945
0.05594170060680658
0.061230061603682696
0.053198953096376976
0.05974001960296782
0.08389780622429702
0.08099619981672382
0.07470661333253731
0.11843217867980432
0.06915216419196062
0.06438327969294506
-0.08625960403257248
-0.07008605652911193
-0.08335678556783943
-0.03334618729651416
-0.06740358202934184
-0.05530544504834738
-0.04340894827122567
-0.04712405438762202
-0.07546809106368715
-0.10639825919974594
-0.08774447513547456
-0.10348292518567195
-0.08408592278948614
-0.09415334135756318
-0.06429023251260553
-0.05253042052334052
-0.05568187827173383
-0.0638602774728071
-0.08846919776692155
-0.06578474058253414
-0.07821590889593202
-0.03533245743315303
-0.10346548816995449
-0.05921554036043221
-0.09303350260538445
-0.07371205192760791
-0.06397504849082625
-0.055725847318666824
-0.07151036420267054
-0.09332580117443953
-0.05443947180851434
-0.06751266662935027
-0.07593368653288138
-0.0777089824782434
0.06351710934215805
0.06253167596541215
0.0569197827781071
0.02648235052959204
0.06340052626449996
0.06562700593708184
0.056446755540007505
0.08861515830876537
0.06565034195778593
0.07493530745991059
0.07526128017583686
0.09138410870750346
0.07389194177938366
0.06173801697522759
0.07164501992593286
0.06520742365942811
0.07653016566109094
0.0788234402284015
0.057828189865413826
0.06948685664705123
0.07125545016003186
0.07406155854410841
0.06610156008501791
0.06104668599280072
0.08002035586520849
0.054369429100400574
0.07067893565842574
0.06491486263383539
0.06538791868954662
0.04496066629381279
0.0640939708106101
0.06894559371843156
0.08473191655792489
-0.07042887486322146
-0.07761902926068143
-0.05338304563997272
-0.06397099158494905
-0.08440176310562868
-0.05460185869104187
-0.09407622251901003
-0.05506026042294241
-0.0729522099840347
-0.07541995213973166
-0.07122646851349387
-0.06318759080944462
-0.009155035491420327
-0.04031582830919275
-0.06294698999042467
-0.11408461920966154
-0.06093628098835793
-0.0628029414743912
-0.1037202963486675
-0.10278746844586387
-0.06253117203880214
-0.060478354363634364
-0.11259318287169073
-0.09418174875758692
-0.08949795472099271
-0.07177095271556774
-0.048720050375250186
-0.06825957672841812
-0.04495569706272248
-0.10374291390038713
-0.08753373148870852
-0.07235548567313278
-0.06870319584516507
-0.06189074920805144
0.036564717812103555
0.0560382770513283
0.07015817397219036
0.029570690189558595
0.0649982072677612
0.05665148956012249
0.08140786722692178
0.07843205596678325
0.06751830777617279
0.07058519437699862
0.0650286467503689
0.06453112655219251
0.059104332090079766
0.035428145571987237
0.046930740411699146
0.10203972299834571
0.05393813265068864
0.0920269831875818
0.03539269093318015
0.07990828475754765
0.06555868866086385
0.0832247264964935
0.057554653880611595
0.07307068981446722
0.05646208332862392
0.09224760909600177
0.06736669178010662
0.06302356752287211
0.09384108287437183
0.07321730526326539
0.06615073987247194
0.09549108398312
0.072529795336887
-0.059348144674134136
-0.06348520661820455
-0.04697282163574036
-0.08019946977554997
-0.06075686222831222
-0.053947130097583694
-0.08926610368782166
-0.06305557840708216
-0.08555360776263234
-0.10529245395754022
-0.050996535374336044
-0.08092225173993758
-0.032948550186656954
-0.103036761478288
-0.10586628565704861
-0.056745798964715335
-0.1084460189177173
-0.06832286722616523
-0.06072299976090572
-0.08484797823851936
-0.0701967400210365
-0.06251038392525969
-0.05386398389466344
-0.035046766775651814
-0.08525310313164557
-0.08279877558677831
-0.08460442870392507
