-0.10206954555930992
-0.4513733276561002
-0.16272862562072843
-0.2994842652964394
-0.4526147024508592
-0.2557751265318317
-0.22501810535869038
-0.5271241032662144
-0.5458751666777891
-0.287976227814893
-0.5033967381589008
-0.23190372726673625
-0.37249086420139355
-0.09059894905279206
-0.047285260544738944
-0.2855261274722556
-0.13444687132266953
-0.3609382293971564
-0.5937576969854498
-0.12461093137184981
-0.3614726329421115
-0.3527703325692392
-0.29760679815456614
-0.36508048403502896
-0.26429069679514267
-0.07637439450238635
-0.14564948224975544
-0.421172836703913
-0.13056965988552666
-0.2199723474783233
-0.0628913042524328
-0.2125125523239235
-0.5961138631670889
-0.21812202943536868
-0.0778096596057925
-0.593029407844604
-0.23591820238911326
-0.11762749478706531
-0.1535203023800421
-0.08500929454736147
-0.25398381483064736
-0.13945919868483614
-0.2936076625500205
-0.35079130281937165
-0.008127739330380628
-0.28701822834286184
-0.5783068649510521
0.028283784773948016
-0.13211324334659671
-0.20055474049749303
-0.34335085621700034
-0.5415610537907215
-0.42383494720477216
-0.5929418344226177
-0.3493995930119586
-0.4169169353713621
-0.013162915069642614
-0.4468621755834557
-0.26624275371216577
-0.39515976646491163
-0.32591281940864525
-0.04445182760094344
-0.49817092864274365
-0.29770230612387527
-0.29994305155626827
-0.5641871142705087
-0.12932536461450644
-0.1438604527001061
-0.1377467065176814
-0.5560136039795885
-0.3059190994738593
-0.27956249019026685
-0.27828534728574794
-0.5881943822082292
-0.4124940797657681
-0.5837391615554024
-0.26934540206156676
-0.0873198802315235
-0.10385910196131883
-0.058687578986557035
-0.050298292432557574
-0.2564858168405455
-0.3395227386073633
-0.07377037734731705
-0.6185912299773261
-0.6169509028762058
-0.3699098463569835
-0.04219656455200762
-0.24184920150501849
-0.5149725678519164
-0.2456395416710666
-0.15222868796247796
-0.47096156566047725
-0.3586162779031484
-0.4566485012998654
-0.42287669777573567
-0.45572549745761287
-0.1319087659679818
-0.41681870608122396
-0.06250942459835797
-0.022210207246456296
-0.5678164185139053
-0.306672232923077
-0.007965440499613511
-0.38192761361164324
-0.25538272491831066
-0.03716834759758725
-0.23900442839799063
-0.4257112627239414
-0.06694793889621989
-0.15269862053930466
-0.5535275152806659
-0.10923303112878113
-0.019290689004136823
-0.3941044280329148
-0.04438389850687739
-0.2650730150849499
-0.16553613250188814
-0.5278651071491316
-0.36070913995847165
-0.6012749582910384
-0.5605123583189643
0.020038730478058722
-0.3957988824419958
-0.13631566098195616
-0.48957033776102743
-0.3514130724813545
-0.12529411995484754
-0.5449833972103136
-0.1357924348864362
-0.6040517971551936
-0.06516429832960186
-0.17868064214966847
-0.5259982861758311
-0.06075664040814198
-0.2779503791578638
-0.0508214008003684
-0.12990174091717122
-0.08613638944513317
-0.29589637160984683
-0.3962284390462341
-0.45265833529799543
-0.18915569881207595
-0.21975980075495533
-0.2258188116933819
-0.5312198709646284
-0.5135687669700312
-0.28333192076682245
-0.012926650008684419
-0.22405868620321823
-0.30790115628020837
-0.2944897607400734
-0.5506874668436037
-0.21290928968438377
-0.10892392190157398
-0.38160434956270445
-0.18848598197069522
-0.6401166778905514
-0.5470432812514757
-0.51249943553813
-0.15755925794541192
-0.5554557824538524
-0.17183806133159168
-0.4085867606925233
-0.3492677316767683
-0.506915620751288
-0.40447083421548513
-0.4052913758016566
-0.48849918291750416
-0.04678423305592217
-0.5991497812635098
-0.22812246844662212
-0.5993843415822789
-0.5380436310741403
-0.3092532354790595
-0.08228394742259246
-0.459566393647048
-0.2745996994283948
-0.5690526054635228
-0.5936648757419514
-0.2873336651219976
-0.21179942234677004
-0.09593779963481222
-0.5134433028452704
-0.10591413153896453
-0.1783668766489204
-0.46704070914981016
-0.20886665974905533
-0.3161684243439038
-0.11442222481498386
-0.583486100382128
-0.18555155733024906
-0.3835809947458333
-0.029847102742071283
-0.5930131058431211
-0.2951353027228807
-0.06143460294952908
-0.05075342078873839
-0.16048777439348602
-0.19236455617252185
-0.2638187931599187
-0.4990756489939071
-0.1728041265230005
-0.3082301398531647
-0.2186829003149257
-0.26262977371716095
-0.250864339039518
-0.2820046690426849
-0.5042560244246858
-0.5497457149863263
-0.2707153322224142
-0.5385533845089794
-0.15758860423878046
-0.4369095564122151
-0.050168105293991835
-0.23948041650223736
-0.42297541847327674
-0.14830878506376013
-0.10523457052409216
-0.32793580120948296
-0.2242062615844684
-0.5279701189983514
-0.28756909465184594
-0.06388467830082334
-0.6105510044817688
-0.024267724909597246
-0.11874179969877229
-0.15327992904554016
-0.24945511452761263
0.019125629982530742
-0.3392527217884872
-0.6069351285540432
-0.3668867053163193
-0.036807257357424086
-0.4890460520863972
-0.12139988508057484
-0.2650718473518516
-0.15409749230863962
-0.04885499569428569
-0.4572586548107077
-0.4022429336940507
-0.1074349796285578
-0.2852039311595394
-0.5251679597720106
-0.33962399054407116
-0.08669108210733269
-0.14886018989809469
-0.2762720476657215
-0.42206006771069443
-0.6198280733192172
-0.08219672489624917
-0.6450642522011618
-0.1961691646813804
-0.4925148826493464
-0.22091884578323157
-0.5578399421119332
