0.03847580249475086
0.008581477776856791
0.012565396886192202
0.021700922932264364
-0.04610832185618749
-0.10132184489265789
-0.1433817831934937
-0.1640080368129504
-0.18796256647127393
-0.25011973827663736
-0.2550388634166579
-0.25925094424573225
-0.2512536309849301
-0.15355833572054817
-0.16349244273044358
-0.1326363327558463
-0.0879828788292628
-0.043489829775639754
-0.028635798844681027
0.025194173403233076
0.034708245198200545
0.03159954918122653
0.11123293116947079
0.14182663777625987
0.21285120347492087
0.19105428635246735
0.22272000262850575
0.24692970654810562
0.2395221280555971
0.19804468031687192
0.18016670462847856
0.17477119679742933
0.09943685448890355
0.11635340430802577
0.07865451903301512
0.02018049946759839
-0.008433426998391638
-0.04612542785634416
-0.044013019463960405
-0.0933980504723906
-0.127943676666861
-0.1679759313675402
-0.18145271235855012
-0.25663195532273003
-0.27001548290321054
-0.24319430046977303
-0.20217114662359828
-0.18518505236170937
-0.1496626229234366
-0.10099276413037406
-0.07273181592059197
0.007566786144716654
0.010038807704278892
0.03562314220371531
0.04386633495265603
0.08889127680336009
0.10124551221078379
0.13153435218045947
0.1357137422823721
0.16944452145989025
0.25328854388750993
0.2792306522932539
0.23973958577470172
0.1466553963362536
0.11982008181882159
0.13998120125697736
0.11667898097445992
0.054428992147141635
0.039809271346129126
-0.026092872742221843
-0.008724786153368868
-0.06758624956301362
-0.10284994781617333
-0.12059254162651359
-0.16291180891034562
-0.18071945481881538
-0.24916488133369336
-0.2430578679756621
-0.23828212501738313
-0.24612344189717567
-0.16968063250593052
-0.17069343228639486
-0.09715246841239071
-0.04734806939207601
-0.007433222444073934
-0.04246937326778162
0.007836346834751809
0.02810775689666532
0.07567290381130645
0.05820877430484285
0.11211843057918297
0.18306578679231952
0.1946878844167419
0.22779152020074026
0.25222077252636077
0.23730160985570947
0.18235669511722055
0.17370665269702704
0.13398030519709336
0.15057098847031128
0.06407452227297995
0.06860162591378607
0.02508483491133342
-0.01182593339983076
-0.003228914123352321
-0.06713241130237291
-0.09346988076340877
-0.1651228223658408
-0.12726456749724296
-0.23076056179956278
-0.2497125170680534
-0.25527360098969515
-0.20380186125973218
-0.22407584727758734
-0.18208207312229827
-0.11565627232502124
-0.09629132341371621
-0.05066777437567019
-0.05702607619280961
-0.01814024737782559
0.0029565558520446428
0.056664712874480105
0.051826268004986416
0.12226320261922098
0.13634240473812484
0.1949035930276752
0.1845902481026992
0.24737308899009205
0.24951443496483466
0.25158777519320713
0.19028623335922024
0.1551837721275073
0.11432553616133329
0.07415847851666921
0.03909682860611867
0.04869083659469391
-0.0027886184672050313
-0.053565610581533224
-0.04740138387862801
-0.08280000566149481
-0.12420048070205197
-0.17373872663727077
-0.1835839923689858
-0.23029996111481046
-0.24657001874536325
-0.22052837420261334
-0.1907519044026763
-0.1737795376066858
-0.12550043558578916
-0.09221862645726714
-0.09259063216165517
-0.04884854833616316
-0.03978081765260714
-0.014306163212618966
0.04657834405201794
0.07242896021393569
0.07444143156272073
0.1283507274241784
0.16460319903671447
0.2050114099984695
0.21800645289106005
0.27296897248035856
0.23088191789810783
0.20410778254266013
0.21007523989350355
0.16201536045414028
0.10054944769632129
0.06476447291608609
0.06956037174177071
0.038325620863883594
-0.048306091936658496
-0.07141740066458832
-0.10612595062848942
-0.1147513586837926
-0.11185094227686859
-0.16821091963217677
-0.22230303278981045
-0.266035596256249
-0.25801274108187194
-0.23308069952603208
-0.16101881174807758
-0.18432907671247367
-0.11297331402504603
-0.12076822092740608
-0.04871315973883854
-0.02602167128764243
-0.020275172041493435
0.05685444287757342
0.056840424982059934
0.08350116380427067
0.1106249252125384
0.1585404514381124
0.22296119864027894
0.18152134103362694
0.24959675437719797
0.24386096637728144
0.27125195875841296
0.17257673399131773
0.16775345024397526
0.14604453994100272
0.08828722302217265
0.025697078990680265
-0.018929652829681166
-0.011368838342138381
-0.012938308558442982
-0.037450214639385936
-0.12245868186810355
-0.1362709362610949
-0.1618037202340757
-0.20170437603874597
-0.19178678868928065
-0.24878210968295716
-0.24026257362022446
-0.21165666612238834
-0.18033086336636545
-0.14981553105925616
-0.12241933201131086
-0.0941978675636694
-0.062387586983282096
-0.03146421931018306
0.0122010499970617
0.044246627467258604
0.0961976712313225
0.1562580600994689
0.14229133464984048
0.1882676869923381
0.22329992770374352
0.238762506358464
0.29602292464961266
0.23069190166326464
0.19924873063456516
0.21425487064964666
0.1850011987457956
0.09354912834685239
0.10026663225629126
0.039233440320686645
0.02016859968393936
-0.02993991459073333
-0.07329279993818039
-0.036123723507677494
-0.10475143170090732
-0.16119501616041226
-0.21471764833043971
-0.22906132294082346
-0.2576456789034891
-0.2597926331198641
-0.23652963607393018
-0.1678877804371779
-0.17701976475090467
-0.08569620716619632
-0.1293092582751488
-0.07598484876168919
-0.04308702500495201
0.015480159427879227
0.06164652492803567
0.09599576683431822
