-0.12947102187048606
-0.1438283204217888
-0.1734091994912248
-0.19847327507776788
-0.22935485280343068
-0.25198987638446113
-0.24832367510248324
-0.2797331203525211
-0.26362796871217
-0.29408715407354763
-0.3093548345119626
-0.38365268094502314
-0.3573227536176335
-0.37697407473562805
-0.45842870423998094
-0.40307461837947484
-0.44442623248812446
-0.4950114885304766
-0.4805580167593208
-0.4977180608133753
-0.5133896762303845
-0.5637435088784598
-0.5785507165988326
-0.5805022858571672
-0.5874156471968197
-0.6104811908976636
-0.6436729698500044
-0.6510938971361164
-0.6688871273275985
-0.6965180306298627
-0.7033031252507349
-0.7325949916258491
-0.7326994419640777
-0.772244528595542
-0.7795818431373439
-0.8035899495293161
-0.8697704954633111
-0.8078180671812666
-0.845349150535158
-0.8923487936040458
-0.8924591372531588
-0.9261823338110329
-0.9333255535079434
-0.9674493850465355
0.9498859653593147
0.9417464322779947
0.9335144650847368
0.9063965268716033
0.8743436628609211
0.825460857183212
0.8179292439210375
0.835251443065851
0.7736375859235757
0.7770921872189285
0.7384842797882659
0.7393157928603837
0.7283257946818087
0.6968795958029708
0.6550815278399782
0.6928165967912547
0.63250967689968
0.5694017516378015
0.6391252936023599
0.5898970929642721
0.5606543533416916
0.5576412240805244
0.5285797277500305
0.5001521210471027
0.5206677413360492
0.49695203515234265
0.4404550953408005
0.4456441131379558
0.4112189285852169
0.40789100885767565
0.32934558362089195
0.33263812348452465
0.35072698359243176
0.30778822188427074
0.25404351346183807
0.2778241806653792
0.3092615881098643
0.24646900044088232
0.23584001746866087
0.2056226454253412
0.16479610702913514
0.16569597558858531
0.13119546053541678
0.14023405367367725
0.14828793172015636
0.09856843372399658
0.05789584439364508
0.01933340072370801
0.05732501902703281
-0.00638283403853845
-0.0033018205058285652
-0.028934042515061566
-0.07160995404317563
-0.09468547288615192
-0.10243358545973386
-0.07817546165007896
-0.10441936194493844
-0.11707511917354121
-0.17536522194892565
-0.19114594746911034
-0.21879432964623408
-0.22798208698580574
-0.2319329081618217
-0.2937842980367946
-0.29810615549935693
-0.260117908001431
-0.3279780327406334
-0.37177822148656725
-0.33228888532974366
-0.41092213848690545
-0.37662085288362745
-0.4114069234664349
-0.44497619989676024
-0.45370492488515424
-0.49070555518354797
-0.5016046846173032
-0.4910202134513571
-0.5393101714726548
-0.5728424189800224
-0.5556690723066413
-0.6313622749495286
-0.6227283115776481
-0.63884513279169
-0.6346111659531486
-0.6887093844825474
-0.7029392260258596
-0.7110964829990919
-0.7477770093164632
-0.771093052004822
-0.7694000992518307
-0.8035637955804967
-0.7915747570767042
-0.8687431872163015
-0.8436790680968246
-0.8550120078466429
-0.9063376566462595
-0.9454733455554053
-0.9244665599256432
-0.9064271014968817
-0.9544319606186801
0.9549724053259373
0.944154182296996
0.917819559468796
0.8932085551356593
0.9056633156004583
0.8682588278170131
0.8182756810443147
0.820905404820605
0.7954006812495342
0.8348951698164593
0.7501621660930107
0.7409862445624029
0.6908710354774633
0.6884527388000835
0.6765285100027515
0.6656589981334685
0.6580311281075567
0.6164465675265838
0.6252774885576072
0.5567280795880151
0.5388502794371959
0.540940998050936
0.5462402765109275
0.49537812480212756
0.49068642741522517
0.4636221416551294
0.468650716208456
0.4623754925527803
0.3880858101824556
0.39036598920739124
0.35917799409974077
0.3360356612266804
0.3618481210507999
0.3551102782553579
0.3047028854221275
0.27678235861509654
0.23220571175814744
0.24463949335093454
0.20638681086979377
0.20509800116978577
0.14836780268858737
0.1774487203169597
0.14845042465824201
0.10342918773823387
0.10269113485539105
0.11556404922843191
0.07306257684281176
0.06351618999098121
0.06105450833114938
0.03973369380029293
-0.03415924907573306
-0.01930636028774239
-0.05372507144030373
-0.0745388948627839
-0.10015538494221339
-0.11642147627798488
-0.14983355769142317
-0.16209106969864273
-0.1477054880491494
-0.201196460858377
-0.16442361341825218
-0.19310884738498227
-0.20405744844150167
-0.25127939300972313
-0.2697164278061008
-0.3333595219498745
-0.3427138396455257
-0.35796701085431687
-0.35940634917062897
-0.39754471037478084
-0.382077850288698
-0.42094629448788473
-0.4392333256531524
-0.47378360698711375
-0.46165803636055014
-0.49454602482223714
-0.5448137502473719
-0.5366334545149319
-0.5308320802613083
-0.559296862289652
-0.5713610941438966
-0.6411186477775928
-0.6255633512598513
-0.6413263021411671
-0.6308967344408283
-0.6918674412636061
-0.7076016014027748
-0.7124596821714209
-0.7240729890673188
-0.7350035831990794
-0.7658546306771629
-0.8449638515951364
-0.8160364260335983
-0.8492303489649312
-0.8545333142193948
-0.9041023346394517
-0.9165989906188018
-0.9195336649846003
-0.9500778055056485
-0.969452774925029
0.9336442517410376
0.9615483402272765
0.9390126663178734
0.887681231814807
0.8793143468412666
0.8488708765361292
0.8170848896708476
0.8029979512881111
0.805127547982432
0.7817163637400237
0.7754291776547816
0.7453667040135924
