0.9561808996866608
0.9035999814913603
0.9561788967650962
0.9618083546778322
0.9710901160997346
0.920103852832493
0.957049905283946
0.9104303208160323
0.9134074788098119
0.9541126152578412
0.9259269337978655
0.9239929303586815
0.9180489077635225
0.9532676700721296
0.9736431647445197
0.9448710999472101
0.9501158790545638
0.9335626713858087
0.9331942889725212
0.900709771857874
0.9454561622667867
0.9096417926553348
0.9638453110103263
-0.9110179126976526
-0.9483831121265888
-0.9255510550384071
-0.9180018088179336
-0.9240421296239852
-0.948618341067239
-0.9534500509357817
-0.9139705696071604
-0.9363921176406128
-0.9427383827935223
-0.9036402484258185
-0.9135734238381986
-0.9434575970406768
-0.9273160722730261
-0.9413377686863118
-0.9185796491174256
-0.8903010348608302
-0.9401256233825184
-0.9195308287583934
-0.9247935442894064
-0.9426106744417208
-0.9042982283266596
-0.9107616151637788
-0.9509245417535221
-0.9664849160616544
-0.9456117122985717
-0.9359077597791232
-0.9314472798269152
-0.9389427491887523
-0.968050535146667
-0.9403342345631349
-0.9649785254435176
-0.955811030395236
-0.943372726575161
0.9655651047240678
0.9449220235769996
0.982101398513584
0.9379784814848817
0.9231033502450313
0.9313242912516638
0.9634274130470841
0.9364244891074311
0.959076651174346
0.9592047953684102
0.9604620552144596
0.9273594471001648
0.9539806745190674
0.8986236283333029
0.9126437114518632
0.9516656643344561
0.95673892840122
0.9488355018975357
0.9426098432929347
0.9310963868826981
0.9363052768823587
0.9431923342082728
0.9441361177759394
0.9264497856916001
0.9214635580062395
0.9388886524886925
0.9491312361946223
0.9568343529364954
0.9371219127768323
0.9520662690779589
0.971976623957697
0.945422940366777
0.9743020627201032
-0.9451163805509041
-0.934340181127919
-0.9170335796050884
-0.9200996192825489
-0.9033015370416381
-0.9271976064201684
-0.9428547201239493
-0.9183704521727887
-0.9013551524010808
-0.9365775335681251
-0.913465347451177
-0.935115737421804
-0.936648772091915
-0.9183326543302814
-0.9277648357152577
-0.9373041150162053
-0.9556313013696119
-0.9134909980454782
-0.9048010774171799
-0.9171594833991328
-0.9114254149380596
-0.9347317460495114
-0.9183418901848621
-0.9565268459549015
-0.9496376641333789
-0.8976056100675617
-0.9179637519929185
-0.9293046738594127
-0.9361849614990305
-0.9766982654430337
-0.8911144429193033
-0.9199305761805299
-0.9777452570977148
0.9330383831214739
0.9611737446796785
0.9024577152688401
0.9465080678365068
0.9691361439329527
0.9353942475273883
0.9189264125398233
0.9110038657306075
0.9331748172065498
0.9632964794727584
0.9484373127866805
0.9296268322556374
0.9332098237304597
0.9424592535729033
0.9238363432728812
0.9174748455531562
0.9406269054757582
0.9294969112429929
0.9212101759128966
0.9083614580121667
0.9511012763389743
0.9158131629232433
0.9568916130510069
0.9468802266536348
0.9816941433361572
0.9645977969939966
0.9159229441114508
0.8923958859271776
0.9172406477669169
0.9238508074367492
0.9606849788769836
0.9490009336833863
0.9593077105768518
0.9195673926289899
-0.9049869937821664
-0.9386538803783961
-0.9388667949683855
-0.9071101519502208
-0.9481446007817297
-0.9610721517480199
-0.9435949474674997
-0.922065439878122
-0.9626693023319143
-0.9152836363755453
-0.9597912231816625
-0.9561555996495295
-0.9427465643951384
-0.9222177403262453
-0.9518237313444617
-0.9587511853298334
-0.9436117463454479
-0.9342301159108419
-0.9417552352159646
-0.8921280193912764
-0.9425521173442507
-0.927463668710429
-0.9129949675030229
-0.9571000465859119
-0.9373160904652055
-0.9199146100022794
-0.9426246239060684
-0.9138889491435065
-0.9456601301220258
-0.9572595471171863
-0.9498807592186488
-0.9432145966111739
-0.9441042291925051
0.9324245374306357
0.9449712450675904
0.9205395437901097
0.9524340778338192
0.9419364994164323
0.9457080527260697
0.9157069313547807
0.9176594593801173
0.9583861046021631
0.9150578457064807
0.9426292875625786
0.9837308034915124
0.949945400552218
0.9287899988762335
0.9522866622059206
0.9130074777337124
0.9387432552734899
0.955136965256024
0.9556639756888651
0.9447586202880237
0.9495840261373251
0.9026177543122327
0.9446068040043591
0.9660631897033409
0.9361631281097236
0.9621000736585185
0.9345523303573567
0.9065249678991404
0.9298790176036759
0.9357856032784614
0.926482835210157
0.9319011204742969
0.9614055640765221
0.9549658333438436
-0.9191516366641336
-0.9722925179373757
-0.9591989185015065
-0.9451684874508782
-0.9691527798814746
-0.9024165585102648
-0.9228926927799994
-0.9593846274855679
-0.9358020158450109
-0.9445635167396055
-0.9254323704017065
-0.909206348663196
-0.9537905466957572
-0.9409227488631103
-0.9288163147873612
-0.9672156639283743
-0.929807918843813
-0.928666206459655
-0.9276192915521655
-0.9343956355693622
-0.9161748238378156
-0.940943290414285
-0.9657832151783786
-0.9430428263045405
-0.9446301855139762
-0.9875361830455965
-0.8989966462995905
-0.9655335024452835
-0.9444677143650346
-0.9627606673476383
-0.965388692272365
-0.9265456582329058
