-0.2932865755202061
-0.8691598115250307
-0.04064618231777492
-0.17077484904854096
-0.007487642444179757
-0.382413175698355
-0.8371333012564263
-0.18091955969684437
-0.49174831414486214
-0.1410546607084462
-0.7004523059766834
-0.42765637671913226
-0.2669051640710534
-0.4492399269484612
-0.8574951700011916
-0.38690579526230306
-0.043391091642808535
-0.42025705099488886
-0.5309430780142861
-0.11728459215865206
-0.045360458177479204
-0.8984792215363612
-0.022024404292793863
-0.35435453225891433
-0.05511482653977302
-0.5749498710557319
-0.7604111467958942
-0.57123508228782
-0.855899816191363
-0.15692238844876658
0.0021048959865131826
-0.27352771242987756
-0.9018184228655977
-0.023799309603010528
-0.5588958023645498
-0.8737143993854888
-0.008505900668227682
-0.4668396077385785
-0.6510540317792202
-0.4539532768583908
-0.19740118105649335
-0.38624066009059654
-0.2531661998839936
-0.17043896580117013
-0.09596337596016981
-0.2644293265737093
-0.2797023270366847
-0.5589747104467916
-0.3196002656048154
-0.620052753170816
-0.29107121090420374
-0.050502885395761664
-0.7494596916826053
-0.8312245290256168
-0.6311105592042046
-0.3661459295803712
-0.48140855460475684
-0.08578626582518038
-0.11365031884462715
-0.1803688849324957
-0.8325609545295523
-0.3361672112665853
-0.3360552176809596
-0.16763057136484796
-0.8476861328248654
-0.3287636696847131
-0.140427498761312
-0.07503152008081466
-0.37229590573822274
-0.18963795567834757
-0.6698917952798257
-0.5466167276780418
-0.5101639032983787
-0.4117397770047269
-0.43525910466069306
0.029194218164608703
-0.33011872934431685
0.01026100006415353
-0.16254097485606386
-0.4192344703464642
-0.7952728966460403
-0.13573479828480103
-0.11633840572610274
-0.4486327295430504
-0.5888067254838678
-0.19511662876313102
-0.39077100034361384
-0.8079116647624381
-0.11505145973795294
-0.30214454984486505
-0.5239044605799498
-0.8095466871686456
-0.4350112111031692
-0.1739202674823765
-0.482338123073465
-0.7830300996079913
-0.4292982167950584
-0.39846267492586146
-0.7786633083603832
-0.4227152666539417
-0.1818449952686734
-0.6136649902883535
-0.3239276709238611
-0.9136628185339755
-0.03288842240362586
-0.816882903093542
-0.634987462670979
-0.7750777039251019
-0.28522217251315607
-0.4722903056726375
-0.37318164380331603
-0.3898969713958936
-0.5667451748913881
-0.7867245583059734
-0.19775020905387208
-0.30828148723406396
-0.18786029281399705
-0.5916703974386016
-0.5075444142725526
-0.12982876612129862
-0.7144647772931335
-0.2943606988521001
-0.5929705839450676
-0.19581040224785407
-0.8696186160735052
-0.4129765010250706
-0.5904116263810034
-0.0702515493149179
-0.1621914294529336
-0.7257494481197746
-0.3351971498602985
-0.5462440489587096
-0.1873216075226897
-0.32150898837364994
-0.06463110297435919
-0.7132343705997575
-0.1751355262182034
-0.4270107626712795
-0.29569605036546315
-0.26126163871217495
-0.32168543269631716
-0.24735544114692942
-0.2763596300007237
-0.8436034237587371
-0.20989658159742328
-0.29778417546869523
-0.6761394695915193
-0.11972000037218161
-0.11670786347529155
-0.8741067733765717
-0.8330202914540319
-0.054693077345187996
-0.3544995812636563
-0.6970780979685475
-0.28537799023478166
-0.6354503651935084
-0.2829525168189704
-0.8093600598812828
-0.24508563311745699
-0.05163416732824547
-0.5884450805906142
-0.23252834894990004
-0.1775492138097714
-0.7190902582769753
-0.30087834015781617
-0.44863289543175716
-0.6690721571441197
-0.13040252354513615
-0.8705074410440521
-0.8226343635216001
-0.5270255516375512
-0.11101573136702264
-0.4280202057365139
-0.1494152209008107
-0.8644130140097839
-0.5958295022653989
-0.8544720760357725
-0.4212223435428581
-0.8068452993637556
-0.8343159053350103
-0.4438030439993752
-0.6235311751383791
-0.11745056256129495
-0.7503194935959446
-0.8795141757146843
-0.5123871408911735
-0.8304101688251219
-0.09259328418446439
-0.8020210507402356
-0.8728892851908383
-0.16305455944383776
-0.3080217277457692
-0.3790429785403013
-0.5506325848152451
-0.8592966699274652
-0.45711002331068734
-0.4226636441447485
-0.030113690290714482
-0.1182246405174314
-0.8339847966087276
-0.057666240383072886
-0.036878749848899495
-0.41259716774583544
-0.30571922247552447
-0.12001510379378236
-0.5721869333895687
-0.5723045840982992
-0.4246352535563934
-0.18605011649902595
-0.4077609552444593
-0.8512413546682708
-0.1488528842598523
-0.7431095780331609
-0.5182982068953765
-0.7327388859235677
-0.7617716675213676
-0.7811645838451409
-0.8177587763336108
-0.6732914930517525
-0.8589913324066722
-0.8955471241235311
-0.6453223444175591
-0.28363764180632667
-0.45066588546072595
-0.027772206504637787
-0.4475256178643369
-0.7163306829244717
-0.24630237432302815
-0.15166838868361027
-0.16613813186988372
-0.2649957867367802
-0.5477001019428549
-0.9135560703424354
-0.15739809566828433
-0.8171785791580868
-0.9036284950639745
-0.23408744934849066
-0.6407878862435359
-0.41754101458448795
-0.12988475030324062
-0.5123862624301353
-0.6976321237549904
-0.4811244140442407
-0.20698818184324538
-0.3790585225676849
-0.9059870121658928
-0.6203286591610464
-0.5566576383601883
-0.6940858729055089
-0.5251225663650765
-0.7209068189625591
-0.3279531215331157
-0.3649736074493267
-0.6293479651307241
-0.23647560235222065
-0.09912094055138469
