0.4297554538067978
0.38632505101257164
0.41514272162612503
0.40847346244982197
0.43630121928450494
0.4276229178727733
0.44749135661423867
0.3945134572420158
0.3958613152661187
0.43929740815304935
0.44767481022216254
0.40272181607920154
0.4559154220720512
-0.44843413275608995
-0.42275909807904
-0.44187663267152344
-0.4187133310751817
-0.4058893542701014
-0.42495791933480115
-0.4333744990453198
-0.4199663629980511
-0.4576166950797647
-0.4209358844753392
-0.42147319550113155
-0.4330543910039152
-0.4380753704136441
-0.4281139760917761
-0.4062403067188071
-0.39675508693082895
-0.4142645170571865
-0.4141511559929122
-0.4317569225170034
-0.45972402467661105
-0.4125633643965435
-0.4419108887430488
-0.41618256832065503
-0.42267433777710167
-0.40432769951341513
-0.4031983512251806
-0.4279747820153506
-0.43102965753561995
-0.40605119320073507
-0.43583857227107703
-0.4353231192403719
-0.44775416586202577
-0.4600620097667172
0.4603390236850776
0.43582204469013736
0.4174105813501808
0.4237716740750174
0.4265705891445667
0.4179421204947977
0.4207176772406103
0.4410841773332939
0.41917988182828403
0.40933773752757513
0.4247884536223805
0.38169682992909554
0.4347429399668283
0.410819245305791
0.41349050352066474
0.4278163302087786
0.41799873234182994
0.4193850816828405
0.432195398518735
0.44109103488028795
0.40454098711242503
0.41404884028010946
0.4420133065188186
0.4398207671310212
0.4292195121371982
0.41183335990762454
0.39776290140523896
0.41821553365405895
0.4192977917461744
0.4234924640527835
0.41804364938784583
0.44798540808622755
0.4259967031432436
0.44015762251968915
-0.4523297255851811
-0.42408663799220747
-0.4206582986667765
-0.4264464934122183
-0.460221063569803
-0.4603487771749566
-0.41982117665662244
-0.407119761718233
-0.4249147092226794
-0.4057164753087819
-0.42145646554667393
-0.39798688337396976
-0.4483453877375807
-0.4644488857514508
-0.45273467058958283
-0.4020297437571977
-0.42535405760086475
-0.39327719708339515
-0.4205189235996834
-0.43233446673032105
-0.4166510894557294
-0.40761230526356507
-0.36547030847832
-0.45006333389313197
-0.4322216408786306
-0.4488395412944729
-0.3971488711640352
-0.4104677824226867
-0.4159637906157807
-0.4193534883348498
-0.4483534184999776
-0.43569916288756894
-0.39356808644488606
0.4105391083402953
0.43478878303192187
0.3770749296954442
0.41598444384747546
0.4485567253079445
0.4319963811289727
0.43981626252782985
0.411831473888495
0.43858401456454155
0.4576997128688818
0.437669056276326
0.4131678214578237
0.36952149600462225
0.4138524075129245
0.409870713759871
0.3783530730358746
0.4008302291014295
0.43661809848344835
0.40521838074188954
0.4486392430609556
0.43247230974588924
0.4406833636776683
0.4178593233133398
0.4322710875719985
0.4282542129677975
0.4304580898856657
0.4057267529374695
0.41843851117832237
0.40970651597643476
0.39137566562118925
0.4295336267688966
0.44115102017524177
0.4677770789917279
0.4152559476177599
-0.41090367060460525
-0.3983731171663762
-0.46361119606065376
-0.4059044101898277
-0.39120142964919735
-0.43024942841316705
-0.4352238780005887
-0.42393258428321373
-0.3892253439210225
-0.4501535982100067
-0.38904869613492815
-0.4421256555531178
-0.4156811067732386
-0.40660803092145964
-0.4063042749750705
-0.43414688404673446
-0.39279607290601415
-0.4076149819986508
-0.4620417913686143
-0.4493972024888208
-0.3826647243463339
-0.3999815227935722
-0.4242325187685055
-0.42858604411459694
-0.4310015987732011
-0.4160418499041065
-0.41831595355460116
-0.4164538048749829
-0.44409118825177674
-0.39979865459351815
-0.4254672152758979
-0.458072634872518
-0.40854372715040843
0.4275848172950153
0.42248097003233215
0.3926004040130129
0.43133729349319017
0.4046085868295327
0.45240419100534585
0.42264341935606164
0.4036844027141189
0.4177517012575856
0.412661097276884
0.46107570780681406
0.426071192813201
0.43656707599624334
0.385947116106003
0.4275363747505785
0.4252452619826451
0.4478464702878568
0.4086981985867052
0.4409129605119525
0.3811121627160713
0.42854742983114913
0.4207043939468321
0.43714718125297486
0.438869508111501
0.4437011935381266
0.4254055447579331
0.4274235610213954
0.3842279353115352
0.4290063248434
0.4038510472943814
0.44624262525096153
0.4279890069186066
0.4272202640071469
-0.3967866783683057
-0.438334355144547
-0.42927475233463824
-0.40730641916846977
-0.45776045737754106
-0.3998255995663989
-0.41092683881888553
-0.46538930893971436
-0.4589380967477549
-0.42167638353814124
-0.38606500637422536
-0.42855226976130956
-0.44323829765317313
-0.4331916080788992
-0.4105038805127768
-0.41442911607726846
-0.4222247366082
-0.41147809417592024
-0.4293181149295341
-0.4526694033834959
-0.4320069154667601
-0.43830833958217236
-0.40802077770459033
-0.4341049682892692
-0.43311255510869273
-0.4071480992679163
-0.47100542440371534
-0.4316102378419606
-0.4350206888746297
-0.4460869849698107
-0.44952234820566517
-0.4383077298918962
-0.4031475990019594
-0.4275647533560485
0.4000508949547245
0.4319653365189517
0.414596384553657
0.4404996061050385
0.43084882093692306
0.40111796240408504
0.41438938093795097
0.4184110053257412
0.4021565532404971
