-0.02060264603197076
-0.10198915357131619
-0.052953077662022834
-0.07998602267026836
-0.022482907243969643
-0.24698174398368528
-0.12984646629188532
-0.08531998089137809
-0.2280072025286334
-0.12144334563928447
-0.18872335198223136
-0.22290382402075487
-0.1783448781600889
-0.2126240737622058
-0.15683162558519798
-0.026579156287732955
-0.22697183860258396
-0.20969055490012417
-0.05807727253107569
-0.2486137048648255
-0.13697827713872404
-0.06679041458085207
-0.017433222572051113
-0.16832963975405815
0.009257881259422103
-0.18828250869396648
-0.15164894503099025
-0.05517875003553936
-0.1749415358671728
-0.12648437752861386
-0.10631105038383111
-0.11433545722046357
-0.055167115353799964
-0.18582757699834926
-0.22489345229138497
-0.2694288391867235
-0.13738608274761155
-0.027843425439290456
-0.037830655774306665
-0.046736300574515235
-0.23292529220579022
-0.21585200829475212
-0.194226536348026
-0.12989387203330066
-0.25323428598869374
-0.032315190023733266
-0.06436232022380092
-0.2215673780335458
-0.17709792425344487
-0.03773763422711217
-0.15065080240050197
-0.18368451388640045
-0.11853548268385547
-0.24816848101244499
-0.24465386499175226
-0.043849697067146934
-0.25527860175008815
-0.11278327133219851
-0.14879999463728766
-0.15697461181524078
-0.17520566438785956
-0.008185237123776942
-0.06352218058092098
-0.033160684994839804
-0.10847646682896167
-0.08087868164605688
-0.03677482110283757
-0.16239645511839731
-0.26614639279224594
-0.2313237652172962
-0.15842285790187685
-0.22630407205689562
-0.1958492310500904
-0.2647350949782883
-0.08320214519413852
-0.07211439958935376
-0.15541265229746593
-0.10193432671578605
-0.11234778480452079
-0.09544073465541411
-0.10159305443442275
-0.10434591804900221
-0.26788186282439214
-0.0978334243090828
-0.09969328730814683
-0.2489808368005161
-0.1912245316384798
-0.12445919595749508
-0.21174466186921037
-0.19261664705998865
-0.08118888679766287
-0.10005581579646829
-0.014908503544549445
-0.2300607532791941
-0.07058005207985647
-0.22040710784781864
-0.25271383793290947
-0.1968624713729219
-0.19546458061794292
-0.18202217567675844
-0.060392590992276785
-0.1295166224060112
-0.11033501427576019
-0.11306297255816936
-0.17907166120211582
-0.15748637235604132
-0.20554749054822008
-0.0741608147358925
-0.1879414624185379
-0.19163324477604016
-0.19558929623600396
-0.19107352916778025
-0.11203958444398089
-0.1384804035830228
-0.18463075974488333
-0.15557695990403306
-0.08176433037005437
-0.15773863271001076
-0.14484142839485994
-0.13715382495940084
-0.1744716601559097
-0.14046863482463381
-0.14294162978037828
-0.20735901534604878
-0.22475473155714557
-0.05089948863845636
-0.03263455846117735
-0.055388664038380296
-0.1692819886102123
-0.14932220901206528
-0.04320558406458498
-0.01995343550195063
-0.15418851661573446
-0.12434690833184253
-0.1424546903721583
-0.22809381493655337
-0.06249993610304815
-0.20332530624155148
-0.22488798496740725
-0.16236787540337738
-0.2238922617492213
0.017458568703430603
-0.16491300588446792
-0.004636865071894017
-0.15961569992228708
-0.019705840340992674
-0.003620055808404037
-0.1881102483904519
-0.04453243261416574
-0.11078794892300035
-0.22380317904524746
-0.08461959901483768
-0.15941408204791097
-0.009390668040945876
-0.15260086519324392
-0.14015407011640246
-0.08001476242977915
-0.25007285741423435
-0.17778231667909739
-0.0009730362516885763
-0.17691566898503924
-0.01329076531310127
-0.21839544365467897
-0.12524113635821638
0.004239162919858805
-0.08157040543769453
-0.08933288793438696
-0.2609177030368234
-0.05516847722610211
-0.10077929863015314
-0.08484955869638386
-0.1109540451064573
0.02049548798772976
-0.013014382319476863
-0.11486407430279617
-0.20383370772223575
-0.14842945114809813
-0.033665052854789004
-0.10231250878901609
-0.15501249935305483
-0.19562974656231197
-0.18517694969145737
-0.08736440909087753
0.015641560459564666
-0.03303934753274262
-0.18457259582556176
-0.10218625149892707
-0.06820720615680824
-0.052965350509699416
-0.16825613772058043
-0.017850166328686558
-0.16147519048546094
-0.254111983296734
-0.11666946668431166
-0.03230953391462517
-0.15223125454393444
-0.1944663665954829
-0.030056734987006284
-0.20573216092557794
-0.03329173849870752
-0.15304377057046648
-0.12548575516937543
-0.06369743195358864
-0.04251110811397026
-0.14575877887758495
-0.2198329883041506
-0.15743042622504272
-0.19380412455785462
-0.1372055835380704
-0.20680197797749084
-0.2286599583308778
-0.22572643089164668
-0.2320414334963148
-0.21942242513732735
-0.07884595458837056
-0.19617638651613123
-0.037490382873805704
-0.047113914501369966
0.007345580968942889
-0.02729154797906536
-0.18472286327298704
-0.056694580513364894
-0.1984012656301443
-0.2565528271382519
-0.025790712435288344
-0.00037206060056821366
-0.07506815982262799
-0.02601384593816732
-0.09528384729253278
-0.1551192953623485
-0.1696396959138503
-0.09949021624084019
-0.08222489962302743
-0.1424719426298887
-0.07129063258602854
-0.00852740527771585
-0.23173362791618432
-0.22512177688854482
-0.13247968509497143
-0.23560075495566746
-0.2388078701460794
-0.013147392263693228
-0.07617955691027922
-0.18986510780278648
-0.18633131624505367
-0.19678564184525882
-0.2528853989439608
-0.24934657274222913
-0.11845215548435752
-0.10637462988898218
0.005551284119686903
-0.18040047443005422
-0.2102289079593335
-0.07182469897590567
-0.009254379087487264
-0.12656043969216663
