-0.20568065874936942
-0.16659377783885387
-0.2096126212957964
-0.17970440954957081
-0.1751757012940545
-0.16363095278972137
-0.16020286369452202
-0.0852703542494833
-0.060750563067261606
-0.03027085055877791
-0.00903075707504249
0.033076701462228006
0.05264935736583872
0.07743241247730472
0.08638969002206465
0.09519144543951724
0.16563108030145707
0.17874739977834558
0.2243426426518534
0.24348628668915923
0.16223252391183574
0.17447995154770893
0.12694456871752094
0.12132350769029715
0.07781829283565737
0.04743804511153035
0.04808195110482771
0.015946176550196308
0.015386640821506651
-0.025792776853797505
-0.07699132136217726
-0.0769998217098809
-0.1665107143083489
-0.1409529360745514
-0.19961371965572744
-0.24759925284283896
-0.20477242537392212
-0.18496312353245375
-0.18484022865348473
-0.1467320860074147
-0.08283598319020856
-0.06747566981399225
-0.01902430890720174
-0.04717710656980692
0.021460801405443552
0.021126353167107023
0.07961735576746853
0.07268023677627233
0.12630338216365944
0.15961343348873713
0.15843449209878807
0.2028550759754863
0.19084821030742294
0.2123045463855583
0.1804921640219604
0.11651562233946824
0.13644222233724976
0.14035914266437471
0.05329095303402287
0.018944924714323037
0.021922415409435257
-0.011543928147991371
-0.026157563404075133
-0.08208654963724926
-0.10956357739190653
-0.1145375017927759
-0.10413915721743464
-0.19408201258363533
-0.1708694438926762
-0.2532974583304172
-0.19959089514412923
-0.17436245553188906
-0.16245830901659852
-0.10960176152809732
-0.08406122630396282
-0.05389993742940638
-0.03299601554116784
-0.03993065876795528
0.027685076161988127
0.040501551114224994
0.045699502062909694
0.10611010647838018
0.11581429411320379
0.1638620683506334
0.16120333299477466
0.1993489815906826
0.2099993105522649
0.21260422756662856
0.17492905141331774
0.11485282898310041
0.10671795122329393
0.11930699388751256
0.06288406333097073
0.0287182200491022
-0.04932523595504745
-0.049229825444906825
-0.07563926808519388
-0.058808839116926595
-0.09796369984616066
-0.13304900032291292
-0.11931670462443371
-0.19900545082171558
-0.21538019652188173
-0.2119155654520134
-0.1964375597953671
-0.12330081825341407
-0.11607113600260682
-0.07697847671072468
-0.04976849131987396
-0.04085688254277806
-0.014022341048186072
0.03047244268343348
-0.008193157339650786
0.07621907959504234
0.11496532021167624
0.138984647406679
0.17802847180804038
0.16195064826634745
0.1898767827032057
0.21406895641335338
0.2066384810818744
0.14290286970285782
0.11561561443115126
0.07211084707774182
0.10152680639319314
0.09237076736233465
0.03771845012156823
0.013664595407088186
0.013038038666439104
-0.03833501880372924
-0.09433591241074546
-0.12394888059463374
-0.12169161506980086
-0.148422346858157
-0.1487547549952987
-0.19433072812621968
-0.18041254540791338
-0.17832608877921483
-0.16495399434185373
-0.11189948915366502
-0.09395512812238521
-0.0914172083450014
-0.03495573482104675
0.0007539114075223209
0.012015089917632376
0.027748890043990504
0.051929348519310845
0.09358775501677181
0.13926557344959906
0.12813892662615758
0.14228948174490325
0.16557805795385802
0.21270326159520817
0.20143021571604292
0.1723051314574656
0.15595315324555026
0.12407621121567433
0.11812539604614299
0.08267150422521445
0.06348309195499918
0.02768592553060347
0.019755457344928538
-0.044393198749337455
-0.05695691764522632
-0.10304178695289926
-0.10594312321403668
-0.1803018564810005
-0.15482185399162215
-0.2151127235965453
-0.16776570025685944
-0.21649394869187497
-0.14830080623260727
-0.14419013093373095
-0.10694912364823202
-0.09217109339756874
-0.05660788865025965
-0.03741797818956842
0.01332096024109615
0.04626480527776594
0.021942765284453648
0.03232503909825563
0.07617743705492257
0.11593320759396682
0.1379729573494975
0.1770244576943045
0.18393333792910296
0.247495782879412
0.20023337867360222
0.14294896535311977
0.15051359927359378
0.11052890344714938
0.07849349468503057
0.02143397460755026
0.04771656451174877
0.01716745993320471
-0.015320398915724173
-0.05744836063473022
-0.09958799028517518
-0.1266820148204962
-0.1076180055739937
-0.15724049959065411
-0.15351362260626303
-0.19851725467664227
-0.237878410204982
-0.18209810633962772
-0.14631804818531532
-0.14211693449294738
-0.08802643360583504
-0.07648347619802508
-0.058253820403803495
-0.07132881733373021
-0.02007216454006875
0.008633263065904232
0.057363345751188496
0.10113908267166015
0.09679103621715884
0.14381110016747178
0.19158416279015877
0.20300196754969224
0.24877859627480847
0.22113636922026503
0.19625857810293465
0.14031714331780976
0.12430686176907116
0.07859250842568291
0.09314248835732233
0.048715521127836614
-0.01536222276008039
-0.011722281535109484
-0.04726576669066759
-0.08739383098267658
-0.06103372242984217
-0.1347474011875459
-0.12891164639908181
-0.18612567572457603
-0.19113642315464244
-0.22980807991972754
-0.22705378938151388
-0.17068924634781943
-0.13746377968954188
-0.16150797158497723
-0.0714699906876895
-0.06345803914264465
-0.06567515562174511
0.01137181811924339
0.04428750209483378
0.017962482274919825
0.07110642691358587
0.09099120578043976
0.11035564368206485
0.14367814507579615
0.19226748380987316
0.20865752849631633
0.24346654440240215
0.22746291297332832
0.15781364539474685
