0.2674478864723539
0.26895290284555606
0.16852253701263922
0.2709600628161313
0.20578160599577952
0.1692395302568435
0.311343302605331
0.018857534752658292
0.2223909662003052
0.00419565370865033
0.255813277743314
0.0034945003879918246
0.3363909095715574
0.2286969592580291
0.06293446284951107
0.31860855369057783
0.2135708846938048
0.16231694790844817
0.11788831041927493
0.22472673830247186
0.03694157298197481
0.2580030349066362
0.05822833077937707
0.24017788852105001
0.10447082307711647
0.045451245840301725
0.298557020866828
0.08271330825181832
0.09318892409392847
0.20802127432930267
0.11456525003690167
0.2554676216813376
0.27824212778095175
0.22979557656087185
0.20306137267360178
0.2425546248577261
0.008932777590295957
0.06357120014529455
0.23757268932807876
0.19273128640192858
0.12420294611489376
0.2776599233889269
0.17832091538188172
0.04854092513035558
0.17243082737847285
0.17437492877850372
0.24653989044018834
0.16519284495329442
0.2951905354720484
0.08487237901835583
0.13905405281872218
0.31677393547309485
0.2990615795246667
0.25970439487555513
0.19510373611559184
0.08756660090908966
0.30937860875214185
0.28379646235134315
0.03656715779110916
0.23526180198025187
0.14597049464873574
0.15954702169118073
0.0508555618567488
0.17282885665114428
0.03714356088988839
0.21026333837892774
0.2132996591234295
0.1631924675571985
0.14360751362269963
0.2816761102787148
0.2814113051381721
0.06559921414482565
0.09226242953203949
0.07188901008209284
0.17448518430669419
0.17715270867227284
0.17457540163481639
0.1071791501888411
0.2560171022797173
0.23074434941953453
0.23078570903130538
0.11094292792846228
0.32178357602482777
0.24311061841679285
0.14384220755618018
0.11480453675733525
0.2472977700613006
0.27849711049567183
0.29298442392528895
0.04603239940975717
0.12745819339146558
0.2580345952476785
0.18887337864925485
0.18681995102403054
0.06770022554122217
0.043710771959827775
0.3140976575047983
0.22105527889162813
0.2872070722501317
0.2513928358016462
0.22046793151060864
0.05020768569380185
0.1407556484115398
0.023412893080258547
0.00828451137934949
0.342695924743394
0.02812905181041547
-0.008588905749956098
0.3002029364424594
0.15268081626863245
0.16853632618262115
0.2872373279290456
0.2029302400346802
0.2528998540393214
0.2249362157567399
0.08325802009582374
0.14136505753346468
0.22930982474755793
0.16894052255360664
0.024458252283831607
0.2982474346164286
0.15581298389971085
0.038009717872691695
0.2488491874141375
0.2051915234858733
0.07061997834186719
0.1076470809808674
0.1384519070594723
0.03341613504897857
0.11147641857287562
0.23779408175914826
0.20905272391736335
0.21680555266465562
0.2792097011040164
0.16872716733516885
0.13974364036662767
0.29310028534844673
0.1898432550652906
0.14482813997437805
0.021274884863237
0.008164493024353264
0.2907873123807597
0.049517520861809605
0.19160235626243
0.12172689719539262
0.05817957024501312
0.2966157420194626
0.1579722789523542
0.20730566573720755
0.15765353161561582
0.13109675858969497
0.10423849745791101
0.28822698620284337
0.33545886861834473
0.2897750406459251
0.31142896634125233
0.19506211676832166
0.037379156097347516
0.10585111240910379
0.03704948588226775
0.24324510960756116
0.13808042005203075
0.20531871892421738
0.23604877165490443
0.07711112003980838
0.14095010427286248
0.3133126363297538
0.12831773937367008
0.21248058466591283
0.29155627146333185
0.3328480322429993
0.3003912656267248
0.336120661114944
0.15439137563393435
0.24579359620667618
0.11103793963473196
0.12326392710096551
0.14407005185055258
0.3269596055541197
0.13212626702630675
0.1638012481531597
0.2546125014891185
0.11615360660631156
0.008932459527265697
0.09687062439637167
0.34063342783304273
0.2953855307839748
0.03595022227866201
0.30790923470927273
0.07669625450961244
0.22388012255318693
0.3085803503232398
0.0005828914618392464
0.17207284732954142
0.19471676202903704
0.10462796330143552
0.05800121363294165
0.09623632156614298
0.3591362848255746
0.1484164097308559
0.2823260804176464
0.020124974288391242
0.09167039480064748
0.2756963256733041
0.13655251662515797
0.19689816317737188
0.04296778911392288
0.285402638121259
0.07508620129647732
0.07376065446802076
0.20377815994583282
0.20394800796931908
0.18046772548604692
0.03798091615866664
0.27335550988822893
0.21660613579132917
0.12126770774152669
0.29124912476220854
0.07091667944900343
0.3241271443011333
0.17259630637671783
0.14932994423714624
0.009854239610061623
0.27745940998532154
0.006646485311136264
0.32712044338759344
0.1393972089753666
0.11090957851258804
-0.027155340812774507
0.07007045664607872
0.3443557372038069
0.16271251774815246
0.17226828652130882
0.06982966946385995
0.20026764502188846
0.2873965126368573
0.26285866509121375
0.019776512784317527
0.08039707263135978
0.30597945047073694
0.25651036832701485
0.257121514976422
0.10747183960256457
0.30036553498380275
0.31761581357506297
0.2837034357241783
0.29328629825124386
0.14158135281437
0.10390421446602012
0.2226268949536379
0.28799595558031355
0.2686104728785987
0.033578179215793244
0.27339764639472636
0.08880567065663314
0.05601547369360766
