0.7557971694893474
0.8054171562453655
0.8709249983990446
0.9481603190753694
0.9071287578399221
0.8318696720324376
0.8101329384623145
0.7484432498293625
0.6812278498262783
0.6401209976591246
0.6137679796608697
0.5454387472320379
0.4986817444080814
0.3921144410152927
0.3585436646387713
0.2627951496637006
0.23102262577437233
0.1700672921462122
0.12282120183477827
0.05176122339664216
-0.0020407059350711944
-0.03640464366297823
-0.122685358972706
-0.1364263048019235
-0.1941991143835971
-0.2651524026832655
-0.3614854339760192
-0.4183036367662404
-0.4320700557541348
-0.4770120933864252
-0.5771623776930678
-0.634485088254901
-0.6848106130549746
-0.7121380936351698
-0.795233835801399
-0.8501386534966271
-0.8923119761353218
-0.9535140857966627
-0.8873173396808176
-0.8085985363516359
-0.7749343889647736
-0.7353333660384929
-0.6328669407595182
-0.6016681034421204
-0.5307842013846646
-0.4844046364147013
-0.42988514053907956
-0.3315949946469271
-0.35023994762926564
-0.2949157472757781
-0.20051573937599165
-0.15185376432593725
-0.12867642917869762
-0.03476886558327245
0.02279372931371657
0.07988096632651247
0.1319533830629377
0.2076291828161748
0.24513898140531476
0.3228712471752378
0.3609948723312593
0.414841125284117
0.4993923346892926
0.5041258687720964
0.6200276607024701
0.6621939494522402
0.7334571563858757
0.7528444783228273
0.8201961089675948
0.8363722147467542
0.9421846564089813
0.9241049518279102
0.9166907956170199
0.7555917925025528
0.7540317243698355
0.6987754580817575
0.6232427029886465
0.5496437746644277
0.4873152349989111
0.4336340889874791
0.38242826158265303
0.37260220701840824
0.2663675900336088
0.25871957284782554
0.1945455593970435
0.14359133415474676
0.07069608853433093
0.02202706780280136
-0.09754785492404092
-0.11210058708353632
-0.1271223725537283
-0.20770457244555507
-0.2591706519300587
-0.32222690397191384
-0.37402253118158874
-0.44275388940940447
-0.545868811428634
-0.5728293110341913
-0.6083879173397161
-0.6600404262234341
-0.7447831371157599
-0.7738248523919216
-0.8420232979486916
-0.9046853679698208
-0.9515551373936441
-0.8568499326032544
-0.7882422979744639
-0.7579805161832966
-0.7061447049986319
-0.6567548762697553
-0.6019673351120051
-0.5246718989388582
-0.5041003879725224
-0.3977503890615841
-0.3637118462736798
-0.2863190897092211
-0.25744464472825224
-0.21293519103190592
-0.14317918359096712
-0.07716895666052313
0.00803406890723165
0.03589408795782718
0.08663498740888781
0.1329825261996438
0.16260041087963664
0.2705795219253745
0.33917330477091
0.3549816075061299
0.39373521794484206
0.49480035133472466
0.5324360670102531
0.6150169958605167
0.6693785468431712
0.731202031739725
0.7402083702516927
0.8523221738317359
0.8880664991127157
0.8906494172846853
0.8914586155293772
0.8281129249408221
0.8011732384650382
0.741296640162507
0.6721290458984689
0.6098683750416503
0.5689623053317154
0.5231918778460083
0.46038376416656956
0.4180727334101477
0.313337368769622
0.2807582806788179
0.207179858582835
0.14090242122572227
0.1015421479042151
-0.0034103605335386866
-0.03464519091678377
-0.10666676174174217
-0.13496087538710114
-0.1836208505409369
-0.21965818693198913
-0.3008949073801751
-0.33326882184214257
-0.38288310623972605
-0.4447363223810487
-0.5460336312016274
-0.5908969161327068
-0.6493702339674545
-0.6474165889486033
-0.7889478362886623
-0.7962284196738206
-0.8601034213472377
-0.9236405604703567
-0.9510663316699989
-0.8726533866407888
-0.8226041321217777
-0.7883857122985727
-0.7216902391269725
-0.6561110500680379
-0.6264409950988942
-0.5634384087730274
-0.4454303056504189
-0.4245498745449421
-0.35772579552596606
-0.30061035069344727
-0.2401164782262786
-0.17182641769325194
-0.1598562382794731
-0.06687464002020349
-0.033442764460971316
0.05495823715209985
0.11303500456546596
0.1309446202505469
0.22814056649393274
0.23571615786249908
0.3204761422461474
0.36565901585114124
0.3991017216040987
0.5009631702546903
0.5270597822443032
0.5784735130104889
0.6871090842730727
0.7098868396051737
0.7776828394554172
0.85610195792235
0.8895486886391494
0.9630456270104143
0.8872719421538804
0.8281161478720562
0.7839677360110188
0.7569482219610727
0.6680375275186656
0.5789801592931826
0.5452200120846922
0.5083370359263707
0.46312088399178036
0.40362065279815673
0.340317651533846
0.32721530737949345
0.21274228736005704
0.18990502652704594
0.1429316818940206
0.0592052253240765
0.002017315372427473
-0.07919451916542816
-0.09621667469852625
-0.19196234183673472
-0.2250740039270361
-0.28819600743663365
-0.33185579415789307
-0.42894006545342717
-0.47377628479793815
-0.5220436742522742
-0.591626580805787
-0.6609876773433189
-0.7019050663234702
-0.7645346703388215
-0.806591273537905
-0.8815827113640109
-0.9341773743644074
-0.9674403111741656
-0.8952552102120357
-0.7987351006388371
-0.7490469403169256
-0.672474882946153
-0.6365181197209903
-0.5698740041955375
-0.56300163950272
-0.44665727675297223
-0.3588787603385363
-0.390969817109446
-0.25676006418460645
-0.2188343059263216
-0.2039989771907796
-0.14362239476961347
-0.029048580678775977
-0.007857130586823073
0.004603213896241201
