0.16617846255573207
0.1373022535887507
0.09548081999528958
0.07746865439522731
0.03253027677409481
0.059873907769766865
0.04906530635287429
-0.03690642805520117
-0.02834134012414858
-0.03946859183864873
-0.08439261279007819
-0.12156239827349175
-0.14407882905980537
-0.15404281167315154
-0.179696025944182
-0.22701173539928127
-0.21371700980343836
-0.2852840208261822
-0.26647585590267064
-0.30545838303718964
-0.3400831208428422
-0.3384725828504115
-0.41035283631797076
-0.40618476525166675
0.416713003374548
0.38116558608754153
0.3619098712370162
0.30687605172098664
0.3239446255026241
0.2718326194909066
0.2471022164624841
0.23695573125495026
0.20025376607914486
0.22238669507859954
0.13857644420972814
0.10143431636296857
0.09477731403060359
0.04394725363512267
0.06813041718264831
0.041924775545038345
0.012718769480713422
-0.04416096410135821
-0.05822801702192693
-0.07030231570953983
-0.11791937865133735
-0.13314955269491868
-0.16580506056042968
-0.2146729337683554
-0.1985846036066541
-0.20502107619501855
-0.2600408677057723
-0.2629837139829479
-0.29389582728295716
-0.30337998947303374
-0.3346937800471163
-0.36278269690009307
-0.41937659291686924
0.41465007135971843
0.393468999229897
0.3772269261097344
0.3479184075866187
0.33139747288388144
0.2768611436343258
0.2528282794169041
0.2604602506819404
0.21591755098737897
0.20647313226289232
0.15468205535024404
0.1471158789214991
0.13802289447261834
0.08580480875197463
0.04749863185080322
0.022569342270150894
0.011809225280195559
-0.013184170701183344
-0.03694548967199406
-0.058168311266237546
-0.08142908173580685
-0.11496695639845105
-0.13767973552054688
-0.15043552820056746
-0.15373919756073967
-0.218600774366225
-0.22928008478244188
-0.24805139280537578
-0.28205633841242295
-0.3267877738987211
-0.37558743909255343
-0.367651104285137
-0.38404363381855255
-0.3821245078213523
0.4041428277128
0.3824128760945648
0.35042824666623423
0.34923613440392953
0.3162293880711608
0.2378554878377892
0.2421129937078762
0.24939258143910414
0.18480587454315464
0.1686847418427977
0.13322648662967448
0.10497013943349945
0.11204417948117257
0.0762160953291326
0.07103018502412042
0.0229403615569831
0.00888845683383531
-0.08026381897479812
-0.017532147662483573
-0.12717859606458684
-0.0949042909308183
-0.08418154999734309
-0.1355175683756784
-0.1982731529021318
-0.22290934145056984
-0.22531120257832554
-0.24592377029600548
-0.2801006173231569
-0.31890616766867286
-0.35447064445671156
-0.33749847789194354
-0.3509798252880085
-0.3544806300555118
0.3958596787171927
0.3882949079783004
0.35043350568265474
0.3268061464472374
0.28173541100837945
0.2634505590309192
0.241964136298557
0.25942012983531004
0.21274403609199513
0.19573405521037252
0.15655549768998658
0.1389732946884508
0.10322241768258163
0.06987724028448221
0.0592174239220761
0.017357728593946204
-0.005642983464330527
-0.03272763881666158
-0.03839193324898925
-0.09343300670637514
-0.09653300754846487
-0.12284394569874107
-0.11726063548591345
-0.1697787723058963
-0.19328624562940902
-0.22111863236511742
-0.28028452786002683
-0.2691635265690023
-0.25429337214193115
-0.31193089606387836
-0.34379434994086316
-0.38462986631765494
-0.4087498968675983
-0.39681235874937004
0.39858761875724197
0.3799085653072121
0.3080665968363361
0.33017366396459735
0.26546599191000386
0.22177267562753608
0.26495315743365283
0.24628215492490818
0.21626889326908944
0.16440956672089346
0.11333898967206034
0.12534858648114436
0.11450209988820581
0.08001799006598453
0.05067611231389581
0.03339962707776224
-0.02421786800117137
-0.04779478193718284
-0.033606167575176066
-0.05543151911948299
-0.06950561463083195
-0.14948170188156318
-0.1654441525863209
-0.16614274165590912
-0.2380724779394114
-0.2765971021924163
-0.22445331329311605
-0.3004728273378899
-0.30975591075475584
-0.33163399964343143
-0.35101241476186135
-0.39056921709453674
-0.4151481080560796
0.3952421621269175
0.37960898698543893
0.356676429129532
0.3054310590841221
0.29526474817311055
0.28450343106254866
0.2728267333192696
0.22186884178208116
0.20457594725515196
0.18817022826474464
0.15325022370775093
0.1369305421321789
0.13285910646197985
0.07189008921007499
0.07130969813533213
-0.009031190469703264
0.0206841951419501
0.006828014805791288
-0.07293547317270531
-0.041314284340361974
-0.10888990194519516
-0.11075428367479258
-0.18179670835400347
-0.16741344524171117
-0.19752608448352213
-0.21931655820806567
-0.253543505348945
-0.23665650975439972
-0.2901271686793777
-0.3090118929088365
-0.3419705380763013
-0.39225563701205096
-0.38440685454629986
0.4293074877495939
0.3960055802664573
0.3846909345980017
0.3542212085013544
0.32299280072092285
0.3091833655182264
0.24641143785376401
0.254661992996566
0.21121683261771676
0.21473396850280682
0.15595504293821924
0.1473681474815779
0.09467776750603848
0.06784861004423004
0.05709107579761748
0.06412649802229056
-0.0014313725743814176
-0.0016865518137266248
-0.03590942795695103
-0.07687300290356697
-0.05412857071856979
-0.1414413868019312
-0.12824449067246219
-0.16771113595253628
-0.2184443174107671
-0.23212235366473422
-0.2761669938732373
-0.26740606569890285
-0.2553602192703126
-0.26994064811367796
-0.3539190346986715
-0.36785485594131434
