0.39059913084686204
0.4569319026524363
0.15909160563633604
0.345016735379893
0.013101082097983458
0.24764861782294506
0.38922960684315544
0.1049633199635516
0.18640149678327064
0.2978906224219452
0.2060973418887794
0.5315781517648814
0.45587927998540245
0.22067106926942348
0.30145493597836365
0.20789142559213009
0.1948482302419037
0.22200820028953672
0.41798397263218556
0.2980379715334423
0.06941523682987819
0.18757136256395396
0.07603881254719057
0.12633990244159143
0.09319745091810851
0.4532271583129203
0.22219138224434773
0.276056209557832
0.46892862297056315
0.27197110567595495
0.3774210895368511
0.04239896854097833
0.02489090401619103
0.1661207754893024
0.43721733227371995
0.1369767931032203
0.48609966671109506
0.4679281627913318
0.2499905764763463
0.12319919428722317
0.20724418344665443
0.4709938889418316
0.10742965474268416
0.06904954781207301
0.05589984643437959
0.41665334026341655
0.43497401934340485
0.38273133143423177
0.14743640343677894
0.08967880257744182
0.014712054666565812
0.07062281613891547
0.41535627046930035
0.400956637909966
0.1595820481358929
0.23617808309213928
0.22851520495967836
-0.010575495269169377
0.5073362293712951
0.43678557580944005
0.41234445957964405
0.010206106353563699
0.3330978773289487
0.0477727744760126
0.47279102512911575
0.35929977874470365
0.5225447818976173
0.01718892112510912
0.4232581171742798
0.472101527937599
0.17768472107531427
0.01967864916043801
0.08721043899075077
0.2673463344573842
0.34787843899612436
0.19412189321882464
0.06735596700843256
0.09351303699905568
0.2332624652582443
0.41398720128015504
0.2944685844632929
0.21061682753052685
0.3060900085739507
0.053479719074852314
0.09099778639995532
0.25753377988347437
0.3478402884258327
0.053315842728295794
0.3115854969145374
0.15860893927977007
0.4962849417397428
0.1242624756525305
0.12003477196789869
0.06604760664316858
0.4199840971210199
0.21973665375930748
0.06065046932691301
0.31488322629543153
0.19339640355164475
0.324461079063067
0.12507708755185384
0.11046407631384622
0.04534688694584411
0.2018975414014081
0.09067929873112572
0.14657000266364106
0.04824330253854687
0.47115715461264146
0.32121496844863007
0.4313808936404017
0.1923508487737585
0.07491123275341266
0.24806837113698432
0.38883555534317227
0.04378008093667959
-0.02781116825481211
0.12754676330487005
0.5348402697862349
0.005052729534189743
0.32328190173098803
0.03148481210865148
0.00880141390088558
0.19472912869632955
0.47872353752692026
0.25377217438474764
0.03806319324764939
0.3897768457062641
-0.021827529357246703
0.10374978472172641
0.3535418632438707
-0.013329040776178174
0.20557106373279976
0.28768761701545337
0.4423562760186949
0.1955963941132472
0.39263149376954165
0.4870440178844273
0.3561370528883479
0.36557399518543465
0.4145951622000944
0.1902084200321348
0.4123326219611231
0.09343417021505927
0.5003528418397903
0.4631673255031977
0.28417022312502815
0.07768919340968358
0.001641868440229021
0.31572426044206
0.3274437219589782
0.3257377765340484
0.02591123011429619
0.1976560654779913
0.27136064471998633
0.22422417241194884
0.3985742911422071
0.21340394217036188
0.32529917515973755
0.3997490192142808
0.1911851402820012
0.49504390526502395
0.3573646853284799
0.09174002262638603
0.028305249603147162
0.3102123940657389
0.05074181966657654
0.31758535956940026
0.2611000302574789
0.13826665638037408
0.40232437835878254
0.02594197073263148
0.35356387485496776
0.06030280043858034
0.10027839297674199
0.47887617316916653
0.40303052245225507
0.2701967412922273
0.322582176863772
0.19972384375555305
0.2024726537919575
0.42822212148798744
0.15611576792177953
0.08055212676857099
0.4559188211821844
0.07661910165781527
0.39716976748379074
0.2523383738382688
0.010281290137533693
0.3845748390055663
0.2645746542108614
0.38023739648838817
0.08774174448759896
0.14903239057622697
0.07681705810376308
0.2703041349362625
0.25383801415402185
0.12781073841947488
0.2970719129596274
0.013708766729101414
0.015667506540990615
0.3507589027193668
0.47683039354944395
0.21640202749554366
0.47702931267724746
0.07651213871760731
0.3578681410062697
0.21803750725332477
0.2884953769728602
0.022949129935670665
0.2487325246528722
0.1352333562443064
0.15613821219803553
0.11513016398215822
0.4433037144496643
0.48573709371840884
0.42804729034285594
0.25893440364512893
0.5094873864138145
0.33463896621703615
0.5034621745961254
0.4074210382360086
0.17695820602197923
0.2682506498765425
0.051683898861657106
0.2307585566888024
0.301405051326713
0.4303677548084057
0.533086715334493
0.3747562174648854
0.39217109832740893
0.44521897076625605
0.3623660803837058
0.4742015068760991
0.09387271322855958
0.23383952228452992
0.4440498720889849
0.349537540953939
0.10053527511348075
0.28183356549625066
0.3940549096632923
0.0301749643106885
0.2895059070646901
0.34887523653855923
0.02503815920752116
0.5167116439174859
0.0905607119244675
0.5093320729774897
0.43230380356167175
0.36733991189715604
0.18292996534830766
0.22942861600182077
0.46389215338839107
0.1735631546915352
0.33450326033439315
0.19063082437363865
0.400512140580475
