0.1920453615936607
0.09099371207424657
-0.039337845447169645
-0.09531334222470546
-0.20546856021216436
-0.33707667639952227
-0.44046427582655895
-0.5560953661806127
-0.6272653133932818
-0.7746477640211523
-0.8967079044617398
-0.8186109158243816
-0.7599026737186664
-0.6053065478624379
-0.4841168586775241
-0.3904404353905958
-0.2821355550965876
-0.17664461636304846
-0.09366911157653686
0.03689027527163566
0.14881317640487873
0.24193250723568918
0.36626885522471797
0.45283205583612024
0.5799625007777534
0.6386746689362957
0.785530470547155
0.8744933172651502
0.8334879877441124
0.7273829484823965
0.5913108684962539
0.4747315426548609
0.36947372193852096
0.3149012513621416
0.14405511749910904
0.04757374578464074
-0.058147337313489235
-0.1542696452978952
-0.28215994172427605
-0.3933984049030412
-0.49246516185775274
-0.605477417589394
-0.7104841542377492
-0.8695619942801459
-0.8622262905843198
-0.7681394976325523
-0.6524001616039902
-0.5443487326843456
-0.42160633555904203
-0.36872924595600276
-0.265225817975628
-0.1476578620197482
0.015568708512894557
0.08899971033710863
0.15503100240119994
0.31381100530208156
0.431081563311179
0.5270395676554054
0.6339487772699312
0.7215511576005947
0.84696443606291
0.8532385368998202
0.7670909857421957
0.6633612103618459
0.5282966155345339
0.4104758356250005
0.32632903815668546
0.2139954407533026
0.0988187744885802
-0.03496151080411403
-0.12318834146887755
-0.2196622544547279
-0.36007632189094513
-0.43149241704682234
-0.5665966019870923
-0.6963713179456572
-0.7514139413640603
-0.8649121627918394
-0.810903626263927
-0.7379583442906158
-0.5946658275798219
-0.4820924217401458
-0.4168718571575343
-0.2713896622615689
-0.15993486005698973
-0.09655259016092432
0.053974928576074326
0.15494018855681194
0.3038404216131111
0.33595766528558074
0.4887553297076911
0.5838413498562489
0.7011664414682691
0.7833755882518559
0.8983872741630454
0.781899484855194
0.6706392170031321
0.6008208410959068
0.4391578260803295
0.3649640866491837
0.23160777833130958
0.17265943882550708
0.06548156533691249
-0.04670993739305987
-0.21423544387295615
-0.2818184007629472
-0.41836842005524927
-0.504595804214263
-0.6214811230416879
-0.717311885080017
-0.8162353988407011
-0.8813514263053082
-0.741296660983782
-0.6563040870935581
-0.5138240138639752
-0.44853657650348955
-0.327729486788897
-0.22605708972221095
-0.09817196141901555
0.00042934090659699567
0.11761045010236347
0.23131889064232142
0.3305571706530502
0.4553713726741917
0.5178235928001109
0.6678281944669372
0.7448575201834648
0.8629207743944995
0.8437974658312858
0.7155098711539044
0.6104381891277666
0.5215917946950587
0.41693018237419954
0.27803705271064433
0.1768511880599868
0.11355051699030425
0.015117545797497842
-0.11329650167194699
-0.22391729805845917
-0.3382562780133411
-0.4415614822586414
-0.5653568952666591
-0.6620390423834676
-0.7950052022500163
-0.9101500722372655
-0.8157315774670078
-0.7110072674758183
-0.5690056989035353
-0.45839668639026887
-0.3798100152354056
-0.2517001535235187
-0.17355678415471062
-0.022041152463249773
0.032832905898275526
0.14664111494094018
0.2834410338201547
0.3843473621187049
0.47084580972984824
0.6079171262026681
0.7234681219384981
0.8449711043824406
0.908714733392413
0.7563468340898853
0.6556445103074272
0.5791391007476977
0.44739601774551
0.3625479895033446
0.2646195593780192
0.13083685731899222
-0.004187041049427374
-0.08186243319496914
-0.19415811934701327
-0.2981671263267508
-0.41792719855309723
-0.5061054223002621
-0.6207234059023973
-0.7397154974807328
-0.8277741952783634
-0.8535663237054445
-0.7813837545736236
-0.6325580417717802
-0.5367966913707712
-0.45250217713482577
-0.3125697361811315
-0.21133320415934942
-0.07767650424455677
0.025982065038874347
0.12517022548988227
0.22149539971804885
0.30223673797539924
0.4462396511126767
0.5597763716741783
0.6671793293904302
0.7338981541323601
0.8658707954547712
0.8117033116017986
0.7213202677879783
0.607676225279316
0.49155254878714916
0.38382106088486256
0.29206249431430487
0.17340127299972236
0.126652190529696
-0.0361416584934667
-0.1587681560982722
-0.246155312715116
-0.3500835023758003
-0.4852283956952824
-0.6075962808348105
-0.6560211820859896
-0.798117845175992
-0.9371214834511836
-0.8077017784699405
-0.7048094349355808
-0.599446701745098
-0.4815901124538397
-0.37374489114225573
-0.2810091355938752
-0.14285496238407147
-0.036393354710070776
0.08925735291232498
0.1502199178230725
0.2642236052575423
0.3931888398063466
0.4896265487281244
0.608058679576114
0.7499353057756929
0.7919032180434443
0.9004066013139735
0.7353320396090182
0.697262103831126
0.5435663990492038
0.4504483094349798
0.3599231026217478
0.21102296629702516
0.12536556997067813
-0.0228410147263579
-0.09128168370448522
-0.20675149037532947
-0.30890163333103604
-0.4030703624614744
-0.5041531925834841
-0.671945414960439
-0.7468578838526977
-0.8580762014474205
-0.8411927162413744
-0.7008701901909329
-0.6389390938442682
-0.5363088164361164
-0.3884918344275369
-0.27954363415328565
-0.21301571951841192
-0.09153708005082128
0.02801378066836341
0.09576088993905464
0.1915361097476257
