-0.6128084020638545
-0.5839433923332579
-0.2681224083789482
-0.24590961975552286
-0.006498295190925315
-0.18863689158482982
-0.22303782453959559
-0.3395819181046923
-0.5068346983713066
-0.4209922545837973
-0.5600195380518037
-0.14751815968900017
-0.5356663537241068
-0.4866534663417217
-0.19533774580158583
-0.7006532414712813
-0.11660795862179343
-0.1898994021556038
-0.1026673888639216
-0.6072690436573339
-0.4940846333125696
-0.33722202175874255
-0.756238163350893
-0.27620412418258533
-0.44743898110757735
-0.7460079760903928
-0.45062404848148124
-0.3290718133566294
-0.7812461285672602
-0.6406450989057756
-0.6856073475625797
-0.21259726325948144
-0.3927208349584592
-0.18712265265737044
-0.21362515299183044
-0.6545069605382162
-0.44093330404578135
-0.5275684802781039
-0.7489192167616082
-0.26467960282821296
-0.05761544752820537
0.02052725786038088
-0.14196541828605655
-0.7110208956449999
-0.19457582502016155
-0.24506380144747594
-0.6990734387931894
-0.10296495288322483
-0.20509227755164125
-0.582250390030551
-0.1315020261158782
-0.18656299171864602
-0.761166932445334
-0.24771211305135624
-0.5244597251009118
-0.7003716516395855
-0.31886553056496203
-0.5772132167775434
-0.6498282218970732
-0.0061304863010624815
-0.3138972057758444
-0.382008648708871
-0.022026841481571555
-0.3276810696648518
-0.4923668719967734
-0.253511748006426
-0.3667687336426234
-0.6153720534151889
-0.6499555311826298
-0.17567053199254407
-0.00201146012718275
-0.4895416964588182
-0.6309885723187394
-0.6730737787211657
-0.1160342571472437
-0.7450919897669768
-0.15105530377228013
-0.12964951247352685
-0.20370121727156099
-0.5528261849671059
-0.2482288971926912
-0.6180994859982544
-0.45216633893480923
-0.6739057048708983
-0.42481120215675827
-0.6328547403391948
-0.5408160141191647
-0.7587819055919801
-0.49488151290721777
-0.7186441186315371
-0.29290570469992033
-0.0416721331344812
-0.4750630283975606
-0.6760071921948927
-0.7186181338878064
-0.74043122028149
-0.40515488154699236
-0.6884073504738856
-0.18658078629430236
-0.6409596024532783
-0.6953202479005937
-0.07855809071848582
-0.6894598869207822
-0.06592942696618902
-0.6034066723235675
-0.7277363636224394
-0.3062925594197683
-0.6423678346149155
-0.5817728898653212
-0.5647603587743749
-0.7227418039807705
-0.05429704900975993
-0.5069160808941096
-0.4487808829396947
-0.5515580063397213
-0.3182961881900436
-0.22541085401174857
-0.4226332407517601
-0.38361566023792987
-0.5652712734470989
-0.024481872692068727
-0.3320777933836664
-0.06951471699786274
-0.22178865169479872
-0.19147023888334214
-0.6374560992053351
-0.5560577534636827
-0.5469547536999354
-0.5134472312612223
-0.0713220166516475
-0.5063367642219514
-0.0783131954231552
-0.12420881742713562
-0.6976722720651141
-0.18224954403778434
-0.17587953585449975
-0.6508298221329815
-0.1081361726923412
-0.300349220120711
-0.4364596118413289
-0.1558091450663047
-0.03661835129135669
-0.33103600776979614
-0.4661846178954031
-0.697250868967867
-0.706235983487187
-0.2608670582383407
-0.69012295873641
-0.014329196822242063
-0.6493571305760638
-0.7066897682766619
-0.2708591228741916
-0.4188550633153199
-0.3164349856796433
-0.15977424623053363
-0.21485044478954232
-0.1933219258368882
-0.19201127437981436
-0.5088832924798705
-0.7700808292293854
-0.5096792956639971
-0.400818739693226
-0.6644067210705872
-0.6857391246008414
-0.3959190895856909
-0.5911274572950778
-0.10635965228288644
-0.34612154570279585
-0.6677458563195484
-0.4713857886139015
-0.1777711804401066
-0.30651198324759865
-0.5092386543151692
-0.6586293919115516
-0.7892813816108567
-0.4294049390898717
-0.742937910719167
-0.20504548801742528
-0.0477118944788657
-0.2458358524798291
-0.6753106487690088
-0.5234483636644679
-0.060609497448667796
-0.06137851640933531
-0.3488419956050735
-0.6263993433297232
-0.7006273064353943
-0.5591239825933033
-0.38103094560531137
-0.4320976013382887
-0.40882372868980016
-0.1068343785273437
-0.7508650602788879
-0.4644455704182742
-0.14680212515057495
-0.19572086778688363
-0.47478903619938834
-0.3814411036736417
-0.7533901464743621
-0.7076663314079252
-0.42239210323413384
-0.5947661344663604
-0.06853182753985079
-0.319355358942165
-0.4304898964433854
-0.5516841419091562
-0.4547126114591665
-0.04397095833123509
-0.5916002591406705
-0.44721063607396416
-0.6290907451559752
-0.25162542785795056
-0.29143544535976723
-0.5778802474076715
-0.4086630372296949
-0.271750997346833
-0.29877037338737966
-0.727973217089377
-0.16311449077474602
-0.5104809988572978
-0.11463963056545656
-0.3233770070831883
-0.7000529854832346
-0.0792867783809788
-0.5435587832737581
-0.14370748520784737
-0.022534669364951486
-0.3258924043006846
-0.4684454363328629
-0.24801331713289745
-0.27135056013837117
-0.31287307389189073
-0.4717837069968385
-0.20056980882179953
-0.5429227976915052
-0.7330726626575367
-0.23093242367087222
-0.049936480013933894
-0.6314687806727572
-0.611630734221698
-0.6972046881828209
-0.41445244906822154
-0.12568656978462542
-0.5418204904481139
-0.23455734986723928
-0.5716339566383722
-0.3899027091557405
-0.17234981220375223
-0.12456021985154078
-0.7437639129953397
-0.40468964901337834
-0.7125155034188435
-0.6796907315078998
-0.026789757365109062
-0.1412682325922194
-0.09521140823103105
