-0.41301240083638213
-0.3954481656636381
-0.39907582351106125
-0.3866300134303399
-0.3742284824129476
-0.35158856637943575
-0.33470702595927915
-0.28752149228769547
-0.3057110041153748
-0.30806594846245855
-0.27117592455755296
-0.2777307675825967
-0.2107004282056888
-0.1803933127008269
-0.15223541101759452
-0.14904010467734954
-0.06933308876909558
-0.11412478358429405
-0.041826800505894726
-0.06916042616388038
-0.048961617073841134
0.020179875594158552
0.008482062649600188
0.060458554856157184
0.12679949809042634
0.16475713458740798
0.13786249509183027
0.16745419632661898
0.18606311032373538
0.19841145502551472
0.24380533080438646
0.27450169988225426
0.2996078248395856
0.32606215979838604
0.3415704165582982
0.3408151612794998
0.35302709581180136
0.38423154159125245
0.33677291489776856
0.3754149752841231
0.4217271982117537
0.4168501738071606
0.42812843630421354
0.4354656427735546
0.42649361692610854
0.4194052699574852
0.42831123957153006
0.4453637016544026
0.4258112822040911
0.37836375273875933
0.42248485963792487
0.3995532231849992
0.3656812885696064
0.36403440263972375
0.3661271723602912
0.34489560104345346
0.34869775425247673
0.3370254853358231
0.33266678660660787
0.28959792305035525
0.26528529067069373
0.24546130296298047
0.20252723869155106
0.2102096702407939
0.16781019455591967
0.12522982675514546
0.11302682862273365
0.11167143080917782
0.049203238999150745
0.0375639747523724
0.05131182646939891
0.00332485579645182
-0.03411996605764926
-0.07299659864084942
-0.059242185847871734
-0.13797887420768812
-0.10300373352377888
-0.18371777836158487
-0.2117538794635656
-0.18760951285491928
-0.2650974931961303
-0.25195917380043714
-0.2946659803101091
-0.3002450904954839
-0.3114454499270951
-0.3540356579027287
-0.33216077620732654
-0.3541192045647087
-0.371718497029862
-0.36641839490947226
-0.38888725541485303
-0.3784790222336283
-0.4089676148219307
-0.4108948621967814
-0.3863192344274225
-0.39978368557277283
-0.41112541725509544
-0.4112055831816133
-0.4251022411934364
-0.4226323526765739
-0.3949392707286628
-0.4042576583875042
-0.4265192949856679
-0.37240835441362735
-0.35162801556749923
-0.3706078782071357
-0.2885844070128638
-0.32044818195974256
-0.3187073942454817
-0.29776053486329496
-0.28515180811664903
-0.255518724454863
-0.24423264633131483
-0.2145677640655213
-0.15764708689773077
-0.18347981112221862
-0.10457217579391517
-0.10365207495246845
-0.0641687314845559
-0.07705835851907106
-0.05519912200206124
0.010896453587784976
0.008555875456470925
0.07116876101057802
0.07661352015669594
0.12353856061810009
0.10234551195343698
0.16938979774395319
0.17905844515974903
0.18769561046820382
0.1939975924079311
0.22029594975601083
0.2929031854309469
0.2426707102985543
0.28968831695823954
0.3396402581058317
0.32468323962036344
0.3559084498026946
0.3725227307437142
0.38766926707236793
0.3909638495226803
0.4408469607276453
0.39622381509176496
0.4227037058122268
0.4228029662990573
0.3805900453873012
0.4318332756180092
0.4261901688565263
0.4030443933061652
0.3969108470609445
0.4201417068026534
0.4273225871060617
0.3637551709575117
0.4001345704719152
0.3866854029740456
0.33436541730909386
0.3507360708143893
0.3296575977994307
0.29979443405850736
0.28671304810118065
0.2857741046756298
0.21663166307541665
0.21408642218587287
0.2111306991349266
0.1413213899698923
0.13537168535656813
0.1409150419539784
0.12674270444584929
0.07522710377798138
0.07598653965228858
0.029559333922545058
0.02599602513665653
-0.008402535534931078
-0.03878615914980702
-0.058824243053980305
-0.12001940666717134
-0.12020412598496065
-0.1387657549909947
-0.21218386636493142
-0.19457143853580078
-0.2315478688408238
-0.2652194977193782
-0.2728412853528354
-0.27649641389563545
-0.2941859919642162
-0.3107249677965218
-0.36658889621891444
-0.3596731868285326
-0.37087225874167173
-0.3863514038125561
-0.3746150904046395
-0.40694968538851173
-0.39136679276441716
-0.41146146100309244
-0.42435128463691274
-0.4326500100526299
-0.4225844108017478
-0.4297038344599837
-0.4378977357465055
-0.4279379765161442
-0.3999248583442985
-0.40114911456179114
-0.41127505594875824
-0.3548170742243389
-0.37581953210638175
-0.3398812496088674
-0.36246438154375993
-0.3013555190465724
-0.30698056983913186
-0.3068511843552882
-0.2638351163069368
-0.2651001614558478
-0.2346310976631596
-0.2037400369699605
-0.21079684426676193
-0.1483669719043202
-0.14007145918966538
-0.1182090424740104
-0.09932119761590195
-0.08750823578182272
-0.044445387618125214
-0.011509093435994808
0.047605680924669824
0.02481411221228373
0.08549972809209455
0.03380564821674843
0.10183960149446142
0.13271085216316308
0.20227702328653974
0.18562664443961535
0.24218320917549419
0.2705069496265429
0.2814986732783233
0.2830608205446264
0.31227252294907243
0.339291675533659
0.34792170284788027
0.3673802911719699
0.3972469355135469
0.3680664921320132
0.418334431358922
0.39844231724973084
0.3934454597444611
0.40053510739084963
0.4303687219968649
0.41091779000958684
0.42515348597002367
0.4181818394015614
0.41731649125681086
0.4001366044112862
0.41075056613776917
0.38871236482060195
0.4142626756974012
0.36724160443154646
0.36090081826943504
0.3409441009875439
