-0.09692690351412286
0.002475873150305466
0.034628927749651
0.022248538727179613
0.07905890687559672
0.06846611393322324
0.14400139714418794
0.13114397002216552
0.14891338416144764
0.1398942448350282
0.12671725272460868
0.15951472240455503
0.15519756007391927
0.13476579229316277
0.1400915869851547
0.10515448563779248
0.11322936731674405
0.0509065196911491
0.0013749366547682884
-0.024389773668820117
-0.02586637805363411
-0.08423770292628172
-0.10255622691661154
-0.08367331889824724
-0.1265790674021641
-0.14946247831631085
-0.15376461495934401
-0.16779101164485394
-0.20506779818865709
-0.13867110798523308
-0.12191723982062684
-0.10419302233819312
-0.09879511825520951
-0.05274566011265928
-0.057720137448255465
0.0072139172677569315
0.020463045612127046
0.028754617270481925
0.06801182311482815
0.07672785155497007
0.1290296821999676
0.16765172525226046
0.16863058807558742
0.1393262480787774
0.1577025645337066
0.20058447941630905
0.1786842122415347
0.1371292904920357
0.09467288770542912
0.06982287819941785
0.0596642773225103
0.04405974151308584
0.004530897958978224
-0.005744017673254668
-0.009146396383052993
-0.0862994321771815
-0.13322442088629582
-0.16191015251663943
-0.15802415946619153
-0.17112091510404384
-0.17495747490632457
-0.15703941417086176
-0.16481215018256173
-0.16760850053504467
-0.15646400268596275
-0.0881729924554822
-0.08917250333013285
-0.07584019029426618
-0.021743547268743904
-0.005694752355625892
0.05202030437536745
0.05570226180689743
0.13432228829474457
0.09586947281685705
0.14488296756892147
0.12688108174635276
0.11473396418502214
0.1802060690077506
0.15455226522585164
0.14839912095931035
0.11264106065153631
0.1162635472946148
0.12466630915533491
0.06267704248168823
0.029235993527314492
0.04948045785964532
-0.009322766976967519
-0.05075405546664413
-0.06296022814455153
-0.08183823076090184
-0.09762733233182742
-0.14933962347620325
-0.15932696135477822
-0.1261416720670682
-0.15163978139812972
-0.17494815124816093
-0.17751281785609202
-0.13443584579783166
-0.1365673154131951
-0.08294592453278184
-0.07011576129986134
-0.05308948329143734
-0.04337930373322401
-0.0159223044060976
0.06006876747663818
0.0700434028555657
0.1353044424095594
0.1260931617163055
0.13563841613783062
0.139751326845254
0.12564808047835763
0.16944063571000928
0.1944160762184356
0.17674788387960683
0.1089460817800099
0.09065876933053336
0.09155981670047397
0.0515821743907411
0.0021435141738296096
-0.0246500127552786
-0.013907702316119347
-0.05353439405502374
-0.09817763675663395
-0.12092126058565897
-0.13852395583267835
-0.1360481670924278
-0.14945790777773285
-0.1653543901519017
-0.1533243529552979
-0.1427363427708034
-0.12693264550026756
-0.12551366045136764
-0.1126534713423456
-0.046436749598311455
-0.04174318192115367
-0.0011255066973511474
0.01857918092485017
0.006934668500990601
0.051815048786908936
0.09633222067455975
0.12583863775258994
0.11601156208081775
0.15827379566670308
0.15357549911134796
0.15747933356742688
0.14861364162471907
0.16210862441358526
0.11151203859097258
0.11303956964848327
0.13278349271476186
0.10040076838524595
0.05294257899900891
0.009972999751352601
-0.007716048048804495
-0.04082570857887262
-0.07714690476916501
-0.13897416844961039
-0.096772101609204
-0.10764146545623286
-0.133097000229635
-0.1738444610804104
-0.14945894291993975
-0.17098155639992904
-0.18387318285076004
-0.14644651675991927
-0.131450090672233
-0.09073591518110284
-0.09870823475238961
-0.04743529035320547
-0.005975453973061625
0.031969714117554025
0.030902756104955076
0.05502358762605536
0.0999799249909546
0.11378183446336916
0.14065507674353583
0.1858137878375563
0.15664726388932335
0.17048493333248568
0.1528842169731587
0.14042093926657584
0.11968456824407132
0.12507823223361522
0.0800211557560989
0.09435786839638793
0.05181659822251282
0.015605558536108885
-0.06588385833202651
-0.0910887095113905
-0.11949318562636943
-0.1110105583380303
-0.12994272012312733
-0.15308040124238054
-0.13597982152320393
-0.1307532038531191
-0.14433568477107642
-0.1542568310275396
-0.15029719441313566
-0.1402932607497376
-0.06426086566357526
-0.07337537984836368
-0.072885698998567
-0.037360443854149473
0.017528561904303356
0.015494262962892504
0.08523855374965777
0.1267057835866463
0.11468400199246422
0.12225085658390936
0.15257408107709192
0.132205724579538
0.16373752339019074
0.1434161815300034
0.16197947629641507
0.14866056199864588
0.07894709446764836
0.1002460106367159
0.051951882514837025
0.03993111625596071
0.03296975489974682
0.00186356797506005
-0.014786443497086951
-0.060227729804269596
-0.06755552267218091
-0.10975593089281147
-0.14854284859002045
-0.1275425348393106
-0.1775048521465824
-0.1724189600541433
-0.15531447430666293
-0.15865318917607948
-0.11468681259895835
-0.13406584808196315
-0.06683148598714803
-0.07457332640440345
-0.03694163907495052
-0.0018856408298453474
0.008868634616295844
0.044320241665726026
0.07235902769025915
0.10194380281955415
0.13046944643403602
0.1365049264315443
0.11999301755637778
0.12594300989305962
0.18848577318988738
0.17751526255182384
0.15250894101255963
0.0920472019175776
0.087342178449928
0.07585703371469593
0.04621154683386042
0.005248679306198316
-0.049430882163420196
-0.020754646762258452
-0.0492271051518834
