-0.2812952225807225
-0.23499486468706732
-0.2083203159711936
-0.17263793423764906
-0.08819209288380102
-0.057706817160386344
-0.03183598258473937
0.03257623788532337
0.06417562628387401
0.16427541752395453
0.22223105477094274
0.22143578946758033
0.24358019076526918
0.25523682010439774
0.2763937762255005
0.28527124687783434
0.2657664621029444
0.2600650142307361
0.25793479849286644
0.19721209709087753
0.15539013272888985
0.12338287730733236
0.06297102304895998
0.040660619176454194
-0.07370280390421792
-0.08929151741427385
-0.12477801469586808
-0.21451002138574707
-0.236369650854493
-0.25640010037675515
-0.25896934455097964
-0.2474759192672495
-0.2754274033534377
-0.2830514546135199
-0.24625200694556534
-0.18004789748023853
-0.2241395082112206
-0.12320240401288995
-0.09769415337694166
-0.03147897642263818
0.01219386526593294
0.09583699334133047
0.11225657864288978
0.1989743783150932
0.2101740108789634
0.25744068294690214
0.2616205457539212
0.2827041509728256
0.30312033311526276
0.29471200229442424
0.278785116351996
0.2565744929087228
0.2116499150129489
0.19118695270484073
0.11664291547757903
0.08283501036322234
0.04414763178432429
-0.040740493514246
-0.08057579310068441
-0.14676833839786263
-0.20475443811569752
-0.22615726128044294
-0.21776141135410068
-0.229144051516917
-0.2936544186227442
-0.29691837650733627
-0.2964803275573445
-0.2570629528272836
-0.21847739023577864
-0.180441051241844
-0.18234854676422516
-0.11159222389100228
-0.06989843653857272
-0.019839389801999813
0.03232894444661184
0.10078209319051529
0.1471288054927513
0.23378713236830279
0.19764209557297166
0.24437988173119546
0.23266756583064763
0.2828747543643442
0.28647109126843445
0.29967739972006996
0.2603981337311159
0.22300635285799822
0.14566423028774983
0.16571866284892844
0.11868348921382949
0.02831920967750924
-0.003815767341187304
-0.06300571045785752
-0.10331741271199987
-0.14354912374038553
-0.22125191304816977
-0.24595021739881892
-0.2697371204497514
-0.2627642399811625
-0.27855774441086034
-0.28055979902807743
-0.27034267774005316
-0.2507989513397902
-0.17556186211148916
-0.1619159696280674
-0.09261530580426405
-0.06513093891975502
-0.02169496806066755
0.002045158205313584
0.09968817874202737
0.14782559556689015
0.22194630644604818
0.20618753639534387
0.25682924835485876
0.23019486357061003
0.2555024090929829
0.23347297620042307
0.24599148351985994
0.2703868876987325
0.24853524468651877
0.19942481509234677
0.16475026801409717
0.12236204937562539
0.056616834626640127
0.014948862364963712
-0.009342147047589823
-0.08631136837127411
-0.11486870691012853
-0.189039872823599
-0.21386948640771325
-0.22857204079954224
-0.30114101663648496
-0.2789401103609739
-0.2820367375559499
-0.30668156419927967
-0.22987036226120705
-0.23037767694519076
-0.21396435665846075
-0.16437510383280907
-0.10934598381226858
-0.0335971980198494
0.029211306466909497
0.06764194938786992
0.09879218822281688
0.15596528632263254
0.15383842118794522
0.23086462652742376
0.2890631423486126
0.23430585100811552
0.28667013317526624
0.2410278525938737
0.2944276438157141
0.27027430409976444
0.19904584950736404
0.2007109927179769
0.1562683941510875
0.09407887637828208
-0.0316904526004726
-0.026823699378616575
-0.06453145076570409
-0.11767167591406413
-0.14504424927260065
-0.1861308929112524
-0.23426927453793522
-0.24544060399619394
-0.30469921606083145
-0.2489328643271958
-0.26080130959797676
-0.2751858152402167
-0.262891422844589
-0.20409566867157478
-0.15732835777458146
-0.13612653746352593
-0.07530999431287527
-0.026936461268313124
0.04712706713809882
0.05878162378250534
0.13263174011134513
0.19853541687118748
0.20937000809894865
0.24132745924438942
0.23346794187737094
0.29901172768789286
0.24435603451090376
0.3010728673688208
0.30720465384407825
0.21825237144265983
0.20562944653622883
0.1424222437836204
0.1114246439520285
0.05868918824248421
0.000745679103537374
-0.0684816389662967
-0.05673561725081531
-0.13644079583722518
-0.19362903164787543
-0.1881530603905968
-0.2632850077900093
-0.3014059993711152
-0.28024065476432647
-0.26481429205905194
-0.25210516147251144
-0.2470057991476048
-0.2325593419080591
-0.17448462572542833
-0.17507698244149308
-0.11218568072551643
-0.06310097083048338
0.018672097815434188
0.051665692195045514
0.0936329257707946
0.1826136602749277
0.22078093789240782
0.22213377009643195
0.22629524974220266
0.2547498156021476
0.276203405089669
0.2779904846020957
0.2955553908362138
0.22585903357793327
0.21420945940269429
0.17732350553850323
0.1383040119449615
0.07088173275449013
0.05354281688103584
-0.011331887322000005
-0.03561124772620368
-0.16370502154781275
-0.1476191034799831
-0.19702896221092275
-0.20745910911262197
-0.2809955326288564
-0.27747831237545617
-0.27655122120497494
-0.30424673448916095
-0.2497161623184724
-0.22775437054803246
-0.21196665422306044
-0.1684469676966489
-0.11555084603854258
-0.06349844470757968
-0.04125430513112907
0.01888066543390513
0.08154218745007706
0.14331044225263007
0.2077709495578329
0.23371718067165279
0.23443921913586616
0.22397730011573447
0.2750784939960824
0.3092636878569382
0.30724304221977344
0.23950489723425403
0.23847044042972645
0.1814752099904018
0.15641985247116272
0.09487719977320846
