-0.039077644377828055
-0.00949808880348093
0.02419360617275032
0.025265310728271265
0.07862722017461987
0.12363260856699267
0.11401873188222317
0.2115000445755128
0.2484476939091467
0.28445223885012555
0.34434251989024167
0.36881289962318525
0.4053211773790625
0.4533664916438247
0.4940042154777978
-0.4714976174517507
-0.4254882742170479
-0.40208834610348115
-0.3411889876039899
-0.2503608790294031
-0.2564259557535076
-0.242819209111485
-0.19732798689366737
-0.162211022616152
-0.09982917267847659
-0.05534608788251957
-0.08094316632810374
0.013285075371098912
0.03850470342736106
0.08223023857907423
0.09697373053681031
0.1541064572762681
0.19864367326764276
0.2758065459147236
0.2937154460690895
0.35211416512043947
0.37412438966081846
0.4198754785471316
0.43572870965310595
0.474924024214416
-0.47949421411633697
-0.429798855680001
-0.4132104022219144
-0.36576674282387744
-0.34134609274895705
-0.27319563759883425
-0.23537102580644115
-0.15929484808583463
-0.17804914939166924
-0.08473676075218786
-0.09119216059189111
-0.03926726347794896
0.04558137025040026
0.0171516074177164
0.08385587378554799
0.09300024781897274
0.1655611372091515
0.21860588874511527
0.22223715533600413
0.2717630674557298
0.31183673000282575
0.3517509702024526
0.4203987126539307
0.42557074949184104
0.4776354526735063
-0.4635382347406255
-0.48934387486739706
-0.3827701417242087
-0.38799532959879784
-0.31190886554424635
-0.29576933069467964
-0.22851407550950614
-0.21929494916083747
-0.1409175518668976
-0.14074606037567658
-0.059135776153680604
-0.032529669129833357
-0.034786621030585656
0.03209358964298051
0.08000697748905584
0.11224454903618993
0.18735443376526661
0.22039481120329021
0.23356699143268342
0.2548856752140959
0.31259274179514235
0.3765268359180427
0.3951550871848871
0.4182059122003853
0.46079441707585245
-0.4660881189582534
-0.4496206214960107
-0.3648054743933723
-0.3594838834575679
-0.3468209655028121
-0.28209755622372834
-0.23373099256779606
-0.18889030673300822
-0.16936570733283823
-0.1320128513291779
-0.08711578758636045
-0.06235249609253838
0.0029968999074719183
0.04009601201892729
0.11066117271049608
0.12417100496982864
0.1795869933055515
0.20413842755685507
0.2732000915545054
0.28475993748314704
0.37807876617367114
0.3464854208535635
0.4327218242699908
0.42482673199664
0.503289844139121
-0.4929264093940857
-0.45227080173407663
-0.3949634773658695
-0.379362257376645
-0.35650673294392426
-0.26852942660837675
-0.2705142752341292
-0.1961995806353677
-0.1631945501134477
-0.12590543544149124
-0.09003166283859321
-0.007046872420960228
0.00635084705684762
0.030083628252415975
0.08006459369484126
0.13832785774524967
0.13579405127797192
0.20213853899917444
0.25533775071158277
0.27430566401881257
0.3385477408515045
0.3841686858985994
0.3977482709218836
0.44444020526457445
0.49519447541926775
-0.4732105301558463
-0.41930963652044656
-0.41256257414778746
-0.34795057665283236
-0.3351311410204295
-0.24932483951793388
-0.24024568187661438
-0.23953669233838065
-0.20112561774654816
-0.138618475455605
-0.07788339668641164
-0.05343477875957482
-0.00320812723973276
0.04593677538839001
0.06413945900355948
0.12405079619213016
0.11992273071139149
0.221020217047805
0.20157816191869948
0.2730845775297178
0.32121200911631415
0.360504012442052
0.38970897354257567
0.4573005443751491
0.45675212204889465
-0.5087111355408371
-0.4719978096694222
-0.4248426297478563
-0.3530354371609835
-0.3072662322799751
-0.32287363497944743
-0.2289569792385431
-0.21547840781912256
-0.12934815084171788
-0.12242516350632311
-0.12630975375635364
-0.061942020839784256
-0.01585456273347564
0.012408076168742808
0.07516605248353354
0.11469254123459181
0.12023125740208773
0.17227494728646306
0.23872117684657332
0.2879806272338964
0.32921555926624996
0.36858404197939515
0.3973912963826055
0.40320238182138
0.4764503998736388
-0.5136430204145076
-0.4568170181722191
-0.3973139341897411
-0.3505945778287426
-0.3243108134684691
-0.31834511359438744
-0.2574339162658718
-0.2568949720282826
-0.16722413089005586
-0.11129982964466807
-0.07996130188839083
-0.0673780971604325
-0.03105281328520931
0.04059120701656734
0.05188265426533925
0.11743510191689584
0.17702228863035774
0.18509103368580737
0.24646765136614146
0.28921165430203444
0.3137552959133459
0.3510670409639036
0.4030922316229073
0.4271461168910227
0.4983811760788868
-0.4597652221567275
-0.439903247318485
-0.41932821237338697
-0.3588894865717357
-0.35700863833326096
-0.30903560965328225
-0.24756329736782384
-0.1913611123386467
-0.1533255139380679
-0.1651336409407506
-0.10336309109967068
-0.0536789909413512
-0.023358654065335424
0.0577481797850288
0.06450185058344186
0.10032738819044289
0.1493406099932394
0.1740074668700021
0.24257650153830074
0.28327225544208734
0.33645691091582813
0.3722932351011229
0.37684538735682094
0.4266223206747234
0.4930813009994681
-0.5058603687861952
-0.4500432507144332
-0.447642121502494
-0.3887163355032069
-0.3172422969757989
-0.28442412726955996
-0.2486972862069012
-0.1830093490214614
-0.18463143335320104
-0.13711938273700983
-0.04945734379235953
-0.05692113436056666
-0.0031506664219316145
-0.0011528178244685529
0.09259812525844793
0.09806703572645967
