-0.2681000102740364
-0.23737349759529536
-0.23310521805085035
-0.2427326945178985
-0.2537554268631146
-0.24367952446491228
-0.23655681565238856
-0.2111728053702347
-0.24906923504948905
-0.2705174783190655
-0.2768032832796402
-0.26503355761680436
-0.22440608131007006
-0.22692742580221917
-0.2769002660336234
-0.22325137263076789
-0.22061630195525175
-0.24800245414802072
-0.23495130589330127
-0.2643090724779848
-0.2679235396005583
-0.22670282381301
-0.21599000879407845
0.25075477634751864
0.24496560873414053
0.25058894090608236
0.31210703213127244
0.26861951028243847
0.22792137950462266
0.25578190093885483
0.25172647540905113
0.26847833676115357
0.26919082275740225
0.21541227840231955
0.24386509195723244
0.2532083301220119
0.2422525918744254
0.26169844963352107
0.24000862257461572
0.28058554263215635
0.23503040192849495
0.2449911133079573
0.250428384776073
0.25859985498517163
0.23759606596075766
0.23757278955982425
0.2475422039930298
0.2915615755514235
0.25624470483974005
0.2301400613965479
0.24107703599132538
0.26082063496533636
0.21544768005277531
0.21715775649194174
0.2279810427002622
0.23648136914422918
0.25492075789554447
-0.24093941354272172
-0.2694707763027157
-0.26269487025097676
-0.257773749791912
-0.26465822646922516
-0.25795645114125976
-0.238590229664229
-0.22735009658969837
-0.25378616585260266
-0.22062840023391622
-0.24326332702858075
-0.2478071631290586
-0.24983009799601258
-0.2510841088904695
-0.2606158864358981
-0.2522540111893275
-0.25296326524108925
-0.25857016414851836
-0.2154438268065735
-0.21251134030761978
-0.21648992908989032
-0.27356643768327277
-0.25526724014349333
-0.26941940951128374
-0.23035468969904585
-0.25623919902488657
-0.24670623438948447
-0.25304863718180604
-0.23407212385379905
-0.2664765517035173
-0.1921938233650376
-0.2496341049002532
-0.2632295637636629
0.23246026752024523
0.23256785461037338
0.2640490667331818
0.20388716022922526
0.27994782581093425
0.25236389394358966
0.26075357171544117
0.21404560439999623
0.25887459188163
0.2316609145946016
0.24642050589363823
0.23545702819029704
0.2562213521228078
0.2647047088278181
0.26546286751600523
0.26587404051811864
0.26796529707069444
0.23592009405016054
0.2420553421133122
0.22394341367956205
0.26601403019050046
0.24553024774081875
0.23124245994602607
0.21873007782293824
0.2631783696279054
0.21375533713797454
0.26046882127816084
0.2797333291030688
0.27930902737733676
0.2551388438241462
0.22765324020140915
0.2202770982676829
0.25222791979094455
0.22466002657030026
-0.21915517386947939
-0.2759025785238841
-0.28506354813466545
-0.2982284891558042
-0.24602734041022198
-0.2544000018350971
-0.24598929821084212
-0.22819623216602586
-0.23138831332733456
-0.24093570863493657
-0.2409655857982476
-0.268430309744463
-0.2707833635409727
-0.26117602334060275
-0.25853492647114207
-0.22669314946206434
-0.23118852080871427
-0.23865556273928817
-0.25329113690750155
-0.250130345621711
-0.2577780223813438
-0.2333157749049003
-0.27733484726172786
-0.24761892952125014
-0.2264231382243273
-0.2290653274698641
-0.2470883030373474
-0.2174431372762013
-0.2385513956927589
-0.24737103069758393
-0.2699021951779894
-0.2522459962493799
-0.2616286408451278
0.19696903246237446
0.2652306436604095
0.24095799184927744
0.23512904476681387
0.2371456514429151
0.2589248542897605
0.23872971622018782
0.24227005072139868
0.2183370720248247
0.25476033494979244
0.23687007888761222
0.2778277471787633
0.24903444347508874
0.22969970867849654
0.2725545502663209
0.23049066065936105
0.25615625068263165
0.22664578850001332
0.21955326450983836
0.21888565881236746
0.25351007636875483
0.26495784439479586
0.23636966557708378
0.22110686579498687
0.26409892217552633
0.23998830468856772
0.21546993097814665
0.225588201746828
0.23827191766222183
0.24259136467126946
0.2699940058153035
0.24486054552744918
0.23581553740202146
-0.24441579953711498
-0.25948410225273066
-0.26780754114971334
-0.2126065951178916
-0.23520445100068207
-0.22933338813086068
-0.2319675565773676
-0.2471636554999834
-0.25902309420209785
-0.23430160407166073
-0.23740019441975463
-0.22306728156027034
-0.23866665212946606
-0.24266969533212304
-0.22554650781619537
-0.24240229745764194
-0.2395484695281369
-0.2299782343910546
-0.22163089625182322
-0.25663599631209927
-0.2362738649818438
-0.24883238082048095
-0.24912663827206777
-0.2591005251832526
-0.256149420606265
-0.23888350951756163
-0.27961555395371385
-0.2537746148171895
-0.2561322579314782
-0.26671263299864284
-0.25579634659143535
-0.23966852061271982
-0.21860087094452374
-0.22703020185069706
0.23857330391339673
0.254244354520157
0.2514094677867236
0.22741573103108503
0.21672619728831694
0.23756384387372426
0.25832535096416537
0.23997544965339693
0.24410725875756314
0.22653424050308707
0.27591922254114465
0.2085107053212268
0.23391380907712475
0.2593231187540079
0.23590358678228418
0.2604884228529916
0.2312843991664783
0.22002240139264848
0.22484421265526525
0.24931816889264097
0.2502067979750982
0.2290883984639226
0.2362519559505785
0.20839079646513478
0.23569366949712203
0.2843068208680654
0.29086618355667815
0.24589533277898945
0.24604359444058502
0.2633993113675362
0.2351221908342505
0.29099911212975477
