-0.40158624154994305
-0.42951131698781064
-0.43807550052830624
-0.4161716547254265
0.45306431242912953
0.3988105651324875
0.42719824688077085
0.43678493583685246
0.4277880904195519
0.4165749212960851
0.3993671462817329
0.4456708442242291
0.4037644969965933
0.435857656893533
0.43414528704714933
0.4673271499473688
0.39751954851733917
0.38746595851190857
0.4465865887476869
0.4259995598936214
0.4012592865446074
0.42334716353991525
0.41644645214352716
0.3764560902745925
0.3953798844877484
0.43333120136750725
0.4130255539322325
0.42944294042755116
0.435127692364601
0.43937374603305396
0.43314110049831805
0.41589521699981563
0.40661983377795297
0.45869475715059405
0.41610435756854414
0.4412895532014649
0.36020530394802064
-0.4458182649558981
-0.45796168052641245
-0.3987898204869014
-0.429545438195795
-0.4332963133868107
-0.45183428529623665
-0.43508190586913115
-0.4003757402055424
-0.4160604972558874
-0.437633402969627
-0.4127246241392736
-0.4460486063082497
-0.4156460070381323
-0.44658907799939496
-0.43107543128568365
-0.41649801484050875
-0.43381428862988125
-0.40747783359749185
-0.4285808445394635
-0.4225194931286106
-0.4177965291107987
-0.4076528459467
-0.4620380460834252
-0.4539894013705719
-0.4571673804431594
-0.4197773637924693
-0.41891161128651927
-0.40830848986026347
-0.42136098613790796
-0.41780632798977696
-0.3932490642040693
-0.43553302965695395
-0.46611918101321737
-0.4281792335735749
0.44695006692901523
0.40833998418621287
0.4335812337784055
0.4145543078620248
0.3961343326607265
0.41003037501369716
0.42001658402305025
0.416245123806945
0.3857042113839661
0.4415370799858491
0.46742180671327804
0.4104215136918788
0.4293618537754616
0.42172934962204117
0.419070847241757
0.41101044966661493
0.4425374063227439
0.43919106594118995
0.40080195220239795
0.4356958682885119
0.44754283185223387
0.4155695473333682
0.4487841803387779
0.425862995202964
0.4589159828619323
0.39339698249190247
0.4530749798753613
0.4186674373949834
0.4432264469378907
0.4478896594446905
0.4539072838461932
0.45281283959723695
0.4180463197830003
-0.4240447130813621
-0.4086006535706414
-0.40754202162155306
-0.4005821455814881
-0.428638506576515
-0.4506442859492674
-0.42662547201558404
-0.37608875107817635
-0.3906972186354495
-0.41685991520336996
-0.38867108554758073
-0.4222071888804457
-0.3970068519318694
-0.41535478108728685
-0.45056059307678026
-0.4136161869365345
-0.4635000349692448
-0.44957272335350534
-0.4218742001435255
-0.39975847967297623
-0.4487628227082941
-0.4287440852760926
-0.4500267788025
-0.41860656021773984
-0.40694518152623355
-0.41942838087692397
-0.4059685674417171
-0.44699975799977976
-0.3904377859180685
-0.3967022189525701
-0.4090953329959726
-0.4275439631853601
-0.4546710293894433
-0.40802930414504773
0.4128220576780871
0.42294525236258823
0.4787877201873855
0.44927752110876207
0.4180688419829959
0.4339512713619171
0.42921977823598106
0.4350714531720656
0.406251205484383
0.39062591845571026
0.420692621020339
0.4167037760367437
0.4135988081730709
0.4302955022481291
0.41614202051600063
0.3994835184199873
0.399879467321725
0.4517767554618112
0.41626751306563525
0.40685581535457466
0.42389575316497197
0.4278677210942856
0.4574217456975339
0.45271698870861393
0.36358594910145536
0.42197733519331065
0.40655851631860823
0.42237530310863913
0.4277378730605228
0.44153413647585243
0.44595525012160725
0.4203099523866135
0.4252767722575522
-0.4660053846242244
-0.4088742263233875
-0.4450580382683188
-0.41809863940677167
-0.4348291930184437
-0.4455017451767887
-0.4305359070097905
-0.38888595502974954
-0.4273174852856306
-0.42727126852299563
-0.4274551402425137
-0.3949556114107493
-0.38574504200319865
-0.41233848017602825
-0.4093697705968906
-0.4303608043835057
-0.4320524374241721
-0.42680633941417845
-0.4417022707523983
-0.40556183054934475
-0.44307308585270755
-0.360215274405716
-0.43012941123446036
-0.41128564476653795
-0.43990843222302733
-0.43195164815006143
-0.418434753578073
-0.45101386518219244
-0.4022594168109223
-0.414667722267904
-0.4025133801750097
-0.44135551485558416
-0.39932210701042753
-0.405018565199804
0.4215975083528537
0.43681424454272294
0.42021885836179035
0.43382473415684153
0.41547224315489373
0.4337694981785744
0.40692452394352474
0.4243020096192894
0.3965901206952138
0.4355282878374217
0.38664097577449086
0.4032587345929633
0.4082467023621212
0.44123466566760083
0.40601063119833725
0.4296403751112539
0.42678765277845854
0.4200317178980673
0.43405349434755364
0.421422073925724
0.38517716560262516
0.4175404137319972
0.4292981095853757
0.4117561638008324
0.4271424432026098
0.4004832187476266
0.4166591624746008
0.4393951547703202
0.4141124398959899
0.4112275191896316
0.4048737176685451
0.4123902813600835
0.4115381753860017
-0.45849953156464235
-0.4308304872763063
-0.412834057396909
-0.4061063282438129
-0.4515921085183435
-0.4237111996610625
-0.4098447615057187
-0.40377260697521133
-0.3822012443641932
-0.39782512235211626
-0.41948891455427645
-0.4215751069052409
-0.40585254924646513
-0.4118810224254962
-0.4608698144478208
-0.43097106557229276
-0.4216963106055286
-0.4365323396902223
