-0.6478907247461001
-0.6967971081107884
-0.657576985069597
-0.6345927113648488
-0.5390537926954493
-0.40711536919318814
-0.2424180014268025
-0.08240322932421187
0.07413079954367502
0.2533756634049823
0.4604262182019252
0.5568077420951989
0.6184590057313392
0.6950226784685056
0.672089738916562
0.6342291003127701
0.5604792607251177
0.4686030264772437
0.3423548425334783
0.17029735073727764
-0.00685691850321665
-0.1649850297940511
-0.3098784064532123
-0.4657196241728226
-0.5821272937004347
-0.6748145933139692
-0.6880890729404039
-0.6443701530081627
-0.6185880701670955
-0.5593571152791402
-0.4139988373140552
-0.2984586806876009
-0.06768222482756545
0.07100788637328305
0.25269070143049654
0.44002174400203914
0.48680278327480747
0.6416577863976503
0.6868899814394938
0.690295711257458
0.6689801598535874
0.5726727940500953
0.4553719253534931
0.31815250474520806
0.1783844895733042
0.0334894138709121
-0.14117941363478503
-0.3178613413667621
-0.4823788555664505
-0.5938481233002532
-0.6741358282216032
-0.7028730668115538
-0.6916129333474272
-0.6288750716474499
-0.5230264335365872
-0.4133883101912631
-0.26197823046620844
-0.09599440664408893
0.07846621410776618
0.24635075108037566
0.3713643009010388
0.5256699646083808
0.6463921649131915
0.653330736041372
0.6881472116800529
0.680454009756464
0.6052134670721852
0.4537134757158273
0.30784581112432885
0.21341124271340522
0.02124589514202579
-0.16219442200223347
-0.31604909904086004
-0.4794365093345346
-0.5919860877984008
-0.6571232518303954
-0.7228357795699272
-0.6508820181725106
-0.6304463509247625
-0.5581328396905185
-0.42848668055437483
-0.27013667976048045
-0.10481808654593112
0.05514038616677256
0.23640178391514496
0.36457499296291873
0.5170399145103484
0.6043746307913166
0.6776174617394329
0.6666977890771486
0.6349522097040231
0.586497352761262
0.5091025834612617
0.33830943401007507
0.1805481969438708
0.05360695023935576
-0.11347149493285792
-0.3147295885811826
-0.44489332323553815
-0.5808530802899166
-0.6633002672614681
-0.6698999552030742
-0.6940291273676897
-0.6491217637516049
-0.5670762205240543
-0.4227751373754763
-0.2935673901981078
-0.11578471320629007
0.029339808968191834
0.24049912156815875
0.3990099962085118
0.5149925576763784
0.636728602174464
0.6760027005014476
0.6719250058075
0.6832716901311604
0.6187135655147198
0.49066580841607427
0.3509758929871725
0.24169892273988858
0.030350377308857673
-0.11056549766484948
-0.28604592559215464
-0.4702789628649801
-0.5185405645470734
-0.6698528263808323
-0.6950523458621545
-0.6533567794876777
-0.6363526930519977
-0.5722174401302411
-0.4261082011042376
-0.28181108189305654
-0.08348974983076876
0.04267152686536095
0.22844399627437698
0.4091297997041984
0.4754858354570561
0.6166647422066293
0.6819861958596556
0.7041007620674008
0.6603739708750883
0.6298003772446427
0.4882085195692389
0.3579350383414787
0.245814891365629
0.0659384022309163
-0.0953548871871128
-0.2586048667831041
-0.4236747871439495
-0.5654092836115177
-0.6507355500762138
-0.6778865512785106
-0.7175331010853307
-0.6201443536235578
-0.5344092843277787
-0.45857682455202514
-0.2953065570123684
-0.14627974780356198
0.0027154622867199066
0.1986029619706713
0.34863755928497825
0.48952375736152365
0.5923913698867016
0.6802287769756282
0.6796472854583736
0.6758794703008654
0.6029712706413239
0.5259084458472417
0.3940990368365563
0.22157390029732404
0.08396991568924621
-0.08301494793343162
-0.3173736130441598
-0.4501095032428323
-0.5303345339327741
-0.6508276076356345
-0.6394307208332612
-0.702472709530775
-0.6554574302630168
-0.5727772641595177
-0.44663839109428677
-0.2937550215739728
-0.15600543762236482
0.03715623687841951
0.21928036230479853
0.32762734746318734
0.5139657916094392
0.5720621627733369
0.6395869628274269
0.6261577519365511
0.6553466698572809
0.6141594736772121
0.5177737528407175
0.3508652035134495
0.2441309826023492
0.04682644140573945
-0.08485340694634726
-0.2678142349909339
-0.43800703058503115
-0.5435525825009815
-0.6361598395525391
-0.7024996238165052
-0.6697831734139453
-0.6459385838574023
-0.5578558906370291
-0.4472188544848645
-0.3349166202553575
-0.14621180401104594
0.010710657789163512
0.18424813335848172
0.33855055017727864
0.4525194593083485
0.5446124645505088
0.6310313137281008
0.6901401749682408
0.6600603684845827
0.6388354648338511
0.5240841974872957
0.3924197870124516
0.2564907893216594
0.07801772734119684
-0.0746479758156911
-0.2292392146450084
-0.40022535669470033
-0.552282327739296
-0.6369510408535438
-0.6779103624781508
-0.6560833020704903
-0.633743292444035
-0.5569915946013355
-0.4452436376977809
-0.309958671001916
-0.1542074374633562
-0.00032083682470513417
0.18406882400831232
0.32814818532544876
0.46932554376392016
0.5720525706312081
0.6792614443416132
0.7081686724790501
0.669486316268655
0.6240567436968137
0.5321303043230914
0.41234796031867643
0.23769906288310824
0.1267734318518905
-0.08202685744789054
-0.24536777493820813
-0.40661245701795756
-0.530900117267096
-0.6297214915210914
-0.7057039806562887
-0.6976069213191092
-0.6570440445822419
-0.5574889527158765
-0.4701821428416372
