-0.009897330973586076
-0.04830626821675614
-0.0522011007735136
-0.04298605326303421
-0.057150821396190966
-0.07182566982386172
-0.054065505220683444
-0.09882399081817383
-0.04932847790045394
-0.0962736371635261
-0.06894246304861262
-0.07016911390601689
-0.1061896585412172
-0.12224556637709086
-0.11314794022218508
-0.0912365350784202
-0.10642120232509845
-0.11472401141961082
-0.1349545745802238
-0.1182632460814236
-0.12937822366065718
-0.11281514945523236
-0.1271179081119507
-0.14328822232119062
-0.11081084502093924
-0.10629717667005145
-0.1610347407306821
-0.20859794813103888
-0.13184524447352902
-0.20291524616625536
-0.13174941415078084
-0.1968442876414656
-0.16840106067404936
-0.1642019067249879
-0.1672149474912292
-0.20932187624631945
-0.1564253470157823
-0.21694253619231246
-0.22889244143811388
-0.2396011496624817
-0.21403871571536148
-0.2699943405547181
-0.2344885816348659
-0.22511237407858836
-0.2878466277281903
0.22535448838693392
0.22092104667727439
0.2421329235121568
0.22459018532535874
0.2547241585308827
0.20373953895244176
0.246128190959697
0.22884180773111795
0.20789699319111304
0.18751563435951707
0.18779286849816754
0.1714998574255305
0.158799901984737
0.16575778359665366
0.19818214868328263
0.16794127786904595
0.15832075974773124
0.19166902573701952
0.15133653615562928
0.17437060482454378
0.15405224814941837
0.1783436457961937
0.14206025301461692
0.15085789828153415
0.15559796623051028
0.14145190552116085
0.1345723607824925
0.13011233204470246
0.10809562000717711
0.10939067665861482
0.05893228581948874
0.10465939362535051
0.10176518369566048
0.08914529064843868
0.09231799030314461
0.06905086632979844
0.08548742781432894
0.07880160194167424
0.07121635224683429
0.07264508317252287
0.044370254694562586
0.05249468218081733
0.03414550597419622
0.03572842674890665
0.03264281015772548
-0.0020957854913919126
-0.0010065718188306504
0.03965976119127966
0.004088156339253395
-0.018628770206185735
0.0046521525169976145
0.026132074174999673
0.0013110610457479407
-0.015813040113118786
0.0017779256044608144
-0.0017728296962575413
-0.02913140425241391
-0.003802922289378882
-0.017769813867325714
-0.06540846541634839
0.00856074946392333
-0.014694216991039108
-0.04281492517923305
-0.0712340143305293
-0.045711568803638955
-0.07690969059923841
-0.09164465263875365
-0.07993275681902683
-0.11457030793140645
-0.0845184285810072
-0.1009570705254097
-0.08455708502846492
-0.10133032286400598
-0.09858047837467733
-0.11403745561115348
-0.1058944748515322
-0.12084294597590957
-0.14051498422344755
-0.1579736714549674
-0.11068971801072472
-0.13257099884508894
-0.16913064722440357
-0.1713955087277402
-0.16626311773000949
-0.18245940112733722
-0.18573398267152977
-0.2013144299421791
-0.17931927790542318
-0.20853094254738308
-0.23675181941700088
-0.2348686523618462
-0.21647741990564778
-0.21974083991925103
-0.21774950694366577
-0.22211011790413593
-0.23063502749468417
-0.25055366908806703
-0.27015146125654743
-0.19752543104506498
-0.2658481572179011
0.2580524816319304
0.2454619271775473
0.2724723216243743
0.2120079689268155
0.19521000545705694
0.19026350708365206
0.20878094009018802
0.18856721008236282
0.20230159626048125
0.2261399631224745
0.1928286458766734
0.19394515844194107
0.18043075003871978
0.1810241874449299
0.17168841836626575
0.17909727703546505
0.11513864475985174
0.14546945730894595
0.1697966725536576
0.14188654528303504
0.13607894795085593
0.140405610149547
0.16208154621769577
0.16525107282274962
0.13316531532763326
0.14639833287632492
0.11122288708381764
0.139973701251107
0.08598430142017068
0.1160804162574329
0.0953739527792904
0.10235560439951354
0.09947411653861817
0.04630290754920559
0.07311508749255122
0.044475177575521774
0.07298236853159688
0.0644958261729933
0.08439718803145592
0.055483688693730555
0.06069774409281338
0.0988201079279917
0.03105474436548571
0.047973012179654544
0.02689204470459873
-0.006373511008423
0.026060063437045707
0.01327723437517425
-0.0051061275754271706
-0.020078417031964682
-0.004195200391695091
0.014162934528104982
-0.02159685587463482
-0.0018480624542571086
-0.03456317860985335
0.020826342295243324
-0.019296288587325704
-0.035014572841951794
-0.04320164759984562
-0.04904432080096656
-0.04479756405442248
-0.04496421756865158
-0.04139615124788662
-0.07280528774489886
-0.03610877029671336
-0.1004569938381389
-0.07014899683791899
-0.03924715946363198
-0.07803961507765587
-0.09766266892925926
-0.10000357885856961
-0.08452548431108378
-0.12301299845183594
-0.08468735004226588
-0.1345058092196646
-0.1414866600215104
-0.14732822166496742
-0.12256417902767237
-0.12460644158365218
-0.14277107806331893
-0.14004638998871785
-0.16382449107663727
-0.16039456667566135
-0.14726507610268963
-0.1916943575263893
-0.1259750796420691
-0.17938411902178666
-0.19270206597103418
-0.19075393069565622
-0.2212400196022877
-0.20264275682646996
-0.18877837948753554
-0.2304445864180718
-0.22277106568404012
-0.2529725552809472
-0.206255251966486
-0.21600960962404636
-0.2300023326430654
-0.2355920752721573
-0.2674392183900107
0.2594665821981056
0.23817875927159204
0.2340975095140321
0.200238215111953
0.250325911927155
0.15753775888986768
0.2173666063075102
0.2327365594980854
0.20110036258567937
0.183173132972443
0.194466340364595
