0.012445599601976429
-0.015389018888285365
-0.02307803218919243
-0.05768957265582375
-0.048308319301069935
-0.0728624416116637
-0.12743926330700134
-0.13155759976267783
-0.14933529530563203
-0.1763270717950277
-0.16143831572972792
-0.13412628885545053
-0.11473792457140511
-0.099957100644116
-0.05310051528156178
-0.028246209150073108
-0.0286229389233484
-0.025803746448571713
-0.011721263918495747
0.042274560938087444
0.06441467508926665
0.09474031095143957
0.09043972830850677
0.12010667949520205
0.12371571121660783
0.17246896527510286
0.15618362905744212
0.1313560465160929
0.12128033592444623
0.13498106309600455
0.09482356565207473
0.09653575448662013
0.008934431720212951
-0.0049429249045399686
0.026990599714410937
-0.023106919985580166
-0.05529471934396217
-0.022418683331922422
-0.1123945609771321
-0.08826042893278183
-0.13128486679714252
-0.16594170828819352
-0.1894073065860541
-0.1854704179553137
-0.15602222040255206
-0.13507886418589543
-0.09633412270734548
-0.11073122952030999
-0.06789983766742655
-0.04152930179872777
-0.03694800830011185
0.014488727540895925
0.05299420517833792
0.018944649714615045
0.05996936631512089
0.07850035795261996
0.1387162935390605
0.09058264475488939
0.16029040302431719
0.16461221197419904
0.16455192656755807
0.18306709658320913
0.1538015225769994
0.11827454501496296
0.07730532397802824
0.05000298389881309
0.0087851312071744
0.035818496127137944
-0.014000723439037336
0.0003284879872160612
-0.04850898248665654
-0.06602466146345798
-0.11021118247788135
-0.14602041077468056
-0.10492179069926481
-0.15798863344028571
-0.1372701552420304
-0.1219611447598022
-0.1211378658040881
-0.0839295300541075
-0.09465208909489708
-0.09038672402085604
-0.03566386217899299
-0.02733488171598317
-0.014755329948406922
0.0008451843212259579
0.056960837593764205
0.08014042641794117
0.09517506670725394
0.09881443766577219
0.11995123988269452
0.13521609030210066
0.15122494148522134
0.1684845621889315
0.1075688750926303
0.15063787350022925
0.08600954635386511
0.05376522673978108
0.05179824957897068
0.06616856470008076
0.01915056578599622
0.015416784790534634
-0.02955408750284262
-0.049659667802228816
-0.08525848750772125
-0.11050524058594305
-0.09799403414550323
-0.1531186543187445
-0.16263493584085112
-0.173651138974786
-0.19387089464500976
-0.1397319304273331
-0.15956590598674067
-0.0860608761629472
-0.1155828957790356
-0.04894935842862747
-0.05687978711348181
-0.011148357067627023
-0.024958578839666373
0.06622654507046162
0.08102130850161562
0.09056763254140572
0.10968716246841718
0.10237709042808538
0.11917470660520821
0.11970309250322049
0.17805477097037078
0.13588769757410255
0.15409604211897954
0.1438241242346122
0.12386993680249153
0.08422433200284087
0.07675587099654553
-0.006930743940049347
0.003971349539933922
-0.0024958343266111484
-0.056694168912480386
-0.030324790957848145
-0.08254768839765297
-0.11562457597517191
-0.11635239283841632
-0.14215891667196331
-0.15146719137101425
-0.14870254176622674
-0.1458259622516945
-0.129292955725849
-0.09827225393224603
-0.10411899822254816
-0.0965918987659251
-0.03646325186589214
-0.024860869566574666
-0.02971282323057695
0.010612059839103186
0.06780072531179301
0.09036247440053867
0.12839763009381983
0.09607319310879943
0.1032741834451409
0.1551873537391184
0.15888437867911626
0.1667130932407494
0.11391600307053172
0.14455861789156013
0.13092926461169282
0.034830620026874384
0.07053401859073785
0.04868582438884268
0.03867074516687042
-0.007561976574848108
-0.043900302962642974
-0.02388364976469283
-0.10625307201737819
-0.09827736130800578
-0.11139982551763783
-0.11687590301768543
-0.14630719539052064
-0.1585337552906465
-0.14575637234013344
-0.15998519843113934
-0.11021263238249136
-0.10467271797083975
-0.0651673949359523
-0.028328304562367367
-0.049604276869084654
-0.03118182433777563
0.005914515463530206
0.03643551564930493
0.06288029974793875
0.07936178171160597
0.09981857039157631
0.1205687206904729
0.1554445640099514
0.16959757959422855
0.17211859701760207
0.15976611939168825
0.11311090534970084
0.1035669218472012
0.08938602119105565
0.06102676471184203
0.05149883311020325
0.007809071369289065
0.0014646269677158906
-0.006484373140153007
-0.03468102202919968
-0.05126364637629071
-0.06582733258303526
-0.1232033902805866
-0.16859900775598374
-0.13593593808524043
-0.18759056739198962
-0.19040534288894648
-0.1293676813064294
-0.17111383821044665
-0.1104483208738839
-0.07341806865610351
-0.03981971564122724
-0.06932106430018456
-0.03495659817118238
0.014861067181036837
0.04173887273918101
0.0351740437681889
0.028857759873304967
0.10224127351275233
0.10534514412869128
0.13415749141574543
0.1518042661780118
0.174476550413681
0.15241606291410492
0.1690070248534434
0.1233700056941539
0.09383210193980673
0.0876582172358919
0.03379316308084318
0.026939392157015622
0.03182036146840614
-0.018579168821201947
-0.046861621992382224
-0.07235038299721482
-0.06208495461997528
-0.10750615468345891
-0.10806764126439862
-0.15775570195718236
-0.1521142376013804
-0.18035573053819712
-0.18932467945925152
-0.12795955694965186
-0.1179644981295476
-0.07912906109471357
-0.05472782061833163
-0.06666239034137222
-0.030093535064295063
-0.020389945988920775
-0.00808290488886553
0.00918340126943925
0.04122701831950529
0.0702344227648249
