-0.7886108964166274
0.8442279942001074
0.7764725681885787
0.6794655858061702
0.6109377556021184
0.5605925812311546
0.49828370719141046
0.4262185907515835
0.35952588578720274
0.2843805816739784
0.18462318883495485
0.1741555590229265
0.05975004590863793
-0.011950537707117136
-0.07080870645392626
-0.11136757212704398
-0.15674533821742037
-0.27972501643899816
-0.28933638124581323
-0.40402563382334944
-0.4409096808190012
-0.5611320599220542
-0.5955375488675427
-0.6482600213654417
-0.7255268286988429
-0.8022040470501672
0.8408928952161098
0.8034855138035767
0.7088558922970138
0.6410881442055767
0.544416516586374
0.48574022476988143
0.40080822728219484
0.33630869522143875
0.25967360771237136
0.20884353722073518
0.1572462130525545
0.053377415587522424
0.014216366333079336
-0.06189724231625497
-0.11728155794334627
-0.1748811430190408
-0.2654357086286453
-0.31656188602637647
-0.3699448691099985
-0.4490641166041904
-0.5316252446881742
-0.604799860289519
-0.6771149515204395
-0.741691536463817
-0.7922732510797087
0.849010991728927
0.7720668074472049
0.6869490424831369
0.6301433352899902
0.5358895970117841
0.4781260520955759
0.4761016126347664
0.3767295038193599
0.30400635466896136
0.22339000957528046
0.1655099585501832
0.09044064231833143
-0.005117786684889436
-0.0349042100653788
-0.14050628769217252
-0.17260342153985672
-0.23331920175595516
-0.31999196579238726
-0.40540812315790836
-0.4396302888926566
-0.4880638925577071
-0.5989723068196262
-0.6399137489151886
-0.7511086258908254
-0.7665468404768179
0.8687927460338996
0.7327534277418628
0.7217466620228882
0.6549545882235861
0.5646837091712754
0.507627149753218
0.4400511561678515
0.37240298243360415
0.3231681608036781
0.2392160778828023
0.14203219390196328
0.07227818010070929
0.026343662991107797
-0.05353419802154859
-0.11130797297968945
-0.19642906890254339
-0.2550166196343247
-0.3119011058157458
-0.3557277812002452
-0.4304211751067849
-0.5585777751036664
-0.6208926208290372
-0.6462257929805657
-0.7364599784143782
-0.782496341228707
0.829554448158059
0.7471832805251034
0.7270537118038052
0.655038498308824
0.5871589033068049
0.5281047332716526
0.4677020480299588
0.3482968581839158
0.3510076062060987
0.2577132067747682
0.19166130905625564
0.1195894670812745
0.007841140526752964
-0.010077788392457078
-0.10883321836047563
-0.19327788730648898
-0.2356279257466767
-0.28178568369011864
-0.3912156636762787
-0.4463771478984447
-0.5239364451634066
-0.5721814890728466
-0.6287891418034417
-0.7031075263216818
-0.7572066957000383
0.8683249329059611
0.7549326783605884
0.7661504385767713
0.6386526959383032
0.5779695471411822
0.5179433807177145
0.4295129862030138
0.3737784740150304
0.301781906850664
0.251335075962771
0.16753207096146272
0.1002265945547922
0.02955431590308611
-0.05404692315464632
-0.06295344358073604
-0.1548737388938996
-0.24503818332344068
-0.30621486972700757
-0.38163868213798446
-0.4409840338248639
-0.5295635844874469
-0.5431264526332663
-0.6741129113164641
-0.7298192008946454
-0.8076987858206378
-0.8732786721125053
0.8251190746889845
0.72215714887747
0.6339639496817243
0.5438616414928382
0.4982368736507774
0.41539789124887283
0.3520021753928225
0.31946750700340615
0.2456377131136739
0.13123121858492268
0.10561890239772022
0.06806871740824594
-0.031603493166972384
-0.12388445713903751
-0.1457466749819095
-0.2138874277925165
-0.3358867450145397
-0.40383112815333455
-0.4557889322407927
-0.4799857578041306
-0.5741453475315365
-0.6474252376753644
-0.7273755497441897
-0.7886117397654335
-0.8664143068800269
0.7671008746054477
0.7611821420532245
0.7100210125917737
0.5983659926150642
0.5055572752863263
0.436675056747203
0.4045822689731111
0.33560189206176827
0.24201758866342865
0.2018913501873562
0.1144814688807543
0.05359202276217684
-0.026010350250695986
-0.08973230453680166
-0.14101746177560717
-0.2544616862340747
-0.3201683621387762
-0.36790788021813425
-0.4265513788994541
-0.5141727025769081
-0.5808564779547173
-0.6613469194097336
-0.7217786226386749
-0.7843678995406921
-0.8428203671331055
0.8236027045449249
0.7243011200393588
0.6628775815363493
0.5772133474830297
0.5620433608834203
0.45989659772827396
0.3863596629342657
0.34898986244893593
0.25667477006412476
0.1602931939124954
0.11902595399914911
0.06571527702855604
-0.03917117055008623
-0.07386599767754876
-0.15699624793456732
-0.219001671990001
-0.2727814667120984
-0.3258230895948114
-0.4262239805342038
-0.5037459354300035
-0.5659136659446827
-0.6334565981163417
-0.7097630109990541
-0.800191910916308
-0.8102031166524971
0.7945421268884116
0.7433747311644642
0.6265977010390753
0.5984761483832436
0.4839001283460152
0.4865453933086933
0.42763570635949005
0.301690742851904
0.24599199515057207
0.18491338405558552
0.12966587979315963
0.018166103138980323
0.007530158548204217
-0.1254943286045424
-0.16429153364411941
-0.2272567665548501
-0.32948459022398996
-0.33592237400557534
-0.4444467193502697
-0.46352553495525073
-0.5533474310132949
-0.6251725652575898
-0.7111169789409918
-0.8336773798982631
-0.8461929729515931
0.7900490791990544
0.7844497832829969
0.6506567879761674
0.6024062413347354
