-0.14431401159958634
-0.4778799099102442
-0.08812215954817643
-0.3487151078318043
-0.17391444502978015
-0.29611051481240064
-0.7408957167760678
-0.12480284041722488
-0.6102619040760606
-0.5385193428201697
-0.41919470924482416
-0.600345336816081
-0.44044484643562254
-0.46389358582367657
-0.6712823480346131
-0.5420904950578478
-0.7873167090811134
-0.669549775510034
-0.5556393564996911
-0.7087973136725819
-0.0597485955587153
-0.2804288818923681
-0.3174412600217088
-0.2566501587431789
-0.48759813091470455
-0.5008724560425164
-0.7506435260952328
-0.38545582764204395
-0.05908327688574974
-0.12865733278031286
-0.5699918834241433
-0.706944827675637
-0.3047652977408456
-0.7595550406472625
-0.48033736871433036
-0.09726352295815076
-0.6991025877431205
-0.007175597421121336
-0.43930359362869464
-0.6022985539485269
-0.3669519108575621
-0.7095939377149
-0.38265259073663693
-0.6821462611487902
-0.37340361050980336
-0.7259732158955614
-0.26226656933686054
-0.3403725614246653
-0.19846853601189954
-0.5627868220457692
-0.7327193215273656
-0.587748414581944
-0.713247777056499
-0.5214296150351488
-0.5434753417324732
-0.4282908596196956
-0.4393219512806227
-0.7734557685126507
-0.5420583511805748
-0.5302725354447559
-0.0815523413489299
-0.684016521038343
-0.3515440146793895
-0.34007650431922554
-0.004534917821122014
-0.7157266321296639
-0.7752656659837742
-0.3371868180262808
-0.7063464708738328
-0.5180244624125352
-0.2178332439299895
0.0006997251888928857
-0.7587539571004925
-0.5323494665017797
-0.5512068122549091
-0.19844108109057293
-0.22758028675391243
-0.49120708913665284
-0.36968657676825156
-0.26509375568754073
-0.05570037696480569
-0.7372434141383192
-0.6341504986512836
-0.09422222121015246
-0.5481832793092684
-0.012291839957616709
-0.23943500855728972
-0.2056204117154052
-0.6901249783314578
-0.23114188736310695
-0.7054379945990459
-0.04359202385000251
-0.010713644604570523
-0.3337074805880492
-0.6929526398144944
-0.3307944212572143
-0.6735922307814711
-0.43885093669757114
-0.13610316274502804
-0.542168271994578
-0.5348148014472611
-0.17769756961891336
-0.34308329837704477
-0.7746699670082945
-0.624913801421632
-0.7288720059348608
-0.4649307568314222
-0.6628231990002965
-0.7782056524639454
-0.6662449990342276
-0.23010333243628883
-0.3122886544365324
-0.4266867194415174
-0.161161551730284
-0.04841468005355975
-0.3880362201872142
-0.31854435870876124
-0.3154646166070801
-0.2171087529003692
-0.3323213721378122
-0.2507838787320858
-0.26256222260883244
-0.3991057715880832
-0.7524443412386772
-0.6122732514605986
-0.10582545290237651
-0.3121316091398563
-0.32824456056654877
-0.17507828839736367
-0.6517714421530095
-0.03935090722595333
-0.7312786020799077
-0.33368680035576015
-0.5332656718447745
-0.7606138678527757
-0.43678275604443406
-0.4275789692421409
-0.2668210920204821
-0.4070312449774441
-0.2238292338451618
-0.463575467721893
-0.2703945658308621
-0.3217385307530148
-0.08711626547221232
-0.25066196725739626
-0.21443397148321597
-0.5122929395299074
-0.5034485281781416
-0.36679765362898975
-0.6738416492167771
-0.5124867955860853
-0.5972564317116072
-0.0973000717277935
-0.5463612339387279
-0.705722091391345
-0.4235835590623995
-0.5940380885501652
-0.03141829138302451
-0.24608271386108427
-0.27672584098776476
-0.6704772686848196
-0.16003971439302675
-0.14586278850469828
-0.4059018688185757
-0.33558984988553925
-0.2758923772558223
-0.5150502803157014
-0.37197206938914945
-0.13927484584720312
-0.5426601665516181
-0.5574700081726238
-0.06683191540021423
-0.29803250902348716
-0.10181339711831897
-0.5203521433958925
-0.41658265812050116
-0.5077588549729081
-0.4675873920268229
-0.5952068361213682
-0.6872539693921036
-0.3259753694817956
-0.04312299679480786
-0.725148547184899
-0.2739896336116014
-0.44999452124547423
-0.34456343739355716
-0.09147312220502558
-0.2908811593741582
-0.22847908143370055
-0.3563293077167495
-0.2954718866989451
-0.15569103022682218
-0.2080595829522394
-0.342397922231222
-0.36046020738670226
-0.08597651128591077
-0.16986939313155303
-0.41710837695395464
-0.18401894768236016
-0.2949863501808743
-0.2922662161395561
-0.10841789174635563
-0.3621433848105956
-0.7563106594256392
-0.04078462168075182
-0.4643275503379829
-0.49586226979833814
-0.4204863371035139
-0.12062362380969072
-0.1051236672697312
-0.332416147693102
-0.40673304181959236
-0.387625020505267
-0.013608789649499712
0.008026102061102422
-0.760231806843308
-0.25076325651457365
-0.5805841915788018
-0.16378665975445433
-0.39466661575824946
-0.47103064971704567
-0.2645032658474303
-0.13217028285309118
-0.7354311844699464
-0.3587755001076292
-0.133228128009249
-0.2577965607215162
-0.5720070351624563
-0.5060958044601003
-0.6622718966124098
-0.6226682340079694
-0.31301534439233886
-0.24264044466653126
-0.7550013942005978
-0.5893405518601059
-0.3200993642464615
-0.43842596770939496
-0.2254817246960424
-0.03603989085576133
-0.4194982102219912
-0.126998424755737
-0.19199642160553923
-0.6115772456650385
-0.7093983164578778
-0.6124623893863352
-0.21043672999513524
-0.4543640578288878
-0.25480528761416005
-0.40239244746833025
-0.6426149481683032
-0.2812584207567514
-0.762284522439309
-0.2890978484510995
-0.35797574493182394
-0.610803608408858
-0.2625133831367357
