-0.19609386774490958
-0.586890482985813
-0.24777120532542174
-0.009956101016599156
-0.028242091418862685
-0.5580919871704608
-0.021418309602943268
-0.7291183676366431
-0.6306857173925161
-0.6514815734546675
-0.19886790781917815
-0.13872588127400903
-0.46739827267154554
-0.23573184586175536
-0.2538545211190617
-0.6970239926295021
-0.5168836553080889
-0.5903392889274931
-0.16966207894975716
-0.263788748597686
-0.21425025984881846
-0.15457113985962592
-0.6900583040793041
-0.6498038613714869
-0.615710597830295
-0.6908819431695665
-0.6901184710086379
-0.36440286522458976
-0.022513792873789927
-0.5897739948358063
-0.5409387484661415
-0.47294038885011713
-0.01887120196010697
-0.4424241313698471
-0.22682584390072627
-0.25336067690041464
-0.6808718390868773
-0.7371410937114867
-0.33731111225836885
-0.37091516826144305
-0.39743550217243406
-0.07699120809964174
-0.7583748190571199
-0.4397874462951088
-0.6516535740174139
-0.4448885965683911
-0.5434052731413409
-0.4432100892333746
-0.009531832356938028
-0.5822691805888066
-0.7070537526636277
-0.12474462725845499
-0.4103652023364711
-0.17981389591123206
-0.03286257243984441
-0.11644519501954316
-0.4390290342746336
-0.4707979806582701
-0.14789327362886526
-0.11573559503508905
-0.42664653199572244
-0.48223322236118416
-0.5801110289451976
-0.3505805796041769
-0.6264977716234345
-0.6853125438516692
-0.6031604117948925
-0.23196955601133118
-0.26916520950149425
-0.33675686905916163
-0.09398128863331733
-0.5706034160401218
-0.6825592035146492
-0.5969650575917281
-0.320915594574038
-0.0750668745428772
-0.6505456565319286
-0.7116919821112889
-0.4478997239146571
-0.2850034034754104
-0.6359882741220111
-0.550680892668349
-0.06589749991140256
-0.16071075993232048
-0.4535836988084842
-0.3135870862990284
-0.3049160977613176
-0.08128285112470224
-0.3768281001215521
-0.5789700014607891
-0.1525784269782234
-0.04169342923111246
-0.14637715543819108
-0.4324414727097723
-0.24209860122182653
-0.3756594180911588
-0.4442388862303582
-0.3177280977424673
-0.042564978630560635
-0.13083801898774683
-0.29133838323551126
-0.07393890385642676
-0.7279767845259268
-0.3529838006036157
-0.4005722678398083
-0.10437668370929075
-0.5649190500760843
-0.7555115086589546
-0.461687273574268
-0.6935148973672511
-0.26441039061075183
-0.2871985552907137
-0.7016533987680978
-0.058068849755113276
-0.6453607139203088
-0.24128336399261138
-0.41881394818492684
-0.049668471145893386
-0.7604262628073974
-0.2865808251480386
-0.677387201362794
-0.2865929929680465
-0.17138360677841166
-0.531350651828042
-0.43011934463691825
-0.0723350041718171
-0.0037821755327200456
-0.21305915047974835
-0.07874689545979324
-0.3113781984993484
-0.6608312265220432
-0.33128224105815574
-0.10048801832945078
-0.5201968877447471
-0.7096779663689954
-0.4808086541131926
-0.13820746585216034
-0.7274179169518853
-0.2701707875405857
-0.3827251472355358
-0.22070585628598535
-0.4369986182143334
-0.13985545332395094
-0.4783920650024688
-0.3040676420784459
-0.5364271976432161
-0.197810246501891
-0.028315349514859756
-0.5036354922998084
-0.5187893534244835
-0.7212386484079463
-0.26122584146060174
-0.18436810190807892
-0.024969480454784296
-0.6097210395901025
-0.5314620974616906
-0.49404632917627767
-0.2715020617259917
-0.38784469733559457
-0.33350706031071015
-0.44358061193322296
-0.1199787952451695
-0.3580201132686093
-0.6313397689169943
-0.6440888961204512
0.004125242602819977
-0.20493941129079596
-0.3145967805859281
-0.3241324309071886
-0.14506010936196168
-0.6276290519593738
-0.5568573680699462
-0.049757286169435734
-0.1251860982354462
-0.5043408057728155
-0.05336750806726456
-0.566237173831494
-0.5601130925847814
-0.4877659699241941
-0.2397180551542134
-0.099037411220588
-0.4974182553605977
-0.012174688281165618
-0.020206508332596466
-0.5586113531250565
-0.563465628081829
-0.7537186133205926
-0.6799509534711621
-0.41113560542518657
-0.24163351526507693
-0.09497102573295532
-0.15527906137247316
-0.06487097400776284
-0.6651391301386608
-0.39786330649567575
0.014901732118036817
-0.45232241773090237
-0.6364381081606073
-0.5348666259839351
-0.041221759017830366
-0.6246528481156569
-0.6552613558500359
-0.3462004106931526
-0.22823211367537674
-0.5447211143795264
-0.1436034882028526
-0.14625368529838859
-0.04571050795876255
-0.4474674977433985
-0.7305819683395699
-0.7135141865066031
-0.7063353079128487
-0.507814694396244
-0.26959533924872253
-0.29551935751490493
-0.3243430225805977
-0.37756985655976977
-0.14213079058893172
-0.6320766315418633
-0.23303107101802956
-0.13872221003107083
-0.007019170948513261
-0.2709284403884311
-0.033750144765657755
-0.5603556430874886
-0.577782997421972
-0.3084168037847703
-0.31703439336025985
-0.3115437428581698
-0.5703266819483753
-0.18340066488917398
-0.44594911657297576
-0.16689289574838034
-0.24626298131540011
-0.5919372948579382
-0.5980287188888318
-0.2165563768228074
-0.5545699215849176
-0.18760121701855478
-0.7078718151934618
-0.47552213745816485
-0.530812841362512
-0.3857200915919047
-0.11487025690667987
-0.14114570755332273
-0.5480005335082658
-0.18770730989209958
-0.33752077752154114
-0.6302516270030154
-0.5954458713400893
-0.3091310844383414
-0.5139424592708701
-0.03912982682133068
0.0059293017685554845
-0.02251790494370194
-0.2984417144012168
