-0.025526616040754173
-0.31294532210522286
-0.32052618434228
-0.2046206231374779
-0.04321396578714753
-0.15418631319179557
-0.1904628307495158
-0.2659304242947874
-0.11748452833243977
-0.3751502576094682
-0.2643605945294282
-0.31682179890420037
-0.47078640279918044
-0.16752760567638825
-0.46564507981132297
-0.5536985242920666
-0.2176308245163123
-0.45579407815838807
-0.5273557211911747
-0.1919531115595832
-0.03616755735225309
-0.5958266006315271
-0.557744847887333
-0.44201665788976563
-0.5043065269546468
-0.21001307199446745
-0.36992091466826293
-0.2123968897661485
-0.48129696478363543
-0.10720847387204983
-0.12930222698929555
-0.5743369445843787
-0.14522612816101488
-0.534540908108747
-0.13225747447163
-0.21022776526354214
-0.03970891393537936
-0.10418641310583102
-0.2899277054251884
-0.4337363350931817
-0.5705708559254112
-0.24509229872024063
-0.27498846647914377
-0.4836679073194526
-0.04233240187799626
-0.051028481132902655
-0.1857742151908289
-0.5623407897778696
-0.5697893093272361
-0.15458910051535044
-0.32405304126486495
-0.33960255626248226
-0.3546360010516948
-0.33568277746896197
-0.2482829152327823
-0.5216008770917563
-0.013176891497050498
-0.3874077710637819
-0.5730277734836826
-0.399274055678537
-0.12061999711424018
-0.6008048739930584
-0.3256573076918349
-0.6025058586710669
-0.19194088130594777
-0.40380543943293284
-0.5630661461845297
-0.15796098692887875
-0.2704706424818282
-0.46681714659885115
-0.18555754453304574
-0.5691449342615272
-0.3377470673947705
-0.6283789891127622
-0.2659580552624051
-0.4478766789078497
-0.5063620917615841
-0.18460863383847867
-0.4181993013117859
-0.01900836918996061
-0.45913819192678135
-0.5209242966198586
-0.3520928586374431
-0.509664294792398
-0.39981251968783876
-0.5116682357041558
-0.3721721870782166
-0.31326495701669016
-0.6114429403139996
-0.4532222500665267
-0.259379443571248
-0.23290730280996502
-0.5646055840769691
-0.15506690842310747
-0.37323428634615097
-0.05659781474182535
-0.3764129036208096
-0.2757063063552834
-0.44294462529617357
-0.5094814052398026
-0.5731428702624767
-0.41493123683342953
-0.5855036350287491
-0.18046571731425212
-0.25456069499121026
-0.27918170948238563
-0.11154832128348045
-0.110176800847195
-0.2829804609806008
-0.11574467402164106
-0.414531726296691
-0.032231175094266644
-0.041571449791717854
-0.2928810819603209
-0.5551364864960756
-0.40938013645388455
-0.16130391501678368
-0.4775152466790082
-0.30461717427041524
-0.3343848882321671
-0.4127243016125632
-0.16235889110774135
-0.5178728955696584
-0.22444149524622986
-0.336632354166553
-0.15753529771611013
-0.43610142507410155
-0.3326429504408591
-0.4628980714054588
-0.2545707942731609
-0.06165686638666455
-0.060691790486739214
-0.2114535683069134
-0.3784121369689806
-0.5981909442751946
-0.14600212620863073
-0.4505441680306995
-0.49865869122354806
-0.5947543520349208
-0.2659282498671903
-0.5658231256090662
-0.3959329187720828
-0.3246903391659393
-0.5407080256234413
-0.47474544187463674
-0.24638488158933372
-0.264220116035465
-0.22117289814640656
-0.13286353488693078
-0.10041225598205618
-0.21697454509452707
-0.4162015009735669
-0.35348982967130094
-0.47816246143302416
-0.10336492917285199
-0.3671186401085707
-0.13754152483632404
-0.10241255342717898
-0.10132068204672325
-0.3990805042981921
-0.2304325909336527
-0.25959954637419624
-0.2528625601336896
-0.6228388827445127
-0.09954612789308383
-0.32014045301809646
-0.34007717407719923
-0.5711017922473641
-0.257900630238332
-0.2159799193800565
-0.2760484183592745
-0.12129073570129104
-0.055249250171836954
-0.2865780291784018
-0.13004124878481466
-0.5739645704923751
-0.5477420243874281
-0.5387196901693907
-0.20336912599342594
-0.05515125992221165
-0.08539180678632648
-0.2731220799593479
-0.529248793215394
-0.2600417326790886
-0.48098735058305464
-0.047596384769329564
-0.2103266185282506
-0.1598021227293758
-0.11282162773548313
-0.42542284540702435
-0.47411932577533794
-0.20566283586026846
-0.4395694103862227
-0.4093067934988501
-0.16681428695997041
-0.08737288789491393
-0.3517559242319775
-0.6148343837712963
-0.08704081347203396
-0.610110986761714
-0.442867381501137
-0.575318485682762
-0.18045754030722747
-0.3053338606719708
-0.3137716409543827
-0.3861916571999311
-0.5499259107376614
-0.3452606868742908
-0.3438591952632411
-0.4737619080979854
-0.06608733503031444
-0.041233092632044575
-0.5541473072091084
-0.18213841244607779
-0.47996771418587275
-0.3195777970673461
-0.34242677973322383
-0.04546053197293698
0.00446054525983278
-0.07791613802776041
-0.5228402357527127
-0.5248284452871009
-0.3353487515987905
-0.39235316721226593
-0.19232476491566763
-0.06730093201064646
-0.10472722850693444
-0.48123174650245704
-0.5847819452676845
-0.39759505423782077
-0.07466035120310396
-0.6005290549939734
-0.2645982400210886
-0.22608470710463288
-0.4361422282857095
-0.32121509308384366
-0.048846530698025574
-0.23107802274172712
-0.0324920430067694
-0.5112369657176695
-0.009577262951857023
-0.46307573677256797
-0.5481539211604581
-0.4012216566231343
-0.5431888589346989
-0.40576525321355866
-0.04134049197174549
-0.2682765233865423
-0.03138509035119658
-0.5723192808712342
-0.5006815106917358
-0.21950248551748167
-0.5842634394830707
-0.5265804678291864
-0.14454396357248367
-0.5677840733885949
