-0.15914554520683716
-0.16335384462496794
-0.2150855552934979
-0.2544976835024568
-0.32862503841415425
-0.33001267189382233
-0.3290959788559567
-0.3611948033335156
-0.31005697229213913
-0.3007939241208502
-0.2620822767578687
-0.22253693434767102
-0.11879161931764581
-0.10727084920377636
-0.05828295268423406
0.04527271692315689
0.09376126018102195
0.1654225244068177
0.21918292685894744
0.2321224911858359
0.3187202751549468
0.3119192993231698
0.3394875272603515
0.3474397158099368
0.3199935318540417
0.2831606732759363
0.3372834478650079
0.28416083820241206
0.18504498463361102
0.16462591055274126
0.09611280341352518
0.03574398979148403
-0.07414421042723726
-0.10077008691011013
-0.18454731850167466
-0.2450234225314633
-0.2917323242173431
-0.3023227770260846
-0.35022284558216366
-0.36817528132472294
-0.3605281798525322
-0.3570669083063364
-0.29524835122113524
-0.3078044493568215
-0.2790055672928356
-0.20207557734689793
-0.15203381128215274
-0.03449101242448813
-0.005654797505665185
0.05138285833944823
0.13063085828334456
0.14286134586159466
0.25248115933805493
0.2952987526814784
0.3090613324060963
0.3292284486228317
0.36388160010898596
0.3551385915783871
0.2961174540946543
0.3322523280555746
0.2599051886923719
0.22428736206047667
0.19649910031173823
0.12130898087949385
0.027316004611547068
-0.03538167214681196
-0.08566659018655945
-0.16538242475239984
-0.24024994919832685
-0.24426388835427465
-0.314098186610476
-0.3401603070889631
-0.3239419886325545
-0.32931950349529054
-0.3521885894642143
-0.31681390696875544
-0.30939541011172417
-0.29337209461506486
-0.22524423975254307
-0.17641687382454657
-0.07608695185879419
-0.05043902562023042
0.024790027354242166
0.09718165129888928
0.1478004996718758
0.23317469419700773
0.2647460225480506
0.28927964659232097
0.347986436704035
0.3430794306020629
0.3224739746460383
0.3492786148309212
0.34367934391482546
0.31576574815540476
0.25876677132629994
0.193944839370095
0.16269545861041057
0.06433810266848673
0.018882181580127205
-0.06904167240341577
-0.11754124870978937
-0.17316535572487365
-0.22730610006706273
-0.2843213613948995
-0.3300584078062694
-0.3213962210348217
-0.30751106432721187
-0.36002798341496417
-0.3157135787215753
-0.31707729873873797
-0.23594270701124748
-0.24376548206645957
-0.1649751882888911
-0.18536710556644687
-0.07484192145898406
0.03640925645260727
0.016099305888254457
0.1411882409304112
0.17687291187159399
0.1921672128800635
0.29845275314000425
0.29813111006845433
0.35332588958337074
0.36820391553233417
0.3341576462802285
0.3460548057512936
0.2719752157827822
0.2847164598176935
0.21708469346710893
0.1770619079971411
0.10556186276792348
0.008640061401751234
-0.04102801520742434
-0.1294748255964575
-0.13070203559338647
-0.20051926376508414
-0.2877147375673582
-0.2596234997712015
-0.3888110936609442
-0.33974215602881114
-0.3323819542877388
-0.3584325928437988
-0.3215240910070275
-0.30400842306539466
-0.23855823715473462
-0.18952247951840945
-0.1703432581658226
-0.12681636830049112
-0.062047194491311575
0.04413181611657402
0.08545434611694996
0.1827793106390353
0.22064066485690279
0.22702983208894906
0.2842813231111168
0.34612987142634943
0.37160678274132997
0.3834725991574101
0.3625051709464459
0.3043105630276749
0.2753945354320519
0.2464662924705155
0.18651572367229247
0.13869287816114922
0.0939605093268199
-0.02057105727563504
-0.07187438241610888
-0.11258878579962832
-0.17073286473144797
-0.24454029377135136
-0.29960434206583
-0.3098285379019382
-0.3596257558976079
-0.37246474062029444
-0.3370354124553759
-0.34562534251187454
-0.35475849292491873
-0.28812038756677316
-0.21059414803295134
-0.16429795316760715
-0.1320339034125929
-0.07327451887939547
0.010646479007906098
0.08331680040264519
0.11048767714827507
0.19886804788966797
0.2400903620127401
0.26333455486069746
0.3028456376015323
0.3690417222106132
0.33478560435600824
0.3139963387926692
0.3247916276661122
0.3183406074076294
0.3175639182415944
0.20786338981360256
0.13347635082661732
0.10913398049247387
0.04637475892725953
-0.04432096203588899
-0.10722967230041411
-0.1599528318303238
-0.19012500444763725
-0.2462895917922855
-0.2815735570483774
-0.30438621878768357
-0.37488322696826515
-0.35774613930260907
-0.3211078724741135
-0.32031461411627365
-0.2968021256997896
-0.2777416006322634
-0.19387798988943472
-0.20048283246120932
-0.07026240956805896
-0.018830157378321787
0.04398538763763984
0.09675100837653589
0.14626043065324718
0.2255474275963529
0.2947907183546759
0.3133852537130332
0.3257425165943342
0.3561951274953307
0.3343110926046627
0.34359075520571614
0.3215047609984258
0.2576610724648982
0.25567174657918196
0.22435592941884308
0.12009732871213544
0.07453374058825753
0.01611767176452195
-0.08332871044324022
-0.14841364637666757
-0.19029430272005543
-0.21503809592380718
-0.2839867972361234
-0.3030260319648096
-0.30084432774604314
-0.34963861701225785
-0.3338286366706009
-0.40137779852238303
-0.2915880044526961
-0.28693684450310664
-0.22630687997102042
-0.1719441055204615
-0.1284910122953702
-0.04141316825801956
0.019006199476603515
0.08652489923082449
0.1411660786836566
0.1588716759597066
0.247596977474223
0.292789414277274
0.3170684334381162
