0.08446260334038501
0.009360171284987718
-0.01873199959768526
-0.045089030927981895
-0.09747330808235172
-0.14637411644865528
-0.22850583149426557
-0.2608304872060936
-0.28329202444677476
-0.3318965485067348
-0.3890786886384165
-0.4177052549837705
-0.4566933569530419
-0.5252586990226633
-0.5586719852105616
-0.6152306507662791
-0.6752714542321497
-0.6663810737652704
-0.7429595187998284
-0.7351882693666116
-0.6629339097444608
-0.6577982220135044
-0.6156658698004591
-0.5535593251870474
-0.5192194481595324
-0.46473642177888297
-0.41247326028139825
-0.3570427984792371
-0.3346077483294947
-0.29084626865960145
-0.25447000131974334
-0.18614117664862792
-0.14590385346816837
-0.09173427040823591
-0.07219925326171169
-0.010307833430187496
0.048925061272188215
0.0991639358088707
0.14029130976512377
0.16956258548404798
0.1981064662495909
0.2798265205508075
0.32936385871542095
0.3927183871188103
0.4079218051054346
0.46569890798296965
0.4940094682804498
0.5130411499137746
0.5692893225446022
0.6159246848841344
0.6969049668920013
0.7435768418745867
0.7650351903844701
0.7200354750257209
0.630457417667029
0.6121455540291727
0.5681731352934872
0.5284359125999146
0.4804001034553448
0.47655127670105907
0.3796477381228688
0.2983107831736128
0.3254121309454069
0.24008436603443878
0.21778390149728594
0.15581677206987246
0.10497600060691357
0.0635248648119509
0.025703134573702748
-0.04365995692432466
-0.07811547143062562
-0.14060149605195457
-0.14606123502681648
-0.23669854595845014
-0.2790521915837177
-0.30875555554838774
-0.3454658678178092
-0.3636282872275106
-0.45322582596291383
-0.46907563052359075
-0.5409470829233438
-0.5910613840364866
-0.6147128704931638
-0.663403970009345
-0.7027379491916147
-0.7760145671259365
-0.7317302593639424
-0.6989292114074068
-0.6268219932966601
-0.5623847515763172
-0.5408698574216749
-0.5240648559031202
-0.4482026868652121
-0.42223979261932454
-0.3694149192207909
-0.3203462274472628
-0.25215015000942137
-0.2328794441122223
-0.151096645627152
-0.16539252005515306
-0.0742890388302501
-0.05805809677269867
0.015008219744181088
0.022162597448089353
0.11645330319515826
0.1761416280194573
0.17477179402921214
0.2344820489240897
0.26463699606616586
0.32918929997831925
0.4118068802366299
0.3947456597861312
0.44755356343217456
0.4803690232477862
0.5904569936220052
0.5852449267939728
0.6153212819980721
0.697456568359875
0.7278449223807455
0.7452698679212519
0.7270221110841685
0.6585877343735715
0.5973978423948964
0.5742942442677301
0.5289223527744614
0.4535883100303524
0.4319351256089737
0.35837122603913796
0.33577656581626375
0.30518270177592677
0.23520882151869155
0.20561585743723773
0.15990672802078257
0.10741841792256777
0.07678620010631954
-0.0017287354532881105
-0.03290398314627205
-0.10078191477727265
-0.1259919930904808
-0.17035013513791
-0.20266030320895703
-0.2658073164679222
-0.30739282673231255
-0.3845155353590759
-0.36944565160174836
-0.43513726881355497
-0.5140359690451282
-0.5429635719895689
-0.5452781219207279
-0.6207773549972877
-0.653753494292397
-0.6921121907589974
-0.7561447846009417
-0.7154749481255999
-0.6678465465118663
-0.5912273839640562
-0.5623959237479043
-0.5547638279495835
-0.5062170699514186
-0.44785920033454557
-0.3555176747763201
-0.3325694264040147
-0.34190389011468686
-0.27198368835167025
-0.22639178151237832
-0.19750624755807966
-0.13699384542273566
-0.07495910442779508
-0.04516222845836669
-0.018635454072606798
0.06771937907636189
0.07481487453661652
0.15161974901515654
0.1950078196791986
0.25547020266473913
0.2553521857373002
0.31171120832964566
0.381852366283013
0.41975807772305773
0.47305461950811517
0.49380586475888244
0.5525026822893214
0.6079156699029141
0.6154319802637679
0.661616404332474
0.7606400041924839
0.7380571623282173
0.700695093965178
0.646755004369763
0.6108518871554586
0.5318345745929296
0.5356841816180584
0.4301601119482821
0.41691409307802313
0.3794890459882078
0.3207568941378442
0.2832571004892582
0.23797429128470485
0.2151054737338844
0.14489326175590542
0.11489954818402205
0.061293861741963475
0.014575668723204049
-0.03708680403420581
-0.0740180706079536
-0.099371953429615
-0.2042183803010309
-0.2119055589603863
-0.2337236083658167
-0.3150703436697868
-0.3813477508507434
-0.465041418799759
-0.48083103589787574
-0.4815553280827624
-0.5380353826501781
-0.5433206296163514
-0.6284846005530328
-0.6698904165152706
-0.7273050503550964
-0.7650410902097784
-0.7458005323936828
-0.6859534791424019
-0.5798720744322284
-0.5955507824882571
-0.5122956050101546
-0.49885265192932565
-0.4025574872931964
-0.3818094585555546
-0.3607016397808982
-0.2697602824588346
-0.2690577292660733
-0.2229730193155444
-0.17354028705119753
-0.08615144621150134
-0.07192166113488106
-0.027607361602169454
0.028660909478317044
0.09730799450118476
0.07514990384370043
0.12998637352263626
0.17158194567031876
0.24858738502964203
0.274256086465879
0.3098927716547524
0.3724026331052455
0.4440892019039506
0.4971286673483505
0.5382815508809605
0.5760184382541047
0.5858842571631095
0.6421205496952882
0.754604314574628
0.7518919751932899
0.7169138907980083
0.6927773665724628
0.6327105458635051
