-0.517959496600036
-0.32794270094550393
-0.2549886054716249
-0.0722001630756597
0.05904198709044941
0.2080902245243785
0.3175942414241771
0.44650185959510913
0.576673529752114
0.7741560713969027
0.8570013014910604
0.7014380476335643
0.5838735460135024
0.41920375054150527
0.29647516573804605
0.1767371799158892
0.05310827252705369
-0.08967426174318363
-0.25580164077521883
-0.37447138835177735
-0.5589614079670598
-0.6425630010630436
-0.7945290117049328
-0.7874696025810566
-0.6274011773418665
-0.5164959352439292
-0.3546483746338972
-0.22961216087082975
-0.11677698856480338
0.04274588318894115
0.21195434728216758
0.31882070519902755
0.4341671155265261
0.5683104715361716
0.6933134997148138
0.8408923748760491
0.7463219298874072
0.6162924235904785
0.4894158147095618
0.3182180326071678
0.17276534704585475
-0.010111438751615458
-0.11550258835358979
-0.23493225321603434
-0.36989054673008565
-0.5050328463078156
-0.690055100674257
-0.7760349071182724
-0.7728179198294527
-0.6461736518041479
-0.5257785296520379
-0.39958198681098234
-0.2393975701005573
-0.09385257458828303
0.03672289978638836
0.18733140698250406
0.2881448605539652
0.45274712156741315
0.6126820727350691
0.7029444534557111
0.8355756082301021
0.7642842363940975
0.5866526199726774
0.4384662069705742
0.30187887245456085
0.1820519614374922
0.020829402103416255
-0.06418081098866366
-0.2456223684138951
-0.38586651250917536
-0.523861179610349
-0.6479560238122379
-0.7678126129181795
-0.8105754902780858
-0.6585052988086442
-0.5082370946500578
-0.38357379600290936
-0.2580173911153044
-0.12503912743114332
0.011619211670008346
0.1413934305501801
0.3051391819092777
0.42912541557173006
0.5757600605096412
0.713555871026215
0.8638290448738851
0.7501932794012461
0.60219646370058
0.4421267526386008
0.3118685162714301
0.16402365670419877
0.055196176566313065
-0.11467068318111512
-0.24033745460174677
-0.39836551888486615
-0.49068837096923845
-0.6770302394222658
-0.7713780905303007
-0.7978901882288328
-0.6850801870688178
-0.5208700878862755
-0.38487813773591345
-0.2495859569522493
-0.12081333404112427
0.020023103421283665
0.17293009096541975
0.2869647609965989
0.4649674012884885
0.5788206589946899
0.7193108515087921
0.8379530139004473
0.76023779614459
0.5956751646409278
0.4647129454992368
0.3546481825087485
0.17254720168690013
0.07364765940347888
-0.08582662007047681
-0.25565728393412307
-0.3863944677522202
-0.49824974485939183
-0.6322834775069793
-0.759465073832537
-0.8397412743082135
-0.6445008502163676
-0.5173851141602706
-0.3865821626994111
-0.27019109678850467
-0.13409341524533283
0.02671311281129296
0.19476971355105174
0.31014304838075824
0.44069546887949584
0.5687493392315801
0.6998219788007429
0.8336641028139171
0.7518261812572853
0.620850293134582
0.5096085868611115
0.3237324729598706
0.18892060460467744
0.09171894583500204
-0.054699229458844374
-0.21515839487163124
-0.32037566398215656
-0.48551356425533776
-0.6284097448983594
-0.7954605154929241
-0.7909586780480797
-0.6899444961447411
-0.5543355649354847
-0.41767965182843675
-0.25144252228466174
-0.1457561528336921
-0.004187847533197118
0.15408002481677222
0.2611267473576782
0.4037532176426056
0.5548233013922714
0.6892657077898021
0.8331612775943884
0.7472104765063399
0.6128278931669559
0.4596600616186149
0.34896243194772525
0.2099670096172515
0.09512073142041674
-0.07853201098354566
-0.22180030838172798
-0.381739486518598
-0.4756310683104192
-0.5800974445105346
-0.7759776433477246
-0.8451642032664003
-0.706033917681345
-0.5631709814930494
-0.3929533104292484
-0.2539594720996049
-0.1386998341430078
-0.006017362459385029
0.08119449229880904
0.278791188226472
0.3778720613494719
0.5570627197761518
0.6712073914780493
0.8528712495238499
0.769749975862528
0.6335071437142491
0.47043031962674
0.3613510198194253
0.21939593854108827
0.08072186888632105
-0.06261565783493037
-0.22109625749071793
-0.3392211629107417
-0.49045122603886515
-0.6066874321318397
-0.7387871708472604
-0.8496802744795805
-0.7167013486302157
-0.5501239320826856
-0.4332652095712705
-0.250773629910652
-0.1435161445232466
-0.009289071805854301
0.10448983279580908
0.2690842183597833
0.4155050878159535
0.5554063792037753
0.6714104471387706
0.8085163753639849
0.7586733970595435
0.6139404467853168
0.5005423984649957
0.3692506014083621
0.21549919273012694
0.10276186133254367
-0.08642282815745223
-0.19371641863038463
-0.32114221113034025
-0.47024664260239557
-0.5910421584062633
-0.7475025861122203
-0.8610641420138253
-0.680407032626821
-0.5734241730430478
-0.46264644478730743
-0.2956645788516742
-0.1102033812993814
-0.044590907377264496
0.11224002274896226
0.24961356877046403
0.4114426928178474
0.5285061677945742
0.6894990184973798
0.8261440780446936
0.7534374708564117
0.65228135297367
0.503783574922576
0.36732784175260746
0.2267865619243259
0.13130920829395823
-0.063581234833862
-0.2003843354435063
-0.3191287112124764
-0.4587446396336546
-0.5886321166948115
-0.754388669829138
-0.8437636425587074
-0.7304983192390558
-0.6068728363903697
-0.45022405368389634
-0.30061197013731894
-0.18310127552673597
-0.0186559995295912
0.07555740776841757
