0.21922169876090503
0.1779275806435429
0.13386143523242455
0.11165864277497907
0.0767776951282381
0.03408217468483461
-0.008457396343487019
-0.04851012823200762
-0.05122867963286931
-0.16240210326581278
-0.1377241080987145
-0.1803572271340548
-0.2050240878469815
-0.2515983041178561
-0.30896404448475834
-0.3227707640837383
-0.3434593315163398
-0.4044529941024302
-0.4692398836907423
-0.4837753422648681
-0.5455010865215532
-0.5576318288530109
-0.600797651104046
-0.6579292801902619
-0.6628767540655167
-0.6988163443201068
-0.716819165000491
-0.7765755441907758
-0.8424986035772809
-0.88415757193245
-0.8819976853709245
-0.876370402624182
-0.9023419811198473
-0.8443498053588029
-0.784979945306717
-0.7415559369033876
-0.721034472167066
-0.7020889011523399
-0.6395315487180644
-0.6118682346591617
-0.601944348367912
-0.554822326248388
-0.48047611139665697
-0.4442334697764618
-0.4241515698125035
-0.3993435007047511
-0.34112998385789534
-0.32501294092259037
-0.26796999855805137
-0.2514698662461071
-0.2212049764185319
-0.19247461596784954
-0.13158547118547823
-0.07674858684037783
-0.03561385605297698
-0.05209792631875916
0.006992557004448283
0.03622832522472185
0.08290667938532616
0.13115892927572123
0.17202234254253418
0.19010071926198735
0.17120211742417873
0.2756474466480475
0.31058883431162804
0.32934644858559875
0.3721349825542393
0.39847185674137886
0.47379061975107556
0.47038834232852456
0.5161226049596579
0.5722832090936204
0.6137077200802297
0.6314862495489583
0.6876510844545121
0.7191652269930312
0.7058977314689572
0.7816397084199064
0.7839983136730959
0.8753427374483567
0.9134611436019755
0.9087534900909746
0.9047449567607224
0.8256701392282884
0.8153404950241648
0.7524896226272041
0.7376636844859928
0.7011151375038154
0.6565582511725092
0.6323703397385029
0.569611348510982
0.5630228660364623
0.4770321620124874
0.4871797144723899
0.4220274888084352
0.36627429142813456
0.38710803260987386
0.3337967380941685
0.2578427192484234
0.24447947251918067
0.23522572363945193
0.16503580944667687
0.145392517520293
0.08634579171094257
0.0527466470054081
0.011038648784889901
0.008833226958466237
0.001433314064829383
-0.09210896332964441
-0.11172499314296602
-0.14988449807597107
-0.1741042439514398
-0.19089316649220053
-0.2771890947901966
-0.29446948763958036
-0.337253292437265
-0.36742677788130423
-0.3810338628255099
-0.43745463619825226
-0.4990468487279044
-0.5140273024166858
-0.5335348155168349
-0.5864462988058997
-0.632185382587335
-0.6397396540161286
-0.7113321765349692
-0.7428851473771699
-0.7513018494166683
-0.7591758631393202
-0.8427633857608092
-0.8819147344772801
-0.8892271352599659
-0.880697716822988
-0.8361537534433469
-0.7859848247412512
-0.7622658981261293
-0.7154782531307302
-0.6931415071016899
-0.6480943563317354
-0.6563586718863693
-0.6110084665265585
-0.55821812253215
-0.5471499121672793
-0.4817066475679841
-0.4205135432325665
-0.4211375207647218
-0.37220830003929906
-0.2998123892362939
-0.2774062355009653
-0.2479566435178902
-0.18924618024948317
-0.1717338456829072
-0.13701235615915233
-0.1263441984046557
-0.034733915480612006
-0.0688503039275918
-0.02993970148663821
0.052951185008372426
0.08604398278336937
0.09234125925905988
0.15430174591868556
0.21338117262294845
0.2207700517884677
0.24594758679572795
0.30419383219615714
0.3149708876816381
0.38056201601880363
0.4240544853733536
0.4500006164211969
0.4862044977785801
0.5003018261480456
0.5446412539804536
0.6085732236096725
0.6310267581204473
0.6605928954715569
0.7098363223247337
0.734906787927734
0.7973665154006808
0.8073311344423824
0.8314600069003788
0.8657057346511787
0.9083669377188673
0.8729293468840713
0.8748417061791831
0.815452472366428
0.786304573955537
0.7377775330906401
0.6843136447724762
0.6987839618110252
0.6239853017919397
0.5719885193761197
0.5587556041583732
0.5095351442310176
0.482459934877934
0.437569395231138
0.3867311635717705
0.34637260074024684
0.3378022943749729
0.28608174894182076
0.2496790468250287
0.20136124824246504
0.18467525917132188
0.1623779590251394
0.1228195052858476
0.07231591983936118
0.024526028971825257
0.038471827324710516
-0.02263449924201982
-0.09658775470910216
-0.12224444320481337
-0.15755237766545346
-0.15726841977601505
-0.21781630927878284
-0.2590425213847475
-0.29479640035692506
-0.34057073442598634
-0.38742231080022316
-0.4176306709275749
-0.4114046926172466
-0.4779974372517414
-0.46984701270372653
-0.5526109900254895
-0.562416083878864
-0.5786455029212451
-0.6367828917899894
-0.6870306665632249
-0.7209676948525505
-0.7887498222862284
-0.7764913870366884
-0.7978220694576068
-0.88276474080724
-0.9006372105214343
-0.8519959450060978
-0.8707318515792907
-0.8344236259621544
-0.7781359918196701
-0.77514029008358
-0.669464121991771
-0.6667801218776152
-0.5934358093499255
-0.5793438904423847
-0.568240808100198
-0.5304077049400977
-0.46915720833184277
-0.450394669425333
-0.3844032435177643
-0.38173291341922655
-0.32272382723649695
-0.2808411031888605
-0.29492547508532907
-0.2460633324798405
-0.21100684582621973
-0.1797530115612426
-0.08427367520396863
-0.11332573559072252
-0.059482814616275
