-0.18559795134180143
-0.07275522899366173
0.02538882210399676
0.1619452291442826
0.36095655304384844
0.41400580959634026
0.5149889672109088
0.6373365865104035
0.7263680905650592
0.5857139925643078
0.48131479039461444
0.40010267696756774
0.2508982874306285
0.09327498542633003
0.02438077461119139
-0.11175743872726987
-0.23819701527397033
-0.3502352583798733
-0.47550194265970913
-0.6038531076634004
-0.7074331395425739
-0.694342932514434
-0.5228820653893034
-0.44012196412025784
-0.3073852187542618
-0.19351582327649045
-0.04350210533439837
0.039698598448441105
0.17311460826857142
0.31782791426819235
0.4128882441948712
0.5187962512980718
0.6566711702207433
0.7445457833945003
0.6057199349266644
0.4916026287397267
0.4058028657574296
0.2693236293749148
0.13536823926190666
0.011366306584178473
-0.07159030734075697
-0.22512037774037696
-0.3524254893278803
-0.4612578547624945
-0.568303862368395
-0.7267341973851893
-0.674060854312016
-0.5481398440292273
-0.44692227603051754
-0.31345895883945096
-0.18081615915607477
-0.08789569713410918
0.03290689346691501
0.15346982639355294
0.2372859132317212
0.40855648378383846
0.5659114539478453
0.6620642006669958
0.7727805554907077
0.622813640478604
0.522781069091971
0.37604149444996826
0.24586892261039106
0.15536089959823332
0.023913796529401975
-0.0860852960234026
-0.20009213418270094
-0.3282591783633479
-0.45458325450422976
-0.5780845438735015
-0.6894291771129798
-0.7051085354521629
-0.5317029358862773
-0.46161310835590796
-0.3098362452261409
-0.20560817838058085
-0.06843052332824548
0.0416748044590239
0.14435157972844578
0.2713760488361107
0.39102117606183884
0.5007614246916363
0.6395715115027616
0.7883885633304968
0.6384332872984837
0.5178749394984606
0.39136454047558106
0.2256819911125317
0.1548187959218996
0.050944909294010896
-0.08630035159658056
-0.20112590838522262
-0.32120820369494135
-0.4470557031803725
-0.603623569149333
-0.6731925073464042
-0.7054447245504349
-0.5974196984111377
-0.44281869688665276
-0.34138778064158243
-0.2421891342215004
-0.08671398739199813
0.04748480086459966
0.13251837663695837
0.2741783138777019
0.37239985990859165
0.4723265973565154
0.6677065526446541
0.7656823971538941
0.6500351390789825
0.538095766048973
0.39452228833103503
0.26503921669740366
0.1721675467330384
0.07336117529981409
-0.0714484589207885
-0.19217763169042845
-0.30626603943432773
-0.49692710683786506
-0.5727223089349611
-0.6599838750321314
-0.7308065185943211
-0.5443576394856596
-0.46491518465434856
-0.33814679888572025
-0.18546659316607939
-0.1288184354110884
0.044348533241340735
0.1363834748224255
0.26141156465431786
0.3909466697732214
0.5019358582875155
0.6178163110800451
0.7153928738666211
0.655789150033253
0.5365623909135284
0.4078439933020399
0.3020026868443119
0.1746183235842577
0.07965853453574792
-0.012596933812096284
-0.17783951473540316
-0.2855445431501162
-0.437018341013127
-0.5348588212105949
-0.6887072267633182
-0.7009895823769701
-0.5739807341851597
-0.4849283254120542
-0.37446950101144
-0.19357306365191634
-0.11369144470284884
0.00774403733171591
0.12910683915441032
0.2197822750703568
0.3725807832612288
0.4685714719325325
0.6272884422879139
0.7766951693939311
0.6547729515997813
0.5436266594607121
0.4260704262825685
0.2733609741619191
0.18181009007091645
0.0496007889564388
-0.09693696193678283
-0.21283720170956055
-0.3381592082139625
-0.436442840424228
-0.5615896601839897
-0.6644959463263175
-0.7016499939651327
-0.5799576715682934
-0.469877880739712
-0.33959537116102345
-0.26027994173864943
-0.1109986752033646
0.0063121096104238935
0.13084088241004146
0.24324734955977398
0.3642008270342216
0.47737373666292066
0.6170511845258114
0.7375265216981322
0.6625266225489211
0.5120793621609353
0.43171498836400657
0.34294580263247015
0.16769134864066246
0.07038760188955172
-0.06604217694234296
-0.19865956358182543
-0.2919410341549092
-0.39090683440677976
-0.5346953480172114
-0.6738659862686032
-0.7336196549819652
-0.5993893723563943
-0.5106460719345886
-0.3351554588078929
-0.22991375353038151
-0.15146213301106531
-0.01637158312647795
0.13610393174057825
0.2325551737871179
0.33280134078809603
0.4831431399001233
0.6022845763725271
0.7236021442382984
0.6676134241301804
0.5190812136093556
0.45672073212382697
0.3467080180087676
0.17003090613506144
0.02650889629069319
-0.019532997552906287
-0.14513700801890458
-0.34143311611188526
-0.3873333228332808
-0.5491320923048469
-0.6570595365537899
-0.7440868522232517
-0.6168002244764186
-0.49969876569972943
-0.3833853730609713
-0.26380283074005306
-0.13841129524703838
-0.01567375818781224
0.09535811997501695
0.25221104631608543
0.3550813544048469
0.4846380354963904
0.5524811712866854
0.658352540489063
0.6619898557916969
0.527006894101069
0.44907946867818327
0.2957169663523108
0.20014730377535273
0.09173994756919626
-0.02409473988767401
-0.18275921552855678
-0.303798718562009
-0.39030629267009603
-0.540741397827359
-0.6832861840443439
-0.7777161195311221
-0.5960182642177894
-0.4808825833054554
-0.3498193153479965
-0.2488907246659718
-0.16201925720823931
-0.00044788647500502987
0.12798029887828183
0.2375452452484985
0.3387745040965318
