-0.004279029386280476
0.017613017766750692
-0.03544668673683615
-0.026234311932995826
-0.0006630719000919041
-0.02366835669848719
-0.011496997709332218
0.005232566007856638
0.002133510059143983
-0.04355427940042237
-0.029567296995987955
-0.009028840771264167
0.02373498717877682
-0.011808347593036648
0.013053081813043845
-0.016085736071200646
-0.0011920498897719702
-0.005239745653568257
-0.0019137263375046207
-0.018107540138485152
-0.03213025753044983
0.02016030446691192
-0.004783639473626776
-0.025547948471831283
-0.018208528759594736
0.02501616414717832
-0.0753185364173287
-0.01286147439337861
-0.009886264418514932
-0.0009536897139999709
-0.00618030495307592
0.006226017362406499
-0.02893450989718785
-0.008406295930775217
-0.013242278170890368
-0.013934257393210884
-0.005391512928024459
-0.007725530526923977
0.018841118059103008
0.02579616589209043
-0.003315428594077895
0.0012989244685001108
-0.01333554018470562
-0.009533258863978803
-0.022507929552533532
0.05198056476913082
-0.02046086865940238
-0.038563581714735395
0.008384906321523045
0.020135289715363863
0.03649734996031352
0.003314496460029229
0.01803674315315167
-0.011679771498149883
0.01452329673669206
0.014144554097839188
0.02847866656872885
0.039907266038820784
-0.0047694709603287345
0.0009294371263772038
-0.005236574510969762
0.003102060467009891
0.024686365845169665
0.0038527449242824275
0.005870152084139162
0.012246594900570618
0.018026584734552577
0.01082177355193733
-0.005177460119748574
0.01073807451986932
-0.002448162483649227
0.0007975006290612315
0.02028757941648095
0.016036512110269775
-0.0022478010566913172
0.008309283917687059
7.948278136879136e-05
0.04661684325733149
0.06018623223977265
-0.02833557459896527
0.0019617716783983195
0.008289354624484092
-0.026206902516952506
-0.02548546177382746
0.011941277413744407
0.01775110594525742
-0.002891566355773466
-0.015038462584654499
-0.024389070564947525
-0.015884160570701446
-0.03097831783163814
0.01834207734324329
-0.021522093168109366
0.020348512155143605
-0.0010285525875616966
-0.01746214468256976
-0.018503063652916412
-0.014751387956949333
0.02388161438092915
0.006761311565807037
-0.05090502245547183
0.0026344453101537005
-0.012062326146543113
-0.005014358893375923
0.028834655606183507
-0.016808612522933065
-0.009542639933645148
-0.0004822437435814831
-0.02974533147597335
0.008391289241124736
0.013233255263660412
0.011426542523774967
-0.009420074840336048
-0.020828133157238343
0.016225453020216107
-0.024978199878065398
-0.03336260914103444
0.0007205228609837473
0.008133736067630095
-0.0011134178153159296
-0.02213815320407724
0.0012012556467766097
-0.007636837469604478
-0.006926629988618021
-0.00475480381602335
-0.004074107216803246
-0.03916205700184213
-0.028286263078160543
0.012775100678243084
-0.04758065089091289
0.01507102464221489
-0.02483790573143196
0.0479990129957739
0.003805651452742225
0.012122329084308058
0.011929970258706433
-0.03220456764168909
-0.016514337955982193
-0.012680857286688052
-0.020119530444337553
0.027426140993527172
0.009261096372532657
0.0012040810676112548
-0.006650336048333126
-0.006186006341844821
-0.017027967231048925
0.008449955103838426
0.07162119762063539
-0.014735854376741245
-0.0255131726378852
0.010547248743395517
-0.007992446126321424
-0.029563329665554153
0.0035069060689335747
-0.0013198443982126214
0.026610248371698737
-0.010341679153289278
-0.012856399474463714
-0.0032801910764187637
0.046420087637285674
-0.004313263527190766
0.0014828873778832425
-0.0009099231182262812
0.0024237004338981422
0.025206487865873355
-0.0043299371632399
-0.01306209143933162
-0.0033443641706149656
0.012788092156949477
0.017102495830852937
0.006880970586463208
0.0432755237192979
-0.03795251276281751
0.027258067580848942
0.03409931571200993
0.02236781028432446
0.01314936644294858
0.016832831327441847
-0.013146514208538306
0.0033735196959753886
-0.003427347463877937
0.009162607647899333
0.0601121755037963
0.0049142887491359435
-0.007302480635645549
-0.005722349416967121
-0.029746745190839613
0.015128050207321345
-0.05176750961210368
0.014070146882553463
-0.013125942680597823
0.020636182291391088
0.015014389478643617
-0.006725599887047699
-0.00029461423054033564
-0.010752329211987082
-0.012851339286837876
-0.022397654677524814
-0.004356395283577825
-0.003751450643115982
0.02365029196199247
-0.005242519846336163
-0.0061340847132450626
-0.018364447485870506
0.017529036966855125
-0.05431751821067046
0.03506981725181277
0.019407819929493274
-0.03739031454886828
0.010182372707066024
-0.004045363275485289
-0.04514290513289067
-0.037292487618766273
-0.02474006092896304
0.00048158466120358165
0.03337681202318114
0.020838688638955362
0.02651633897044081
-0.004652994526183073
-0.021177443497016356
-0.05603420235754353
-0.018851127541669416
-0.02228145258762297
0.01640157291887536
0.0078091660285298965
0.0031079728459775715
0.0075612762445955856
-0.01317991880091432
-0.03114045219340564
-0.0017802481828523599
0.007026554725552709
-0.010166724795065828
-0.019973776064428427
-0.04787979820985484
-7.767214143904015e-05
-0.03817932986110152
0.039006517046977364
-0.05905429768752695
-0.012131569251665274
-0.009006632869425091
-0.027304527185352388
-0.007541189202699946
0.00853950040709424
0.009099363900870272
-0.00034350559399136654
-0.00853232485853038
-0.0029814833728517183
0.008965902472187075
0.03772879627156553
-0.022271285283313007
0.008469428709847711
0.00959257613453995
0.009704120331066176
0.03752440870450493
0.02790766293105996
0.026153630321580176
