-0.5756289815789106
-0.5594038150719489
-0.5958396007858303
-0.5881101430505387
-0.670768971759003
-0.6687618905082959
-0.6608147707211856
-0.7137685415178658
-0.785053737424818
-0.7503325373600929
-0.8067165936286244
-0.826271143441403
-0.8321919525379967
-0.887428511402223
0.9214674564461803
0.8772995871926437
0.863239414224982
0.8345867822216846
0.7843678857462939
0.7806176205967829
0.7364232147454889
0.7016819595668113
0.674111009755211
0.6552527134312084
0.5955846508064538
0.6152212706274357
0.5473725828358376
0.558608879637645
0.5337603237876462
0.45746200729585706
0.45768433686548265
0.42526504002282833
0.4358313421668791
0.3994774390345821
0.37650456673631083
0.34746468747413356
0.289278153274868
0.25822316820218205
0.25528417459907826
0.22220445979844403
0.20407808674429656
0.2019679173552264
0.1735336150984977
0.1492670537918341
0.09667730502873292
0.04612432811739797
0.024786591589314413
0.045597092531645206
-0.0405872077858376
-0.054853884768646874
-0.09012674713870161
-0.1169047791998618
-0.1292131688886947
-0.14514633379045588
-0.15629397053065416
-0.21878338227209748
-0.21204759122855438
-0.3156888241529632
-0.3219417453981212
-0.323243894264854
-0.3276713145397931
-0.3984661135776814
-0.3768761829138254
-0.4238094341974493
-0.45948619026929244
-0.45655315926147405
-0.4918330131803949
-0.5431542593400529
-0.6040348373858135
-0.5916658087687706
-0.6085648960092892
-0.6585251219291692
-0.6700786690905103
-0.6990212267275026
-0.6809136010314245
-0.7351692665974057
-0.7728294901715862
-0.7951233500930607
-0.8012455518000201
-0.8408347925028099
-0.8750951951738172
0.9170076028788489
0.8613081120467178
0.8591797776071608
0.8178873759248282
0.8017558871592915
0.7872581536595926
0.7565976749989255
0.7069503156479922
0.7052946857280776
0.6261508026870479
0.6166032520738476
0.5634955598136228
0.613381520402054
0.5258976565799187
0.5520437107801575
0.5042871431302379
0.49133550070952725
0.4452857439583154
0.4103056418561681
0.3491789299496328
0.383513999690586
0.317023092094491
0.28008021193422766
0.31623209632227084
0.26287626978571565
0.2434069263146404
0.17915424950158082
0.1920592127225458
0.13115118170910087
0.14164720851468368
0.11290466522741445
0.051782033849545585
0.03486629741300779
-0.02202988689991071
-0.03870864044912053
-0.05193534819882716
-0.04402363511758853
-0.09433514853511935
-0.14449253807197768
-0.13484342778667646
-0.18424408094713615
-0.21839819679190492
-0.19504825710949547
-0.2429580575609231
-0.3007283526635432
-0.3055204429732622
-0.36272970532958404
-0.33126232493383667
-0.4030255701910861
-0.47584624032326184
-0.4209057654563521
-0.4995972060034185
-0.4847082866274301
-0.5475780949699474
-0.5709571415752224
-0.5670044741185528
-0.6139645896939191
-0.6550435126283014
-0.6824775089003813
-0.6692495778148762
-0.7628929232036925
-0.7268893823530119
-0.8123092369743711
-0.8096666632751185
-0.8325534286270563
-0.8516182782633946
-0.8653663521619659
0.9068572958321124
0.8527492068426176
0.8399177138286055
0.814886401809987
0.7688556454429929
0.7753709077033213
0.7468150245391729
0.6894890304786222
0.6896255650605326
0.6245406545423675
0.618280413560407
0.6413754278881812
0.5735777399436929
0.5582394247638555
0.49137520080962965
0.4929343752706513
0.4625953248507884
0.42634824978953745
0.441966157920034
0.40506851786018483
0.3389529666941855
0.3500886359728446
0.3147528736091825
0.2969779741516825
0.27703050050299394
0.21391931035495507
0.18580978441128818
0.18654134255475266
0.1457713481656703
0.08965317454935098
0.08670747674676281
0.046240056376184155
0.048096599051621364
0.01722875360817604
-0.03337697203702437
-0.025398797627638418
-0.06334980215484018
-0.12192720386626052
-0.1590752404474561
-0.1583368577176785
-0.15118890905848775
-0.20970910448859983
-0.2275440966061637
-0.27046192780794553
-0.27886409999258754
-0.33528852627745165
-0.3510486630347727
-0.39847018692603664
-0.42278577012404367
-0.4376332608267015
-0.41644095151509586
-0.4623558504955537
-0.5114891121399896
-0.5680661653944121
-0.544680760851254
-0.6216563028983535
-0.6372725440499846
-0.6644229928639158
-0.7325491658199037
-0.7125228500313483
-0.7383817972437393
-0.7317659017200472
-0.8262951225404389
-0.8120477208463837
-0.83481199927461
-0.8529663294991593
-0.8686279820452788
0.9172215491383234
0.892791686781888
0.8516808445206356
0.8032202229298301
0.8044406602402216
0.7636844872433859
0.7066651713093663
0.7221934180488095
0.7007633019196422
0.651200321402739
0.6267086506398928
0.5832898282379999
0.5637206410281024
0.5506254854983008
0.540250232562802
0.5005854271809899
0.4570206439397543
0.4562582501922095
0.3784163536180847
0.3839073733536761
0.360930690063394
0.3328661561237314
0.28877027757223905
0.30542011503980676
0.23440177270905915
0.19218480246058306
0.15347982882806524
0.17822518046437288
0.11895040403137128
0.12557007917282983
0.08275179533396121
0.03040973911875123
0.01824020803476332
-0.015467752334722064
-0.04236325511771596
-0.07942410152999875
-0.10883151697646797
-0.10861332621940267
-0.15196375268426893
-0.18112769719515237
-0.19256102109132361
