0.01760688667814962
0.004990021307059797
0.009153719356445156
-0.005108140756647794
0.021455843253864897
-0.014713997672718242
-0.05006979893622943
-0.025145541066980106
-0.015300645859781963
-0.04174481800692275
-0.030434228815948428
0.003480278944030954
-0.029342439147676494
0.005424512496158891
-0.01849850772682252
-0.012995419585846948
-0.005955136568814199
-0.02860034740228797
-0.03467954385095255
-0.004643539279811168
-0.03136133047674576
-0.015262889441107883
0.013248089724200125
0.023193894852905305
0.03220119116039579
0.03428446153776572
0.017065503233969388
0.0037226575280974988
0.0350264252004481
0.013227027916601273
0.040151904052818335
0.035566026731125244
0.05905722286699276
0.015443197161226444
-0.016403022426388046
-0.020736986151366134
0.04312203421328065
0.033153469660572296
-0.002765416637816976
-0.04626457149623711
-0.011373158722756882
0.002437083987711919
-0.03331468899300135
-0.06236258417518054
-0.011581946372531099
-0.0643200933717547
-0.004476503276471923
-0.05127430923278786
-0.04665284909746009
-0.01307590214320296
-0.023203714572990364
-0.06752577704034775
0.012369006332888455
-0.02311629418481636
-0.04331356227437591
-0.02247246632099796
0.009673568919138651
-0.003906344857556771
-0.010485350127109994
0.00669159443227643
0.03704502373551423
0.02272821390797958
0.045554540145919545
-0.0029608366933470583
0.0007855176404390624
0.04101034302124097
0.03250365110992503
-0.013158664374359166
0.03723424911150681
0.037858520256156374
-0.006679950398245562
0.014561334337675369
0.06354107545038828
-0.014610092146342357
-0.042924337882905755
-0.013216091782159956
-0.01561961558069598
-0.009497084679074416
-0.051281651752431406
-0.020362211396211586
-0.02056444601603269
-0.0212391407181416
-0.03352011864067993
-0.048917062125004566
-0.032873939271982684
-0.03511271819047683
-0.01853982743386925
-0.006422913178699556
-0.04662455494682866
-6.781926686933587e-05
0.05172240216689977
0.02559460747543103
0.0036502751926079605
0.01049185067066669
0.015589079743970611
0.0005406508275675841
0.027782601060573807
0.06562391753571514
0.020575865093720485
0.02279255811512214
0.044192727828866865
0.013591325493050513
-0.0280217582390596
0.021255816001982
0.04157078578622372
0.03935215921800507
-0.006411698746066192
-0.024986477914333213
-0.03300375282935786
0.007881284465394201
-0.02945031892455115
0.013162576564903671
-0.025770038034775997
-0.01777037281178402
-0.02370813058136156
0.0174640904027384
-0.036623132450475826
0.02441830457116636
-0.012695579451557006
0.004577158511867508
-0.03216759611315125
-0.032952023507255464
-0.010341115191356373
0.03128369356764394
0.019826947928143768
0.04173424812725063
0.02258557281015547
0.011808111479928243
0.01498625129924649
0.05398619660450111
0.020009162615243693
0.01803653127993722
-0.016969886720473823
0.017222699250131146
0.008637718978709264
0.008882193786209478
-0.011958406106844805
0.02697038419352497
0.002252427081593046
0.010897299692582383
-0.002148776891219374
-0.017317047384144548
-0.022600828178484623
-0.009174327614929954
-0.007743876816324283
-0.032768841578617605
-0.01983769037725088
-0.006969664456622058
-0.0025110132066088753
-0.02864119599212904
0.0007823651401563658
-0.006264669334881765
-0.012843743665672959
-0.001096378415679982
-0.008562737871948485
-0.0261529749828629
0.04873605229284713
0.03945650591088182
0.01416726854151145
0.004488245486963596
0.017136199460454075
0.0013383992310447464
0.050858570416201954
0.042701826924597536
-0.020807166099741932
0.023748440042435405
0.033856411861738045
0.033535613589752114
0.01629838048486442
0.03288571228781693
0.0007209698876044363
0.0309095925878482
-0.012719955497049785
-0.03305293825059366
-0.047952523566731284
-0.024587300342386494
-0.04613922645956819
-0.0032963669805207256
-0.0023332466784512073
-0.004039108415888141
-0.048987703218347764
-0.0395131167505683
-0.033483247286015
-0.012445924149427225
0.01696484828109278
0.007893738874725588
0.04042191761458639
-0.04259255962584649
-0.019522345984104277
-0.005363872672173968
-0.00324044950960016
0.02079675278534273
0.033845290058667425
0.006779410044009965
-0.0037933269146553546
0.025544293818279912
0.007811069296877469
0.0348270945853305
0.01453510223457314
-0.024306122284943513
0.021235883060348446
0.02119452578348044
0.032518881230518486
-0.0011201743560754172
-0.013185449149422084
-0.004911660295720616
0.019974266075896786
-0.004260714980116093
-0.046732522823228054
-0.025636879062153305
-0.013956457187629012
0.007552591283874827
0.0029380461159854744
-0.035880359504018106
-0.03350129201801706
-0.04890305830774279
-0.03553014610742457
-0.022373784700080775
0.02869899207253273
-0.05893484706750666
-0.035674446080298086
-0.04698687471259745
-0.04608964310016317
-0.0002868215965785015
-0.00411408968759509
0.04116640879575674
0.0045003051483878745
0.025443738749752032
0.0034808742150573557
0.010283039420333893
0.025511955976486637
0.012470262495654427
0.025563260990542538
0.004242797820901827
0.03449277437352728
-0.005608145623936446
-0.004703642441612796
0.004448668682454528
0.004144654701594266
0.00026835949743122395
0.010920959537957669
-0.044012495985397304
-0.008104199490711185
-0.011606291741983426
-0.003632195140234537
-0.019309201288841442
-0.002705181560446539
-0.027044426533843022
-0.0045484640093625475
-0.01628561798555633
-0.039877490094635204
0.004920178218225064
-0.01435933933159749
0.006656146720440143
-0.03334011299758438
-0.002666997643661741
