0.09680783718380843
0.04759691404639177
0.06559538984533742
0.03308689022947009
0.02593927301905198
0.035268957156477196
0.003812751991796649
-0.014564277091736633
0.008439255801908544
-0.005326314122969902
-0.01635666573156437
-0.04475761696857253
-0.07426824640885174
-0.04381277872743233
-0.08269425784430137
-0.11252480229074535
-0.10830036033801119
-0.1050410708325629
-0.0945695231575115
-0.09248608219313992
-0.12101243971282578
-0.12853676981236312
-0.13646352224321684
-0.14737579204342013
0.15284995330940354
0.14966727088810544
0.14200935824818342
0.09029854723708244
0.1076525156500464
0.10097102055090014
0.08843155329915084
0.10822335031035357
0.09554879768810941
0.05822276279779504
0.053589386461018386
0.02946987120276054
0.04369910332333157
0.015608920477864125
0.012468222403677596
0.050781783477156194
-0.00851104549070733
-0.010855993273715385
-0.023214483647536432
-0.022925738448386346
-0.02391796370469082
-0.03376624847077851
-0.0363093349054481
-0.08329397708238695
-0.06359155095055832
-0.09862795367899226
-0.10348771931153447
-0.11922199214486082
-0.1265001662142288
-0.12331039322014299
-0.14957724547500942
-0.14800586211418032
-0.16571189996957852
-0.1847129174046236
0.140123203863843
0.14300324454275984
0.12307310582431252
0.10510230596572767
0.12109560860026448
0.12657045170869263
0.1076950032981578
0.09042739262607122
0.08491852047744482
0.045947416497919696
0.0527464774259053
0.04115722175897428
0.06913048473196934
-0.004697045906564005
0.03427537128598848
0.05049374255619151
-0.004287046312874726
-0.022703323267580323
0.015601844451159929
-0.06615195021669083
-0.030464032497340476
-0.057713928822610325
-0.07588742709730438
-0.07889949308103314
-0.09705760669304181
-0.10632088685947737
-0.06117552288889468
-0.08847591152197762
-0.11696252835050483
-0.11362195612139338
-0.1312400126386225
-0.14724478656420073
-0.1481717742141772
0.18862149053171218
0.13845672219961913
0.11333449091600711
0.18171185411195812
0.13687066776438175
0.08904739239018741
0.10741057235834064
0.11192935634421924
0.07849322395296014
0.031492782145992625
0.05483138382900837
0.049890672892164006
0.04450332101799822
0.049389338074962104
0.008892113217034106
0.004180394904731707
-0.007875277817374874
-0.010931703278483243
0.000497345220840828
-0.04392471888372253
-0.01483349412226909
-0.05299388362219532
-0.06003712238802571
-0.021559151839695742
-0.10335988547284401
-0.0697768636307306
-0.09262140301918918
-0.10671702055283139
-0.11660341425285684
-0.11657807489839461
-0.1132970193395794
-0.13864247316551656
-0.1841234242012936
-0.1486053904599414
0.13965499602422377
0.14054209458918882
0.1451916723877627
0.15076870276375226
0.12602109040246656
0.09342313196609518
0.08545117536875556
0.08895300138441346
0.10042858623692802
0.040126243093831226
0.04958440207204727
0.045206748105754806
0.008621746022191061
-0.007854802573760453
0.016969095560032104
0.021462668395972405
-0.029984522048384324
-0.007836366999169155
-0.022810131738177856
-0.04213141371198664
-0.06793963977693432
-0.06011944725297158
-0.02162370202867392
-0.06440820635801747
-0.09639037223646423
-0.07270198091522877
-0.13123530437085712
-0.09715238406149224
-0.13126832917119013
-0.09985950195039367
-0.1372576577039755
-0.1332860275419804
-0.16641409227540865
0.13430008615461103
0.13910688435574353
0.14335591726795324
0.09380259747393219
0.12713149455662817
0.09840849691225009
0.06954217694130463
0.0818953524376004
0.07540923979709396
0.09989213449337732
0.07240946717665632
0.07140952832523027
0.04554077688851079
0.031540446366662395
0.008720802964148924
-0.0012172231937359404
0.011121279713928171
-0.0023722963671942094
-0.028897954225557413
-0.059564366228107526
-0.023143736253991517
-0.07165833507249383
-0.07663178457354286
-0.05700843278905452
-0.10718490346069129
-0.034078956727475226
-0.09421277851646218
-0.1386521689313974
-0.10808015267875523
-0.15078561714535166
-0.11609165851797452
-0.16553657197239596
-0.155003179437167
0.14920919264388385
0.17569189299191917
0.16894524258949167
0.11081358213265052
0.13021104132360273
0.08748252340743297
0.10233227613665322
0.08104552475323254
0.08329510746607627
0.07296900952163542
0.05226751756221232
0.09015750908999204
0.07213504221186938
0.014882919808675843
0.033047328760583604
0.023666011413578013
-0.021291348171831793
-0.023067350219988243
0.008999535820160292
-0.0279023661744026
-0.018850544861030057
-0.03715378326139218
-0.061379678738226556
-0.03776445960984512
-0.06555944718146664
-0.09730767294411304
-0.08817837914764534
-0.05911196714333695
-0.13137547359378887
-0.15998372231931887
-0.11098291609411426
-0.1227666048495426
-0.11087654450427428
-0.14321801213454008
0.15346236808956926
0.1558509028798791
0.1552489437510774
0.11605745049213209
0.13667887404280624
0.10336099070328487
0.1339658350223558
0.06445343208257884
0.09167278290905108
0.05839838223016447
0.062103066470850295
0.03332106612629901
0.0638443905255289
0.031804410108997226
0.017733242341342468
0.00896449718622681
0.02495385681198588
-0.00011992704495397341
-0.03765225408081726
-0.044057838120775066
-0.02331211242372431
-0.054925438739265794
-0.06090788157301977
-0.10332337034602956
-0.057871331844528834
-0.12612102122031876
-0.1279426443272762
-0.1171907485930017
-0.11367394088976703
-0.07048528729653306
-0.12763181791559092
