-0.18794743766300004
-0.14756970815636694
-0.17953124747106464
-0.09040073472739328
-0.09180058577873192
-0.03946336762255761
-0.04793681127392041
-0.03315489861265864
-0.029764242698574736
-0.04445885289341728
-0.016629600992967473
-0.0006918411305460968
0.039809467419179685
0.03705178942630027
0.06057094559318777
0.05904297656694836
0.09244182329591617
0.09036125432857647
0.12471289824824236
0.11976106268251373
0.11314103047676582
0.20965793261486054
0.16208666832063628
0.18735695871898342
0.24382528441903137
0.21814020497879846
0.20968201088890165
0.24939988665152063
0.26806918565472115
0.2575303026855493
0.30774933275580546
0.3028843485113176
0.2803610029757001
0.3503299358815098
0.37891178915748647
0.3999552189069099
0.37693504837786646
0.4168886459390174
0.38785825591422557
0.46460539369236487
0.4428308519957479
0.47766387711135067
0.514868691382359
0.484767930879922
0.5561556443765017
0.5856841795807198
0.5575906639373912
0.5578947335210798
0.6037472819551297
0.6258889794186603
0.6237338813265939
0.6245396406868253
0.6593612483264074
0.6552613736375731
0.6841351384427589
0.7163506452300066
0.6813519555081141
0.7305778778102527
0.7341283906582573
0.7894309556505021
0.7446868743891225
-0.7316391277568806
-0.7549841342126024
-0.7380153988766942
-0.7364577618239373
-0.7146552613657723
-0.6865075485436272
-0.6627115769188828
-0.6640234014340306
-0.6728289175658431
-0.6095138338644367
-0.6128524349354693
-0.5819236908154901
-0.5505282505602177
-0.5811505359409046
-0.5707434432319075
-0.5595651070611657
-0.5030914800206625
-0.5041333735168957
-0.49143152816656194
-0.49682403030022865
-0.43382511929837586
-0.45354587720416817
-0.40532477637484815
-0.4380225042800566
-0.3767539046990839
-0.38689702874317417
-0.37587357949798367
-0.3545674303335622
-0.30408032122717843
-0.34434928548440213
-0.26717324927362995
-0.2600614075172396
-0.29144706868746467
-0.2536692739021872
-0.25111767045415045
-0.1908331751659041
-0.20472925265316202
-0.16050053470688816
-0.19421300525233412
-0.17116562225159465
-0.11906748411583165
-0.12455032683420916
-0.11498259630385489
-0.13715887243885344
-0.09311839523380813
-0.10925644134417165
-0.05090318955698763
-0.06253467055420195
-0.026121824289182433
-0.006471361733293568
-0.004366709275236259
0.005745113470362455
0.03758543301146183
0.03598507414399649
0.06405011606193516
0.08585222199246982
0.08915945205698216
0.10509318436372878
0.12746931393045896
0.1361983892301536
0.16378294273509847
0.17348228321120943
0.2109627790453824
0.2149346694019121
0.21289586841342378
0.20992066193625344
0.2625268312382287
0.28296976656018513
0.28948706315291906
0.3088414988213515
0.30667185054476237
0.32558889736800495
0.37048710249992656
0.3448434290025973
0.39713886450331704
0.43060377691344764
0.45785682134245975
0.43527709114674856
0.44148895845763214
0.46928952028334087
0.49998947285752054
0.47656636368360294
0.5328570256135396
0.529017657032193
0.5350655485670526
0.5130088071822645
0.5886987924366377
0.5795263843560998
0.586782348921841
0.575823227531818
0.6104106183429421
0.655780908388542
0.644380940995854
0.657578792252939
0.6879429485500869
0.713168364967746
0.7264572745591107
0.7311395939741302
0.7131169326986185
0.7572000341629122
-0.7770431770315354
-0.7598813703724105
-0.7556689487987714
-0.7371022002572845
-0.7539461658405033
-0.6880394805673046
-0.7131065227750353
-0.6325626681571201
-0.6461573128997936
-0.6539282840100958
-0.624092128762918
-0.6121868122655607
-0.588762484440541
-0.5532249553452558
-0.5384384548998907
-0.5407624463020668
-0.5212289953226656
-0.519329893216183
-0.5081981310837281
-0.47314448125686953
-0.4391646530600902
-0.45461362940074757
-0.3984507980838859
-0.41801355375132687
-0.38530015841693976
-0.3571695921200742
-0.3886197702117681
-0.344334323665484
-0.3425610848588659
-0.3135504295525754
-0.32244151222137657
-0.2960507144885997
-0.2900492348155315
-0.25011833686514967
-0.2344748639008518
-0.2244624114535513
-0.22829050629875702
-0.16981194284988682
-0.20289840457571084
-0.1425124609284459
-0.1264468762053369
-0.1412542150699956
-0.11333735508569831
-0.12562805186938883
-0.10556856626373932
-0.06594951131191863
-0.009920459995024833
-0.04161955660795581
0.010302025145059675
-0.01818841729124899
0.05803619091002458
0.026070066554596025
0.024457936159946875
0.08355139785003089
0.06631497564140393
0.07257326445705788
0.10570374630812862
0.13818292157885892
0.1406179707421234
0.13675164905133746
0.16005518081881961
0.15356886334455377
0.2035409851743899
0.19463131124595562
0.2194368950381499
0.248599631717733
0.25556544601624687
0.2526139811837298
0.25339700346654837
0.26721566667502433
0.3194725414900237
0.3432872158412481
0.3053700793282024
0.35091842598287437
0.4028171696773976
0.39092863817720264
0.41469192214219996
0.42769549159485937
0.4115423412659098
0.4715283229223099
0.4608820847800699
0.48289558950205386
0.4727497253143651
0.5285752569332155
0.5562187592803386
0.560187966113753
0.5298186286237089
0.570833284985467
0.6143040362375012
0.6224023023992998
0.6020974328083235
0.6189870482140152
0.6779814831424454
0.6812163122358407
0.6542926037159997
