-0.0846497560882242
0.005681064285025975
0.006644612199912706
-0.0636208897607043
-0.028881502927721653
-0.06749117202645691
-0.028017703974285924
-0.07353670648801634
-0.03646496817820335
-0.024046133564693047
-0.022390423384984558
-0.02051583624498221
-0.040016795703418956
-0.022762316286597445
-0.04653354421500334
-0.038995137727562156
0.030818089596831657
0.04906935370166199
0.06519689558013919
0.029484546863329346
0.053446555629961645
0.030058691628714034
0.03140752958068173
0.04129208601682341
0.0080815323416304
-0.007749428869541268
0.0641181678837659
0.01705128528484997
0.03774142088947362
0.0343920651401081
0.03810529687023256
0.05300215528933956
0.004890138885259354
-0.02359974748731996
-0.06611298215137978
-0.00923697967507536
-0.04426885685745095
-0.04051414094536848
-0.026210656080714448
0.003325372909904298
-0.025568610047621693
-0.028380503544251715
-0.030038313751944344
-0.030160794243235076
-0.031110601137652315
-0.025544185897630203
-0.021202699391640316
-0.015019300191940543
-0.011598548897519295
0.011438905449152461
0.06061642742503916
-0.006413860046098688
0.03511593821107821
0.03520194020540854
0.030696590640580567
0.05946957345700227
0.006656559788662194
0.0514095503283106
0.06290563558097195
0.02245886234459519
0.023996620188042488
0.008625708315901655
0.04359124321641665
0.03756392053738951
0.029225950812369353
0.031792585367810246
-0.05638345211069621
0.01393792269246031
-0.04834718618319558
-0.038280210844206256
-0.039472702314365136
-0.02542671469424783
-0.02413965005284646
-0.026911031963072485
-0.05263234577338695
-0.01892786375653592
-0.05042829987590552
-0.0072812035968017295
-0.06193339636333793
-0.022563226279384258
-0.039683813195856905
-0.011254195623137491
-0.06631406457604118
0.030775883696376648
0.012531905881141066
0.041960553961600824
0.017426472697098808
0.03919351825793552
0.06794151245329974
0.018864000788392198
0.040214187027346866
0.07239013738339056
0.04216695620908531
0.0007132844967012303
0.04773752070195402
0.015898080980896484
-0.013862245511305042
0.018095916712168612
0.030336823019314993
-0.03800509755685027
-0.01064864046268444
-0.06507173848883374
-0.019123690253713674
-0.053931705421108825
0.00507377318031476
-0.03902109959286372
-0.046974376722645934
-0.009329749371368188
-0.04793927130986003
-0.0661702028753221
-0.049597717875939584
-0.0134347571651929
-0.046685707134749295
-0.04162511973645276
-0.04961475894638713
-0.03051778716658391
0.08355575844497057
0.021645159482655225
0.02037291381641074
0.04546169343844568
0.06617379578308433
0.010905386481242871
0.031578728432692584
0.03511687753816614
0.024658944565903874
0.050157885327660634
0.03763641136545003
0.05793263472132383
0.007483051609594678
0.0045922834673327445
-0.01706260112967454
0.04137067286875836
0.044768761306704846
-0.03306249944527916
-0.03123205012836712
-0.06713835792753425
-0.033715274551949906
-0.02602096967845461
-0.05637453325111195
0.002375682266066846
-0.03559013279876543
-0.013708150437079139
-0.012377391102739142
-0.026201275939897517
-0.0454661347384102
-0.07888585540317083
-0.03292586689420986
-0.08771121819038773
0.02332228112512196
-0.019229039410845347
0.040950516904982595
0.05241988750015554
0.02776148260600118
0.06373735261282899
-0.004401621880312213
0.07236614002366362
0.008597495290992737
-0.009958518082332127
0.05165137394585986
0.012500851552629394
0.014964488383371333
0.019950086441992608
0.023779508012282312
0.03139848760280296
0.02766541494769869
0.05754884189738045
-0.05172158441256949
-0.026208857384132426
-0.00845200029384768
-0.07810183937347309
-0.008904566811442461
-0.049720453718587666
-0.04932537677991487
-0.0533187541240943
-0.04804505456180509
-0.004309205512612036
-0.02985856075723081
-0.03385267817179154
-0.07424448069211181
-0.02252076332145074
-0.07271576330936658
-0.04501582267728039
-0.029646419354200208
0.045142976950081806
0.04740059219611954
0.042290540125546325
0.02805006177580625
0.04372681913587909
0.04166892714845082
0.023608169659715527
0.061424820991780885
0.015956802045874914
0.07104376102292717
0.024463201478664397
0.0015995047057348957
0.018607220247319287
0.009136006999414418
-0.0025198506822275354
0.013914519983725102
0.01969972260682639
-0.007004395818035521
-0.01818553439656499
-0.032727047667202455
-0.05285495709960353
-0.013206178579732157
-0.01072425841242661
-0.04266434721877076
-0.028408871520513575
-0.029429218154601644
-0.05342858597057483
-0.034687013193728515
-0.007099479657409567
-0.03816212358722944
-0.02211342196490035
-0.01061518499699694
-0.038969105257553566
0.03845818879338129
-0.006198222653723592
0.015454398819728876
0.02786955311534878
0.019358090905639627
0.04711980750576974
0.02666655437429448
0.005491566704214752
0.03124347135899842
0.04559753262672575
0.032671968405684856
-0.0029736033529866868
0.05998274595782309
0.06030335967502335
0.026249421162651505
0.02259780269448359
0.04668840047413671
-0.039161347335883105
-0.01594653424819128
-0.030170716178722155
-0.02363709446102799
-0.012546146537648899
-0.02680012309401247
-0.04520903822181639
-0.08229413877818087
-0.006418513474845733
-0.03406917209964899
-0.014302264433460148
-0.026297492849545686
-0.032440219510162537
-0.06219489797327962
-0.04228231395182141
-0.050929003415501675
-0.01839448287483806
0.047357851680351296
0.036725458755497375
0.04216044258343458
0.04691922494657551
0.05397793701997056
0.05623810777622127
