-0.08887933475264313
-0.0681509628961437
0.007721926573559452
0.03846004571828343
0.07491083575588728
0.17675708389936184
0.18435073515108286
0.19415859429249518
0.2628056794967154
0.38392204980367955
0.3974462298700057
0.4516089339444313
0.49965268878717783
0.5549234531091339
0.5778030043010959
0.6178369317515049
0.6695693085815809
0.7198055052324782
0.7824484378113071
-0.7626506354551084
-0.7724973476137681
-0.6557411422288635
-0.5883217917393521
-0.5500272017762184
-0.5587881115889364
-0.4628138817380966
-0.4179749878457021
-0.3717590981170358
-0.32068530240582116
-0.2802103211046388
-0.24501481480339074
-0.1930746500065264
-0.15478602406312203
-0.10525049237264886
-0.06254529015577001
0.018131896913698722
0.06302865749722417
0.04855022693178448
0.12391344767911262
0.2047468808849758
0.24324388290094567
0.29105520942393165
0.31410703287788605
0.3606820530178114
0.40228048861347715
0.44113919315468036
0.5247413474435345
0.5573018518588988
0.6244580801772861
0.6196329615396893
0.6827788571308859
0.7570672375631153
-0.7847517013121847
-0.731305158967667
-0.6907522246779354
-0.6543771616677874
-0.5848508529546692
-0.5412584108022066
-0.49894850247492323
-0.46397289320101226
-0.40775181686057177
-0.3215632531646367
-0.2880642762791387
-0.241350817568653
-0.26228860534723564
-0.159197396428859
-0.11799250302865096
-0.06827767407683155
-0.035994747624442186
0.0033071447688110024
0.02406464560454056
0.10425350810662383
0.16911856013197052
0.19020689695168772
0.279247841847221
0.3247912691883552
0.37891815552245445
0.3845175594751475
0.40476761729752553
0.4664075670453247
0.5270908302464594
0.5407616401568227
0.6263751562406569
0.6665655296031671
0.753091563056546
0.7378881959569755
-0.7592188026264978
-0.6686489685348915
-0.6697414395766077
-0.64344272564878
-0.5442030391121827
-0.5128782419922485
-0.4656673143129936
-0.4132094809151993
-0.39314860213986486
-0.31186179333392067
-0.2973667267685661
-0.2296738549695729
-0.17512980783691787
-0.1289269249720506
-0.10001520797366803
-0.0725933976783283
0.005578205879756788
0.035307036010190154
0.07958167591517111
0.09144092338813073
0.20809850931926685
0.25037325938337557
0.2706494965781342
0.2944767337354352
0.3755915478006419
0.43195054317579584
0.4393591883575368
0.49663284257714907
0.5558524431072037
0.6081213623324934
0.6441867259230251
0.6725611416093841
0.7527969652918448
-0.7608874594883018
-0.713590601811232
-0.6437997705545264
-0.6365018988289481
-0.6005337972532497
-0.496449307053372
-0.4827124792515505
-0.46053683697075876
-0.36536517213916503
-0.350358172856567
-0.28213359061631843
-0.2601979555886609
-0.1908583483119784
-0.17027787919180978
-0.15020726584784305
-0.03642424891374098
-0.010331044544295993
0.031365313059012766
0.053496214789681105
0.1390672749294399
0.18125390969347238
0.24752798928388933
0.2538313607109007
0.3033747448091666
0.35006605417625075
0.37573000440292403
0.3964937631889498
0.4752958152212319
0.5568716504008029
0.5625839826584454
0.6377234541744272
0.6730694025104718
0.7499071396440455
0.7601116386886405
-0.7446052633700176
-0.6888326284925312
-0.6687625087933051
-0.6184351983566357
-0.6011613182850842
-0.512630037127585
-0.4453087101988494
-0.42887514648345465
-0.3419849327394497
-0.32801051741625065
-0.2659125627769861
-0.1988051831058344
-0.1893511461985272
-0.15796389729906102
-0.07220761444518348
-0.027590859250886612
0.019310072232052063
0.03848754479005412
0.11120014550140594
0.12589409068614066
0.19252038861224718
0.21528522254102728
0.2841921405774488
0.32945613945393476
0.36829270461247776
0.4235600624558853
0.4751802752958995
0.5001787095379089
0.5122454587197091
0.5908603651801332
0.6517117328812911
0.6828691593191185
0.7389793146182866
-0.7598775367785797
-0.7204690013827187
-0.6503504695427129
-0.6560892041563962
-0.569401400280056
-0.5448656248708232
-0.4714900829127498
-0.4250781513551354
-0.39774290841592447
-0.3612767725964556
-0.3147525924412943
-0.2586027759159608
-0.21063700151500267
-0.14373291613254244
-0.08330435144291153
-0.11060293077589792
-0.011832073059501609
-0.008306842729871793
0.08663966479737295
0.09762907917881647
0.16243409984208868
0.2138206098873819
0.29305094414758703
0.28097015159869543
0.34941840256531453
0.40188293576144474
0.4300245607327111
0.5021636363151379
0.543198933992986
0.5773805002299502
0.6475344844412382
0.6550985940208165
0.7391165819506623
0.7681367418049222
-0.7424486836795414
-0.6944222501313501
-0.6782848477934241
-0.6036410914352356
-0.5491833632254687
-0.5158906739234234
-0.4694288991379809
-0.405254246050273
-0.38712639740279475
-0.370784054544618
-0.26809616462318797
-0.18275004685871565
-0.16557605420373175
-0.10166148485683377
-0.11837198398220539
-0.03713585453550294
0.0006036287768742413
0.08051621149993053
0.11731592746876252
0.19279565809516375
0.22388067922200336
0.23236416636406163
0.29008668192833215
0.3046119386555997
0.378370387444322
0.40863156140126683
0.4645345060112178
0.4980035252603754
0.5478407832127942
0.5750165475545165
0.6769694700213594
0.670339539447876
0.7749344048168804
-0.7184584885628078
-0.7427195990953428
-0.6569303521515996
