-0.2021183649149048
-0.09980213872978208
0.008073691210344557
0.08642709622195582
0.17779392691954132
0.2624066424886098
0.4014123679296242
0.45843165464465224
0.5099763844230568
0.5459631917015829
0.5639663990805833
0.5572185413228161
0.49093384145181374
0.490698657681612
0.4251344162331509
0.3134741744948306
0.2635809499061176
0.14613750775816464
0.06113764330487161
-0.05289005445071482
-0.14652000325748707
-0.23464163440745545
-0.31099452536873456
-0.3903076258247668
-0.46734311606127654
-0.48404142641359943
-0.5330814681313454
-0.5122769884999189
-0.5317799384554861
-0.4773756914009126
-0.4214568087516734
-0.40498491372829837
-0.32958672502050396
-0.2154136827288182
-0.1256687393950953
0.011372051829242055
0.06255485478921156
0.23063930658857948
0.24597736417590949
0.3589806063231119
0.47025098399012555
0.49499444242270124
0.5387035185054706
0.5349828075017301
0.524384821477307
0.49577985055289386
0.45934213529003953
0.4246438079628499
0.34672203534956325
0.26656720878006684
0.2063523189035529
0.09882853805817034
0.025345755385042322
-0.10009116781906731
-0.22938762296870738
-0.29676098630569087
-0.3407830388182079
-0.47046672728072586
-0.4798500199178205
-0.48338185721126653
-0.5453577732184647
-0.5364934651274657
-0.49086033899857756
-0.5062210094879404
-0.42573898435636137
-0.33942941068624294
-0.2525320844613289
-0.17107212270762595
-0.08535177961109537
0.031771046764923476
0.15378104477492013
0.26085941239189175
0.29635961742760647
0.35193911620624685
0.43898975879176716
0.47296063072379946
0.5395470118776076
0.5412984270532873
0.5587387418687291
0.5045834401314541
0.4569256627734534
0.4348268084465849
0.31405391095275764
0.2292124764387904
0.14797398271369147
0.051176362819366196
-0.07012539787712013
-0.15605867281140026
-0.2263707758574907
-0.3402783663845239
-0.4162085714371434
-0.4504519601512821
-0.5141137084027055
-0.5307523265227686
-0.5347034096310835
-0.5309206803531941
-0.46368700583549516
-0.42950850468719176
-0.36785404869773286
-0.32685379666847386
-0.2186642587556448
-0.07314459124654357
-0.032342747970855554
0.09463206110052588
0.23441466699371213
0.26412779770609024
0.34121289304198965
0.4087705692157973
0.4747968913876557
0.5071535960003717
0.5561314079136308
0.5814969967998502
0.5495630232389056
0.4956217670315066
0.40980106203436784
0.3623315245686295
0.2867481369738658
0.18677878541421447
0.02731842569881965
-0.008001885199549053
-0.13622155287917134
-0.1964652877198004
-0.2823321186922097
-0.38509564236222577
-0.4302899937934591
-0.4952568543852376
-0.508071630353143
-0.5497579164862963
-0.5605386006974125
-0.502574331831752
-0.491824769271934
-0.428515263664699
-0.32795856552528563
-0.2347366783935237
-0.1512283563186228
-0.02030344093837145
0.05230389432029761
0.16325610693327194
0.20794589750518105
0.31722704995640394
0.4059631217676798
0.4637009744973825
0.5071944503996754
0.5267162866541308
0.5549001696972646
0.5491639702905349
0.5295634321198657
0.46726887542095796
0.3895736545843719
0.2675124430970206
0.21456810139951676
0.130202119583464
0.042859581778137895
-0.06828695014226856
-0.18364335372370325
-0.258209480341692
-0.3156538609895928
-0.4524675429495883
-0.4664334023447794
-0.5082230484459207
-0.5337588635070223
-0.5505257466793302
-0.488719315967885
-0.5029441748411517
-0.42592352260711525
-0.348740737165397
-0.2992857043785615
-0.1935632512441184
-0.11709707431652502
-0.003101640766822889
0.11035694730521964
0.24146844835395195
0.277279612239382
0.3710767892362399
0.45595245222809666
0.48552791011326507
0.5300921179518822
0.526484975238429
0.5591490251577657
0.5013141366787831
0.46142727639425096
0.44061147310499615
0.35148879314145265
0.2653991283990962
0.1680002846602643
0.05987455142964471
-0.003354789367619019
-0.10035862256754957
-0.2362718043363482
-0.2976709170338255
-0.40776327028955717
-0.4537609865390598
-0.4966781634700931
-0.5600731701079905
-0.5646467174865196
-0.5276941652664923
-0.5012640754107587
-0.47843969674548553
-0.41622335616039585
-0.3655880430923334
-0.26410060608665215
-0.18116545002404294
-0.07682828454160873
0.07246160133579532
0.17086590933553863
0.2266922859104703
0.32967599435913275
0.38583580180280797
0.4734500056341244
0.5077147968711537
0.521264818660652
0.5592367584519401
0.5326200135163968
0.53117300008458
0.4346349174342213
0.4206413216252321
0.3240116430925092
0.22562059094312736
0.09862343861120086
-0.005629673148157294
-0.06517686731878712
-0.18388101355725406
-0.25436385886115337
-0.353133117917272
-0.40019563906925915
-0.4895685737290359
-0.5267734831495883
-0.5108774535610177
-0.5449709639797207
-0.5092739950754545
-0.49171196287644864
-0.44889780997721807
-0.3718909269308875
-0.29598558452549706
-0.1888820750378656
-0.11132930372350146
0.015849810645874606
0.12025988216914242
0.19138981469634755
0.2902517014516566
0.4018091017723704
0.4688327476905922
0.5013560357954516
0.5273321431533244
0.5185707260451738
0.5261588568246279
0.49608670431814833
0.46090544282372736
0.4149243386322923
0.34207226462332474
0.2755592646826139
0.16171642951010554
0.10360075545717598
-0.03276794075730077
-0.13817825084263835
-0.2472089807197459
