-0.8657158893346654
-0.8709379535346237
-0.8149420797729563
-0.804285504656371
-0.7305068778980545
-0.7247456649255869
-0.6756449291429562
-0.6183234394828582
-0.591128230460185
-0.5490857558531944
-0.5567667410860723
-0.4884730074326057
-0.41961133994571553
-0.3944009408299799
-0.3526035702732595
-0.35499950943182834
-0.31515530826666216
-0.28034843231953377
-0.2514961829089276
-0.16258913620731494
-0.17490286059250382
-0.1398404123968031
-0.10809117198466117
-0.02474902339091055
-0.04777998072692552
0.013204771734813651
0.05040926715141648
0.09626453540919717
0.12411866605143634
0.13395673009325865
0.21282852397180835
0.2317921330793254
0.2630207002052285
0.3003360232616205
0.3047197759680477
0.36356536432087905
0.42199464409790566
0.44961536360436366
0.4590413719035513
0.4838782750176315
0.5287202821240549
0.5859335926680156
0.605542881257646
0.6695294495696131
0.678451758514569
0.7299469606871084
0.7620154717240213
0.8122719474316875
0.8226685264438872
0.8668419662346949
0.8416150838820392
0.8345517703415029
0.8163207472257866
0.7891410436428571
0.7232817106406015
0.7110734101982413
0.7084549520525741
0.6286403720839511
0.6168178202144363
0.5335828323992059
0.495809147734209
0.486485429085213
0.4569601612491249
0.4343420356793513
0.39247467642640277
0.3267901172033733
0.3250087799338573
0.2682104159851504
0.2380822300088982
0.20932502739345415
0.15417585243817844
0.13715240780240961
0.13172266246158218
0.07843404972244461
0.016796214364282296
-0.005204524651399232
-0.03143326065552389
-0.06384849154118385
-0.10452316795987973
-0.1531872816395453
-0.1793748896336733
-0.21866058913270806
-0.2236427698952511
-0.3008592344667362
-0.30489394925049984
-0.3780870616482619
-0.3956859314241891
-0.46552432803015514
-0.48114258990118836
-0.4842876174181402
-0.5729201404495676
-0.5614741815355605
-0.6202035796522739
-0.6504234835053094
-0.6795602214470849
-0.6971536077475956
-0.7354756589316495
-0.8045894286687421
-0.8083578324827803
-0.8475609739757086
-0.8830049159227824
-0.863756048278341
-0.835698731470087
-0.7883122564216852
-0.7236520551818798
-0.7106851221471269
-0.66035882037206
-0.600733763879359
-0.6124597034270075
-0.6105826993899943
-0.544452538714255
-0.4746520875255452
-0.44443773648628326
-0.442203470172283
-0.3921720804208939
-0.33391980716413855
-0.3191160163497381
-0.30199278102764143
-0.24396185266040044
-0.20470826169566284
-0.17728149412779126
-0.11025834555961081
-0.12482863107784622
-0.053924883529176
-0.007383391879818516
0.0013923653612635538
0.03700233990354431
0.07640744687127554
0.07894654687751193
0.09738234944971907
0.17434244291711715
0.20023953516803913
0.25679472810285475
0.30645279835960326
0.324823548867751
0.3428419775960302
0.3888948402459507
0.39786523200082285
0.4594426216256158
0.4979740965776822
0.5192537359417931
0.545748192077795
0.57666319121221
0.6150052504151992
0.6688781748192522
0.698558425511066
0.7342963798535296
0.7643653625835094
0.8257249096099655
0.81591877937192
0.8903082044046168
0.8375714232448795
0.780446280777393
0.7669331964486961
0.7474652533584777
0.7363452605619859
0.6858937643413403
0.662230443258623
0.6087431299290853
0.5707124279968495
0.5142886528164852
0.4818447589934881
0.42882786076707763
0.4649263814405218
0.3670899032049136
0.39103082913240694
0.294507902938557
0.31503996174284615
0.2663228373274467
0.18564574471340475
0.17762774123290598
0.1211695179023141
0.13162620906917954
0.09549064287263453
0.035461479549828076
-0.002131187224002313
0.003421582831955358
-0.06963928600895565
-0.12089641772075423
-0.15996516067369326
-0.18719377052558273
-0.20889853368153194
-0.25781624758702393
-0.29027112210476264
-0.3500119791430983
-0.31312731713690073
-0.3627108144271308
-0.436733436584745
-0.47124323400619705
-0.4766448877996619
-0.5310148671735573
-0.5623661205511798
-0.5728176276510085
-0.6445635609859945
-0.7007079939762667
-0.6758569070507598
-0.758512640564731
-0.7634674312876858
-0.7534758213624744
-0.8385132145617579
-0.880472648411193
-0.86360118944171
-0.8534980319467779
-0.783454043806078
-0.768711106454336
-0.7014435083415963
-0.6838021475260702
-0.6160892642958522
-0.6153341716893098
-0.5387134306688757
-0.5426081845693604
-0.5106730717779225
-0.47241093694988884
-0.39663706883958166
-0.35610944984210624
-0.3320073242627511
-0.3442426712412337
-0.296504109762617
-0.25985258086418594
-0.23004209469037265
-0.18514409536174486
-0.10710679787309091
-0.12485935212318806
-0.06486999673271966
-0.07795273674290967
-0.00927378014923364
0.013912461018821397
0.06197040470054483
0.08485154273942418
0.15329359975136975
0.1828157792571522
0.15969725136090995
0.2489401312706537
0.26417872452221475
0.3054816468003648
0.3696317807834804
0.3554454131491488
0.3945978137824771
0.4641819164259121
0.5059511381077673
0.5572847016021992
0.5800373985349889
0.5778559555277233
0.6160205870449293
0.6312729805255842
0.7220596410356287
0.7393828754502401
0.7826326420292294
0.8377252492632473
0.8130849421001884
0.8524352769018284
0.8408125035105474
0.8083370222850569
0.7799747959333159
0.7583654916428918
0.692462279086729
