0.10308994619307035
0.08136163963582224
0.03605634703555308
0.09664932361590345
0.05777151092476253
0.1524368990298493
0.08774575870546564
0.09873174063478722
0.1153042693842326
0.14853132155033105
0.010785863145099819
0.07711199820755801
0.05316977927767636
0.12827806653592153
0.08919635834527567
0.1309188316291021
0.11898251914072143
0.06619935573339696
0.11197741320820813
0.16207166538878082
0.05588627932198147
0.08820651500654517
0.10888148805869055
0.04779122839477818
-0.014808088316227475
0.05708563568464666
-0.001869099447734817
-0.004745558384916278
0.07898620470126237
-0.010396297527438567
0.010305737472886236
0.016495873320790257
-0.0016010214565417924
0.08614072913367671
0.07441921857751649
0.015678521367107824
0.04513372239487851
0.15639374353227908
0.14995025897557815
0.08348941466561946
0.031260968133933725
0.056989701741970045
0.07364401388773148
0.029967479073050172
0.04246059170364072
0.029000746374736593
0.11653053574181069
0.13553221090365752
0.07894112921421481
0.0871434297860236
0.1664025677605531
0.028222481727450933
0.09894825500666148
0.07607163448094922
0.07951110724464264
-0.0001687543025347205
0.13913800931313963
0.16149570029414956
0.09301395940285134
0.14460620155602558
0.08872368109029888
-0.008907018282577693
0.08959170642863724
0.09786655671574807
0.007626296544035254
0.11350549736058532
0.01741298472957565
-0.009658150290944814
0.1642999843700987
0.06921010162534577
0.0017394600410498753
0.02582074833733073
0.11291601230204679
-0.007266381914135174
0.034829193746033854
0.11640140399759889
0.0869221790696702
0.0016456889506009185
0.08098303209103187
0.08954249330171934
0.125632956823084
0.13920614529848765
0.15261306344162362
0.07328223764295283
0.11185141270361046
0.09855934904188213
0.00859345274552745
0.15259366673610922
0.023475598751695245
0.056360154230110544
0.0943027317550465
0.09617265990194257
0.002856221275628799
0.14275729860090502
0.08123402670854127
0.05427266305647903
-0.01077486017641445
0.14920912984360252
0.027132722143415125
0.08314449833078943
-0.008262200815588538
0.07506678490262664
0.041031500967451146
0.14210603530097038
0.009428500597391505
0.012702616050455313
0.06694471062271835
0.19565975304516625
0.06841319549832753
-0.009443350506233163
0.171448895983072
0.15807342558372378
0.07702992242945207
0.13831295236654137
0.10783782533879196
0.06446975523737017
0.04338477474514951
0.15731083906641202
0.02744073545684397
0.1675311177253373
0.09024169157405662
0.06888355752767489
0.1656625511063808
0.14042716614664552
0.15103569559548047
0.1683423305019019
0.022002076172215328
0.09177483801182564
-0.021003200728744877
0.058786890279925466
0.13861662018123308
0.020607711057784587
0.023204451533006102
0.13138459846145986
0.06965920971219196
0.08188152588852361
0.0650414732559548
0.1062298359436659
0.11919147941099
0.09295383396531205
0.09872988817251718
0.14640745112265258
-0.00990002042023402
0.04237406784609347
0.09142260906300573
0.02101373156066732
0.031231135626646592
0.07715577050674373
0.16732393288387445
0.011899457015836723
0.11610700704538346
0.06852544766800854
0.03674758894322467
0.006459508927979089
0.051926985002983594
0.07358078842400777
0.07478834298232165
0.07722495038595084
0.05302381372348787
0.10483551677501228
0.032226238154454134
0.0019067248434408574
0.13860203646821245
0.08931382344481252
0.10503044212682654
0.11941577902828679
-0.0067470355104767565
0.0883026008124063
0.08767461189891672
0.071205663422111
0.1262161371592918
0.03899573694763093
0.06844880490750427
0.025821948798884997
0.12418785492935513
0.08703677125908944
0.05381171585424291
0.04025163973739458
0.1621459941562141
0.060113531983402066
0.09193697664805821
0.05728816695198594
0.09104005827594103
0.046419387210910976
0.03171769788220937
0.03698198076519929
0.01828134014821564
0.07909006642975931
0.09887040366218428
0.06850496573942631
0.058662877465600685
0.12097872067103806
0.03752197993329756
0.17280120285752643
0.03357000144457463
0.09642871988141857
0.03402297349886664
0.03437990133882585
0.07495680778900614
0.1059993053851516
0.1255403295065884
0.01304319336178407
0.046379068063509006
0.11816423368559321
-0.0009039485022945583
0.01898915763327349
0.09215154662819464
0.17931732522470575
0.15857991276481714
0.1316437025963268
0.038807414490730156
0.1512503404909153
0.07020564556692646
0.013820833284116813
0.054600055579503606
0.1398055500626521
0.132604129012842
0.04767063364091377
0.09828186612544418
0.1453904290996685
0.06481669061400316
0.09118313258706803
0.09908879223813397
0.09391516038829802
0.0024262265753585152
0.11347618977568225
0.06379982454721446
0.11636363964853516
0.03767371189523154
0.052817827753461735
-0.017403918043876948
0.11833639076168145
0.07038722001886905
0.06893728966486448
0.13901764796827198
0.13073296718899377
0.10155058414834564
-0.021876455505142105
0.06704245294299675
0.0414553404054401
0.1104648083206475
0.08239018151705667
0.06756162827849341
0.03214123483625703
0.008033428330092891
0.009578704169194482
0.09139028891913673
0.16770487758097705
0.10716552785374811
0.10791898634542602
0.11809977409904798
0.06617941251656265
0.15691249329851417
0.004456272905166654
0.14964748065527436
0.10530667426631961
