0.7961943709035626
0.8400980342516923
0.8568224209917433
0.9011873347889051
0.897651780711002
0.9174804747232943
0.9031818019903007
0.9395166215082242
0.9057016176004794
0.8617983898613681
0.8848376428211076
0.911856598018774
0.885784357317119
0.8575838342398232
0.8713213796546774
0.8133809845939353
0.7789099458857497
0.7507479160898123
0.6978900586337327
0.6440107498628994
0.6239768031163575
0.5662505998630767
0.5642834738115698
0.4847927634838131
0.4758747818187091
0.39904554814783216
0.311730478040216
0.27560120830837076
0.20177265702039748
0.18096797004815138
0.12237655795881963
0.07062611349619279
0.008098776795055197
-0.06765731356415321
-0.15948860670316398
-0.16378271324721266
-0.22284054730916497
-0.2917547601944158
-0.35878636633195216
-0.3891887441512951
-0.4337417473973739
-0.48711610318866594
-0.5325623325563127
-0.5780048895531031
-0.5980780209837027
-0.6370773230484827
-0.7101594112007545
-0.7048862897794076
-0.7610676349161043
-0.833528506268897
-0.8504044722568048
-0.7953049505323019
-0.8914075711067219
-0.8665022801011514
-0.918995159832541
-0.9047258102271073
-0.9210187278271564
-0.8996619673843677
-0.9322217902907473
-0.9329710606392352
-0.8965041868657293
-0.8843269780094677
-0.8598444386968834
-0.8456873903277473
-0.8206870442816594
-0.7777604244998302
-0.7605015081750502
-0.731909978364842
-0.7036980403517418
-0.6700855686040891
-0.6610208758019203
-0.6034532443921203
-0.5335347918827679
-0.521329808065546
-0.4426960322599943
-0.37926624471685905
-0.37522325405291185
-0.2711100063763651
-0.19293679249078144
-0.18291678621174137
-0.10330488218776021
-0.0787911029036737
-0.03589862535267548
0.052362890736413446
0.11981819373229073
0.16521346848611287
0.22203037184828783
0.2614807539595018
0.30805974443796047
0.396618537760642
0.42407832806300805
0.4895699594154908
0.5180317720970554
0.5742089571624377
0.6275436987653155
0.6648936187549048
0.6924010173273678
0.7116239244057764
0.78560717061524
0.8268603635498416
0.839804788617574
0.8478390271886027
0.8424871499973825
0.8704861366229054
0.8976214308154152
0.9014275509392405
0.9531503893137386
0.921395260893902
0.9014917028347488
0.8891049065565374
0.8577612381321589
0.891017735522622
0.8950845234114561
0.8622786321746949
0.8158868037673866
0.8046427823650344
0.7708400233113769
0.7641512841240835
0.7042898232829192
0.6296617503384213
0.6129967841478242
0.5805163851489369
0.5561949455581523
0.4985730043188914
0.4716530017755934
0.40858644628723817
0.35188438718040205
0.33107709240502003
0.23619470921609254
0.17335923900724456
0.11617915915284815
0.06460264396556391
0.024524558935792258
-0.039995239306605014
-0.11909525170562504
-0.13708490951167968
-0.18961183279672372
-0.30903809811817745
-0.329425177012934
-0.39934558554570465
-0.4311315340077365
-0.47859022311405736
-0.524977703758736
-0.5890041592586552
-0.6134958628572048
-0.6562777479175961
-0.7161327369329457
-0.7289597485945871
-0.7357778493752081
-0.8255958645010402
-0.8496236093607631
-0.8558923676744072
-0.8415671873970838
-0.8743542009419543
-0.8787296768674023
-0.9188940993950458
-0.8669749611710772
-0.9153516003629654
-0.8772060898585207
-0.9134724317441917
-0.8991469949258316
-0.8733464632293478
-0.8957799916109447
-0.8530836013925533
-0.8298465859391946
-0.7867044307880527
-0.7794100930546829
-0.7253889357629051
-0.7241801331386573
-0.6680690521470716
-0.6043401134401143
-0.6051779898073983
-0.5284915254020738
-0.48017236531348717
-0.43635031221899634
-0.4050143540841529
-0.339499925990929
-0.27385062459732545
-0.22721256170030085
-0.17017364122335074
-0.14351981716246287
-0.07027272060036957
-0.03591073654412272
0.06150121561446009
0.09767704139617409
0.17018495127149508
0.2006528071064193
0.2610670344926068
0.3069996600771476
0.39654838819857846
0.4338781684784496
0.46406750507636657
0.5543558938294609
0.5609524007223313
0.5849047851907836
0.6369224696805782
0.700244728645921
0.7144330362209608
0.7790559509124183
0.8130261201796668
0.8183575103813377
0.8454818287224409
0.8679491908497862
0.8901240431399485
0.9014712494767851
0.9196021752471532
0.9309257889530022
0.9411397608106635
0.9416364149821324
0.9329238811900488
0.9081047553086329
0.8905074141405989
0.8841638082071741
0.8547910309307236
0.8337109465884323
0.7607617370198055
0.7329166257270994
0.7242146017217032
0.7255288009399465
0.7179530735738625
0.6630583600676783
0.5948036769103744
0.5580211518961963
0.5168375960177141
0.47539727815611704
0.43591336390641366
0.3596812493215745
0.28292565700808703
0.240397352849132
0.20493076597033633
0.15224159212139604
0.07243984227127667
0.003968341094161953
-0.06021488756169285
-0.11700231237310124
-0.15537679954040715
-0.19387444117894012
-0.22176373893963927
-0.29603542989822396
-0.40423092258349963
-0.3697642368503794
-0.454401690714233
-0.5171169050832973
-0.5554332567656762
-0.603814648825342
-0.6319244209611687
-0.695084464873453
-0.7156101218757469
-0.7673141073029708
-0.7677787497475913
-0.8257697636139745
-0.8075544616736008
-0.8284441059021622
-0.8201563615162262
-0.9237226485163947
-0.9000905957220717
