0.46499894385430524
0.4973904421900027
0.48648252189348573
0.47359656086628565
0.4594007291017421
0.4616776176809531
-0.4918229518936363
-0.4979573568099104
-0.5003312793301083
-0.4790766940538954
-0.48374074866924077
-0.5003172249487547
-0.4197945529331339
-0.5159052835989308
-0.4949438041734792
-0.4702332368247915
-0.4919601213737287
-0.46687458834807
-0.45534329432834425
0.5109980496962843
0.4657881847282801
0.48186122736950027
0.46234456553201847
0.4708307418605029
0.46936062462546574
0.484979819305735
0.4897800009055465
0.47459750892456726
0.5340343369306593
0.48253280685431954
0.45764144729722084
-0.5005563170098029
-0.4642790579413724
-0.4639391103263595
-0.5014492364493115
-0.47524134201642
-0.4962099790100679
-0.46811578219152805
-0.4542447156407027
-0.4744028154137806
-0.47979025945455916
-0.4769634718228281
-0.49747167730910236
-0.5121887254148416
0.4640524097738649
0.5153116790435986
0.497864183891341
0.4941698545341175
0.49656051192318856
0.4949790794072167
0.4638090940875139
0.4615044359188189
0.4659155627627219
0.4778538719394272
0.4773658387185372
0.47258616350757093
-0.494702787798059
-0.4967056775507063
-0.46463343980690786
-0.483891424446338
-0.4533328874433517
-0.4344778550508067
-0.4991520517519912
-0.491895553684909
-0.4870408335385117
-0.4987723180896757
-0.4608742740139098
-0.49806497607990474
-0.5122624027464225
0.46692370077049106
0.4622881955188654
0.46483434150516956
0.47727388422287503
0.46931804835180313
0.5051733344638207
0.4279431765832418
0.4934728784504641
0.4995863504181446
0.49526438481105656
0.4797031406299176
0.4726480540408396
-0.5044738925916317
-0.4433949111704712
-0.45697453488185336
-0.5061720229746803
-0.47376297425659714
-0.4692403670985399
-0.4539241899627079
-0.465623964868243
-0.4829734376443915
-0.47541858919865343
-0.4826197831017121
-0.4651770363108297
-0.4715815214542168
0.45798798708275656
0.45829915869278826
0.49805891879280717
0.4791185458577098
0.4904823414982571
0.45705348299296855
0.4603775284963994
0.5220631943315023
0.5252730526152993
0.5024320047487818
0.4827434938161193
0.502672043017979
-0.49549993188552655
-0.5060111892519306
-0.47861132698865516
-0.4501577338111415
-0.4891166680470983
-0.47185305040256464
-0.47639298088977583
-0.5050122194326508
-0.4736580798515465
-0.46844137231804595
-0.5078564255018951
-0.46146323556064117
-0.5165313844287429
0.5092407975880449
0.4905444869898479
0.4968759660236698
0.4639123864874119
0.46217329805048635
0.5065538746996967
0.49774399341003905
0.472497549191204
0.49196062050778866
0.48382605139529467
0.4626684488390448
0.517212603818653
-0.48006029224309194
-0.4671231328984684
-0.4957068433463588
-0.5052954991405232
-0.4764728053766837
-0.446844338078069
-0.46750985097186987
-0.5078439087954353
-0.4634423079139681
-0.4520895470645383
-0.5055662125208412
-0.4709361672372966
-0.4743182523873082
0.48097806790296155
0.47837964599379446
0.48479256577859575
0.5180530743896221
0.4817386200640648
0.5073024925374863
0.49039114801301525
0.46575355878912866
0.5299422208731678
0.4689009651122171
0.5129469552607173
0.4612314286665927
-0.459832057510724
-0.495593180675852
-0.46551585698029035
-0.4461769719923248
-0.4406659006030293
-0.47694336527477854
-0.4937245941734537
-0.4892296113223724
-0.4935146651220663
-0.4595271113025896
-0.42316529553376636
-0.4919216426749353
-0.44227481353469117
0.4909028710785718
0.47830144003832475
0.4703654740082084
0.45850766933204073
0.4680243231124631
0.48203719378476145
0.44158932917228166
0.48201414016136473
0.46323716612863974
0.49921156844413433
0.4735478570153066
0.4895294552550123
-0.5094695030397164
-0.4925960497949004
-0.46532390796600764
-0.47253129344101436
-0.45541306817196336
-0.4759898467657586
-0.5113357435750601
-0.4980864884226154
-0.47234928470323234
-0.48264687197889045
-0.47310827337392775
-0.50421495201695
-0.4739059489802427
0.4816360744801376
0.4885957387418994
0.47324353710467326
0.47972847368711863
0.4461885914444712
0.4679043790878078
0.48425376097797596
0.4948386367852685
0.4677189847861143
0.46213110824879067
0.5076499707139075
0.4552280166535315
-0.4921376367947001
-0.43131048301404595
-0.4901336762551677
-0.5114642475566648
-0.4464609644310091
-0.4938189377193823
-0.49125234812398955
-0.4767398796768215
-0.4356478989026388
-0.465206972528335
-0.42054527447907786
-0.4733513781638496
-0.4866980729867217
0.46335948552293643
0.49291408696021716
0.5198798063060225
0.47478034172826944
0.48531502411039856
0.46631907131267764
0.451281500006898
0.5186022782975938
0.5048648657784652
0.4651265628406198
0.5072466151350223
0.4524511995290553
0.47833886333342945
-0.5068483385379243
-0.5130728362484595
-0.4924000651369414
-0.4902122363958541
-0.4587357747737466
-0.4582772629702634
-0.46320600634118725
-0.4837683176662165
-0.48265517734360447
-0.5174099272135184
-0.4641367049437096
-0.5038260006630716
0.4556953032941148
0.4997641877096117
0.4965538881154934
0.48486690025387136
0.4892771096611799
0.46013487472397596
0.47455185628150715
0.47607239585792527
0.515735161340124
0.48552266170923847
0.46506849902157515
0.42803775711158354
