0.008879632500330383
-0.02917207823562649
-0.06801093626666457
-0.07768264148594899
-0.06566730428315348
-0.09373929621565401
-0.1176339324097424
-0.13392720759551413
-0.09120066569876825
-0.1590781284471356
-0.17636307771954376
-0.2259493487938664
-0.21087434568345712
-0.2633667433224366
-0.23733437244289896
-0.25586316139854587
-0.2808604058607797
0.28955431445270186
0.27966861280527183
0.24755012986132316
0.22104113305147627
0.2222947424661326
0.19112110791140602
0.17530590572938995
0.167975654339937
0.16166338296170848
0.13711439932467104
0.11545691852110945
0.11636961341666974
0.05958581455480157
0.06830205163202487
0.05564769247513769
-0.00656294412336934
-0.016869554244108978
0.0006051492288023843
-0.024235153824711718
-0.06666985345006221
-0.04788726201037531
-0.08140794945499492
-0.09277593508324833
-0.14010588532471516
-0.12228395862178724
-0.17128548466002722
-0.22055364697751992
-0.1897103454615849
-0.20328223564107653
-0.22787071583664067
-0.24360500485841807
-0.26571949545957546
-0.24096685833839726
0.32566345092545185
0.26032955401103175
0.2625327679090422
0.25615431535539135
0.22503844111992913
0.20825076908094187
0.187753835387782
0.17085337530522568
0.13880466611224176
0.12564967555154316
0.12800287799805565
0.08332356052081513
0.08150617029233402
0.07594577137071194
0.06833804187830365
0.023965562470920142
-0.00202859463002727
-0.02395702760084548
-0.042844632216766515
-0.0650868243577671
-0.03611634684274641
-0.06349024677165166
-0.1400832205118595
-0.08747711429946536
-0.16239952197405785
-0.14344066586853532
-0.17858452514936085
-0.13857129368381682
-0.18377157065203886
-0.20212538256829743
-0.2486469438554552
-0.258162198879102
-0.28641165668233054
-0.31191003783851484
0.2952430016923006
0.2629760911226275
0.21398594478149374
0.25250141800132214
0.19611903157853383
0.21510373981052228
0.1588036306521151
0.14131267275110157
0.13375973264425214
0.10448247342737425
0.07320915928486277
0.11746576498434642
0.07066396114336908
0.05622711006678899
0.03438568382708229
0.004343083773186367
-0.0261525985142606
-0.022043495761737045
0.0067016750963390034
-0.0736848665284526
-0.05492831495094767
-0.08696673828896087
-0.10231668221118323
-0.11160666142364171
-0.18090047460331277
-0.13915221629520988
-0.1844388625238865
-0.18615966850770854
-0.1754735944810423
-0.21149202010410428
-0.26927776930068187
-0.2615461677405628
-0.2939381530514225
0.30036866190099265
0.23469531087874654
0.22597002344068695
0.2429868892729182
0.22473932644996586
0.20871164285418004
0.21299965633862578
0.15099272080265724
0.19073686899679415
0.14107744761957428
0.11685448718546128
0.07288196400655696
0.0835107924257095
0.051030996601827555
0.029658245992462078
0.017045105816832835
-0.0061162703944862215
0.019481515154439383
-0.03438129348074337
-0.02471438152007402
-0.04152918950966569
-0.09001836165900333
-0.11103200573002722
-0.1396269329219298
-0.13465914136037524
-0.15619038231831478
-0.16225999680125047
-0.18937976264816114
-0.19573182793232097
-0.23344280998410227
-0.2507930694924641
-0.28351399448958514
-0.2776332399567699
-0.30155367404916383
0.26538355225462346
0.2668411976667055
0.265066333553734
0.1930882586609466
0.1964283718222208
0.18756288053384607
0.1753177151711092
0.1753027199803762
0.1295242067944867
0.12472473999583353
0.14391716889050477
0.08316846246356097
0.10813570658939853
0.055226322204695304
0.04343793300783668
-0.012952990311909742
0.022471064403033033
-0.021559052937180995
-0.03321619529238339
-0.08590515921456318
-0.07045437828803246
-0.08859569395275606
-0.11832819617823404
-0.10301637802197548
-0.16386622199968023
-0.16513407980087486
-0.16694063721073021
-0.21201537003325538
-0.20108238301529432
-0.22177809160705508
-0.24932759908748792
-0.23998291265017674
-0.2916229134517031
0.266545994788277
0.3002930981875146
0.2683994132138601
0.2014218171192833
0.22759563446217257
0.23550624207694126
0.2077888529901481
0.16715815816563842
0.15568380253205472
0.11341244255964435
0.13440720251578592
0.09342278556792806
0.10365913789954856
0.07462928335185348
0.04494309044280976
0.03129783263232469
-0.005043591147680478
0.032889413891940375
-0.04672794225536678
-0.05000202983034563
-0.04972318279957467
-0.062358229421542004
-0.09016449498331022
-0.1175798466940972
-0.12929017292929412
-0.13880380329786515
-0.1579324256980633
-0.17328826040153372
-0.18724672716312868
-0.22337314966499883
-0.25731360315761337
-0.28821458208318296
-0.2621828685051585
-0.29001396806198865
0.2760874621332688
0.24572138853871664
0.22506471800303027
0.20687411474201672
0.23220847913794068
0.2263837461853232
0.2344209664920768
0.1607356003352702
0.1045294787204386
0.09389415142587947
0.11058673509413197
0.12602426859809218
0.0712700584828367
0.07182064695931377
0.06304925561794134
0.013864305336054554
0.014475718562036678
0.0013731452081360111
-0.026660114191028185
-0.0038481333875620555
-0.06229245321623908
-0.09049815610777029
-0.11671591133076535
-0.11275841289000113
-0.12383950458695231
-0.182422432424357
-0.18465480175419993
-0.17374212209898773
-0.22510211703244778
-0.2087220975910346
-0.26211951487527596
-0.24849196914909188
-0.27769824929737064
0.2836978565531597
0.25733500438959633
0.2455964269704016
0.21730376107622895
0.2183531381492832
