-0.04021070734668547
-0.039035736414009634
-0.016872427423721213
-0.025466715741268683
-0.059727422187162565
-0.018694424799723396
-0.04216880073873688
0.011913711503516198
0.004696739739828062
-0.005574006056970646
0.001432796605964029
-0.03220513373630102
-0.06333966695766316
-0.04691192455673473
-0.03799970571785694
-0.03329289580243886
-0.018094098055175895
-0.042960667805000796
-0.039181907850974716
-0.0030995766158004737
-0.040185885034242835
0.01405168611161189
0.01487362796496252
-0.04442832114833749
-0.00588799689987974
0.005929571605485191
-0.058940229978262274
-0.012998021074131998
-0.03152429267472913
-0.03704098893704941
-0.031286000817927796
-0.00642785704420433
-0.0019073256080339093
-0.034686203402311495
-0.0535433757052993
-0.012268238691953585
0.011614546506980345
-0.009446834669758573
-0.026744087202033945
-0.014459401238355696
-0.029225705951253393
-0.001912525071680292
-0.029684914787091597
-0.020817506014363565
-0.010436602534398397
-0.034961375122747815
0.010440186595927315
-0.021345548190398907
0.015534977663838906
-0.017571534670086916
0.012942503231529748
-0.04121791531388695
0.0025545365938102263
-0.03037216730377305
0.013556813743894844
0.013984359865316136
-0.030217654740768384
-0.03342720363413334
-0.03991605395734282
-0.024794906044400624
0.005923418530643822
-0.04376149945379981
-0.034334805705021454
-0.013428689630292066
0.02739325869887352
-0.030735244687048538
-0.035280485117644755
-0.0035278524583957074
-0.03519396708103065
-0.0035820348820576765
0.024286636988940923
-0.053687873839811946
0.01482489705645144
-0.038105709643616696
-0.046828202957656696
-0.04484154461538731
-0.015548249948083282
-0.06720821417142152
-0.04376645610772341
-0.04687042600429861
-0.013082507180806852
-0.05032438020028968
-0.025753643752659115
-0.013694049532689682
-0.0317047902410719
-0.008201965228953343
-0.03459123409370117
0.007628397980439201
-0.023184635752776423
-0.02113351277537346
-0.041245377810024825
-0.04769119770917778
-0.005673815044383514
-0.03007201784438806
0.006003318926408402
-0.014327432696207901
-0.015950581740854248
-0.009314775212360411
-0.025286639533735236
-0.0005603640157629958
-0.03849160702370128
-0.03364059499191424
0.0049698529855920145
-0.031007276309391166
-0.026814751460222552
-0.02820391644667581
0.007948940262456867
-0.034242017800549085
-0.003803771289940429
0.03637395541625542
-0.07553152240830424
-0.02159461789244696
-0.04960297692862783
-0.027968873548349153
-0.009098611036979634
-0.01490073967763177
-0.008693162747710207
-0.022814823444533148
-0.01195682671305938
-0.040118846177054183
-0.09185517704466914
0.005321584641830223
-0.03172507657205668
-0.048983347630290795
-0.016877676504686433
-0.057593783227430494
0.007906680585657608
-0.03486385040499901
0.006416087291785185
-0.007089934755964139
-0.006276938810256309
-0.028596296618625623
-0.015506032545470436
-0.01567181885698961
0.0009111548213097016
-0.04322526346999283
-0.023957573056114793
-0.025207419361696105
0.008394516125196864
-0.04985121195603735
-0.019508152930753715
-0.04714280300823569
-0.011273993245617425
-0.02155385124030577
-0.0046172307694686675
-0.04134952587932401
-0.017061392855279883
-0.03060922092113459
0.0193899611180993
-0.02718717417628039
0.0035584780786571714
-0.05662646694250284
0.013982564034370246
-0.06086403048763808
-0.019946827352088557
-0.07158211517015048
-0.002191624668640023
-0.00871900047806271
-0.06530303581762067
0.014889799365372963
-0.03694208515818818
-0.012288682935762626
-0.05704795944376479
-0.018310498207887896
-0.010546334106506584
0.009374413703484486
0.022832667828788185
-0.01731430966947853
-0.04523992150694518
-0.030898933336730695
-0.044155680824992403
-0.014271636324173798
0.038159955227768896
-0.026741533509484307
-0.04291896103528723
-0.06824147128641321
-0.011993080582201438
0.018124365902031914
0.012414562712289494
-0.022749435084665252
-0.043006666896943505
-0.01406358800494576
0.019457052852800822
-0.007460107562850416
-0.0031779257502311115
-0.0063298130344408045
0.014081522376862925
-0.019518427735241147
-0.04557980303612186
-0.027418141609269586
-0.01885867244243704
0.018618693010111913
-0.024985929702833542
-0.060863219652405015
-0.0373499082602237
0.022331436631638925
-0.05466282799606814
-0.031523399306221306
-0.008000560127897197
-0.02310933365985236
-0.04361564621145521
-0.04896606005679146
0.010628166536247475
-0.01045291809217954
0.008282087208609165
-0.02740095646141942
0.012700227460314325
-0.030366690315098616
-0.037080694457555616
-0.03514293951469892
-0.006979698854047773
-0.02132363823371622
-0.00911732748109129
-0.013911957818091278
-0.021464601160795224
-0.03022275325042245
-0.018339254847628706
-0.04110689927955393
-0.031163383733931495
-0.03132471668300114
-0.035726296649031895
0.0009263757273704591
-0.008718501766681118
-0.024850787899375552
-0.03933269481709371
-0.0060131838919864344
-0.015337080903491472
-0.00014743560376555276
-0.01199146092236756
-0.003902609912168939
-0.011048961049930993
-0.031015257272125195
0.0038509764105486843
-0.01802491382106049
-0.025558839944033247
-0.026021272251288634
-0.042379901486170476
-0.059990905700891106
-0.041962512414028166
-0.07340652934257028
-0.02558938151682708
-0.040282457044620766
-0.05695367780747007
-0.021665079316945283
-0.031258623397640586
0.009455804547837142
-0.0560893712639771
0.017657677127325307
0.01914598490394813
-0.03517836372064234
-0.012683520292117957
0.003288328047117671
-0.02847265439793066
-0.02497382233336326
-0.04062443192832317
-0.014439481696755647
