0.24236313215590677
0.24055995116452966
0.10279608732847731
0.32358266227823523
0.3231223978455404
0.11011658382918349
0.04298865904589498
0.36979725879283226
0.3423049262932938
0.37316070772534465
0.0006268294596978195
0.053783575721385986
0.04115014229691083
-0.0032717866881131277
0.19476972231297504
0.18121900311050804
0.19341124524885722
0.19449672094837211
0.20244692451473711
0.3751729044381036
0.3228124621233114
0.1938139083353402
0.24753163754041876
0.012010080486872108
0.28658977646369627
0.1920586394978423
0.2537140913016532
0.3621171457857102
0.22681273018815998
0.12646071323014224
0.10008141140786418
0.2055624273553645
0.395009554146413
0.0993664163341318
0.30111624943870124
0.4328387117650799
0.17011325141027575
0.11690313535910839
0.10441060264207064
0.3661800496932065
0.23545249864701615
0.07564420762685814
0.05294487395439748
0.20299803401327368
0.02747465170566081
0.07470936559129387
0.11096303775620757
0.23872943193019625
0.32068121553758805
0.24569920318634914
0.04489902013163747
0.14089109868777827
0.05474715569410232
0.31483130676282073
0.07904968532359422
0.06027757336019354
0.3573091272858407
0.37686895728100833
0.3156762228450014
0.06548649342666744
-0.009127131548367924
0.07724063327444494
0.05335226532444006
0.3739636463363998
0.08917371716018319
0.293407599317567
0.3777643732006107
0.21842408829622487
0.013784540272097932
0.0556615548632001
0.011380083577674303
0.27514848099520406
0.08471691402904907
0.1920020388556885
0.05172759022551988
0.4420933254080909
0.2714575737260198
0.06743570787204656
0.21232767923594079
0.2726808703533712
0.10019257979986998
0.06302878034984326
0.10043411421842395
0.00025731031346290707
0.34093765237923046
0.21687727212598074
0.1504951417490753
0.05572369872961882
0.10567726117515541
0.2797781297909085
0.004294966259403121
0.05263242292955414
0.36040928612248424
0.12407617323866477
0.15901255354064947
0.3777777396134227
0.39563502200895895
0.23569209437217595
0.04696626853544085
0.010529127632084063
0.12135569850766535
0.3826980300295076
0.31947124612495786
0.1762177845950985
0.003975655849064277
0.2790367262174329
0.2551447185721144
0.052754826124106
0.30130865541936924
0.020483650701986864
0.1278817575344854
0.18282789865656396
0.33348255212365197
0.30862555760510235
0.10186574673624532
0.009262238449279729
0.008493001165951135
0.358546862102888
0.37512477770919
0.41664503206553083
0.20362991505514907
0.36532351061621054
0.2523418338055068
0.2385379209677907
0.34362029994894155
0.37685550299529424
0.21918583294316907
0.2748388074634148
0.06099258834765823
0.13383482439541322
0.3672257320576903
0.12415081673488713
0.04295638258251354
0.0027323801324729193
0.3686917545399512
0.012782248250141216
-0.003503627716365988
0.14754332402361597
0.3012087241013717
0.10766343095657531
0.04949263679188795
0.04304222369966333
0.210207441606595
0.41567423609324905
0.08152291795901806
0.10214735667913066
0.2535030900651635
0.14772298860210556
0.18708504586121805
0.31074849250668884
0.3695274445941474
0.15647914094045356
0.06926792342584441
0.10684293984569446
0.33751821931354853
0.05781704964549943
0.1851649236672085
0.35525971153248775
0.403437904165599
0.27818547191777526
0.19917841886636142
0.3252050146402921
0.30080733637760876
0.008042602327205817
0.21422441123164862
0.29546047399617986
-0.031886918052205476
0.07772588156960573
0.0765644515892878
0.39768776466858347
0.15735174330059115
0.10967858574945005
0.28890559596257354
0.2908588742121451
0.403814087097211
0.3548518788761682
0.1850140435725013
0.27464773097546186
0.012366785343957454
0.3782757035936042
0.07321772648436992
0.31953759821137123
0.2216491573071885
0.35090316421544926
0.27605346203900577
0.38220176053230187
0.08881665720600551
0.12767563995776499
0.15098701903148323
0.23981569763377775
0.02609166039850037
0.33589432970877114
0.2516901054160974
0.23973451217780253
0.4003273494531129
0.3395898608776841
0.2200731606022164
0.2668262232075771
0.06406586165398401
0.13200592808163386
0.4204451458677636
0.061839459265605946
0.027339590258909228
0.2657697073475237
0.32475340201000585
0.030746655920981737
0.13581362794318114
0.3257682832998726
0.039500233294263394
0.285444127717921
0.27956990836055146
0.03535028395923558
0.12161353712135997
0.3837856820773475
0.2647871911060013
0.11439724601729641
0.39347006295602033
0.1066535293745742
0.3596230949067296
0.006225275847265253
0.029476249634346127
0.04441498378973758
0.08033448262674105
0.1246544530656855
0.38556149993995864
0.10587658777436972
0.28356012431547534
0.28840541429199745
0.22495540386509189
0.37531270558061675
0.16591153294038252
0.14032070052176965
0.04584439312387923
0.2271596374980846
0.13511483785610623
0.2375747312514484
0.055800287629754426
0.0793719879092252
0.14765100894409627
0.37621769692389695
0.23429032806073063
0.07934634708535182
0.33058453219655565
0.18399642666751548
0.037442002212239256
0.18999145067116974
0.2369455312024246
0.14208825168809794
0.015611279487654565
0.006674802446764911
0.26881117430526896
0.31262650577662227
0.20323132361967133
0.29149329119906214
0.2864313882144043
0.29641081748828074
