-0.29285963954211125
0.3780529129571253
0.3285317478617724
0.2962543155258652
0.26832860191470315
0.27407452405045274
0.23520329426912304
0.2195398585878955
0.17053074527830442
0.17267824000406554
0.12837948568705201
0.1235978191163045
0.09939448482090313
0.07830786743362234
0.04570072387161598
0.01448592386692113
0.025762464290928367
-0.00030293279219197576
0.0020429081119140782
-0.05035349241146536
-0.03383619406942079
-0.05152479307595757
-0.08861075375388805
-0.10499119612860348
-0.17428796321426454
-0.12792510307294885
-0.18701775006188032
-0.17880051398136676
-0.18587103332994043
-0.23550336310564074
-0.21932307626902758
-0.276638484470494
-0.30876292088889146
-0.28534890832043536
-0.2958182177880491
0.30741857193137473
0.2790223307394497
0.2757944503146044
0.23933331266720417
0.2372038977482102
0.21733380063897922
0.20365111945016542
0.18459307097590708
0.16709109317269272
0.12944747840090726
0.13062837570289454
0.08173733083199311
0.08726146647011196
0.038288006259417015
0.0516140414940508
0.00121858615561719
-0.017667754788490187
-0.054341078584469044
-0.031417628933651624
-0.09130906679760899
-0.07170828873176843
-0.09228095609330236
-0.07864545694568263
-0.13086171228462393
-0.17324028380728582
-0.2100374616166037
-0.17701321296803865
-0.2178432927878307
-0.2777787394567984
-0.2366757979681658
-0.28343169341995406
-0.3140257062026486
-0.31997842170448565
0.32465173982637
0.30157165664811025
0.30154491223989005
0.3070746663275062
0.2324106234648865
0.18484375829796126
0.2255300948694568
0.17518027798331487
0.13633934474794537
0.1536646342221811
0.11274189653183148
0.0969015312900092
0.0800761193528636
0.053151967601092705
0.02749068584832672
0.0585767892756697
0.022673558676169984
-0.02306746971213268
-0.03396116873494468
-0.026034511726962178
-0.05871707815642449
-0.06417065908639404
-0.1286897173183234
-0.13102122390759088
-0.13918007796760726
-0.1656111939544078
-0.2088743719735017
-0.2110829394684222
-0.2645850214401596
-0.26261389987073314
-0.3086834188533105
-0.32245818409269744
-0.30439569994949406
-0.340112395133827
0.3245792115217226
0.2985375670673268
0.2903557495829026
0.24084086922484518
0.23482004619869862
0.20547372392127647
0.19818320416709675
0.1331791719660063
0.16931536847469825
0.11090830043944161
0.1433097051892956
0.14195080298484858
0.09583845126066147
0.00485586875088935
0.009751958109543445
0.0002972625209753839
-0.019298253600914247
-0.042460399273641466
-0.008843067959585955
-0.04747961764263898
-0.08133510014034716
-0.09467636657416872
-0.13587217065216148
-0.11728183935935417
-0.15969587060779228
-0.15490987753476618
-0.1921006726874079
-0.22957503736204452
-0.21271547625750997
-0.2511638786549302
-0.29460238479715567
-0.2994401370947398
-0.2977110305496371
0.338210277402745
0.2790938224582932
0.2600092357266204
0.277810751427741
0.24148984146484873
0.2307892527366198
0.23133290704941742
0.1820241159387003
0.15942695552094918
0.1280562994177944
0.11219274979233818
0.11052929391164132
0.0909846670264644
0.050764321144579794
0.0475544057761099
0.03131393053579184
-0.013811310093912316
-0.009481764765336
-0.056140152084570585
-0.06395554874147953
-0.0865144827339262
-0.10483478986786113
-0.07899382296953644
-0.11918668553933585
-0.16203585513356297
-0.1754864744767245
-0.2060677259726991
-0.19425563448007604
-0.21623461203739006
-0.2523755830652903
-0.2591514440897255
-0.29719881470412574
-0.29867647865561503
-0.34422097145904423
0.30385827118784825
0.2999621807193005
0.27000091421152594
0.24313064646347743
0.20126116945866776
0.22371935517290492
0.1817929065783313
0.15505141632619285
0.14324938632174247
0.16308589296240045
0.11006063098155162
0.11641559808537763
0.05638610647860698
0.058434666806818136
0.03320451508966072
0.004371098274756667
-0.010842094373664297
-0.023808977679894663
-0.05199429707161201
-0.047001830857940206
-0.1118428057657729
-0.09253311304006225
-0.14208857572814498
-0.15796424274443008
-0.162478858146596
-0.1789180985784807
-0.21761620378478833
-0.21155299184241325
-0.25943210466086186
-0.2788697467454835
-0.26045882848509544
-0.3327569372441823
-0.35382996352251883
0.3116605861196586
0.28816669241297826
0.3018827519753987
0.2314358888344319
0.25896824202942204
0.18897525130732237
0.2072544786200598
0.1689256946191335
0.17451707810490683
0.13014919699668565
0.14945379735112674
0.11016604047516274
0.07455984175371147
0.07354336282918468
0.05769560330567354
0.03421962019780361
-0.0019911911457437736
-0.0009061962728910567
-0.04214689380436911
-0.0938612066948361
-0.07962072674617235
-0.09056030768780957
-0.10649618871746445
-0.16832166666185122
-0.13413182396487863
-0.17851768092664905
-0.18800456821193434
-0.19888455065159433
-0.21756197990637838
-0.26686827830075444
-0.2604328243736818
-0.2814726816706002
-0.3010763404367989
0.335690986840069
0.29947618020630346
0.2626183990298275
0.2578980354346454
0.2695070713252956
0.24064989000476697
0.20919328639763335
0.19395620929039792
0.15053906593107727
0.1542508957538762
0.15068064369872544
0.13205680054130975
0.1251355137728738
0.08581008622743766
0.037231838456079615
0.02721593236812378
0.06360664317420547
-0.03259436713907685
-0.028239745622133557
-0.05067757205634031
-0.06107146711774039
