-0.8748880668541817
-0.8801375082756705
-0.8576271200947438
-0.8712105754209057
-0.8432147798132611
-0.8417828101170288
-0.9017968688088218
-0.8667937840041378
-0.8677905966268715
-0.8661257757328609
-0.8976802917969148
-0.8436354327210276
-0.8626097901055071
0.8928001600755596
0.9074542063257639
0.8645728207555512
0.8716730081540788
0.8705837571876779
0.8639902922124977
0.8604321620250356
0.8916597988320266
0.8506134851823973
0.8882108998312819
0.8571964374599271
0.8730315571028504
0.8670294893544537
0.8697837814840707
0.8956827766959643
0.8762921549078933
0.8871954044022772
0.9019586295666598
0.9102791533296378
0.8630552198116178
0.8944033099639209
0.8869018094491848
0.867788550499297
0.8840904460483079
0.8639570118753942
-0.8324438287141878
-0.8589036543201205
-0.8573172956783055
-0.8735695336208176
-0.8882620192272404
-0.8611222477919549
-0.8787431031541568
-0.8563894994471309
-0.8753038242040061
-0.866566894067511
-0.8986721985317604
-0.906182887919443
-0.8582854937429563
-0.8703164441385102
-0.8813174338627846
-0.8644902527047494
-0.8436176239493566
-0.8623040721320937
-0.8775903607676878
-0.8713672131990255
-0.8826260767544511
-0.8419813051129155
-0.9137392429340824
-0.8810319602565303
-0.8580085713405442
-0.9178802237072677
0.8886706622736175
0.8675006292510133
0.8584754288349671
0.8755337485937913
0.8977864155816806
0.8334571037267354
0.866879573553398
0.8721287831061665
0.8701348247151233
0.8585499224925418
0.8508995339962583
0.8974140130604558
0.8685794501609694
0.8871585010905068
0.9057226459590152
0.872034609342102
0.8647174331021686
0.9004660896322865
0.8843488441244569
0.8614935979188286
0.8957998132418004
0.8929095045608002
0.8567176468700782
0.8435331305688906
0.8863093325151321
-0.848876322033727
-0.8728886337477156
-0.8902411135538312
-0.8921958582310014
-0.8963590499641795
-0.8631248643275984
-0.8716584208250016
-0.8977787125184729
-0.8803946855442273
-0.9012496075177691
-0.8606462616414032
-0.8488667383176781
-0.9153793385548115
-0.8978528387031561
-0.8611256657820324
-0.8722127299630669
-0.8637324009418829
-0.865414098561057
-0.881894141776223
-0.9193791952247281
-0.864461038462285
-0.8693777933099384
-0.9327109885991339
-0.8436915892818313
-0.8701235173957097
0.8716497090262828
0.878924935716282
0.8786620814663271
0.8656738476566785
0.8459725186827162
0.9060488024805998
0.8602874712964514
0.8797730366107471
0.8995872092854158
0.8490591564585407
0.8727387604646003
0.8709628269130296
0.8964220390859213
0.8568276291998633
0.8745469812649924
0.8772066585640812
0.8628323798247869
0.8875454869852045
0.854327291653692
0.8923903562627753
0.8985683852465465
0.8981784313313509
0.9033917304551027
0.8785241254921713
0.8635068914597276
-0.8484218748724444
-0.8784683744432106
-0.8714075454547713
-0.8797398077971088
-0.8867071942747536
-0.8356445850848954
-0.8558205541583978
-0.8813677747943552
-0.8861542474838255
-0.8332920828367436
-0.8966767593278543
-0.8499203585918729
-0.8799103769676679
-0.8770816635315383
-0.8723356919116255
-0.8931246796591384
-0.9022212644186829
-0.8827969682800283
-0.8891854876324327
-0.8569409273109941
-0.8797145592176218
-0.8679607042391533
-0.8248444802127676
-0.8234361005129727
-0.8943676303544337
0.8532272198721036
0.856835714083391
0.878476841108872
0.8713573859213656
0.8807281996161531
0.8746124913659017
0.8706165027671251
0.8482311369955615
0.8843629419737823
0.8657335456195255
0.8469387194338855
0.8478746866331479
0.8777839575226263
0.8825171411997689
0.891023682896663
0.8681709618754012
0.9041689136564589
0.8373335229720886
0.8876507434944583
0.8803745446240389
0.8600426471912563
0.8841427076082087
0.8784099188124359
0.8520962102589973
0.8747162483946834
-0.8747602849521754
-0.8869851203854011
-0.867942866714779
-0.8564493008749899
-0.8554099643892958
-0.8863392126023606
-0.912986938964447
-0.8446685689677789
-0.885437446119462
-0.8928831298642983
-0.8533829383349755
-0.8544589593360704
-0.9047663060237777
-0.8660477459296512
-0.8446351576936268
-0.8515977734144459
-0.9095753997214279
-0.8704755955866694
-0.8830016671391685
-0.9116656689536017
-0.8648202419984063
-0.8896819617248163
-0.8944853922039449
-0.8662829672742481
-0.8705355773537125
0.8640182585565084
0.8608046195713264
0.8905167486689394
0.8807384738488404
0.8061049476283003
0.88442824244327
0.8857780034634092
0.8698367643611554
0.8738029650273245
0.9179623098615209
0.8600952731772801
0.9060152240760407
0.8288458063433932
0.8786337408534537
0.832242413475849
0.8765321628169417
0.8587985007548418
0.8645560210149345
0.889190295502396
0.845659915180041
0.8785941597376303
0.8897812249456554
0.871487148258389
0.8419798473286249
0.8667551861071339
-0.9041606750649516
-0.8590805947999248
-0.8593905137927247
-0.8882907296089748
-0.8688139284485781
-0.8818379989023001
-0.8672965714429146
-0.852994809878931
-0.8426846674595477
-0.8789983549600522
-0.8646691610762669
-0.8794173242838597
-0.8717523265923446
-0.8945339605492645
-0.8937227847836429
-0.9205287497247098
-0.8699289597137971
