-0.040964251131265644
-0.0133321769758536
-0.005817164163525854
-0.019584371849511645
-0.02799582403427197
-0.02886288041071103
-0.03234518530742227
-0.009178159099021671
-0.07772639996344699
-0.013621436576214523
-0.0017244212566312235
0.023672565698495154
-0.026989591015118698
0.005703053785874466
-0.04640237788314766
-0.031776361829937906
-0.0028905838570360337
-0.02456382910228532
0.017518010071651616
-0.043956416642921804
-0.010764201681754623
-0.002974850990528307
-0.0010043875132359145
-0.01926200648923595
-0.031158983293670475
-0.03301306974570866
5.451618977284729e-05
-0.03299965114009859
0.0016660472696686758
-0.0390006874811972
-0.006610940835960623
-0.09998875367339946
-0.05633374344041657
-0.00799587582372729
-0.04866019943032641
-0.07038939001198742
-0.04603223988249037
-0.025515541782243273
-0.030351433355676843
-0.030449400705958404
0.012514551269233485
-0.07623988178266188
0.007933316152078831
-0.06880982479718523
0.0029306502079178686
-0.06681876102452883
-0.03991207494890345
-0.009581240900485486
-0.034643347814332176
-0.03457272259690646
-0.047165018311665335
-0.024793915449397155
-0.014353057413463152
-0.0451434701382091
-0.03128867401044256
-0.048298276065833846
-0.035753063570488776
-0.06040523254757401
0.02377440957070781
0.02117082883232011
-0.047174275696172975
-0.02261910627416116
-0.025879262104912544
-0.027898798109362206
-0.022047700604390718
0.03686660930166808
-0.037553436252583755
-0.08968608731670666
-0.0723084759368243
-0.09545914031564945
-0.061697896364553945
-0.012170436453113356
-0.02721000939784839
-0.046166293564576626
-0.030389562782845773
-0.03775142927046959
-0.0789889892067606
-0.03746229400633467
-0.01900463850177335
-0.04448287124272147
0.009460125876359034
-0.05114301915050882
-0.0426839179901477
-0.04187182981345479
-0.03684850051461582
-0.02117354320151458
-0.012104584444553736
-0.00759039632945483
-0.040859111969217765
-0.028910112936450325
-0.027287019679345742
-0.05692424367718535
-0.0011486881360652425
0.013582654754659643
-0.05312357760719106
-0.04858267619634327
0.0024392215368303494
-0.01560889527859937
0.04697966302596275
-0.09700938373164006
-0.06706018364065952
-0.03639250232312474
-0.05768790382698294
-0.05306050869726634
-0.006301236969934801
0.03769068745715996
-0.06253050761426189
-0.07113279894783682
-0.04594746848443848
-0.01549414053394984
-0.039485924920186266
-0.08063673905021373
-0.045101171798913944
-0.038288387052597295
-0.01778194694616495
-0.03587603094699535
-0.046670956228245575
-0.0071463692353765235
-0.03214355369123008
-0.06254260657969207
-0.020087615726559364
-0.02501170886151983
-0.05698466733898543
-0.04293338805806001
-0.049363892650030626
-0.03869238012993049
-0.08877123660663616
-0.002175778985650436
-0.025801322893251835
-0.0491285859216571
-0.029332472682086063
-0.02704905736041361
-0.008228949733443056
-0.024425193699962974
-0.046226420267550423
-0.060678812610185116
-0.05026557008867659
-0.010765239679679843
-0.05622436930427752
-0.011852838451557246
-0.03187277373381915
0.0005084187874999421
0.00677690296786073
-0.012594673740146388
-0.08307540532671587
-0.04442465545596809
-0.020699563539988627
-0.03328611924144421
-0.01980860388310664
-0.008908616904649726
-0.06750409355142428
-0.002152344622816391
-0.015656892627819323
-0.04254073916897598
-0.04476599406009936
-0.0649585023600005
-0.04011602606416833
-0.0420475741482368
-0.053343941491450816
-0.07999775778331081
-0.04048837630191225
-0.06165600216527299
-0.07003587290856066
-0.01575785140180587
-0.05967243215384816
-0.05079409595584268
-0.006372932393554934
-0.04340418272889294
0.013659437750560714
-0.005940893706203064
0.027035895821410343
-0.05390125271222972
-0.031604700698616206
-0.061246594907978694
-0.03741521609971535
0.006768680546022258
-0.018890180651868968
-0.016283365147382736
-0.011378624097123431
0.04110895665456738
0.0010721814424650734
-0.0621357559091399
-0.06426713789343393
-0.04722275198251285
-0.054033127093003924
-0.02632234574388647
-0.04399990926951097
-0.013878519863523266
-0.04145809562178521
-0.09613304629559338
-0.01804216348006039
0.012458032954040705
-0.07015320768702057
-0.07467833488747268
-0.007459736933663716
-0.04325979885712146
-0.059574292834209994
0.022337469830473095
-0.060820672383369315
0.018116259714455914
-0.04462165418092234
-0.060658415571135535
-0.0015841265112524362
0.015266486640169469
-0.045712959610488976
-0.05361196382176149
-0.023294324925676856
-0.019259373521254838
-0.011903790049184185
-0.005657193682783026
-0.05670607028158992
-0.053859384924520304
-0.05378659475158618
-0.01624010334884549
-0.055852405585617944
-0.044580711794691114
-0.07517056904562619
-0.014702018895525085
-0.00467173538232039
-0.01812807729966304
-0.03997468010343232
-0.02578909812148345
-0.04741068621566749
-0.030144728699281424
-0.039008619616192945
0.0011924918824952058
-0.05045475670350488
-0.058563350854391065
-0.032097497390579946
-0.018830622827650332
-0.03146793940669555
-0.054482057380509714
-0.05545647868045027
-0.058554387437538824
-0.04569386141437726
-0.008471950336626611
-0.008008710260274367
-0.019277140083562724
-0.052666124371839984
-0.03003683327892681
-0.05216127539654097
0.019643283970585464
-0.03579154153389681
-0.07518731278874938
-0.039939532873929665
-0.07778272736077038
-0.02633449557964198
-0.050835739610638746
-0.0051920795229801935
-0.01625649585592421
-0.05152264997400237
-0.07108569191623061
-0.04169118903231599
-0.03278214605548435
-0.042983826320027965
-0.05681896280656326
