0.0017484818312963994
-0.005493711894451265
0.008886898600096308
-0.021998153890950566
-0.009218723739318103
0.0037026632556761392
-0.00013722587732880633
-0.007924542217070405
0.015560798259924515
0.03233952719168463
-0.017525880757040632
-0.028454095444462188
-0.000320076152106801
0.01285397535498132
-0.020291744607545605
-0.009494244428345545
0.009481317648125955
-0.02569810736924574
-0.0038733409545903714
-0.029542945775338877
-0.02185893458310469
-0.02391889018732083
0.002121998152571627
0.023705855886272893
-0.01457789498081
-0.03633136428202198
-0.0032010188445310023
-0.008222384167296384
-0.007601564825013369
0.014232769561997378
-0.007104109476380018
-0.023863500869080515
-0.011822583288384285
-0.013695237307130114
0.05734134350697025
-0.007363643861187208
0.013167675729116124
-0.025888024310453336
-0.027380403855644015
0.0033655364555258303
-0.03459145903516711
0.06700515180377804
-0.032187787260306404
-0.005772984679823596
-0.006746298262733328
-0.0001352189632073779
-0.0004369763867446792
-0.018826380280125364
-0.013511295632859003
-0.02897719576891398
-0.028594381522711085
-0.02386327597875061
-0.006984725140512458
-0.03911077408318117
-0.014799485849457564
0.020456069467853572
-0.01451012193121483
-0.031808208996148626
0.014706774291598477
0.0036539337842046125
0.008944574492559918
0.0025115467683508447
-0.03024517315170329
0.015031843210523982
0.00011014285627534634
0.039989630278107896
-0.043808461685863186
-0.027734353882743402
-0.02656623095265908
0.021634179663566143
-0.013956141655597295
0.010827375626199072
0.019749922491046915
0.0038183941782597933
0.030839613761410624
-0.033148634429220676
-0.019600658262126203
0.03377712592444241
-0.03349889491784817
-0.004541892957303719
-0.05272888161669727
0.010086101232403001
-0.015109222172931916
-0.030113987085669126
-0.05896324719867864
0.008971449542245628
-0.03307495384461557
-0.005302742075728386
-0.005513693763060597
0.01234316900839817
-0.01788431946588595
0.011085065232186567
-0.0011908293342258406
-0.0016887429713713722
-0.04462541144351541
0.0030128161173499333
-0.040817450834197126
0.0330792988893823
-0.0018764564463756078
0.04596223689484999
-0.019410715308328195
0.016520547811042466
-0.02002448292282453
-0.02470525482535889
-0.018015536115960438
0.011107676175161115
0.01877544907211798
-0.003186025524711671
-0.013528027648237989
-0.020231466728137942
-0.023686221200734495
-0.008918856926094659
-0.009259167890549782
-0.015890364599705855
-0.0401299009677899
0.00863189323771141
-0.025687811289671965
0.01932166827083799
0.007813335465951313
-0.021253497281285644
0.03096129471753365
-0.00286258125221003
0.019034569471422493
-0.011637106037680414
0.004279579369109662
-0.00014587670289307499
-0.013305541605941221
0.01251443355039197
-0.028803477130600094
-0.01983182184628349
-0.043744431284935076
-0.010438568850397869
-0.008927919205335928
-0.05619258707529403
0.028613454164180235
-0.04033091375922277
0.008514813806566646
-0.037945183868674445
-0.004707734108791874
0.021860019125670253
0.022211943867451355
-0.04010371997982817
-0.02641201014228555
0.04095769209435318
-0.009494892390375324
-0.006146615031720827
-0.017012889648875654
-0.024850451884956312
0.019041980470483708
-0.010554624400065112
-0.021675062564605184
0.004460855431680318
-0.0014150926152305763
-0.016440800631858935
0.007935108529206779
-0.021289434995609383
0.01267431045100181
0.005394239601154135
0.023497705215834292
0.0030892314343620763
-0.028672575600727213
-0.03658490219179662
-0.030735745557099885
0.01199908295534422
-0.03565484708492897
-0.016752021354841957
-0.007923808391812259
0.009273783966478702
-0.019253092211599054
-0.015267814883379405
0.015509262595100973
-0.0032365309195523774
-0.005944772579895657
-0.020025851016065223
0.0027164462620213954
-0.011923270587558295
-0.07432366501236887
-0.0016103811978433061
0.022411524615594463
-0.016522369092085064
-0.023440722639609893
-0.02824489673019438
-0.04676869564854517
-0.010586777512533348
-0.010814746743194366
0.0007492715366098114
-0.006839030018654426
-0.02955227305226808
-0.029802212689936478
-0.04643902710943986
-0.03859626654824702
-0.009093448574864197
-0.0031694449760332095
-0.049301022069335065
0.0010402118447492492
-0.014625640000192848
0.016279091630166356
-0.013219729565150965
-0.013036230488317256
-0.02418204780604498
-0.02457032106848848
-0.017636363029779015
-0.009998599636282912
0.013578264402737607
-0.02971654256301854
-0.008149046420056379
0.0016352134186951896
0.0011385744430637392
-0.05319824569454478
0.005892732804399065
0.014424047518752975
-0.04458083236356536
-0.025225471606804308
-0.01917300096276276
-0.02045466528136701
-0.01973700095429482
-0.010185540521410675
-0.03183401038238178
0.009667194899405727
0.030493167690906643
-0.005057836669778694
-0.006336181665143326
0.008550632096063836
0.008429847471174215
-0.01508922280205595
0.0005528981798432701
-0.006943381272564371
0.0019553378093904988
-0.021129193012319865
-0.013156549148599834
-0.029240131828639458
-0.03736202793904239
-0.006456363583903566
0.015461427431208293
-0.00998149744544027
0.03205610694627825
-0.0167067279641285
-0.023982751329959216
-0.017355718416918207
-0.007224353683931204
-0.0010451560373830856
0.02089263910871083
-0.0021144045177636734
-0.032095379103641346
0.004842849405281437
0.02546490682671153
-0.00195621642212379
-0.004656524881401467
-0.00920813383964222
-0.01868313781780174
0.023448834098824943
0.0017281279210269746
0.022780522236992513
0.023808600141735276
-0.009180452296126601
-0.038246803368405614
