-0.26317049855425123
-0.03542209175046917
-0.23378344624687838
-0.07064964595986037
-0.18639758850202998
-0.32130924882196993
-0.2967114486769042
-0.09282092624658239
-0.19912577693631273
-0.3416424278056201
-0.11159273368224842
-0.17493217699011387
-0.04081824415145022
-0.1065131021613894
-0.0618501753213195
-0.11898072537829124
0.004050751812879491
-0.30773770368446235
-0.08652198011420952
-0.023340511003188326
-0.21414117080253114
-0.30907908931528766
-0.04157053288880759
-0.00619220249357315
-0.28218672082262
-0.22643286864007633
-0.11574100927834494
-0.0202426287623508
-0.17856637415537685
-0.3214164674157479
-0.1781081138471029
-0.28678512081681895
-0.27869325670421596
-0.09465512890771195
-0.12226554931349229
-0.3406659965700307
-0.16491113988358497
-0.3443953460376244
-0.03620771428308306
-0.26100402269045775
-0.2388195042048138
-0.3886830657214641
-0.310120531689172
-0.15383864403676376
-0.19964844909977167
-0.12911428529072286
-0.2522977073245156
-0.23119551597635254
-0.21586848699789107
-0.10433917213022294
-0.0518187438438773
-0.18873725128804036
-0.24713270796248138
0.01897592954467872
-0.29195884886046086
-0.1670958256856903
-0.04746207195809694
-0.05390081706130746
-0.039749047662571396
-0.23265383572410647
-0.09645819145882736
-0.2977306422973621
-0.10049370212510182
-0.2312559633501603
-0.014863916738045945
-0.04290922963768959
-0.15750245236155017
-0.16934811545689832
-0.32642406463055496
-0.07819828412800868
-0.08655236130695748
-0.1917852331439534
-0.11423898479308713
-0.0414765914217723
-0.3257306491921346
-0.31054566996464533
-0.11925021533285816
-0.13783293393083315
-0.04205044560799934
-0.035973564160144515
-0.04014107148678514
-0.174773437061045
-0.17568749665211403
-0.12316588304604045
-0.13811659780771499
-0.2613295385758724
-0.38071383551954374
-0.14298964362842803
-0.08228500598887184
-0.3576514494380526
-0.2790821934443571
-0.37167389506715054
-0.36537797879514905
-0.34928273498692247
-0.29531651811119525
-0.10631488867794578
-0.11573525777555171
-0.16512447702683483
-0.36487473676413856
-0.34661909440640964
-0.18659347308581095
-0.32320139859439134
-0.32158675363126454
-0.3265138187188359
-0.3014465262549908
-0.3477026456579512
-0.10249766696042258
-0.0695650893339629
-0.2681761731569181
-0.05347004798639395
-0.29441632423364295
-0.09169388571701166
-0.07224520595638552
-0.06395766451083094
-0.2037532245622642
-0.13475578832789586
-0.0366365063014369
-0.12516958167643494
-0.09990439274232257
-0.2851333801243724
-0.2656925856457393
-0.2879202011264226
-0.25051909782152104
-0.09749144514528038
-0.1411137903025578
-0.05151087046636216
-0.3318274679823881
-0.030573664384926764
-0.28227214561621433
-0.19185742147834028
-0.01318396791404362
-0.23106502914873947
-0.11001510882862972
-0.2505707406648705
-0.15733251686278774
-0.15734037577487844
-0.18502622342398875
-0.34865388990504825
-0.2044272142005082
-0.2829992149985688
-0.13376621934705857
-0.15785508933857278
-0.09453947212718541
-0.12185761440125259
-0.22863951753131784
-0.3400929229959598
-0.136971071460341
-0.08576938441620388
-0.03588456293910844
-0.18934146999566073
-0.3596959358847637
-0.2425237752904943
-0.0667410882125936
-0.274125130348809
-0.29622217480945373
-0.3084701959150692
-0.0366043717641676
-0.05005413893216521
-0.2729106186112655
-0.049983860590710374
-0.024434903818017543
-0.09324454446471699
-0.21972362228449002
-0.3496647277755341
-0.25362679243306263
-0.13092549206368811
-0.2439602599012655
-0.2006886388842634
-0.24908549920353784
-0.3323159075911432
-0.32869267357485066
-0.14614102538800533
-0.047767062519987004
-0.3233902636698082
-0.2758099194807633
-0.3245126512385372
-0.04132995125704082
-0.2762700450650378
-0.1686853800481263
-0.10253374908943826
-0.31740342366087765
-0.1806794981493792
-0.08253911368075248
-0.021781481592517107
-0.004707968293412523
-0.053158869399453634
-0.0038752377508244028
-0.20542450699655013
-0.36460270654823573
-0.3724669781621148
-0.1462574648023496
-0.07431703152098283
-0.02975716564445762
-0.16762513040389543
-0.20733690162018126
-0.025874562568168558
-0.19743557925403965
-0.2399560649228829
-0.358781402535409
-0.26551292497353146
-0.14239392486640703
-0.21502349641607005
-0.23690882230872223
-0.12350801310771764
-0.21621458363549434
-0.3097475067180694
-0.11791201888009457
-0.18377657082917348
-0.3833471726073569
-0.301938596551281
-0.02428193425238861
-0.08368883241052635
-0.04232419712400758
-0.12101249587188115
-0.35615703584622177
-0.3261456260133125
-0.16919700080955155
-0.198603405307844
-0.05434947070127514
-0.19633551332271107
-0.22253149549490892
-0.20753452556606874
-0.16119467826884598
-0.25696538871693003
-0.30911397456912754
-0.35085778544649543
-0.07866840027410044
-0.12438412976380958
-0.18367058042437398
-0.3076568221635869
-0.21198983393755008
-0.02523041399595686
-0.1625828474035248
-0.04327430235095507
-0.05158864894798682
-0.3566368853216105
-0.07792625267714717
-0.2263108458850498
-0.062046074731799045
-0.22691738766689104
-0.1373926561092351
-0.3471067680863119
-0.262230139860634
-0.3663785116250955
0.007282075390948451
-0.13784577156874517
-0.08861762299898558
-0.16531509466862707
-0.06795999896065555
-0.08478547971244062
-0.29400525072450123
-0.29504149701739646
-0.025768485188579666
-0.19937644500969268
-0.2979358216710807
-0.19823189778851827
