0.0037470040575012936
0.3332488900168408
0.30476229314175046
0.17108054560311253
0.24800949498917796
0.1785843378981353
0.1954230857226893
0.3732161231377354
0.16935874345727095
0.12466183432862529
0.1167451176201625
0.20441989575997915
0.24910841180990634
0.35053923408478055
0.39240475600548463
0.15797746686681133
0.08821899255651836
0.11647516109040701
0.1770148968960491
0.2820748602829807
0.045681583135722494
0.31524507741102553
0.06239754671459748
0.4132927638233075
0.0605120143584155
0.3097400395214973
0.22888864740068024
0.04996478892549448
0.10824990188980645
0.3980145122849276
0.04875418541461617
0.2764678392755294
0.3911056884817997
0.2222428778718528
0.2996441538875798
0.1718693126490804
0.03193751534735091
0.17843562721407932
0.3511094302468441
0.19168955189233483
0.16791346332893467
0.26644434492405494
0.03886250247089704
0.050862071016897575
0.03668577609572013
0.3168306164246266
-0.036063867956192215
0.11946311898349181
0.15443217771771972
0.22475605231726148
0.39226551767044254
0.11303137217285056
0.31976170000168447
0.07852457454773343
0.12743858049452536
0.26573314558392225
0.3533718697889479
0.3084222759481625
0.3359222838815391
0.1387380536734178
0.23840688133736482
0.3091685450420958
0.05956882195171159
0.3260197285196452
0.08165634337812838
0.275918000491195
0.2315790475748227
0.1809440458978245
0.44961282542698777
0.06624472665756567
0.17117730904090675
0.053258658626928204
0.03313672831597191
0.19298939046850921
0.38520301879450236
0.3583217976556615
0.0051166272939645804
0.20148514260372974
0.14475557378731818
0.1269624379905257
0.08539531591124006
0.03736741601742571
0.0011216253702018104
0.3279598244823186
0.4322594275932078
0.3618765988503001
0.1397621901934698
0.24058940823350367
0.3516205909695543
0.051228693415045164
0.09343314698645336
0.23541840044100984
0.2285488464960269
0.38756670737840276
0.12747038777971795
0.22297267508483778
0.18154385694017033
0.24950025857402713
0.13300398040645448
0.15661662332002074
0.2348563625427038
0.411979691852705
0.1211596127628641
-0.0002914592022129003
0.15463588057365332
0.18794730630494225
0.32077661832969384
0.2545452691689722
-0.013639026787183291
0.22646931426753458
0.44438275397596083
0.4568492108877398
0.24216452002875305
0.05654974350263671
0.2531259540379571
0.07506222355033837
0.1732402315594662
0.13419934209899165
0.27325055551076755
0.3806478398317029
0.3227272830863405
0.3361011404267635
0.2946380035017353
0.2731607966411729
0.03144721808688215
-0.011951130891157631
0.26785155396369575
0.32228254406743034
0.06967857706880085
0.4374532661047438
0.19092106140983656
0.1980187787456532
0.2447565542774131
0.12373609374386356
0.027882667051167882
0.40801892627342506
0.09199578370191772
0.3440418432525487
0.21683178225412114
0.28535636447989715
0.07886241144904854
0.17732921447837058
0.3832777071594573
0.12711097280463185
0.43063468719799836
0.4407280159905514
0.3058501083948353
0.4316321885048882
0.36507174813939963
0.1349772409921223
0.08579968650625736
0.16947604431695584
0.05139399273879447
0.04393137485614971
0.22642393457525486
0.27231040999796524
0.24202242707306507
0.06182675461919916
0.09883286292908926
0.33643944855670477
0.1562326625379962
0.4340894104353735
0.3845484684607447
0.1785171623496963
0.3166181881608057
0.3474751096700324
0.22433403071913002
0.03611682734146406
0.4756260000809639
0.2039672999839529
0.4551374368760098
0.04110022149585353
0.23248044793950076
0.3476980881511465
0.0987225514832046
0.15603566850762324
0.43181245089614345
0.33409250780405475
0.2277997542441201
0.34992336491053766
-0.0048893108583924014
0.14212270866852628
0.36469011292011666
0.3280943162597222
0.013643438381791329
0.2607973736426378
0.29139527133357307
0.07896333104033862
0.13945967299097806
0.03090864530396989
0.4559063683791482
0.2168248591662673
0.27832619479695947
0.26878066651824634
0.11882585928440051
0.040180478843295564
0.4224738786715606
0.3492240065489026
0.318537227140647
0.12388238827943024
0.04375440379209697
0.3614843940149432
0.14150542208248848
0.4128424917246406
0.288657518253197
0.25094471082247854
0.17812674559052064
0.3620538001580475
0.19286330998256987
0.1640191454454623
0.22326215074669722
0.4247279124104153
0.3061259255479434
0.3834478429339731
0.06239746563238888
0.3285533913212
0.07146688118435895
0.40575461573675176
0.36887822063238496
0.36915606578611715
-0.017854228565983343
0.21544141429201905
0.1799240395492938
0.052280354390443554
0.1930331821996679
0.2996330580126992
0.16119438009261458
0.37564336420824845
0.15359050269151223
0.041137796507257074
0.14499255334104072
0.32914558694331886
0.0937612020612322
0.21218410921480974
0.34540305988051234
0.3528163887704532
0.40434732383519195
-0.002866709174124263
0.4430671376093085
0.10200008900274937
0.3314143653709745
0.11591997266368513
0.3722954566932885
0.03150019878279303
0.22211471881440034
0.18145988233206023
0.08954448704721293
0.22265146065774072
0.07031680254358791
0.35623562368662565
0.3111683632392388
0.45766137616137603
0.2585238467390283
0.2609479167417267
0.029914996728513926
0.2471415045399008
