0.755048307369463
0.7645675391614948
0.8348550905971778
0.8593776095669667
0.8897982490916648
-0.9071594638879344
-0.8868504726964329
-0.851176839806699
-0.7549617617418939
-0.7652374855665294
-0.7150430733890545
-0.6890966816466068
-0.6450851111839497
-0.6424413071241537
-0.5680525193401246
-0.5041758032696708
-0.4945434384438407
-0.48840316765676156
-0.41709462616407644
-0.4169118119318462
-0.35018239782068394
-0.29645913555019904
-0.28622545506441954
-0.24160341500571453
-0.2286899073375777
-0.14815065152583184
-0.12577088525913463
-0.13048045682935575
-0.03340812978594322
0.0011248272182200064
0.013526890589798772
0.02011204687953135
0.06948400680324865
0.11051962557776115
0.16424928123756968
0.20096523518040302
0.22750866334018333
0.2630021885520639
0.2682650359406385
0.3234060809874286
0.34548239344009535
0.4112845691882385
0.4288288525098122
0.4809389107571459
0.5037785585214338
0.5534102036781473
0.5855564776664066
0.6020426859926704
0.6693019793247835
0.6933566958471881
0.758670632213988
0.7892475450741079
0.7888391956795447
0.8240970374912291
0.882654285160643
-0.9238597766447074
-0.8811423768736111
-0.8491798935323371
-0.8087855045664828
-0.7513859630013802
-0.7485465540634302
-0.6852864024661535
-0.6691337856856796
-0.6015084251585091
-0.5973477063957693
-0.5564101816528004
-0.509405017033713
-0.4714156665429229
-0.4647316588261464
-0.41798348065846
-0.4082377409578456
-0.34044234602816786
-0.3187476159004232
-0.25398537197349796
-0.2233979615216888
-0.20263561970293884
-0.1380733208927457
-0.11813567712343385
-0.054382407737577326
-0.03583467412476484
-0.03196137343710302
0.025141270982844896
0.07519329669168769
0.1040272185191193
0.14597445226438524
0.17352029261176896
0.20368417980073758
0.2516651920389052
0.29806787873426394
0.3503799319342972
0.35176473394355
0.3894248076949657
0.4303478737597103
0.45875779879914647
0.5047341861355223
0.559159761657704
0.5974103838763033
0.6127996487444184
0.6717441522118258
0.6773860597595789
0.7500443751760942
0.7640126837453555
0.7772068373906704
0.8450271256679109
0.8747673372630752
0.9151334279851964
-0.870027033938899
-0.8182808383555636
-0.821822836380169
-0.7730353208928408
-0.7132645136217112
-0.6726427031914243
-0.6332410215784763
-0.6422910659181682
-0.5948814641888136
-0.544932023750465
-0.524381536131941
-0.4358525639190836
-0.463347765330787
-0.4375014293880774
-0.38045287204425315
-0.3161794477107781
-0.29669231917493705
-0.28189314922791836
-0.19932699241644772
-0.17698525319800668
-0.17988571410737741
-0.11912575197205034
-0.11022958609400922
-0.04823695422292493
-0.019682794654553862
0.046031214760068696
0.056296828556387624
0.08825467713927443
0.128763430933505
0.15745278789249736
0.23021625153146097
0.2517420719133466
0.25886873489907325
0.3090115220579843
0.3619505747659754
0.40566702780904634
0.4471532953294227
0.43918026699153034
0.5073923866090331
0.5291673583791046
0.5872539152475023
0.6293361440320283
0.6692698353080416
0.6835816488815911
0.7322539544849931
0.7322995476565602
0.7940761127427889
0.8353167251584401
0.8525780847765697
0.9068507034242131
-0.8900097894695426
-0.8315789635861565
-0.8256924908953176
-0.783354751588649
-0.6960602085256355
-0.7202789878960338
-0.6741982667309082
-0.6539128111702023
-0.570000725948414
-0.5988981664776647
-0.5132464376487831
-0.47611653488919486
-0.45213111796996835
-0.44084274802277534
-0.3542846542140431
-0.3501017185224921
-0.2517129149459176
-0.2878568988919112
-0.23803847735787886
-0.18765489620101683
-0.10656959232000038
-0.10299542599768689
-0.08173521664991225
-0.03126776913927779
-0.00792376038255154
0.020491251073861134
0.09863919665616674
0.10286554962189207
0.13325741863568016
0.19378963018192097
0.18612846433780544
0.2791697572466572
0.30182408313694076
0.34899182311185506
0.3491600092494416
0.3878014054612359
0.39104880705684864
0.4921061541744042
0.48605339078840715
0.5259477486707843
0.5473544242191247
0.6006831851890324
0.6205992697757369
0.7029274517115073
0.7207665450861119
0.7653451136875754
0.8081926571514589
0.8414238492709153
0.8178690554459599
0.8975341468253032
-0.8996384687365948
-0.8395190813168786
-0.8136830064689543
-0.7571342919887877
-0.7614943650418269
-0.6947003445532303
-0.6825084871875532
-0.6486191534445924
-0.6371436444671154
-0.5259059575276717
-0.5184720722704849
-0.5040262005819246
-0.48966523338125245
-0.43391849448992253
-0.3622545561350309
-0.34791640251770944
-0.31827883945582836
-0.23936821090647079
-0.21234902795697608
-0.1650370491553039
-0.1446875554051259
-0.1324188024814274
-0.12557405063382643
-0.0348660857567728
-0.026673261803994222
-0.002161625499013501
0.04134449779386985
0.1121433572090407
0.1054239305360124
0.16116154303123612
0.1727847106764048
0.24621488308540748
0.264441947261504
0.3572054666832425
0.35085848835154737
0.3894064773953646
0.39186266710755585
0.4576728901383695
0.513144671118788
0.5447406716224623
0.5555864094058572
0.5975424214664322
0.6513695093834095
0.6809397383829088
0.6886265572752347
0.7187274238104726
0.8074810334549906
0.8142176843455041
0.8870753998539892
0.9208112869689685
