-0.10197040706922815
-0.14601221250697408
-0.10758353580182882
-0.08526530618350928
-0.05951726485430116
-0.05847663524643604
-0.03863101376690463
-0.012984445737547607
-0.0218902737445338
0.030013070014964376
0.00035593090405596287
0.035825393703758125
0.07095961673306184
0.056719066845470914
0.09484874141619208
0.09330688363544531
0.07336163314478475
0.11730252619295921
0.10519595347277473
0.14337767530226106
0.14664479328702995
0.14952527538179766
0.13848637090987256
0.10019115332326509
0.12286911268844064
0.07833976608538461
0.11136554279502359
0.08321191200226793
0.0548540367035193
0.06854887467486134
0.09380794289382881
0.03713572463913509
0.013212228584992141
0.025976752516009
-0.027185199973396964
-0.011049165672695576
-0.0426539825845845
-0.012507051133153358
-0.07243175442451477
-0.025729662442986065
-0.07945509399688691
-0.13307996194271174
-0.10849136643130873
-0.12319694630897207
-0.16800347733885934
-0.1473227874076592
-0.17152532814794097
-0.13351636342538345
-0.12249033047795585
-0.11144441878983223
-0.11601517942839597
-0.09354479983252002
-0.0997992587790756
-0.08950530106601845
-0.0516026684369246
-0.041534517548525156
-0.010330464839394576
-0.023743325504109448
-0.007212087231739041
0.0052379680317237946
0.01240597745025366
0.03277621990083977
0.04158425749973805
0.0686482853272221
0.07448913063094363
0.11754302236196842
0.08339020152399115
0.1106261275383963
0.09564315784951748
0.12537301673379542
0.16865659489805696
0.15469964140770773
0.15626273183549513
0.15120208884324832
0.07741037840195059
0.16858142484940938
0.10413332300943856
0.09445830440959481
0.05269221944184578
0.054826222310104984
0.05267330989243382
0.03360635177219599
0.015759422315948582
-0.025390952131054228
-0.04953001486526648
0.00261323640975928
-0.03348601476729559
-0.024163620395375382
-0.06418002075953673
-0.04342608130729358
-0.057789999592913324
-0.06345668225511672
-0.13044853536446038
-0.12117356190001677
-0.12306363214293324
-0.14367722372685376
-0.13789387967884514
-0.12865219866116517
-0.15944418182622602
-0.11966376022799297
-0.10533434329272498
-0.08113561951256817
-0.09881821930484305
-0.054295041616869454
-0.08786582804127013
-0.05078612455340177
-0.006974802629986905
-0.012876642616953654
-0.007748020182022969
-0.00939683254807926
0.015722833794860423
0.03297202460685647
0.027553910001517908
0.05695420412327238
0.05229309008096729
0.05250076702111889
0.0821828451473741
0.10760856027944042
0.13765997127443624
0.09281455440574561
0.11147182923251457
0.16027782215668904
0.14708713767257325
0.1458726200802595
0.09994495604772073
0.11548029940590425
0.10099103256237207
0.05407281123295917
0.06301519865222707
0.06283564165505777
0.04716656242509954
0.044554041302608316
0.03558653162360649
-0.009128249091989544
0.016476959383731234
-0.008927528107362078
-0.07577495087773534
-0.04295865843671126
-0.06871903214924086
-0.06941286613334263
-0.09753260195386168
-0.08711774142618212
-0.11172059117998054
-0.1371633599903847
-0.10235227271974352
-0.1336333556775134
-0.1531576216522727
-0.1525150402898711
-0.14852266906585204
-0.08014464741082081
-0.11344361496679503
-0.0991566247262954
-0.08001166577158474
-0.07814109410710349
-0.018970593296138226
-0.05116864034028508
0.0017289899437599315
-0.04073900561481661
-0.032993116806381916
0.028891978703188922
0.034707655914734514
0.011411245799757906
0.07451669043090477
0.057671320126449314
0.06907688348872953
0.11106563476406511
0.10862112755860126
0.0801067723952572
0.12709955290882538
0.10068328834147998
0.12562004773199323
0.17261425344372178
0.14417975761700544
0.14275880494344828
0.13346938407704717
0.11431490863473245
0.09098998801790115
0.10013629252862878
0.09488262059036029
0.05093508386902192
0.023055085908753853
0.05222074017746606
0.03291463867810338
0.011906311597912342
-0.00755285323106424
-0.03709364138120692
-0.05477935082686862
-0.047210486853751066
-0.030833315598502664
-0.017982516765235067
-0.08845689429550735
-0.12420515672141413
-0.07899266687138028
-0.11868984222703657
-0.13519255185493828
-0.15479874874692598
-0.13568305295556182
-0.1327479929079116
-0.1369938456729008
-0.12329429053762725
-0.11110520629643808
-0.07507325480959784
-0.05316701402452514
-0.08337062080622229
-0.09170045935763292
-0.026759153723280447
-0.030024883403363074
-0.00673078062018222
0.010617599835366023
0.0068383347233033735
-0.03972013335816897
0.0318516501727687
0.029623287603999807
0.04080442461284042
0.026777074701901535
0.06601817051085765
0.06567687971852852
0.08562994069360516
0.13066208215042263
0.14060857249270825
0.12525148096826244
0.16256132124446424
0.1498583419050048
0.17125985936004484
0.14975347233683317
0.11201592250049956
0.09240291737255046
0.09039510254425748
0.054994767336878185
0.027313491435125757
0.0838703631830518
0.011657756550773658
0.014447519398853293
0.004328706766133608
-0.0007237729072299378
-0.025627689724811997
-0.032071706516793363
-0.06162701617560429
-0.04103591918405289
-0.039407871349333906
-0.12695418044732226
-0.084905990587144
-0.12879180949476055
-0.09670277104007821
-0.13202145262303636
-0.09201565939847556
-0.16918559100299946
-0.1698404800970834
-0.16676323825533101
-0.1532864733718075
-0.1280335101329705
-0.12220586037544186
-0.06739070992674318
-0.08504747930295327
-0.0717883822328053
-0.03809519650293177
