0.5488309261345692
0.5448954692909004
0.5925969042538455
0.5471686427581741
0.5275950170961182
0.5918834747678268
0.530795046857689
0.5804893852267385
-0.5447049398680043
-0.5269650312621049
-0.561174756660469
-0.5570263475154034
-0.5358709095831623
-0.5443506190950657
-0.539808352314741
-0.5668245830161432
-0.5595867276692278
-0.570690791785958
-0.5291471278101534
-0.558732377306069
-0.5463633558437831
-0.5580640846489557
-0.5370574344486445
-0.5567799546490458
-0.5591165923865733
-0.5366874603568148
-0.5256767943286791
-0.5642062052927252
-0.5795814676339318
-0.5414975491926621
-0.5418049736958962
-0.5909083479157471
-0.5461804292087159
-0.5309846226635068
-0.560358234290564
-0.5676728133288377
-0.5525280897357552
-0.5941473857283959
-0.5749651380374263
-0.6107817449129089
-0.5484780176032248
-0.5308203653500453
-0.5574070542749079
-0.559003823805452
-0.560458368992506
-0.5343076415976808
-0.527082451058101
-0.5511069989860826
-0.6035578485135272
-0.5768124836301844
-0.5638029274029278
-0.5393946864254815
-0.5894021387324332
-0.5437007338599632
-0.5641677591010072
-0.5475741986345258
-0.5366874613945253
-0.5723058989759808
0.5325419509055938
0.5550292757490267
0.5989612402737851
0.5659292501413168
0.5761889295019873
0.5549880912331595
0.5625176198770556
0.5682080187703131
0.5555724397495094
0.5510629287538584
0.5634623282839127
0.5566018773067752
0.5326355942805631
0.5443499663200306
0.5485089541634522
0.5644757173001821
0.5599171076803336
0.5439201268812713
0.539308782119443
0.52353665210098
0.5439973606819137
0.5220384129978802
0.6001000310538233
0.588517226550227
0.6023936696762663
0.5625815200091315
0.5547489496093893
0.5596845915325299
0.5818139136286342
0.5451782479603682
0.5692754517438743
0.5582028243729323
0.5624179931286323
0.5634876186172988
0.5616851504005406
0.5704713957952429
0.5389174557907765
0.575348009395725
0.5887762268622403
0.5538681311319719
0.5488644606767785
0.56798234185855
0.5621857398792018
0.5314053172055513
0.5537333460328303
0.5715359209013271
0.5460315689517057
0.5613283521875357
0.5511616155253922
0.5456347291043526
-0.561447685435234
-0.5754012396922661
-0.5456897551796935
-0.5742901174212728
-0.5788285272313204
-0.5666558502502174
-0.5414484152165466
-0.5741442702220659
-0.5668113221954845
-0.5288146131487846
-0.5772305087853322
-0.5884077332133317
-0.6216108579584888
-0.580504119939298
-0.5820448645951409
-0.5743565533501955
-0.5484246177734118
-0.5393783189777239
-0.5324369577817478
-0.503884357786748
-0.5656834725946357
-0.5518894122779295
-0.5674247480599264
-0.5775638499052728
-0.5608834627409887
-0.6008556092024127
-0.5309967973492576
-0.5871745142564518
-0.5879807438953997
-0.5829981374056228
-0.570664125781496
-0.5792817746840507
-0.553208815537507
-0.5828299788920012
-0.5345987696540255
-0.5618774736636145
-0.577021683155348
-0.5564048743217872
-0.5568070738096667
-0.5379287646492196
-0.558488120307751
-0.537792137319618
-0.5830268841553273
-0.6045666425237011
-0.5534812966530065
-0.5593494807453182
-0.568950386928911
-0.5731066040090447
-0.5462807058807378
-0.5638253368908042
0.5409958248322794
0.5163262222018324
0.5700075692159764
0.5526000777361189
0.5934641495426172
0.5967011234720281
0.5679071121790543
0.5285220875428784
0.5566270705992225
0.5235889693193321
0.5271138019606768
0.5561432132632765
0.5269010860157995
0.5943453817479978
0.5484576641786775
0.5369123617171325
0.570406191198411
0.5633091112695308
0.5705880447215067
0.5415522114150941
0.5458984464955174
0.5212956554976752
0.5790650039157492
0.5473592011602723
0.5542269884866171
0.5562386809709235
0.5671305806476791
0.578383603059571
0.5658947674471148
0.5842628356275388
0.5822418046095328
0.5618572458641867
0.5611926784920652
0.566994841166442
0.5543554241649519
0.5644686514142615
0.5417206411664647
0.5442917070607589
0.5634468619149218
0.5269749261398747
0.5779251888689019
0.5561034012313657
0.5806277313145025
0.5645346526734528
0.5921158270730584
0.582922333324005
0.5860624409631741
0.5686016065747421
0.5667789638104972
0.5350160830913424
-0.5398517186085414
-0.5841668307127287
-0.5526834375579257
-0.5661759841098492
-0.5316430783082804
-0.5230281047970052
-0.5449577949904583
-0.562655301033178
-0.5816368888289594
-0.5797563044869154
-0.57589115061373
-0.5653389648546314
-0.5473678025689631
-0.5319445493462738
-0.5470256109372219
-0.5611456052799011
-0.541643887231308
-0.536748104426613
-0.5737307317674448
-0.5456889378839653
-0.5698675336142365
-0.5522691835053732
-0.53850357562367
-0.5618977560515656
-0.5424598359800976
-0.5810814903827681
-0.5554054165514171
-0.5656188518991858
-0.5257332361267112
-0.521341354504421
-0.5308346036714093
-0.5299460605922554
-0.5313015249067788
-0.5468394936126285
-0.5389579272720191
-0.5405833387240093
-0.5680708577541964
-0.5183597790023877
-0.5716413610693004
-0.5829130077593676
-0.5587676106693676
-0.5435069720206278
-0.5729475545838355
-0.5932324144410278
-0.5641892513358953
-0.5374999220038978
-0.5630109736167063
-0.5615119950316858
