0.41070402658927074
0.08763028266024597
0.18625191407214986
0.192759890462915
0.03253071034824982
0.07453449274106497
0.17191616867224857
0.40763167305660636
0.1492850963811364
0.4227303123027943
0.3168223918764709
0.15130439125088407
0.18921759353262796
0.44754565088949305
0.16561024906422753
0.3449571782483781
0.40158504143097523
0.1470059541892386
0.23718337757136598
0.10618519006343925
0.10649256348711536
0.27789887074806413
0.18756600406262042
0.22751391359538942
0.3926785420411432
0.2927144942747587
0.17949072737462882
0.2123021473503317
0.1709736441459408
0.24433483813597973
0.37785501559868
0.11091605190567408
0.45742486483682465
0.1176951449509472
0.06837144936883276
0.08268806723384903
0.46746102315321564
0.12090619642302088
0.4474234850968793
0.32757727166008926
0.025208577619730135
0.08830643124253382
0.026466960819770576
0.44183658332180253
0.3616111464325677
0.07740280485807065
0.2611837802854838
0.2881125527570431
0.03196675885895797
0.016913480902279076
0.10490162626235314
0.49443168932213716
0.0923495771148499
0.03514730291354058
-0.000992512392130284
0.23410011574357198
0.21167760800569674
0.1569350913531908
0.4565997377734986
0.14731495857448096
0.06772294919976163
0.2074671126715911
0.4333767374114089
0.19878740898238315
0.13234606345917194
0.04695472424163487
0.10504940338004733
0.4866626685235755
0.14123884284523894
0.42160419993988657
0.1306591540373501
0.3753471201218726
0.12966584217640573
0.1740073973876483
0.2469650619667865
-0.01330014062736196
0.40036935023865927
0.5210745474921392
0.13324545400044274
0.0797480378814145
0.10837384937572034
0.23557215647263055
0.1941118919836609
0.20948884931794198
0.274603414348292
0.29279265137413785
0.13980694028195625
0.11867327059310821
0.17299690559935563
0.08747982074822877
0.26440555648787883
0.3031047375977768
0.2811036968439481
0.1577815028125028
0.3405333662389276
0.0005108866535390843
0.10156247316482153
0.4858093502226504
0.16061788946969502
0.38776618777149074
0.47339945310967896
0.2642135541606142
0.1958897171990816
0.4023386110464922
0.12815956577344387
0.2656779982656919
0.281230707758786
0.07136804487322197
0.20107636755639546
0.18307075956059282
0.43636025642305987
0.3491076812772256
0.4139455790861785
0.35111518292568694
0.37634594312241815
0.2164643325243224
0.3203772260882799
0.11451822983240946
0.20665228627647622
0.34535993786069225
0.068233668852037
0.07502608296250016
0.07398363190867793
0.07636199978459311
0.5102399197545346
0.10323065241916778
0.11561157327706972
0.02607764978610967
0.11903999590416345
0.4017942238061757
0.35531439128982895
0.5105739560448059
0.30791823989262357
0.40130663766830355
0.057259168278268824
0.38140685289482323
0.43705857923626723
-0.0014951481408548122
0.19020016464479117
0.16746196667345722
0.3924836926112797
0.5123374667334196
0.22961833518661773
0.36194868237814526
0.46623288631541454
0.15353419956836975
0.008835269981612034
0.484259552688057
0.06130095695727594
0.13032183909743453
0.09220183968591857
0.1232255283581895
0.15882791674055277
0.399866022481859
0.30381775133674893
0.08867490313553175
0.43705957868855516
0.07212575234798561
0.03987875294847228
0.44238108898411643
0.3978933061377312
0.08428090922506723
0.2465649811321689
0.2378293786879983
0.22393088747806608
0.009744629207737086
0.4612070183287999
0.21886870336652323
0.4559250604649004
0.059222550903797286
0.41287448702012475
0.005071736960325493
0.0904024644047549
0.23515634169510904
0.3300842125349094
0.2521280307217174
0.28248286178219767
0.4720365373326702
0.16181834065333447
0.06465759632668053
0.07303521679335871
0.3066014810345481
0.1777253253050094
0.4509745603435935
0.206598980988864
0.3922252603106433
0.45950229560904626
0.15480656960050018
0.20259658123989113
0.0762987470882767
0.44921569449986615
0.3767350161625527
0.13748300658508184
0.39962788652366343
0.0799195798482064
0.3761071285274793
0.44570048932626616
0.16660413820398703
0.315838315889587
0.11493967147903862
0.24911325867304202
0.368953096831114
0.4292012745804692
0.3950258862575566
0.4178595051356366
0.21395136789397864
0.2719395595009227
0.38595912401847426
0.23460400662326938
0.03237993194148001
0.3017441215330685
0.41515330417871155
0.3015394670366381
0.24730078323573754
0.035350841321524704
0.11243925304960338
0.38709111049066847
0.4485000541145247
0.3046196645934118
0.09031952673650606
0.4788152393769253
0.22278434040833867
0.24064773210750487
0.2908479781489417
0.24281250339175434
0.4620102381046401
0.11577244701123139
0.06335867471735548
0.22738825178620808
0.42979483034427723
0.410974320767052
0.15392771113100975
0.2469124131817604
0.38605565406504466
0.15508853518964769
0.1938606121438867
0.2833271458999015
0.44097378013006233
0.4785118170082262
0.42727584129322294
0.19472491039090867
0.49320077545062957
0.21602884258312488
0.3845450194974877
0.11023649488754757
0.39146195070144874
0.33572852582309504
0.48028093899895125
0.19917459360885337
0.1227586645139671
0.308031592874921
0.10163392472854674
0.29381355098491035
0.2769882409016623
0.32568642270258275
0.33517001204795954
