0.18676183915215175
0.19226788127633626
0.15304514509047762
0.10878028250359109
0.0734411927836297
0.0736498118989768
0.07231725093927634
0.0037121499102477605
-0.004590099599249097
-0.012803432461308177
-0.03200074524627723
-0.0711074766650734
-0.07426963923899127
-0.1028707868081625
-0.1518090771351606
-0.1763828492592044
-0.22544388496599865
-0.23549800924313563
-0.23051879964596736
-0.251522054564395
-0.2571411916720549
-0.29895458055863644
-0.2702798649551441
-0.1999763842731784
-0.21305093239820705
-0.17823482799103607
-0.15186552120001218
-0.14221917950701457
-0.09280329571212537
-0.13068256427690855
-0.06893049651459955
-0.09074792118515262
-0.038158723533794126
-0.006783416221646131
0.00656553850904131
0.0302782907881649
0.06573320866207388
0.11739602035440594
0.0885686067070424
0.15276972598244296
0.14022672961783467
0.18633872297819173
0.22781611847916555
0.20610347284346958
0.2755194420881465
0.27888859180719
0.30189425278094334
0.2750532319612426
0.26569475055820907
0.2430802143223939
0.18098651019460615
0.1678131466475575
0.16587852607393205
0.10458947151184864
0.11086323909554405
0.11067608428824532
0.05820052650449352
0.03757889272846229
-0.024347609391340647
-0.022823549965177027
-0.052693761810925846
-0.07279408942518244
-0.10569822451034498
-0.10954599596764163
-0.13699576944315087
-0.14583660051259476
-0.20340575535877697
-0.2056807126633643
-0.22997854399935957
-0.27770865138193035
-0.3084260438050606
-0.2903218796810054
-0.2488159410636824
-0.244607177191968
-0.22370301589057912
-0.19828292078593387
-0.18956966097229325
-0.13451943353383217
-0.1399818646840392
-0.09797972090040784
-0.06984736263435198
-0.0351186216216028
-0.005467112425195646
-0.007973431010936088
0.029151305403789917
0.0667347094992659
0.07733240334559544
0.08532246430111128
0.1178862256241918
0.1339312219139293
0.1190450891272744
0.1653375862377638
0.20431398106771742
0.24444950500572904
0.22106938354443437
0.28597793359610846
0.29896427704658257
0.31824658414812496
0.2528361690891593
0.22087187615357048
0.21118057586801833
0.1910564949887772
0.17704661211893208
0.12830679199845627
0.12398564892666623
0.06614632601353229
0.04231479727126707
0.027744013622833463
0.04205597115036924
-0.010058129825747872
-0.0432093549219063
-0.10004218618652974
-0.0958752992710008
-0.09863699852319974
-0.1299459743408109
-0.1674227322025368
-0.18159660734025382
-0.1729084365337381
-0.2140621608077449
-0.24814015854372967
-0.2767105795786733
-0.34032594628670754
-0.3017852427990354
-0.2909972039754321
-0.20061658790070372
-0.17698746106036217
-0.18199096287336444
-0.131613692839152
-0.15746389117133122
-0.08819367010525454
-0.07425336504228794
-0.04763853632382637
0.017719741230757265
0.0023124089319218177
0.00495422098308349
0.04712965820046634
0.024158356372149775
0.09844527619939195
0.0821346970877872
0.12310754439904084
0.16196600398830371
0.17077486990077345
0.20207661193591936
0.20877651737154299
0.24957767219185095
0.26491937458216225
0.27473558816765276
0.26099868909658963
0.2630140831897405
0.19104804172184134
0.23359910801526773
0.17635928792937028
0.20398391317831246
0.1149554670017156
0.09620766859203445
0.06363498220574448
0.05054036295748399
0.05562295163256491
0.02715569418063596
-0.02395904415268285
-0.009640668246989583
-0.010509526330336014
-0.13399473750498792
-0.11504211916570958
-0.14272274796906392
-0.19264918472147097
-0.18971459632955076
-0.18440694534199073
-0.22778588386363102
-0.2264521214414576
-0.2892698006509486
-0.2914679347456721
-0.26355414723109716
-0.2303707962943629
-0.22207434209253446
-0.1727429867495412
-0.18863842267895867
-0.1548367810164667
-0.10526637244256436
-0.08421713030592379
-0.09399192448363733
-0.04030462490231448
-0.07039817212815933
0.008092250980238773
0.003958621792021884
0.03275773875486535
0.053841229059664604
0.06605511616287825
0.09376915114104946
0.11285409551540689
0.18013644155186376
0.2101900636320902
0.1778559760834858
0.24014920662096298
0.20011959003413154
0.28352722893188426
0.2782503125415551
0.30765134424999413
0.2469751277801279
0.21343569825191094
0.21954747036604152
0.1549171604436985
0.16110462961866318
0.14007887015092446
0.1323483874431353
0.06482781357336502
0.021888713208477927
0.030574169183053522
-0.0101175953994249
-0.012708322085633859
-0.04506204072744615
-0.03998647627814259
-0.04400013666972486
-0.10262185240343105
-0.11306005412162114
-0.16693574610075887
-0.18291353139515673
-0.2307233090481154
-0.25337600750515493
-0.27840453496291423
-0.26787760177911096
-0.2843300382207389
-0.2791801176678996
-0.2768920579372245
-0.22640545544504023
-0.2277790529825885
-0.2045819142421579
-0.18068942841072586
-0.1302043634188518
-0.12999235979929383
-0.07675461529130377
-0.06620731386289151
-0.02113230148499932
-0.016247431979382665
0.042094183406990573
0.05393006790099087
0.07661268609134805
0.09633491899951857
0.10911189796236676
0.16017934015117755
0.17742089121623045
0.19070834923070606
0.1974456442910992
0.2157091039586173
0.2489792408218835
0.27262662907141244
0.2793950497781981
0.32761013528642247
0.28322911039918275
0.2285315622431051
0.22078896917471108
0.17962005071658937
0.1197671709953994
0.14021109490187847
0.09065805106125467
0.07877976148119886
