0.09793626621729586
0.11310735415935796
0.09984891241001266
0.1119853456267948
0.10706508406643185
0.10353971927328834
-0.11542402957812571
-0.1108908842067737
-0.15596894128991678
-0.12531589748588415
-0.11447628157363607
-0.150214491319141
-0.1230968090198736
-0.07274462788189551
-0.1407456022440515
-0.16214970669278894
-0.09286650205347183
-0.10473006908872529
0.11450001953545465
0.0877358020422164
0.11801934690905332
0.14036271112443852
0.10913339212799736
0.11813373658558142
0.11255964402160028
0.13090446852693421
0.12919216605600767
0.07934055089094105
0.1472960570291967
0.12209240058518059
0.12271184248652953
-0.11449557236024172
-0.12070166335360721
-0.13041906872256206
-0.09645725498075773
-0.09188281481550886
-0.1192634006733299
-0.13329104886506232
-0.10355731312086695
-0.09670203035584572
-0.09116157193122298
-0.11217417009785746
-0.10500703673975582
0.12983248703003544
0.10460712178476
0.09679686632760748
0.1280929552572936
0.1291399324850087
0.09625263999854522
0.12718606013609338
0.11490123316421341
0.10844561784053829
0.12124030248710801
0.1250844158339111
0.12471756932991197
0.12776324629517713
-0.10005572633259475
-0.10867592918822971
-0.10417269166126406
-0.12670002583800374
-0.14649306947709737
-0.12934806016934136
-0.12213432470361463
-0.12050906676069165
-0.10632018074093184
-0.10744832577393168
-0.12143086174358436
-0.11631553255139981
0.1339250308496577
0.12233894860859806
0.0821852876913262
0.10355880669858848
0.1223675470837979
0.11767615248425099
0.1191197945330918
0.11681305726909645
0.12289234579931879
0.10381094800289856
0.13448993268949
0.1407369158131694
0.12190843199438929
-0.09365860519086314
-0.15555238272457356
-0.0841427902855301
-0.12389565373173847
-0.09767130940631422
-0.157192027609484
-0.08794436846945426
-0.1290683576624052
-0.11053709281321185
-0.11341181260450663
-0.12268691828809548
-0.07761924724221553
0.13904339507667557
0.10112491883129161
0.075335862709906
0.11318656536147041
0.13223997355583353
0.1176612432437877
0.13580002209034356
0.06978692088247615
0.10466454992654067
0.09404250683192618
0.12191748336219448
0.07883816195523835
0.13526132174459712
-0.09906215254854117
-0.12575490902437328
-0.11207098864342423
-0.10192296308081213
-0.11485665943800333
-0.10414488371405305
-0.1166337314005581
-0.1263404280695918
-0.10868106289192218
-0.12785767038354623
-0.1387958513315012
-0.07956040910086437
0.11219911929027716
0.12292568883614118
0.13806606489073994
0.1428979250120743
0.13632302595984466
0.11857630908980543
0.12736843927423694
0.13608699587058365
0.130629358409772
0.12651828375694812
0.15427311459949883
0.11202333066833138
0.12388417387222926
-0.1007165420292685
-0.10127075075943084
-0.1290420423061142
-0.10521208731180964
-0.09197779039851166
-0.12973477951456833
-0.07048741157365328
-0.09955740139449834
-0.11580123571557942
-0.1075243386105895
-0.1062484921791603
-0.1086766457362212
0.11167592857961378
0.1268846032766397
0.11478570809754145
0.11424857414670593
0.11787149950724876
0.1400488471953666
0.12152667396922771
0.11958283855853334
0.13746311858603977
0.10628771121086666
0.091938166745637
0.12383252175350053
0.11988942757324136
-0.13721650009024242
-0.1337202102467317
-0.0873104084481002
-0.1176240233061676
-0.13668161877774138
-0.11655844806834124
-0.14794118739114206
-0.13780128459616348
-0.08382065517400138
-0.13301789146023865
-0.1328413281768334
-0.09040961783500205
0.11462028036693253
0.14799759478553334
0.12669900433901185
0.10828301121198255
0.12860578485483795
0.11872793887255562
0.10921937689566033
0.12535565610193372
0.06980993747990895
0.09401717373469373
0.12348632854774924
0.09387239609447794
0.11595615384424886
-0.11059103677049037
-0.13304868978543216
-0.1314774797765714
-0.15770954387728953
-0.09230426850485751
-0.09873130259523089
-0.08372044414324753
-0.09084854515613344
-0.09573792401461544
-0.10850447138785264
-0.1479763273945157
-0.0817163683506302
-0.09600271104615865
0.13422821802492851
0.10520611848014358
0.0972767872259008
0.09926640156752972
0.09653746512208794
0.15514134390305412
0.06453421204467091
0.11574207425291393
0.1489315998057671
0.12577992212782851
0.11046390539925496
0.08753641977218436
-0.13270952430514427
-0.15118843468812015
-0.1237330477643068
-0.1467929464891957
-0.10426800874536343
-0.11038092052856152
-0.10242660810444854
-0.11707936601999971
-0.13912556014649444
-0.1061233932755254
-0.12345957807306085
-0.10374632586649243
-0.1105116943679566
0.09805479150263481
0.11357236981556411
0.13703089106852165
0.1181674501421705
0.09006458530023988
0.0868088118934204
0.05728224937204006
0.12585536838884656
0.11542097319696348
0.0933699796196937
0.08144244065617146
0.14405885295857296
-0.10451855089380292
-0.12218621793716612
-0.09006925426853021
-0.11088352394045495
-0.07407724179602002
-0.15544566072373223
-0.12882419012648222
-0.09112945712800402
-0.10203673809304123
-0.08236007173203866
-0.0978730693976317
-0.08965631623296405
-0.10323389232180584
0.09682572367787157
0.1543673174598867
0.13437591807480243
0.13990075026289872
0.12473456597132218
0.10539244500943055
0.14655756738820003
0.11052687779429976
0.13871214486624037
0.08733950972629126
0.12125596931447075
0.07454137364349145
