-0.403828523711303
-0.4739677035336669
-0.49058651424025
-0.5192845880442043
-0.5378050381140905
-0.589080263349373
-0.6414715859147452
-0.6311283124712906
-0.6580324484809064
-0.7308887294511797
-0.7401340065049599
-0.7317329917327128
-0.8180682567632657
-0.7780812416539326
-0.7340462327502235
-0.7019215789805286
-0.7004498769911622
-0.6791467874457039
-0.6064780603689678
-0.5829894062019416
-0.542210041942226
-0.527832797249099
-0.5121720843068863
-0.49961348577993014
-0.4571154658238293
-0.39728892821902606
-0.3851603568655354
-0.3171413555764131
-0.3156237257950405
-0.25037219400271005
-0.21270807749018686
-0.21664536580643412
-0.13204445854726513
-0.11359927628711189
-0.1033855159099162
-0.09452336152059213
-0.015111579878947023
0.008089539055289387
0.022197216619362123
0.05331272812429067
0.08577045586408483
0.12112562220237853
0.17825275243415034
0.20166411851719315
0.22632160438163257
0.25099501836540494
0.2822688480067397
0.2976852541969997
0.3710411494982315
0.4251953452013554
0.44226104853207343
0.45340916311119617
0.5080522801512132
0.5052644401907619
0.5388836020369658
0.5504457037988517
0.5868190477974086
0.6059439938262384
0.6979699511905868
0.7405741508546002
0.7149912252632133
0.7605697642535416
0.8035967872174069
0.7844126287963241
0.7237754492724885
0.6949774762554018
0.6877806689707684
0.6652456720643504
0.6177629241698621
0.5675227607010731
0.5707013649586047
0.5006730728785208
0.5001226393147312
0.45910960658447236
0.4261066275646504
0.3683920356125711
0.3418435025965317
0.3209971448471423
0.29104762277192653
0.28243164538949195
0.241067601705813
0.1870785084846802
0.19210765295632554
0.14640071909830965
0.13222952805522217
0.0797385263466227
0.05859066953911146
0.011463746097328274
-0.022334922388455476
-0.0903943255449274
-0.10133845609648784
-0.1328144260203305
-0.1230811768574811
-0.19999883929637424
-0.236681872004228
-0.26359060092956843
-0.30597574862563875
-0.3166630656270086
-0.3479662048212687
-0.33767292257528414
-0.41869181138584727
-0.44198242209028565
-0.49355265340871096
-0.5112548075363785
-0.5066290543038336
-0.5770887283879206
-0.6355326185953792
-0.6013548709006418
-0.6535019787541453
-0.7086684430180685
-0.7210496990252981
-0.7287221409218396
-0.8033474654142855
-0.8016946130905089
-0.7398391289201274
-0.711863461320158
-0.6657444819015457
-0.6761908653028379
-0.6253293282567001
-0.5790834528275512
-0.5290746972369783
-0.5091980854605336
-0.4860813425800593
-0.47577904093247214
-0.4420180235289244
-0.3610027316438565
-0.3685851201809117
-0.343416512746847
-0.3125875635398262
-0.27203125234525055
-0.2387581965965165
-0.24268689027462964
-0.1765880774730038
-0.13256239468987127
-0.1417488791447865
-0.08239392421696709
-0.034020522354898663
-0.004490316515936776
0.020236149062205687
0.08515174152369312
0.08182675609463677
0.12735171413312474
0.15227719754045763
0.196014640231363
0.2252814469965042
0.20836357453750556
0.2902035798115895
0.308918310273827
0.32557365439939256
0.38113718988126744
0.4102852016709198
0.4421954212426612
0.4724379716976932
0.49526437834273407
0.5431701431399475
0.5456630258764887
0.5755038941502884
0.633632806594616
0.6872062361850737
0.6807537999514728
0.7250148486198884
0.7697877561200441
0.7843844973855797
0.7499755702042141
0.753677241816173
0.7446445297694595
0.69053319146499
0.6942783558272458
0.6269757818979049
0.615424291224931
0.5907133268181197
0.5153669889738772
0.5286807949766821
0.4671711509454936
0.45266519498471414
0.4148969622270535
0.3621247630439312
0.3497520496191828
0.30390906991090627
0.28827381715371997
0.23531061985969337
0.21179142029400458
0.16163058671865282
0.1570475434845398
0.15972090665415978
0.08892644071319074
0.0489277785261269
0.021197577010929575
-0.05092569123589824
-0.06766730398809817
-0.10791422391366799
-0.1016235017318401
-0.11870551793479037
-0.19153485244238486
-0.22570638412487343
-0.20680312049709096
-0.263812820158473
-0.2978306997047395
-0.30268236674590665
-0.38261194621454714
-0.4091888246465038
-0.44096678926358623
-0.4801393037587729
-0.48889873631714104
-0.5458512181505002
-0.5608244526813762
-0.6141606579288356
-0.6261903204367716
-0.6669872088530913
-0.709400469721368
-0.7431192641541384
-0.7682339878870311
-0.8080688706346104
-0.809175907191728
-0.7693765505312811
-0.725723082113828
-0.7308507639638746
-0.6471124951091491
-0.6590247012408377
-0.5694318051739963
-0.566215303912731
-0.5216161815876318
-0.48372184764363746
-0.4937678865945126
-0.4138237663976672
-0.4317367096115808
-0.36540045557344397
-0.3319374366263095
-0.2802374544939881
-0.29078467139117137
-0.2783947533413994
-0.22640821917232878
-0.17536062546775338
-0.1789959710827006
-0.12726458163047225
-0.06314315420298433
-0.06257108143452819
-0.034141431044397985
-0.017653736594965906
0.07977904933091584
0.04976385128518707
0.10410335328883442
0.15328963865201933
0.20256767004830545
0.23841173437962818
0.22358737088690375
0.273488858720537
0.3243035625613272
0.36207197483593206
0.35646758445000637
0.41886871197670444
0.44177773543068505
0.4881876245166581
0.5209644632478324
0.5496959531620864
0.587712824886154
