0.6008354287537733
0.6039908444530296
0.5852884586449356
0.6130181901878283
0.5761194603300502
0.649348835383783
0.6146817595849976
0.6378976431147951
0.6431274228736078
0.6324340514976916
0.5916605622148391
0.6094979524219266
-0.6432591509079907
-0.611686881542899
-0.6360402519500996
-0.6047862307336129
-0.5942243097489317
-0.6661516613100187
-0.6332394671767508
-0.5969194658004878
-0.6057588983478854
-0.5967673265016111
-0.6194425540822976
-0.6109344159671005
-0.6052056816907666
0.6075789537246093
0.6051977101408503
0.6168428640171748
0.6129761497697137
0.6174947853869592
0.6401516230870106
0.6240939818373747
0.6184795793774187
0.6211685302796885
0.6187453171960526
0.5873522039109135
0.6062241679935028
-0.6173067233056604
-0.6026334390239517
-0.6337729432885029
-0.635877604480274
-0.6255025319603785
-0.6261301848403448
-0.6254537303810452
-0.6095447889417668
-0.5981928085203719
-0.6148539290103061
-0.6105004144202328
-0.600888208471067
-0.6082421018363329
0.6128139603381214
0.616259640711761
0.6175446385612642
0.6333044576422439
0.6047333785400897
0.6218153023424519
0.6068878361481065
0.6148516395688625
0.6413672529069557
0.6394841586854287
0.6085590687230272
0.5959908525984742
-0.6153569145230859
-0.6742479633217789
-0.5805103251273581
-0.6009853959830345
-0.5965614829050762
-0.6035857784092283
-0.6445892411854662
-0.6599051725187676
-0.6219041687445525
-0.5902454586406536
-0.5615286216604559
-0.6035778090139208
-0.5952721363514126
0.6092677358347957
0.6077461643609181
0.6254782149826406
0.618446213030801
0.608190811336136
0.6217479955196972
0.6166173818620904
0.6230130643191694
0.5930647703437004
0.6193351332979387
0.5835760069422098
0.5892688185312785
-0.6163026492238691
-0.569121416969741
-0.6180460340561946
-0.580297860734055
-0.6253922298835365
-0.6454354618441998
-0.6031641861496385
-0.6136765280713611
-0.6104405882338296
-0.5946547305292541
-0.582664892141844
-0.6152546977846604
-0.629132441783619
0.6124122956598629
0.6019650563537526
0.6054425859305174
0.5888324500491159
0.6363669675398913
0.611301614231394
0.6121860156517734
0.5985729774243467
0.5792844939023843
0.5931157867305381
0.6107573298365234
0.6092663851604047
-0.6073327544267544
-0.6093893123848392
-0.5723387020204195
-0.6007293929231873
-0.5927186521128667
-0.6092862303161127
-0.5883807621953844
-0.6531127059346837
-0.6189881091821253
-0.6134953761277451
-0.5667766987527293
-0.5774214740363155
-0.5980438948800855
0.6335263744330848
0.6041468112180366
0.6176368461757881
0.5940074925408838
0.6038925429178609
0.6103103515167605
0.6396637359497328
0.6185193051965081
0.6097054639589485
0.636882717714282
0.6193330537037728
0.6206574452840476
-0.5970125454715474
-0.6125124702814024
-0.620504370067844
-0.6075752180614108
-0.5986793675312944
-0.6232604453253711
-0.615208838424839
-0.6059195344239411
-0.6157133013347905
-0.5908334467246465
-0.6007186052061297
-0.6570977053473214
-0.5840242516437657
0.6122653707047148
0.6467979177832663
0.639028428805589
0.6081169653504287
0.5956319849871953
0.5887278627556721
0.6003079600312915
0.6243167576194124
0.6272426695694511
0.6075541717857033
0.5753657983692081
0.5999169490293653
-0.5981081170775739
-0.6044079377273235
-0.6111442782173521
-0.5997507189213863
-0.5901978045856937
-0.58382095167352
-0.6234770798104105
-0.5924687510930146
-0.6082957416796384
-0.6662975384757733
-0.6329758087541614
-0.5902039608170897
-0.6082286111333347
0.6316611272630827
0.6243000270496072
0.6290601969453815
0.6154597001872858
0.5982422584228203
0.6246671330010682
0.6508718668877769
0.6068053018402945
0.5924097075762061
0.6638004278443569
0.6157326699537975
0.606107250309963
-0.6115617767986692
-0.5960407184224017
-0.6112067525619872
-0.6158180310658384
-0.6388325445262819
-0.6071092152839609
-0.5960610081171394
-0.6045082036036338
-0.6362443089976167
-0.6099100935201656
-0.6141622289330889
-0.6376483272545237
-0.5813492158539088
0.6387310556387678
0.6395763442002667
0.6157107147295495
0.5977436817147757
0.6483870377753989
0.6140743590310466
0.6536161814565609
0.6166531330937178
0.6474258466414435
0.5980137713505472
0.6274855325882832
0.6155837736935574
0.6251698401868258
-0.6401026405884555
-0.6136432110050826
-0.6187163055802758
-0.6061137884485505
-0.6109124359923055
-0.6533310372235805
-0.6168387765537038
-0.5982754326540005
-0.5998203125833853
-0.6093028018390483
-0.5982943469802154
-0.5891342702893623
0.5873507562221931
0.6455768026152926
0.5971920668552853
0.6046869252558795
0.579256641720955
0.6212379973495473
0.6064409975417904
0.6103331830685427
0.595269340739982
0.6505665731017991
0.6128842349727337
0.6556183130243869
0.6212406974821497
-0.6158798802593318
-0.6072363911707953
-0.5976745173724481
-0.6311006384480652
-0.6099523929610704
-0.5938474973864832
-0.6418832771295073
-0.6179597570743182
-0.6312798403798131
-0.6369496178060471
-0.5755579293868937
-0.5822502210436717
0.597494621735599
0.5894780602123693
0.5916975224798793
0.6235613989303028
0.6079963466770966
0.6118777161522256
