0.20120399821653315
0.19693117348917288
0.25691842600143366
0.19545063051827646
0.2305156963302884
0.2299795719774399
0.2232052499477942
0.23892208139059107
0.24432990829693493
0.23611013056445715
0.24483456861734007
0.22864395423214665
0.17408217531173426
0.2233656961808986
0.2135813885531198
0.2356152069150079
0.23832055426620163
0.2149038759664495
0.19809125693001323
0.2336253626986362
0.22104464245327646
0.22195720860640664
-0.22561723988364915
-0.21258181635348902
-0.24145837415423504
-0.22748788026781305
-0.2341534295583348
-0.24027517534197262
-0.2462132496935718
-0.24556067899286926
-0.235504115303472
-0.24466890325920718
-0.21544645452929398
-0.25393373965589683
-0.16800523271019738
-0.2103372413827559
-0.24794289272544473
-0.22833620508974684
-0.188147733454329
-0.22022079768509886
-0.19914930776919088
-0.22540736604837378
-0.20669999351309
-0.2380323939303
-0.22586643073448337
-0.24168324379339365
-0.2079532968867369
-0.20154877256319348
-0.18496635485486335
-0.22115023985103183
-0.2358346501953399
-0.2734363873506391
-0.20521214530741178
-0.22082421530521004
-0.23131912755486414
0.19803585910670113
0.21971268806414235
0.2346137884553194
0.22827755670011352
0.22399986459245685
0.25889961818826446
0.19334701462274564
0.20236038771254783
0.24675591660933988
0.213980323010109
0.20792207118852632
0.20272741414894252
0.24260395523838713
0.22825189882188943
0.21882482367144576
0.23059557355227375
0.23700481261374634
0.23332988837669386
0.23890447355493344
0.21622715983593696
0.23865157429265788
0.17883957926450925
0.20143976085015539
0.18347055755574487
0.2248520932354608
0.2096751600950233
0.23892469762789503
0.2125779514270203
0.23144180291208116
0.2227694349521447
0.22169104033356432
0.2511650471512295
0.20070368153633833
0.19700593105267836
-0.26038017805160685
-0.24434295439483383
-0.21037601330604708
-0.19784728583483663
-0.24848913394346678
-0.20802951508145884
-0.20468513061185795
-0.24922098592792163
-0.24081149318166006
-0.20233917527738124
-0.22491718069212466
-0.21989822414762303
-0.21703250872872576
-0.2307696252858401
-0.22197563240364127
-0.21777275318832753
-0.22930922519463215
-0.26590349373937006
-0.24910213647655222
-0.20878444819522385
-0.2601166918028741
-0.23807322702585984
-0.20578062462869345
-0.207640399190054
-0.22997865258051572
-0.2042929232948562
-0.232804425147835
-0.21654645443975631
-0.21987786963371783
-0.18343631758240547
-0.23915765408518924
-0.21549607390459014
-0.21139080384500059
0.18617341783680896
0.24437270602436773
0.2589320488856471
0.230421887392815
0.22856647900415838
0.229794275342085
0.20381702065485352
0.2173836666328651
0.23344099657692402
0.23625082806139128
0.21819726430531555
0.23020142618713088
0.22403350514494658
0.20513206205851425
0.2272116260258275
0.218296377993542
0.22076829240657528
0.21691400940986363
0.2154217183352466
0.22189746213742856
0.21136486480285416
0.21112166253510645
0.2032184150883126
0.24958622603219988
0.21651883384669476
0.22598378374571929
0.2296888687949675
0.2026400065617764
0.2046377163161928
0.21859053420969177
0.22285830504569676
0.23302610917720107
0.24250416370442274
0.22666243624244647
-0.18349320964937765
-0.20272957159050278
-0.2561592483431986
-0.23808590032284851
-0.21163028008032148
-0.22172431517053434
-0.22176386442541904
-0.2328234987503311
-0.21505687046406313
-0.23656540053838285
-0.22030695098689193
-0.22818679498613198
-0.20662273022191788
-0.21494229187294397
-0.24928403755532028
-0.23632049611164277
-0.23385618077822087
-0.23370808277226304
-0.2474588162359954
-0.20711467966463792
-0.22105455297997878
-0.21222948801237987
-0.22036533534708946
-0.21326729256096982
-0.24395884668362103
-0.19024532455449192
-0.2640243481150558
-0.23048062778055714
-0.22519116711175985
-0.20619722949127373
-0.20177325873662671
-0.23679162213232363
-0.22173019830631863
0.19735387864005732
0.23543534551947615
0.2203884329500559
0.17970185010006884
0.23134762680201099
0.19035469464226773
0.22099044719852312
0.21505784176638412
0.24330379861371618
0.2370518084093292
0.2053226090033517
0.20331631811984688
0.2265480326276548
0.21696795736310143
0.21752530206547033
0.2360464513684006
0.22066978333008638
0.22062742453017933
0.23043651772094872
0.1962344886001685
0.23801046343190158
0.2259477576055715
0.22901572142297247
0.21992717408102141
0.26045858721467935
0.21891020278410872
0.20299677432840194
0.2230438308352303
0.21501713764184952
0.22666580641555067
0.18954634559586056
0.22219432449786844
0.24024498732822172
-0.23288431704148532
-0.224262346897275
-0.22609852836849595
-0.21000806958518287
-0.1831865760864612
-0.2454811331402948
-0.2477541595977717
-0.23024281940483507
-0.20481305315780687
-0.18877450218985453
-0.23666081157778318
-0.23949185565149322
-0.20153365022809838
-0.25684092275491127
-0.22166384489444513
-0.21168407916750012
-0.21237124349518915
-0.22742460954892132
-0.23788238435320308
-0.24336906584622076
-0.18634678861588977
-0.2063454715323382
-0.20323915381091437
-0.2602731022712647
-0.24027059976832718
-0.22259654814927793
-0.223651200163647
-0.2170624950262105
-0.21102388312214126
-0.18536398631252585
-0.2287147869769253
-0.20718517442312226
-0.21593900056897855
-0.2433223464561
