-0.045548906103605145
-0.11791018590406638
-0.15004865490635766
-0.22490443028338739
-0.1937231936455825
-0.32071303731655004
-0.3455527587970336
-0.36652799257782703
-0.41253511185046204
-0.464350242445826
-0.4431940267115161
-0.5357899761923863
-0.5148956105595732
-0.5570079076364914
-0.5671747195899803
-0.5202551229664987
-0.5853187656590062
-0.5540321745838039
-0.5556004665004456
-0.5634343511780117
-0.5199881085040072
-0.5212661198547365
-0.4941720274297433
-0.41968744600563357
-0.4127501554562602
-0.34083762647386284
-0.3379812891300906
-0.31515333572540094
-0.2268254477049072
-0.1954500778203134
-0.1411549025940205
-0.06771152009071142
-0.033073264896752975
0.018315484634791903
0.06068991649343961
0.12758371560361154
0.1525242181055444
0.20346283583876346
0.2763947594472581
0.28262311427728787
0.3316718664340202
0.3933267386400664
0.38711642036434574
0.45829647192798284
0.5074978825158916
0.5145042947426691
0.5326016206941827
0.5376463452186966
0.5256014354899202
0.5731278063849721
0.5402193767597229
0.5628081243942541
0.5480191396238926
0.5450598555636748
0.49462388635095567
0.4690644056655165
0.43513030176973994
0.4254133241406847
0.41152961679781563
0.3621422239134988
0.30069930379777055
0.22791073253437774
0.2034736503488936
0.167528029320409
0.12544526375172005
0.05331362252692692
0.04543023341882614
-0.02893092179239832
-0.08926639898937794
-0.15057304760272014
-0.19923913848269945
-0.24919512884346748
-0.3330901716682365
-0.3399011238160136
-0.3739861546686777
-0.4031158628304199
-0.4746324776937297
-0.4682205898022723
-0.49655553189851515
-0.509430591161786
-0.5519602825635013
-0.544064664297291
-0.5294243281094125
-0.5640910527512334
-0.5465359226518886
-0.577253011293321
-0.5019725120809351
-0.5357046381611674
-0.47602129299519136
-0.4348168204433551
-0.42758946446909246
-0.388076228043153
-0.4214450568434268
-0.3621061800233639
-0.27215405205964704
-0.2635285365546487
-0.17021670730222824
-0.13327181993313872
-0.07910627223149198
-0.0008172397786049487
0.03972291262786402
0.07074092784602236
0.12468266451508478
0.19423985903895682
0.20427144471446473
0.24995320954664668
0.3134073420974223
0.33512648074303303
0.37491070284871686
0.42143494472098625
0.43872024879567734
0.5103657617261991
0.5108459851584674
0.5442813173605971
0.5390973214188093
0.5717581280010497
0.5790725813344443
0.5598566311918731
0.5755625015818104
0.51868445866017
0.5056136459518221
0.4989362922069855
0.49305472828908553
0.44466905314238586
0.3938222979070381
0.3829317980062774
0.3594805822394985
0.3072321177901248
0.2815596033265508
0.1731008502730685
0.1567098264226855
0.11798837878951719
0.06475716844440274
0.009464693246130735
-0.05970471885306211
-0.12928994092302115
-0.14922320453760077
-0.2119670835276172
-0.28597504103318205
-0.32211597049181817
-0.355398846460604
-0.3620191059503256
-0.402636972117811
-0.4459962231829111
-0.4989585224895287
-0.5120932808074077
-0.5543338694956799
-0.561812237520485
-0.5558675755820446
-0.5607954106004724
-0.5509131796183511
-0.5834617844555678
-0.5477056534858402
-0.5340965400748596
-0.5322864342093837
-0.4815349495640721
-0.46414189605964784
-0.4292809971080777
-0.42175822108730254
-0.354055306523307
-0.3037095054038299
-0.25999822775810005
-0.2192092334867839
-0.14650988208847046
-0.17183829252207566
-0.08998454927041653
-0.02952025846392089
0.039752570991901805
0.09486688062036616
0.15091885995858367
0.167181210470551
0.2142659888055051
0.28893226394791477
0.3202622882016637
0.3741202433378617
0.4105949413645705
0.47996549670805005
0.47659866764518793
0.4888157604196623
0.5365899396291829
0.5488447383455777
0.557534409345417
0.5498361128196952
0.5604832195763906
0.5512733016867424
0.5857805790821511
0.551785596301138
0.5037632787905368
0.5261888980930138
0.5170881756804911
0.40943741077869533
0.41125840845506945
0.36473042519014237
0.34708422409530076
0.3134151223620209
0.24540777802742303
0.1750429301527888
0.14937721734341913
0.1033814231346935
0.08968639580503657
0.025752026293750042
-0.023983251952152465
-0.12664430717988617
-0.13623739528884263
-0.19274841007300922
-0.22826517774422006
-0.3105650408523543
-0.3053129920714626
-0.36810312742580226
-0.4200619576377639
-0.43854887860207786
-0.5174053016017256
-0.4814031166050094
-0.5147015866357342
-0.5260129713294371
-0.5487778610755746
-0.5368672389314807
-0.568412847913288
-0.5339797579702633
-0.5568937936492139
-0.5488761820783511
-0.5452842466508008
-0.4851876815137975
-0.4794864629527088
-0.43047724400413623
-0.3839403691304338
-0.37753180909581613
-0.3108103941724701
-0.27733366620896044
-0.21525569057931304
-0.18019408725063182
-0.08088555692038157
-0.05795285223272795
-1.8012004874393833e-05
0.009500012184815713
0.11251137088152047
0.14942411132308525
0.19011111167261904
0.22116998840792526
0.2712675968143354
0.3403971460161808
0.36407236617197536
0.392857640300919
0.4686461363681147
0.47108657883454264
0.4950638357580221
0.5457711193989049
0.549535148060654
0.5435728242394923
0.5697853449346435
0.5652114094988677
0.5408358605111546
0.5502969895875267
0.5701081017753058
0.5325119271846683
0.4692332643395184
