0.4061611045530382
0.02656224644590088
0.45422752501158287
0.41218841399727796
0.5175780859634407
0.05525612912928603
0.32941033800223685
0.10010989209279869
0.14951619145352593
0.24519808497380416
0.05689540587748139
0.018050950925313586
0.2042242963173222
0.026533659412771415
0.03579303986660474
0.15380382653193048
0.22036480914230389
0.17718681937413364
0.32598030400390227
0.44326376388971983
0.4910825224367851
0.5099125864245677
0.26988646361000584
0.5941851673178957
0.016481563862459303
0.18275830196618598
0.36752464844104815
0.12503593771128763
0.2815206654648825
0.025086863706720072
0.09781719998745321
0.07280346127407748
0.528380224957622
0.47397118303906804
0.010890181520647423
0.1557175723433084
0.3126687509287421
0.09472160601010457
0.6447175154690274
0.600707970503679
0.4185222122287623
0.6590186244237434
0.4249228548605055
0.3702865347721715
0.07412795104277528
0.35149738238024303
0.536344703433235
-0.0029630834045747817
0.3381816287903526
0.23280337186198238
0.3040788892611392
0.4513854811581339
0.6379253401951144
0.08434979094063963
0.6597006974252783
0.13060631893849672
0.09299021543739244
0.19073419963743285
0.2339292664019734
0.44944825250068343
0.6694162020053428
0.6105420246816851
0.1464045564364776
0.549708100335417
0.559891828969201
0.39315095238218023
0.14737219224389086
0.05584479573341578
0.14738951833356864
0.38323964167698665
0.5137096967494955
0.2411224755057466
0.3035285422497509
0.6944633907373811
0.45259727222001067
0.1500008169197527
0.21138507025263353
0.6647639727609698
0.11656228552813797
0.6044099915590444
0.4938400810312756
0.39160692601528174
0.33048747852153065
0.17536927160974086
0.15697763664688572
0.6489187483135634
0.21497184496570698
0.07377945763847314
0.15622712020968574
0.6650494694328106
0.07815482017446669
0.3308133484154559
0.053772200910990824
0.37801916196685464
0.39934493734487453
0.367780006118532
0.46802784188506513
0.08968724072671888
0.6542548299959369
0.1443799333200313
0.2096216139778599
0.4267281298175252
0.2880234518718405
0.43482944241081006
0.6298007593452091
0.1961672903069522
0.17604952062794524
0.06961641542582714
0.5477179382979008
0.6409796392087191
0.29639756443552673
0.418080718357253
0.4721961221930226
0.23304458961713573
0.5749302977674305
0.3954268322827145
0.6101395099607259
0.5340075613337365
0.3309934585198572
0.26920402731345877
0.24076073975887494
0.17711228692229666
0.4319985490480126
0.5454554811539757
0.6058918544780334
0.3516245360489995
0.5598725466654636
0.4641557064979298
0.432507339847341
0.007248101707362464
0.355216671387027
0.6226834447158225
-0.00496220556618425
0.25530869423291136
0.32221269058262747
0.5830854850415577
0.2786854950261087
0.4656199767863938
0.10111710506482811
0.5846088649552182
0.38135448652196663
0.39424485056454317
0.30313893088781607
0.5190606080170874
0.16757766769562712
0.0751921329029858
0.13358052245016147
0.6274540718755133
0.4998843552725405
0.18654396959496308
0.24594037526445647
0.3451269732283241
0.6609647039243749
0.09342580514874804
0.06588563670268358
0.4403029838904178
0.09202531936152496
0.6149490673169438
0.12418276775570945
0.47648869616414397
0.6354404456112324
0.35861803849488516
0.3049666712516796
0.6398311791629534
0.1997073855189804
0.4637028391918166
0.5056163977640962
0.2779364969486236
0.5908149832321747
0.6268790674597146
0.19009570155652433
0.16283260201752162
0.5210146150854192
0.02280065558695634
0.2339989905350849
0.42207632979311804
0.2637352894535598
0.08842856887086241
0.5443106506364015
0.09464140689411667
0.10175579386607053
0.30638212410310706
0.10850483352989118
0.5283947997383465
0.672914311627376
0.3276439183459432
0.4200968841250791
0.08155608670740738
0.6573691190338075
0.296053996047816
0.13563238185418153
0.44264757933002097
0.019654319096472733
0.22035233374678131
-0.00029127514154324297
0.053707048401243226
0.25025200343343446
0.5885085353999091
0.35632543299715846
0.2698476921884065
0.5561597309391771
0.24461675823304604
0.05766757421043269
0.13182797479212938
0.23560321104344512
0.2263252789717372
0.5858684752601651
0.3076640578898482
0.3140164197325229
0.30697537656393914
0.20105470821363478
0.6464416131078743
0.19194467959515718
0.015315932863212284
0.3922166851131362
0.3462395475463993
0.38276979925667204
0.4793481544794369
0.40874509325967623
0.3047487976972773
0.09430927128087904
0.42453346626114985
0.6439631540016515
0.3106587859053331
0.13165331265802216
0.03229874136586226
0.17321120077674182
0.545041883144616
0.22153699873522725
0.45630956130003447
0.15208361886547528
0.24094497468622664
0.1328173815643169
0.07808671366346709
0.1725868287980601
0.5074729117743693
0.5072986678978153
0.5538968475214489
0.5209478945221788
0.5924761691130581
0.31100603640440755
0.39278126184131273
0.6406420122028597
0.4009427633124526
0.014810774418355068
0.4963925892940441
0.056602646568427104
0.28798276723604055
0.11182379769601192
0.4377974529201922
0.2727110312245309
0.33477068965225365
0.62255389604041
0.16495826184733844
0.5387849224086958
0.31753653561336403
