0.501711923333904
0.5069740747492655
0.5220150118762629
0.48586173908016383
0.5077296750676625
0.5495632702565112
0.5260002491287658
0.5835174469347919
0.5776434151982393
0.5475987656700257
0.5719934213773328
0.5401729736550215
0.5531526012664508
0.5417639616070671
0.49276161601507695
0.48092942478205064
0.5331091540505303
0.4928403855339094
0.47046569974974445
0.43365699532498925
0.3794359445942718
0.41910031957804544
0.3578905876696775
0.3258814449325014
0.3400927831517006
0.2577192737794035
0.24315612443298137
0.21225631669586326
0.18717817881756993
0.15934273549371977
0.10135477707872974
0.07347129658853979
0.0639781877223932
0.00666727422986956
-0.022187649745542506
-0.046249311929338274
-0.05936329090260935
-0.1548224163409791
-0.13125399013719916
-0.1719617061700129
-0.20821985400203732
-0.2478050531689984
-0.2789983780976391
-0.366496633209144
-0.32711720266889543
-0.3764478815057595
-0.34944737954878746
-0.45504942272402893
-0.412584642575765
-0.4580187056412894
-0.48574772549895234
-0.487685031085263
-0.48978540725181274
-0.5260582874916737
-0.529617479370343
-0.5022718830197997
-0.5589998306577849
-0.5604959267871852
-0.5342078518268983
-0.5391207305593546
-0.5429470618206418
-0.5307189357150082
-0.5081538566967387
-0.5132487296323718
-0.5286457973534339
-0.4957375736178076
-0.49445801318163524
-0.44584988128282965
-0.45950628507593466
-0.41945727495428997
-0.4050486800841955
-0.3771713320258967
-0.3143423829841021
-0.30654179785704405
-0.3330424710340899
-0.27005438515451846
-0.22059112576863213
-0.1803638194166163
-0.1744882022751244
-0.14422392293616174
-0.10955465310055752
-0.08768720830946188
-0.01040155860092546
-0.011490136922577977
-0.032104497369829635
0.03775270343462106
0.056544309282193304
0.13245443815599994
0.18744182452468372
0.17575554317827385
0.2147169384686687
0.2387472753249059
0.3179400867588422
0.3283483475774489
0.3433611373849196
0.3734693749432478
0.38366588324549716
0.37705359872602984
0.4777240312304614
0.4366648917565724
0.4604850633679604
0.49221384582551225
0.5563402858650561
0.49965942824934506
0.4927986218537905
0.5029390268672149
0.5824046559320285
0.5737464662265024
0.570932913190349
0.5853382452469414
0.5166614016658398
0.5271848384680595
0.550319959794537
0.5465456018280911
0.47007775403538526
0.5069308956905475
0.502151280888843
0.5152718483843399
0.4436538056450881
0.449123644782821
0.40520696756445673
0.3867561634718463
0.3848204404486344
0.34347262653655264
0.2900856534607049
0.2672313954778558
0.27056557265303827
0.2491352490772977
0.17250211436643514
0.15731398489871481
0.0913526320006589
0.05217324603739747
0.06385421445791327
-0.006396853902719327
0.009751618052744576
-0.042647179767028774
-0.08435672504546324
-0.11939149186203887
-0.14351544607512057
-0.19052251959340397
-0.23850703835167217
-0.22477204382871327
-0.25796510041979154
-0.2993542290360505
-0.3504715247966326
-0.34400692865459204
-0.3837569384100843
-0.41979538777242553
-0.4475255405236172
-0.45591204459013057
-0.47781141931758075
-0.5069113031988541
-0.5130201401114235
-0.5345636769990169
-0.4990306959250565
-0.5099348228464912
-0.508510788799028
-0.5264346313075322
-0.5367203377480957
-0.5622782764338577
-0.5601078676886904
-0.543689397587444
-0.5556398944257278
-0.5524120578114803
-0.5284164649230559
-0.5219996064624497
-0.4748090441537048
-0.45165025320198415
-0.4206030674277824
-0.45408336933198956
-0.4532310724838461
-0.36050154342609886
-0.33146764198803325
-0.3320121446019999
-0.3164683981000035
-0.2677553932972809
-0.23275329353312857
-0.2171777074669963
-0.19991253688788577
-0.16671474154727825
-0.1462351373124268
-0.12101931481978757
-0.03363775041487305
0.007198362907180459
-0.019441404201099466
0.02570216873201091
0.038388627484963904
0.11340389657664487
0.1439250766448226
0.19904480120177392
0.23455898300021585
0.24338919955019003
0.2885215034671457
0.2854846257607338
0.3475844251590149
0.3935220143415483
0.37431584334362034
0.4116425734138858
0.44624415943854867
0.4499241575510297
0.5040277032454213
0.4761248792526189
0.5162657114947775
0.505403874918336
0.5340364098625856
0.5087037852727313
0.5220504286119145
0.5540611833048469
0.5019074625074584
0.5354852105612025
0.4921582390834881
0.5592328102819302
0.5143913513721947
0.48923464036063125
0.5189563329080639
0.5224864018787264
0.4628271524947678
0.45973473218621197
0.4190960316847706
0.44648591284652966
0.4290916591159572
0.3852096553114909
0.37024324993508234
0.32434379723945095
0.32460866002391503
0.2793619540300845
0.2604120339921109
0.21632391171825452
0.18222588930010172
0.1502919224191851
0.1596353429442008
0.09667515027137832
0.04547183642609788
-3.740769779107811e-05
0.006972481139980204
-0.021830077755390625
-0.10775378185606155
-0.09934273882679515
-0.1293243225148247
-0.17647327931132117
-0.20839673907089407
-0.21884195413585422
-0.27241415894243437
-0.3282425597806171
-0.3377144022109127
-0.3801141684772803
-0.37214822637098355
-0.44675470512294085
-0.4273372502529125
-0.4191122327243007
-0.44923504972828254
-0.45468846243177174
-0.5267352861709199
-0.500912476527625
-0.5409484682546926
-0.5476367726283289
