-0.25119254086163517
-0.25119089787684284
-0.2522740473713805
-0.15954671608447812
-0.19503143672308643
-0.19647663323108
-0.1782649106620724
-0.09744889112563566
-0.10913133886868091
-0.06463141680184914
-0.002018048567290053
0.036395565563153195
0.06338034447975707
0.09508477222259316
0.12294311179611285
0.18599775554959153
0.17445840287496278
0.18613912444878172
0.2397873110024909
0.21834307804271097
0.2901853127442246
0.2559439708632154
0.31927711367419737
0.2888829923209164
0.270434827349953
0.2798572485014013
0.2607365029052691
0.25067385689493304
0.21697444856880757
0.2387444408223899
0.20602897514797916
0.1251997825654912
0.1123355318018145
0.10297830239277887
0.0730130418645919
0.02938867017152646
-0.014314597744584474
-0.07667823008458305
-0.06415460369392789
-0.1281553304428154
-0.14294867636343653
-0.14919825587624289
-0.19828179262753243
-0.20116867110836925
-0.23515960484647258
-0.24397619444899685
-0.2665649542053598
-0.2653572723704028
-0.3030021467352686
-0.271496592871578
-0.2599026915143365
-0.24826057420563652
-0.24979117094138842
-0.21104069295180267
-0.23340822126959032
-0.14518526389306333
-0.1947034185637384
-0.13380323878450065
-0.08446573450429622
-0.11585072514287144
-0.01478308640548436
0.02320986687507689
0.05115387281833247
0.11753476269295507
0.11658868333407246
0.15399438850981628
0.15233119827719013
0.2144325229487174
0.2664490357872058
0.22900730820486287
0.2747656635169736
0.2829428326713275
0.2731156226443784
0.31936725181257497
0.2845422173774432
0.29858920505001063
0.24397262010374265
0.30551495379839033
0.25623705275140346
0.20603368105888883
0.1676598554050522
0.17366935651201118
0.1339151451312434
0.10620064272539623
0.06456806761332659
0.056421143752962255
-0.007296906311958609
0.0007122163907634094
-0.1109145698013014
-0.10922829929629257
-0.14434529260999887
-0.20109701893521734
-0.1877722298883758
-0.203720235800636
-0.24538877611159324
-0.2746366880834866
-0.2910014234163842
-0.2787831083612195
-0.2635172015047354
-0.29844341704312405
-0.29629103600456996
-0.26664389926853954
-0.26556411199603785
-0.22805164247367454
-0.2021183062678616
-0.1629300620178074
-0.20528008163733455
-0.1524139752051713
-0.08723891866471636
-0.051181937261575966
-0.0321458633201457
0.04492478715654194
0.05853318407094275
0.06115181107427527
0.11621587197213146
0.11809955663710625
0.17195057535034053
0.19282124218084679
0.22349948739841624
0.2196129165324215
0.26586356080186024
0.2713729958348263
0.28603530972468383
0.3122032952684922
0.2986059450745624
0.2499496631847947
0.27977021474201813
0.2819894474039499
0.2552599216030414
0.1944555438123921
0.20061851125786412
0.15946676984672917
0.16430528504723335
0.08106570307685534
0.057141797990969016
0.027383638942496326
-0.007106885360792567
-0.07642984901636665
-0.09288854288484526
-0.11871152979937251
-0.17166701965955394
-0.15903757910109828
-0.1771400748360924
-0.23333844302540538
-0.24935616547316783
-0.23507074810889594
-0.29058501933133385
-0.28040836151585635
-0.24974784966149924
-0.3127486016677815
-0.275089380726268
-0.2875839810576332
-0.3000196162040605
-0.2547016841693764
-0.21750561344332114
-0.20785121202362888
-0.1821936436598636
-0.14267489336410125
-0.12575641201878837
-0.08211226561151758
-0.004429364328155473
0.011165839124609948
0.03692310038924066
0.08951599567901614
0.13205697517661635
0.14343523563123423
0.16997276719564963
0.23140094310587447
0.2046482223998612
0.19506048500433157
0.2544116808615204
0.2604479370319898
0.28638996355550683
0.2852379490779898
0.28899414723996875
0.2520195307719587
0.27299305175044297
0.2515713885376437
0.2428013202164302
0.2275948215765408
0.2000772197692444
0.1160201550178316
0.14354155594533033
0.07603163967837247
0.07524835008819354
0.0014936511019816995
-0.02954054988016968
-0.07018823715342315
-0.049457000547348515
-0.0694879758456775
-0.19725377471177621
-0.17784501619563498
-0.20096293489758196
-0.21175965640691813
-0.22831819554959587
-0.2621803991877628
-0.2799855762741663
-0.24885603248740815
-0.2635288729105484
-0.30733753149757054
-0.27139075795548473
-0.26471686749914647
-0.2745467956692373
-0.2228170471127143
-0.19448320301674438
-0.18138676355793748
-0.1686750121060973
-0.12553810025227785
-0.10150568322699559
-0.07212608392058029
-0.04745294091333245
-0.0010864982881436088
0.03814438001953499
0.08967302097792113
0.09405588700444681
0.11490706479783028
0.18031106869546076
0.18184808113616874
0.15398930071534614
0.22200174437921197
0.25548955362779263
0.2323569808012811
0.2616045899635296
0.286589139986848
0.2847990377920955
0.27800116575877876
0.2998291399360113
0.2843511021402837
0.20679894567058424
0.24946748370222094
0.20671438895134414
0.18553094952128354
0.13213776624737705
0.10809889181426252
0.08598086530768599
0.04662186174780502
-0.025003613533875903
-0.028590890306989313
-0.09376565535163586
-0.13161352609798704
-0.18368836296745425
-0.17859457508983412
-0.2034965059460856
-0.25849757960334274
-0.22993246598844658
-0.26664601859611475
-0.28875795738004445
-0.29158296747430956
-0.29518263878747397
-0.2857272111782575
-0.30370629371930324
-0.28502377333935164
-0.22298192636213016
-0.27983641440418716
-0.24268137525105427
-0.17783757554923815
