0.10559418900612
0.18035256325213084
0.21051694512454
0.23326562147534582
0.28535542285831844
0.2373111470627459
0.1870275196282006
0.19616906879462145
0.13673929100964038
0.11293626590817946
0.1134710929107475
0.04533711339566453
0.015546079767095182
-0.0014432050455334931
-0.05745635194200405
-0.09941802763929432
-0.10950265177732386
-0.16519529895423044
-0.15505986161671606
-0.20441701385495073
-0.24936668831888112
-0.2965178022329223
-0.2537099610398448
-0.2262154264577243
-0.1727643316074881
-0.16379511495186516
-0.07469691986408639
-0.07107380862660588
-0.029631243957056397
-0.0011831533679466846
0.05027067202088204
0.06443992100857737
0.05982756493979329
0.170621145688501
0.14437833721691343
0.22670359658440206
0.20029507743473685
0.24328770214696113
0.2879539335515155
0.22785725618204006
0.2092554044780638
0.1980980976510262
0.1164401119450623
0.10905246790123685
0.05672926560814828
0.034070272651761366
0.005917590688282745
-0.0029086970588693764
-0.03333787017182467
-0.09925870553162215
-0.14743803649519086
-0.15949953944832085
-0.20383004885179615
-0.26259526181485165
-0.25978482074003917
-0.2428926968108371
-0.21490982402711067
-0.2026927126051165
-0.17015034273724805
-0.14014947627433907
-0.05680987923449817
-0.05370019547436215
-0.06821461678489786
0.03070207613972418
0.08073214725097547
0.10428314477323751
0.100160858525213
0.17361465273100016
0.17904270204401962
0.24655266077679786
0.2505174101238283
0.2669563690953789
0.248341176734725
0.21480559342309732
0.22057587771325543
0.15406186627587212
0.0745543801382196
0.10147441447315003
0.04965529957841924
-0.022138880930101947
0.0041384767448943635
-0.0389124222837538
-0.09864341566717177
-0.11284879740199091
-0.17274937177771793
-0.18699624418495361
-0.21710399033723662
-0.2832485411170217
-0.2680797158251695
-0.2177321090221123
-0.22604977932662446
-0.1514362727363403
-0.1663287901083368
-0.12676718287350705
-0.052087741883128105
-0.05429267119429963
-0.0183813200087569
0.07911175669652241
0.08589769217636846
0.09300288290010333
0.08191488182051307
0.1696061127175607
0.18893795228874394
0.22939930627097513
0.23812738631484884
0.2498999696609323
0.2088259409001828
0.19632289343867823
0.13165083458865737
0.1647624541398031
0.11174140738189248
0.07878190610117462
0.048426713971596494
-0.0031342894541812115
-0.04801438727130281
-0.07815043235950614
-0.0866112200673923
-0.13375427928260877
-0.2075497810332409
-0.22045529159221997
-0.23345928809899344
-0.2958151037542528
-0.26693727099840775
-0.2120508201798097
-0.23329600529969788
-0.1665263729002133
-0.09445878861104114
-0.10132712155711832
-0.06279196006292395
-0.03019663017402198
0.03486361374605263
0.031957328670972784
0.05746129121936442
0.11181365535870375
0.14796573002223012
0.1900922530175307
0.2453704978683751
0.22401744046910563
0.29869762780633147
0.19494442165063647
0.22335795503077197
0.1950639341750142
0.16756360572727064
0.1122336060328405
0.07288194916297336
0.032208082722846906
-0.01771859782583659
0.0159772489660632
-0.06616534954009781
-0.09769501403462248
-0.14134717020855886
-0.16795955010844657
-0.1523181962221501
-0.2935055991527477
-0.2583631973331072
-0.25444492721516915
-0.24000431789338927
-0.23342977120123154
-0.18284510386802472
-0.13217280761407613
-0.11551097165788624
-0.05467898932370237
-0.026667203916233215
-0.017611149760542042
0.019014163849925016
0.09387406590693957
0.10932135038904245
0.113613804164491
0.17165796499840982
0.14387794955623562
0.227236077721424
0.2695312002042805
0.26967468538658057
0.279411085359645
0.19359563943269353
0.18344245998457667
0.14115943261787112
0.07823283467139927
0.06268556528043198
0.0016469133974558042
-0.0048750109908582955
-0.06510914538114397
-0.08292953951082564
-0.1016618099971332
-0.13049335794094258
-0.16983965541294727
-0.2409805318712568
-0.24349438151007757
-0.32585171716459865
-0.277304750931636
-0.19808792263676106
-0.16625909727057814
-0.15655478140346604
-0.09714077606970523
-0.10775279011425667
-0.005733188920618644
-0.007521009933238993
-0.012772341353341366
0.06061807477583055
0.09624780267975262
0.09496218721328184
0.143928475006091
0.20410910401247243
0.2000911659800199
0.2664273872127432
0.28955949962473837
0.2311513999588717
0.18029529267077216
0.1554324586042033
0.12633974980161972
0.1355594535549957
0.05778587533947169
0.02638251896120606
-0.0025932060621977945
0.003432768784336137
-0.06684996056489602
-0.06663055226919912
-0.12876061801647884
-0.12100026126353461
-0.19110996666201327
-0.22116920226202746
-0.26013009199082576
-0.25605026723611596
-0.2579456701655503
-0.18645749205653311
-0.17876721184066316
-0.12455222871808125
-0.12124115197180281
-0.049143696427977036
-0.005020832818109656
-0.009902236612796546
0.019386838174997426
0.12455742429539521
0.13890048271616728
0.12351890896542916
0.1928416933754683
0.18868986513569788
0.23822616618426806
0.2591010302942617
0.23503267502541128
0.23730904219356638
0.21486398826416878
0.153903581542932
0.09021897165397044
0.08126004039873094
0.0182832643581351
0.014081285073950116
0.0007577341589092568
-0.014422594970960316
-0.08527346977309748
-0.11666395719874491
-0.1525968361455752
-0.15901509965904287
-0.20787736079946464
-0.26028580553105696
-0.2800865286129025
