-0.019190476865903586
-0.03338868385968797
-0.05132457873241949
-0.030231603164892144
-0.008648891628556529
-0.006472212858804932
-0.011699772446567693
-0.01039653767079748
-0.02647096668792346
-0.016069632270930972
-0.023544372743943286
-0.009557361327712793
-0.0679321706507659
-0.02713416222191964
-0.0033941781523720307
-0.01562453215640564
-0.027574172160655396
-0.056063380580017905
0.0038099200512870263
-0.01643561706561255
-0.003354649901214389
-0.06747246301564451
-0.016827594987082396
-0.03525620829204017
-0.014141719044771099
-0.04787891298733249
-0.01653992051754789
-0.04241417668574721
-0.04455593113669078
-0.017467070965951664
-0.016826088938779245
-0.021225037683920065
-0.01958099281471211
-0.02873064654662192
-0.016948253932338373
-0.013097855838579081
-0.02491542477953774
-0.01773247999645188
-0.0025485740684285827
-0.018677951917888902
-0.0021402716042684764
-0.027359365138412833
0.011580003430998895
-0.03257088497756359
-0.07100229060176642
-0.017432292632920236
0.013053427372759125
-0.033636438098146065
-0.024379481725913713
-0.015535743850134648
-0.03985724955976399
0.012171565939184927
0.009737863198923577
-0.0101926807781645
-0.04516552430385434
-0.033788662129026925
-0.025952076561967567
-0.035498238891881646
-0.008489647446560545
-0.00044226632220440744
-0.011407260744552946
-0.017397816782117465
-0.010444433030986145
0.00058694129442915
-0.03125988716866871
-0.014627445237977845
-0.0273977027792955
-0.014568591039352003
0.02206329533790897
-0.03808718294745904
-0.007287136920808856
-0.004490041004592254
-0.030932638183888098
-0.028720153661816728
-0.024144390866455867
0.023566552161433253
-0.034742865019413906
-0.022421585435305463
-0.020873444999750478
-0.01980044739192414
-0.018156438946130227
-0.06164927442371807
-0.028340552878253517
-0.022704381671723686
0.014101826056326702
-0.01955146731758873
-0.03251800932772554
-0.0035085200966063525
-0.014705706433208204
-0.03943937768294604
-0.06795430029305483
-0.020863455588357303
0.02217111567666708
-0.04417667323543313
-0.016894809451739115
-0.028574099140973818
-0.0036878111133380794
-0.05010330237147501
-0.05741660457655452
-0.012440400197116218
-0.003834914558584793
0.03428211391489576
-0.007628235087359964
-0.035586044059343874
-0.031110436791467015
-0.00506112323878764
-0.001224745116225806
-0.013876640609126632
-0.006314324028005133
-0.021268713307395135
-0.041484753384899695
-0.04308905947799439
-0.04109261439040987
0.007407497593163941
-0.012481362273835173
-0.0147717491721266
-0.03739296289671147
-0.05329909828194721
-0.012586913606744115
-0.01703331368930637
0.011803493064335544
-0.037292192372101005
0.0026926752923381383
0.03650127638128231
-0.08419876379347913
0.00829614748996313
-0.030488849353318866
-0.022273307899032393
-0.008655097769081292
-0.050246837067294686
-0.050943914032933246
-0.002019329164169515
-0.030355395889145074
0.015768308684654314
-0.03009915423539644
-0.02541908737970954
0.02231512406375937
0.01152997518969414
-0.026273511703968806
-0.038087518033224965
-0.036473640280672244
-0.0427494342764174
-0.022991348175340647
-0.02255751709837275
-0.006947017565823877
-0.02789410611458974
-0.010584540269936748
0.018416845088312244
0.01563055185510595
-0.03257528311678558
-0.07513687820429976
-0.04297142909290904
-0.008775361389501093
-0.04455289143558909
-0.004703441065076187
-0.003084982252872459
-0.014411955431580938
-0.006233710086041425
-0.01012606928125876
-0.06264619602473531
-0.06138751743037965
0.013046588993760898
-0.045226020060739135
-0.03647272641046449
-0.07038445764737672
-0.008510043113405037
0.014924507237544633
-0.003034617227960835
-0.09389042124641644
-0.042570969604401196
0.005736468898319965
-0.02878445754882624
0.008572344979005674
-0.008727128170932016
-0.045859531096941866
0.0024671602825499933
-0.015014166305094962
-0.017347108129589818
-0.02371212727058257
-0.04836305874098744
-0.04071731852050818
0.017982048471516354
0.004223682959645286
-0.032858192713968296
-0.011936051189882927
-0.022153578357813453
-0.041873634872595746
0.0048913533193326655
-0.010953092133061155
-0.04603091721391439
0.0045969147367483365
-0.024958411924207963
-0.03675757455273773
-0.039857255831100113
0.015503827613116023
0.020774052808764057
-0.004843486085292363
0.0020868163210329
-0.05746348470645681
-0.017586190547485173
0.012339115921789365
-0.014124457512722986
-0.023129157988106788
-0.04593250434838617
0.03786191667607822
-0.0335690446208213
-0.03303209933115461
-0.022443331365389934
-0.009536707806302662
-0.03347134995035114
-0.03587139532319895
-0.04927867929838725
-0.028373784989771264
-0.024333006181880806
-0.003472399975084743
-0.0329555299606082
0.0015487852194101277
0.010752047826981156
-0.05817167064428354
0.0026504991986225235
-0.034395141151631205
-0.03254871984724705
-0.03946017807057095
-0.017918097536664346
-0.045664115664612724
-0.03383821266755023
-0.004223481268495635
-0.04722192538339701
-1.3811719022743113e-05
-0.03187603305378014
-0.02721597864329335
0.016894117469931344
-0.023567663459768046
0.006954254348548131
0.003521027174809725
0.0043887563182186985
0.004170998927087031
-0.006323464454807866
-0.08042546823565183
-0.0596605212023778
0.0018731995947098307
-0.009653122712876966
0.008116167981358311
-0.05575115821739058
-0.009123295456381969
-0.007796725336173737
-0.02228888818484146
-0.025559768369867807
-0.010752026961952939
-0.037853979188191
-0.020989194713514188
-0.02630512539572438
0.02165302683574891
-0.03726723976786895
-0.056972662943182206
-0.029213381582265826
