0.5163147170953412
0.4676602670510932
0.4679477438128426
0.36040924518251755
0.3053420769284008
0.25478201241717524
0.1754793086172288
0.15842674895303283
0.08156472816828034
0.04760443390199637
0.00887197407473281
-0.024537917299632603
-0.09860127844903294
-0.13975181973463005
-0.19686417218672617
-0.3136624974566244
-0.33153497530959153
-0.3559103750043535
-0.4383686347180832
-0.518758389902367
-0.5736680467348817
-0.5997180374535368
-0.6376843027025649
-0.7465884351750838
-0.7793072175318753
-0.7739998384107672
-0.8414374036419277
-0.8908286171972062
-0.7956784652962127
-0.736245141809876
-0.6786931095684333
-0.6682929859781385
-0.5854194809122405
-0.5191970192011461
-0.4729208734027295
-0.37517335726101414
-0.3747757327963651
-0.34422418081184103
-0.2621116106971715
-0.2036550953261516
-0.15201251253329826
-0.10574885708299413
-0.06406191334525327
0.00963274948558395
0.08180752787947801
0.10647641249687304
0.16372103208990246
0.18198802069030418
0.2537783348400946
0.3178359593071343
0.3885808202670714
0.4071940404773556
0.47168215316823214
0.5141465124681305
0.5654820157297402
0.6165536568542705
0.6590567228279659
0.7236139500038103
0.7955280007122971
0.8075822390038534
0.8879636556078256
0.8507238125281724
0.8121133629389778
0.7213358132338435
0.6576220135714697
0.6118438058748371
0.6162981482038072
0.5501889902686896
0.4817794537623465
0.42277112293331953
0.3423541200392443
0.2931377746785597
0.2567447721442909
0.18869019853149788
0.15227432796169713
0.08552294268804041
0.06019714533010068
-0.02023343665331778
-0.03820992018964575
-0.10932192476112838
-0.17910179846878238
-0.252730872571268
-0.3092236732149701
-0.3626442068454636
-0.40916757784842606
-0.41469180413148754
-0.49703651728044856
-0.560710588281287
-0.6046154671406452
-0.6406766784644052
-0.7361133483069806
-0.7823147715835967
-0.8274075162491115
-0.812524011500675
-0.8602016343291363
-0.7884521996315239
-0.750213859322162
-0.6814724311240598
-0.6579982164646435
-0.565462076245594
-0.522068685674228
-0.46319495772839936
-0.4393229959736336
-0.357118406031231
-0.3236393604799567
-0.24877924266992843
-0.22195125970625884
-0.17597864920778283
-0.08927214970218697
-0.051801771475674246
0.004547787254651039
0.031192751034890758
0.06375383123713169
0.1456760236205934
0.19900864967159593
0.24480375166050375
0.33513183073144265
0.3332598800854197
0.42418520340974303
0.47888827260760897
0.504767757379449
0.5863676762278525
0.6371549447950826
0.654880736704591
0.7402630972364747
0.7513283470672334
0.8305230132662409
0.8516021652528041
0.8181398331540323
0.7778844584443947
0.7014993917273812
0.6397535731901313
0.6047891174788259
0.5372941320951765
0.5186127634373293
0.4768949961695995
0.40665230938889885
0.3150559862733394
0.31685984763706637
0.23848907910102612
0.1987504795111759
0.17387713147585862
0.0896627843919184
-0.0005654781093502627
0.007619003200350426
-0.02204694980811231
-0.10944465436564399
-0.21668207304279513
-0.20654577956454406
-0.31395633882664126
-0.33956617762666275
-0.3776830444412906
-0.4637828834879905
-0.489511256745148
-0.531142851201299
-0.6082686978917362
-0.6500837206539491
-0.6894205083303778
-0.7761442467208682
-0.8054760653436865
-0.8876581939868007
-0.85771803797509
-0.7540735833176277
-0.7410115410178014
-0.703718388635825
-0.6320670339427955
-0.5632698004542035
-0.5097281376172463
-0.49005832402537797
-0.43192201536491265
-0.3499086569868112
-0.3155965852057931
-0.26791409140782374
-0.2111807819420419
-0.1683356059947925
-0.06654937963606042
-0.056590729353121004
0.006760266926671235
0.07726202323144049
0.06570713077158336
0.15612949804621853
0.19203937165039864
0.2313382781307381
0.2941331568325348
0.3615117238200043
0.44028355651717493
0.46503207267666846
0.568984503391325
0.5646379496029057
0.639794704054021
0.716070677750671
0.7078656686360673
0.7720148608465806
0.8342833486311069
0.9029838190153977
0.7906523737562136
0.7421144825216301
0.6832827076784865
0.7011001748557745
0.612819260277946
0.573531984181441
0.4858967629885501
0.46332729473317513
0.39019996835679555
0.33216237400582554
0.27237593825538675
0.2719298896273103
0.19061151258440595
0.13164444941949113
0.07604696214510509
0.049450150181834046
0.013840892114895444
-0.06238069638114978
-0.1538413996905649
-0.20471125536158416
-0.27599877635599146
-0.292348055663355
-0.36036734596765957
-0.38436421735903253
-0.44596676655546297
-0.5282368498397012
-0.5308857590489315
-0.602352861586804
-0.641010276285839
-0.6861642084325914
-0.7903886670517497
-0.813924364265828
-0.8685725589459885
-0.835361867270434
-0.796587243045651
-0.7374507472892858
-0.7174524506355052
-0.6482524932886415
-0.5547618408438763
-0.538281822874733
-0.46140187582026854
-0.40647914638668003
-0.3433125333285853
-0.31762515699795446
-0.27379679063407125
-0.19993700013799232
-0.17060840532329744
-0.1501102278128924
-0.03468278891916084
0.025878669075280303
0.0698194811154184
0.05695173784881183
0.16657505122319405
0.22910796885375628
0.2792748115916988
0.3299323790010407
0.3760678893424097
0.4424323307459566
0.4946363806804977
0.5204891545504143
0.583371322497979
