-0.351170890683503
-0.22138448493667354
-0.15966337152636678
-0.05968709789737599
0.05288612578778938
0.10798070426899795
0.1693040553007423
0.3110532516092705
0.39547849275546504
0.49804108863462426
0.5508201939763497
0.4586707730509301
0.3831873696703298
0.3057206833194173
0.16549868115745314
0.08893872902184116
-0.01239944073196189
-0.08260216856234952
-0.17407935834721552
-0.2443898914394896
-0.32714762053860946
-0.4690391882248885
-0.50310308532041
-0.5157187089186985
-0.4158260288602966
-0.3219200622568942
-0.2256012091684721
-0.1929130292237016
-0.08278120282092974
0.017282823115895248
0.16272536668834842
0.20993075461451413
0.3147023970765532
0.3869523046068376
0.4550629674754186
0.6095119346540456
0.4848782089542986
0.35989194321226176
0.31012642838593485
0.21980245442665292
0.13310673789865085
0.038503418184268834
-0.12256845816517335
-0.16888666446559716
-0.2036926781294494
-0.35141767648017724
-0.42934501349459875
-0.5273140883785444
-0.5175095722027163
-0.39558731850745776
-0.33020571050814423
-0.23996109632798668
-0.12511262196217088
-0.06838806006027501
0.027588694936655975
0.11996233836430621
0.1981462926998105
0.28429503405759515
0.3604380193967113
0.49268688884705486
0.5705667419874294
0.45852989216044066
0.36990858168744367
0.3026219750704574
0.19953979805797384
0.07205223741147057
0.02452878189246419
-0.055288571269099654
-0.1597737824516729
-0.26383776946855264
-0.34209083713213506
-0.4389012709287284
-0.528610341413762
-0.5418174048421784
-0.4342243455136273
-0.2952269404569601
-0.26122674426220216
-0.13853898264014552
-0.07300840467811026
0.011163647155771596
0.09589391436794953
0.2251018274941426
0.30782661063154393
0.3388891185737802
0.46099400578454414
0.5862239780090449
0.4802185025409008
0.3849524647091743
0.2742446195855195
0.2139057323330761
0.1083368388639891
0.03913172923376861
-0.06278062417233259
-0.15017411841942835
-0.21030774929831644
-0.33642266500189444
-0.4334379583042577
-0.5413905291234207
-0.5028456620099789
-0.42180465462437283
-0.34688365330004794
-0.2554372218813083
-0.17329314898938364
-0.07138545096111996
0.04111031830997152
0.09749331635652612
0.21004071565762508
0.2984171149269543
0.38937284403459094
0.42682351275073815
0.5404943385138548
0.5009622479311454
0.38238153325248564
0.3027985026545161
0.2155827235339091
0.09299060451713309
0.024062229855100894
-0.04581965384422332
-0.13568834505275598
-0.2416818365915397
-0.33060905740013924
-0.4292225771477902
-0.46909471805308484
-0.5056524501239658
-0.4102327422269743
-0.3235202920427612
-0.261826937749904
-0.18256985843831325
-0.12351916605789597
0.016925441068115547
0.13237547591011226
0.17221655009590542
0.26561206098290024
0.40135883212254175
0.46006447471880346
0.5655838203961071
0.46346357432008933
0.4024926846547209
0.30775062873756304
0.26174281569612257
0.12468328206117218
0.043284592975357916
-0.07059565218075006
-0.16776551715420251
-0.23360089461347805
-0.33500509698717496
-0.40998187102241856
-0.4953446521553777
-0.5026114584900144
-0.4285054603725149
-0.3331973664227164
-0.21035731301543303
-0.17004556970771353
-0.06069031417602409
0.00619740980013294
0.11885105186800626
0.19195751220602553
0.28376455209436435
0.37148769621933725
0.44524799479917837
0.5503458422020504
0.4860152918599844
0.4075262222084289
0.29872832415080897
0.20487571160160964
0.12277387358916993
0.018996585102321363
-0.041861714166462324
-0.14197664911026386
-0.23297631167233143
-0.3063209269963182
-0.40263464647977143
-0.5157388009630544
-0.5597073951722874
-0.4444421679466702
-0.3792518403038438
-0.27848464274918133
-0.16806098657558985
-0.07247891921298527
-0.009496393460761246
0.10060605578784718
0.18524404113729853
0.27032797979805007
0.35868341544712273
0.48379309034551465
0.5371945097530191
0.5070913097041695
0.43948246822502446
0.31344766362908233
0.23913051208270636
0.16171911310713438
0.054277250325105435
-0.07283754772529022
-0.18981548493436728
-0.2527821381604112
-0.2917079514291151
-0.3901252530361099
-0.46679649267208756
-0.5233571305887628
-0.4760427938310977
-0.380247342285267
-0.2752067856372929
-0.19697267980831956
-0.12398160553222524
0.005234205310027391
0.07687543989130181
0.17274800801032122
0.2654494442917074
0.3531340782245806
0.42216651313626974
0.5648246346985648
0.48955660252001504
0.4112075595611434
0.3411280032154407
0.21687015546909022
0.15687063589955347
0.016038210600457826
-0.017076046535265302
-0.1482323006373868
-0.20307837211467
-0.275662136329153
-0.4177049765408853
-0.46663725805207995
-0.5349672407235725
-0.4747385396778249
-0.39813462820518397
-0.31364053867161906
-0.1878780137251003
-0.08353352981979156
-0.020182050679937856
0.09168592270185522
0.20419295573864055
0.26638819396788327
0.34690101714454286
0.4317871573170938
0.48764942198126826
0.4770581717980436
0.4281398300285546
0.34406843072940396
0.23871990880650884
0.12331745398633408
0.0893593389259077
-0.03182901588731851
-0.12349408508505384
-0.19853359637581658
-0.3431671054697911
-0.40541719821520655
-0.4770938806777427
-0.5678044002736298
-0.4832272061815319
-0.41775854659876066
-0.2895325395876789
-0.24101594187685504
-0.10704655711128255
-0.040564106740162933
0.05769003615031888
