-0.4668698541363875
-0.4930177730420793
-0.46267920195659046
-0.49235908265182715
-0.503411257096251
-0.48783389403369676
-0.47117232467879383
-0.4765954722073357
-0.5135382298425001
0.46242987188800155
0.5151373736973632
0.47823355277723206
0.5219790404616469
0.527371525274672
0.5367435239664406
0.49401306248780225
0.5119972287540389
0.49697935184105324
0.4649962971485657
0.46605657885284346
0.48861452558167345
-0.45849200849097593
-0.4573928498713825
-0.4560793973569307
-0.49493727970791895
-0.47461685478670373
-0.4754889757967161
-0.48096482434536136
-0.4557089378213583
-0.4908382819942744
-0.4864065919483532
-0.4350990356551998
-0.47274228500386484
-0.48382802145802495
0.500337336967286
0.4766924621938099
0.5151109395992154
0.48311892053551897
0.49626812322259245
0.49703693306653135
0.48924803094501745
0.46883947337060844
0.4686920736684958
0.47519378750710595
0.47376335982232554
0.5018041097473637
-0.4700316520635006
-0.5111800432482108
-0.49310093964456087
-0.4782034924333643
-0.49680706526722535
-0.5116640363201728
-0.4638603205683883
-0.48816000284243793
-0.5119583521403572
-0.479867296659422
-0.5212253236838477
-0.48514297008150054
-0.48797958583873124
0.44611170107921866
0.4704072163009008
0.520038415411242
0.4891879889418629
0.472066828755644
0.4722546194399505
0.4824697357536878
0.4987147440592782
0.4719416413353558
0.5027735566224042
0.4558138959222875
0.4688876783992598
0.47923534874249235
-0.5034748334921516
-0.4855315548045337
-0.472959742655858
-0.5066909848177077
-0.5046089937668611
-0.48349331364663317
-0.4811113872118047
-0.4723621437131518
-0.48936063886446135
-0.47676716630839067
-0.5020115896403848
-0.47869148760835095
0.4837988919716741
0.4758583603429184
0.4905567742262199
0.47192195788634006
0.463329850392615
0.4737223155802701
0.517341205516285
0.5021240394467271
0.4763035475258163
0.4922046573790359
0.4956337178835452
0.4325860320373651
0.49440424695093993
-0.46656148825180926
-0.4854372771676594
-0.5371318415742495
-0.4861414326627322
-0.42981831387464475
-0.5046453695210903
-0.4847051923429785
-0.5114137476202537
-0.4923903377856187
-0.4741793370684208
-0.49131351901935555
-0.525971905443291
0.48162217716648964
0.4662480949939127
0.47900062264993437
0.48203322811322596
0.5174778761350856
0.4781539262769175
0.4609556914363661
0.47966839324459204
0.48517579579754894
0.45958919407016846
0.5068497965278109
0.49147669024107776
0.4994078712198766
-0.46370983658297205
-0.49144140750147136
-0.4835030045110274
-0.4484550721416415
-0.4648054141194343
-0.4684897081987879
-0.4860161608318664
-0.4837134041409506
-0.4980103078459484
-0.4747044759466564
-0.4932310329306118
-0.467145891736464
0.5113511944542053
0.4618970659332868
0.48307427097652744
0.4499939041607175
0.4679923888548192
0.4935951589275128
0.46721016857962694
0.49223089945892634
0.46961355143009714
0.5064898632357104
0.48746372405097277
0.4826589086276791
0.48734654409133477
-0.5169841643338033
-0.4498554626885316
-0.48891696481124713
-0.4805854598058238
-0.5019264166702824
-0.4972206145938476
-0.491684365300507
-0.4849952828838591
-0.4611523820485005
-0.5172541264831926
-0.46680710249581686
-0.5039878089949958
0.4741291577257238
0.5012832792920119
0.48793744750109475
0.49420120445334176
0.48703423067280455
0.4969413482904019
0.4855428643216366
0.47489773077167985
0.4896819260026658
0.4658189601264381
0.4756879302892962
0.4707882821156636
0.46136044646309726
-0.4333863887712023
-0.49125019430608674
-0.46909778699644034
-0.45035753101493603
-0.4929499063511112
-0.4874546587165355
-0.4758234544060234
-0.4582288427846509
-0.5223831762087559
-0.47465061078871873
-0.47564707205759943
-0.45668960550026827
0.4565129693996277
0.504105430259194
0.4727594382427545
0.4904404158471766
0.4793389815965359
0.5134235941773038
0.4934293620091451
0.48419813250759947
0.4668556771466685
0.47711965514615573
0.4892899555081467
0.4881068585459816
0.4570969419889026
-0.5030947037001918
-0.4954762853947016
-0.48490397761909687
-0.5093009624272138
-0.47021770292275467
-0.4974691237932544
-0.49057546406407804
-0.47701925954421454
-0.5117650990341086
-0.5114127613186865
-0.48402494312231487
-0.46278889282851143
0.48600064587043157
0.4415891413043007
0.48735701809548565
0.48625702869818066
0.46861624839239413
0.5418952772978299
0.44499147690260155
0.5193373708687347
0.5110527250903005
0.46635992328272824
0.456510774031673
0.4435198659339906
0.5394605364455994
-0.5004639370727963
-0.4509950517933372
-0.4917915023988288
-0.46714951945711586
-0.5108681408289938
-0.4610580767900703
-0.4619920289816636
-0.4603210123624263
-0.5002610147596851
-0.4926245078859792
-0.4775941001422535
-0.48323318208784644
0.5119319473132407
0.48874034407504335
0.5137349608977981
0.4694246669365421
0.5052231158290598
0.49482924482345614
0.5136340043494134
0.4708244544452364
0.488342593571704
0.5238645339081457
0.49294047665128554
0.5061633895409144
0.4768670977947353
-0.46868990891406126
-0.46437914224518667
-0.48669671385567903
-0.5042694419832465
-0.4804818203898453
-0.4847894737131459
-0.5305827056799224
-0.48798158559283145
-0.5054671429745976
