0.3364923009285984
0.0435265484334899
0.04822964502798627
0.00695822945352665
0.30547525479956017
0.07399891573887053
0.10477382127952087
0.049769548672007245
0.217132316821671
0.3843926269580317
0.07554925075919716
0.16346274759982599
0.31264880286944374
0.055052529186803464
0.35093823009436437
0.2965084720897112
0.3335203534981775
-0.0023558561618669607
0.12213089496029104
0.2485102842546737
0.25369909646229594
0.31242192317848466
0.3213676791059425
0.26430886562896466
0.2346208613039647
0.31538892674605773
0.2723624170484822
0.04801543312168852
0.21352071802298409
0.1467197917780919
0.37294457604109404
-0.056876500294832016
0.03854465125606722
0.05498853545650838
0.08210255857182461
0.08674430492291972
0.08620190110492011
0.2290623153741724
0.1889221384844195
0.3421432180850487
0.2861050098219289
0.10208666705753194
0.16963496245423243
0.4598897209965545
0.29894359601992226
0.32144400775581844
0.03328434846227113
0.06960943675149013
0.33960121258130055
0.06758299160651149
0.34977882270382493
0.11397830917212101
0.274549475075757
-0.004309031789682921
0.1264391639879849
0.28049321144773837
0.1402158919356117
0.13797931571670718
0.3245031198267848
0.09234105436705119
0.20802849650578242
0.12015400214047665
0.37275204951418134
0.0978302160164422
0.1813235556493896
0.2867623229317855
0.05379114889194836
0.25533549702747416
0.07207026549736072
0.12086206481140487
0.33465105067519096
0.03738605025876243
0.11678668293701734
0.19622045697843915
0.27253127610401845
0.31660720510575446
0.02924513677054596
0.04069446538360541
0.15525028743525243
0.16282562255138494
0.07960113104116019
0.029895333373051208
0.14924440032390468
0.351562157021626
0.006823341448583145
0.2738037257369533
0.11037215522424731
0.13609609645986534
0.10166876577107034
0.08830472929342992
0.33868737143108246
0.37224860163953055
0.3074707518979529
0.07271948901694229
0.2554385326132632
0.36184928124514937
0.2734132052960207
0.07302608296615433
0.16148364643836827
0.32170905280551515
0.3400458041807641
0.19976125171648085
0.08484957058377769
0.3769026310145766
0.3305380821157864
0.14344510421174264
0.3451986731962144
0.15393782882905613
0.16956338142950533
0.22758090702039052
0.3130931543535016
0.09585380519524735
0.3430634974952905
0.21476906427974954
0.12259013880398703
0.29385244566313673
0.041010466798606794
0.156035567363514
0.023723089590947606
0.18770993127245744
0.11000977531818842
0.19959428026090403
0.1582966385159141
0.37262989327681345
0.2835689557684845
0.3187139150967263
0.13578462330331506
0.06838394268126062
0.3275556643358656
0.11544770034385447
0.16047973578978292
0.21045598328575735
0.14629426579407315
0.2938900049890669
0.26546954686897406
0.029032781230853556
0.31157966305527635
0.22688344398610458
0.20791289081892697
0.35820179082867154
-0.026956029390972813
0.19589481518240148
0.1689699297937902
0.15834885909916294
0.050376564241232685
0.37199395546772446
0.3478589421385311
0.3129388881163475
0.34074399436684716
0.3561172533283066
0.41130769352154783
0.08694889896264661
0.2532895200711115
0.06733840812965278
0.2234215331254241
0.26965410396935796
0.26491979329808885
0.4164459071434649
0.031161240967646345
0.3256735342069745
0.03286931848937914
0.2316878758579094
0.32067802592904887
0.38039855672270595
0.23819337807129784
0.3643705611782486
0.3076753937836474
0.28256051251827746
0.26312601017732323
0.2002343943315211
0.22309333911823265
0.07050104402188438
0.1693455491442755
0.4343389228163816
0.342056576087745
0.18858880779883677
0.32735132176764037
0.16700139057872104
0.11328907769976343
0.11943610586529521
0.27329560383811063
0.1489697908651051
0.3035416446074238
0.23558886273261984
0.0967221638276111
0.2722217421987345
0.3590789037719737
0.1605838784948706
0.2448908506992934
0.149600548085017
0.028997345599117735
0.2296674885907735
0.1695198839161987
0.033013795877232764
0.14014195316382852
0.034770620167937825
0.29778507259830245
0.23854661499260163
0.36008947082215415
0.06954811644868826
0.25712531353343027
0.17878564377337017
0.3238655907919187
0.21570600741774254
0.22921029632337914
0.3624468563924404
0.09831655310437622
0.10524327644023682
0.027943154887259597
0.051634528924739506
0.24198769111858873
0.36536941869651873
0.14364810293102545
0.14500466182149999
0.2881653250787443
0.3272238991192472
0.003998354887259158
0.34960221801210645
0.36446469284446154
0.03740739116478392
0.014703348692327225
0.2392939786703496
0.30868799980764755
0.2531691917123384
0.2035175733971241
0.2683654004471092
0.20405378472374192
0.2095678381839308
0.1845628428920546
0.37070539439071626
0.16863257709535304
0.27086102526439154
0.2115792501268073
0.1720175402982549
0.16684533124477302
0.19138926089717717
0.22345223323133648
0.33125839095323384
0.2594327096423217
0.216657596315674
0.2689004306326126
0.14978538712586262
0.2820195823681207
0.1752329806005488
0.17733457268262126
0.031089764070796083
0.27157256999327645
0.21358686202749552
0.3128220392752789
0.03823371916375193
0.2592577357536628
0.14981851089595613
0.3703036133387533
0.35090986539086655
0.235733389544033
0.2151311372419645
