0.04133412821475393
0.05897041317184525
0.01284926430148238
-0.008022383651455786
-0.02948439099214878
-0.002104263978520801
-0.049411827690899884
-0.043559269373953616
-0.0575378970034794
-0.10815035531588964
-0.10569618793988482
-0.08422833955658118
-0.09454123696115947
-0.06301129790914559
-0.07086914886101388
-0.08464580728031612
-0.05936556491371495
-0.05551030232773717
-0.018189699317906753
0.0010155299955315698
0.012232924001829012
0.028838426900777377
0.05240275414697092
0.02152107324577677
0.059537130173059005
0.0574093410200402
0.07774997126337589
0.08194294832389287
0.11512472307985284
0.07704190057017758
0.09973260054294357
0.03201147928867661
0.026708291456441838
0.06964442694323754
0.026626201580382737
0.051714285320577036
0.005004328073256891
-0.0028971458719661124
-0.038527261127258974
-0.01447631714884573
-0.07355534695833546
-0.06334510549388679
-0.06336533332786098
-0.10106027751351439
-0.07269217074176562
-0.11663924027423186
-0.10744294200428987
-0.09261880896190904
-0.04317580185698798
-0.06753262250007884
-0.01107459813786445
-0.03972240746532003
-0.04074611382394811
0.015225351848097445
0.0020520304136616794
-0.0043420776753455535
0.029456502767018052
0.06624116690369537
0.06847062130813647
0.1072541063458742
0.07540249727932404
0.10547926482939231
0.08602472273463407
0.09193982340527701
0.021477528218211937
0.06697563937709458
0.06770305511542449
0.025298761850463203
-0.009219967667609914
-0.0034476338977824234
0.03014669104412129
-0.007353022666831232
-0.02782453333131424
-0.07584968139345655
-0.034970240561617585
-0.053556309637057105
-0.0864685840251585
-0.0909484957146596
-0.09725587664226693
-0.06991213080843164
-0.041550241327149295
-0.06217050992282255
-0.05741374028590075
-0.05894052003073341
-0.039637621387460714
-0.0018734398377341852
-0.018465903017748357
-0.002555091891835482
-0.009337235083567985
0.029570368724223882
0.03932469620320056
0.06867531581365777
0.07083541973876145
0.06583734027280595
0.08528178855787816
0.09847973245557405
0.08198800611914654
0.09416670428734931
0.0665552483958177
0.07334988212111992
0.02979793374693819
0.02449973857585804
0.031150624429802317
-0.006480905715796768
0.010047299169758767
0.00660275209949894
-0.05014745444852819
-0.04092372045709992
-0.05699600525978786
-0.09766628898888956
-0.0850968542735606
-0.1317734717961222
-0.12893099610448133
-0.08504664072475701
-0.07608711787903322
-0.07841395388073198
-0.031143160591456727
-0.022766082723131603
-0.038498555263010145
0.005247567176957275
0.003607234436412107
-0.012737139416798044
0.028698712924991668
0.037898712856013636
0.05882695298503088
0.0018590386222920516
0.08411526665103984
0.06902522378045203
0.10242512347048252
0.11576678649273361
0.10646564157938126
0.09129517119525328
0.059237607051528654
0.05912321465376991
0.03866325051341165
-0.010405258216037085
-0.009407478698660366
0.011539718498289208
-0.023143235866797875
-0.07575211101551381
-0.022600525801885946
-0.06958052566973806
-0.06881171190939205
-0.07353935830782415
-0.13344250953537568
-0.10153261476548317
-0.11815272180101767
-0.0826242894003569
-0.06005209667658966
-0.055158489642536584
-0.046304193557887834
-0.045867964751385014
-0.03603624145398504
0.026711673050753205
0.00732099943543894
-0.02184939029597468
0.053763919195479404
0.02433687918124306
0.062491244773235664
0.07011338351650369
0.09708376998152415
0.10547729038669104
0.12476818037219237
0.10127653746892425
0.07645983156238308
0.09873766696213566
0.005486568500343465
0.05367716012400327
0.04878293091952782
0.007247210071009744
0.0036355573576278325
0.014966960986135832
-0.03293697265816668
-0.03613503169046639
-0.0217152459219684
-0.08814474206850396
-0.0846083160846822
-0.08209915744588851
-0.11367373135958408
-0.10171482313609538
-0.11090786901252112
-0.06362462806029785
-0.09492459970910304
-0.10817989353055345
-0.04940958457117036
-0.027023366242175776
0.015454310985060504
0.02532084952328896
0.008193060700746218
0.019384461079059754
0.05735091240320105
0.043643513114796945
0.05104729161178449
0.07968483482166845
0.11690299570623935
0.10182349599180351
0.05806870295800841
0.043584208116101655
0.03859634144712095
0.036604568947846194
0.014179426031396582
0.03919668441892503
0.025797817248556454
0.017305101839470337
-0.009494495972929916
-0.009825712081100023
-0.0156178214271178
-0.0426324846527118
-0.08047669342827152
-0.09233695532477777
-0.058964481248422664
-0.10313576221294657
-0.09137994305144856
-0.07682758297567058
-0.13002647763582426
-0.06025950924841798
-0.056103353817810585
-0.04430123140930028
-0.01853182325273605
-0.049009729493299695
0.004521809777519296
0.02672089816965761
0.04863359522943954
0.05911972352429027
0.07015227726191534
0.0527638873796469
0.03531710349871596
0.11694782183987792
0.07621749910074088
0.13096408596822234
0.11974653030228267
0.08833794986661991
0.06163277993717242
0.05762569871055579
0.018486519903356768
0.05142612328041329
0.0407537530846329
-0.005603934448640031
0.0009988588028998612
-0.039847345176729686
-0.03041770314424316
-0.06749999544919492
-0.032690217932106094
-0.09116992178503892
-0.09161819195051908
-0.10189385397927486
-0.11501677086706809
-0.11329057159152114
-0.09898137260335974
-0.0932985402887295
-0.01875516509260857
-0.00016564813668767248
-0.024973449466832547
-0.017124175958220734
0.006304002121667781
0.006149492817124749
