0.9573795528844291
0.9832551575022331
0.9701385374291389
0.9793950867808764
0.9973873615342428
0.9222380450629928
0.9787219772460996
0.9218295847662901
0.958907090749689
0.9474933670600395
0.9633242666114384
0.982116486010509
0.9587563895742258
0.9744584929567585
0.9601108660556257
0.9392906969645707
-0.9414490193264685
-0.9790097071039228
-0.9690848649786961
-0.9642082065948206
-0.9540102376896704
-0.9313528416325664
-0.9652467749251274
-0.9475029188225287
-0.9892524930182163
-0.9281121776337047
-0.9482102619525455
-0.9630674143910894
-0.9761235794156661
-0.9493431748761422
-0.9549057512196464
-0.9971727071173957
-0.9615679228501383
-0.9703645414167291
-0.9401107341963553
-0.9899727908474552
-0.9627989364119407
-0.9737965727459007
-0.9603309614700684
-0.9684858242300354
-0.9508273635735435
-0.968739987836043
-0.9845834432573741
-0.9583897329674268
-0.9753429157100546
-0.9431087660552588
-0.9719810412306322
-0.9588762669200082
-0.9701731834457114
-0.9687162722447756
-0.9662635923774254
-0.9788766427196688
-0.9811879134019961
-0.960724616032999
-0.987590611354009
-0.9709934600483437
-0.9301068138675272
-0.9410878207948616
-0.9682246786094816
-0.9896465703589044
-0.9581409664275579
-1.0070675410757228
-0.9447569708322751
-0.9490844057838586
-0.9667815911781512
-0.9566433260559843
0.9696939644067566
0.925092256770056
0.9636707604804428
0.9444842644532949
1.0004605533177844
0.9603150640303757
0.9650165705071145
0.9638373565311121
0.9819579784931597
0.9426367985162192
0.9486668426857006
0.9738585692258257
0.9363184440639749
0.9693554038962676
0.9639328993781103
0.9498912150473046
0.9585756687584759
0.9879920614517133
0.9797172692898184
0.9949492677755903
0.9663201934738644
1.0147893928740643
0.9624332788490089
0.976726438565393
0.9672026072540518
0.9396753345705081
0.9747087966952376
0.9293766890138855
0.9313479806417709
0.9672651308370385
0.9711601851909509
0.9577226457308767
0.9731985702896062
0.9472327553675804
0.9406819809283022
0.960312832538532
0.9767586825056919
0.9533079218063617
0.9810454802736231
0.9982042598338725
0.9497350621808304
0.9631792260066264
0.9750577222001527
0.9798122104003645
0.9483384261561639
0.9511623349002347
0.9945927186094558
0.9821592088865823
0.9190224478043323
0.9447775443310894
-0.9667637602372902
-0.988872525317555
-1.0161292339146095
-0.9393567972807312
-0.9771490157070647
-0.9543153760369556
-0.9652204656126924
-0.9748613703498501
-1.0016624591888639
-0.939545584533191
-1.0028595687684103
-0.9638304682319694
-0.9529043296510021
-0.9493890474282559
-0.983224246873493
-0.9558871960714048
-0.9491752109367939
-0.9762811252230112
-0.9648927407617965
-0.9787296300830923
-0.9828165363271678
-1.002717142242651
-1.012237222566202
-0.9908930469902042
-0.9753933626335402
-0.973533525541056
-0.9709505592922683
-0.9598999526019387
-0.9511343232436048
-0.9714476543184585
-0.964990457243458
-0.9847825762423442
-0.9594156663119067
-0.9817232855471006
-0.9484920424241664
-0.9917415263209199
-0.9301199598860369
-1.0003908908209738
-0.986365123192222
-0.9892692743214552
-0.9665584930085722
-0.9507557333589528
-0.9932402923077545
-0.9797086129166762
-0.9449732673585135
-0.9391048942498442
-0.9718109331590695
-1.0093458989409951
-0.9515164969287185
-0.9573353240972086
-0.9596376431386291
0.9680801810504424
0.9746981303765063
0.9786795223829404
0.9913339731292375
0.9778335110428507
0.983951163848132
0.949604616611734
0.9713181375958293
0.9656834147527822
0.9738395242797954
0.9783953233689828
0.9918278819508247
0.974837200047782
1.0156039847208025
0.959075372260134
0.9985905571737752
0.9448817578233106
0.9437533958269865
0.9749865741100955
1.00536941234428
0.9889637296017902
0.9936958246455219
0.9613675446682852
0.9406101770820343
0.9554434432580511
0.9701475581917349
0.9693614179174052
0.9781924163442285
0.958798518396889
1.0010509304893516
0.9563360203352409
0.9554326200609675
0.9466449979768099
0.9574462869359435
0.9624994827539641
0.9683916135438594
0.9680238144173544
0.941901211684792
0.9886247802828815
0.9474056188574442
0.950276278527109
0.9889438132155312
0.9351198352569587
0.966679286954718
0.953888896246478
0.9829596635367389
0.9692096366717037
0.9402864701407797
0.9610463469956588
1.0072577796273217
-0.9873138135363606
-0.9561233256709164
-0.9609804104154426
-0.9637394545225374
-0.993467595284877
-0.9696229438466614
-0.966399322425663
-0.9590468938350216
-0.9886068789254918
-0.9484595423572716
-0.9937538922897282
-0.9843601563532762
-0.9729635297316397
-0.9484120372440652
-0.9887818514252675
-0.9704913918105544
-0.9578355102702272
-0.9799747151102272
-0.9643374219094937
-0.9750695028123456
-0.9662382599852339
-0.9565199922161083
-0.968651667870395
-0.9947656688228116
-0.9553400569002162
-0.9979905655812185
-0.9432347386287459
-0.9664627267898231
-0.9486471364452644
-0.9437544190037609
-0.9469800988805424
-0.9602501902400635
-0.9402006383219166
-0.9916475230232876
-0.9885278324760668
-0.9692615082735176
-1.0073531306136516
-0.9799228238797322
-0.9351000984773553
