0.8304811914279586
0.8738161858181459
0.8985378925724464
0.9449106567225256
0.9242922975623077
0.9405589329987919
-0.9872004465312028
-0.9323446544442651
-0.9088899368846165
-0.8707835230368303
-0.8579303976409346
-0.7982819407998442
-0.772414572741256
-0.776637272400739
-0.744846603424037
-0.6998120282802742
-0.6341838756974509
-0.6556775763452419
-0.6187301506106432
-0.5482155882051036
-0.5134867147208483
-0.5595653445921225
-0.48629839184132173
-0.4492397207803837
-0.43795222470742323
-0.4115752766544282
-0.39557038031710334
-0.3487052817621328
-0.33080296281568555
-0.27160592623179014
-0.2561880380066147
-0.23583208999893254
-0.2064495077634502
-0.17959665913005302
-0.1229681883557547
-0.09071539320456545
-0.07578809134907763
-0.040469015503287055
-0.03386851253872154
-0.023764412425375664
0.042465968551545906
0.055443129956069516
0.09608221049188183
0.13664756648942372
0.17974066639908703
0.1694475486264748
0.19942330176665332
0.22929346323881253
0.26206209432721567
0.2785895890458024
0.3177696772396647
0.32403068487691
0.3849777627773182
0.40020733061181185
0.4698785271594444
0.45297623002559934
0.523405444124732
0.5260360906876771
0.5350493852893217
0.5981292663068419
0.6129996970411777
0.6432708306907529
0.6466647676914855
0.7164960524292446
0.7655907261445817
0.7429236959701168
0.7771112553738154
0.8157406163548662
0.8883954987154431
0.8398489213126479
0.8994204592562959
0.9418221478677755
1.00066825539849
-0.9666109031531185
-0.8941094796578677
-0.8950364799362864
-0.8998768987658334
-0.8472196762123984
-0.7786500614381043
-0.8326416432857527
-0.7638198271983425
-0.7221577261426358
-0.6912541848387379
-0.635257450627908
-0.6571760770993199
-0.5741542627822809
-0.6028940958927835
-0.5599977291205819
-0.5040579598474713
-0.482464619765426
-0.48669817736072535
-0.3984592128106547
-0.39644181056623307
-0.3670185966488071
-0.30188201918711
-0.3477994706731539
-0.2436841872359786
-0.2621041722919219
-0.2408966403113254
-0.2317747186660379
-0.12007034430484113
-0.13454848009566928
-0.1319472050600288
-0.0953952527236763
-0.052666220307117886
-0.030643037424384297
0.012005206629253935
0.021365870744988524
0.03919785827285105
0.09348801524365205
0.10016519773376495
0.1421610888031293
0.1756662612707297
0.22734136644699393
0.23954055637375463
0.2434253443077382
0.2888000629257348
0.3398377569318994
0.37492429279572265
0.3594274958059411
0.40250425610636237
0.440204834546128
0.47507369185674386
0.5043545486094108
0.557163066761868
0.5345167488033957
0.6062172836008198
0.6448653370414279
0.6584919179831932
0.6646764231953352
0.7067281299713581
0.7579155822986846
0.7882581226552845
0.815057524697375
0.8137861099878124
0.8625016981605046
0.8666186401882021
0.9528260835272646
0.943797839735177
0.9357834076134051
-0.9410671212513275
-0.9488157433098571
-0.899570046550073
-0.8625075582008046
-0.8300276849197056
-0.8083403510619325
-0.7615501361054381
-0.7735455429148589
-0.7560431569515149
-0.6925293909212096
-0.6700098383666688
-0.6418757208093505
-0.598010243368117
-0.5811636437664849
-0.5707279497596867
-0.5349311423186494
-0.47284787023093094
-0.4728422881259268
-0.4102099543533899
-0.37839632455088945
-0.40060714373251916
-0.3165337745689655
-0.3310099685687279
-0.2813117063979232
-0.29375434630067593
-0.19555808646365855
-0.20708418593745273
-0.15080885973460165
-0.12564823039059797
-0.11222268798057891
-0.09696697303994839
-0.015868074167648863
-0.014053714409507968
-0.0037581635826671247
0.04931609201325371
0.08708768367506456
0.08955353548629108
0.09119366265387932
0.10793820744261098
0.20839305673798475
0.2078273641023021
0.25247289243589777
0.2389710264203
0.28627918907042454
0.3459993719340582
0.3763517219635131
0.3818237721707771
0.4377899621119866
0.4653055585714077
0.5006407538308196
0.5108674302905047
0.553725624484841
0.5593202044263503
0.6257441322800863
0.5811173470199393
0.667637319676993
0.6981219457237562
0.7544769255986493
0.7549681829079274
0.7840250380445021
0.8116838336489887
0.8378605844493365
0.8765068671644942
0.8808328996626569
0.9080170224497642
0.939375898351419
0.9884549883565728
-0.9388992387211935
-0.9468977881663693
-0.9184692295835886
-0.8792592265535758
-0.8152760401396043
-0.8025376727193483
-0.7646514278943156
-0.7463543745388284
-0.719607917989635
-0.7074248146815262
-0.6680070766947048
-0.6241404578932818
-0.5707077015146861
-0.5329877528189313
-0.5296264231506975
-0.5221577816509934
-0.4881265681343743
-0.43755471054945194
-0.4231232858774263
-0.3867048500352769
-0.3753343802568299
-0.31590578063387315
-0.3125754607136534
-0.26809110342823483
-0.2551309713641743
-0.20921825812899988
-0.17672820584663015
-0.1382006915382769
-0.10613397806572429
-0.11034408261084624
-0.048234957170383855
-0.0420394380624783
-0.011034622870621513
0.033054870589668106
0.04063241666435978
0.06528954161126785
0.0996948138236517
0.11719973840947154
0.14934006612627626
0.1980928594165281
0.20516961000169806
0.23485025367863469
0.28894082966240153
0.29876758002758874
0.35186313152165277
0.32125433895236455
0.4044400009372318
0.4251624378922469
0.4282044447079681
