-0.4541366119249217
-0.6941982842763434
-0.5183670253053813
-0.8000447400403653
-0.1866364593645955
-0.4469460153019508
-0.41154747526086455
-0.1732107792502958
-0.7738253064054754
-0.3510126631945773
-0.74776570463089
-0.5118737308677863
-0.8084525127954209
-0.12402937465031409
-0.0649936733001089
-0.7274421435345585
-0.22975671488609753
-0.6579039190547038
-0.2290692477292829
-0.7438489937359484
-0.3416429846275357
-0.3237847420212897
-0.3633067780521717
-0.654090691977391
-0.3957655747705513
-0.7026189979401083
-0.5873426391819887
-0.4345365504555104
-0.13260216465195596
-0.44640164450383096
-0.4661108570186878
-0.353639005482967
-0.1583716750866762
-0.587185101054016
-0.25876539489877537
-0.024304577024240784
-0.4574450175253403
-0.5990414530586827
-0.459888857741778
-0.02960146397642447
-0.0026248229272048257
-0.4942214464379468
-0.3220318704352193
-0.1736810616579507
-0.7943183021334627
-0.28043851909595674
-0.47088504239306334
-0.042992414144202115
-0.7761263779381193
-0.7473814548437818
-0.4130517836348557
-0.8156815700278526
-0.718252058960027
-0.6519571503953963
-0.3108730337202687
-0.8443663451678457
-0.3496770261028834
-0.15265468076827635
-0.21980297684214095
-0.036244069207118285
-0.48747671219046396
-0.8035975016166055
-0.711913443770098
-0.5238725582208267
-0.6089045432601717
-0.7487354696613221
-0.30315512697419744
-0.5391830092141121
-0.7148010768118631
-0.3620041925329589
-0.2427749362810463
-0.6844618395679879
-0.03691223812017918
-0.5639646163116823
-0.3432428092468643
-0.4726433153806743
-0.517037137822742
-0.3199979049770897
-0.5524493191412537
-0.0032895266859720024
-0.7650594156341431
-0.36134734713963346
-0.26755220926493556
-0.795439196503906
-0.6635997610051548
-0.4285629217353402
-0.693147533801324
-0.20924747228785404
-0.594080218598399
-0.5870099053735913
-0.020867804447766754
-0.048372273751296824
-0.23953854580640885
-0.6648605622709598
-0.7781459298200338
-0.08959201871459871
-0.8532868383247058
-0.33146252510536456
-0.5166222402124419
-0.6856864902090517
-0.6699298660342664
-0.19416905320764097
-0.29905021308617435
-0.6740359307908561
0.008581027644657464
-0.07501683553115758
-0.24511793445510985
-0.6456596617882883
-0.5361595117000787
-0.40373817113599664
-0.5986673981940455
-0.6597086096897592
-0.47540708276405813
-0.15460657761758184
-0.826448330336781
-0.26307775874427275
-0.598810041303893
-0.28198560281322504
-0.7083452895523511
-0.09190714182924689
-0.6167694799413243
-0.7347115122910091
-0.43417582779286074
-0.5342074293565683
-0.45579430054620473
-0.5688633084759026
-0.044737807400669835
-0.265338556681826
-0.5254984677605308
-0.4207318832485407
-0.14134674411483636
-0.3087727741360545
-0.6109573343721747
-0.23741249820262422
-0.24827674879157194
-0.029194431093381008
-0.34429017805547923
-0.6985416429936673
-0.12439181858488606
-0.7803643940838132
-0.08494774689724324
-0.19210585742249722
-0.7410576892247134
-0.4944940829073494
-0.5804783491673812
-0.5850517207647385
-0.0656365202949738
-0.2175394822131582
-0.1092183259799783
-0.788445306020115
-0.6309721827198527
-0.7143337321221742
-0.7728694628017596
-0.5257628628710727
-0.6718780681072788
-0.4267081499905224
-0.12930102334997465
-0.09324502061077197
-0.5167721899013529
-0.05624357946927608
-0.7994002854825293
-0.36475042457499923
-0.7821142747462719
-0.10133922151709218
-0.44186127987073537
-0.8032210190423019
-0.4145870000450244
-0.6585450750044511
-0.44615259289796955
-0.410584523360297
-0.4043984720834988
-0.5486527336876016
-0.6449700832204501
-0.7888075581398792
-0.3943247114000094
-0.07626691162054418
-0.7400284586813438
-0.8129135548543704
-0.71716599297212
-0.8226373300100206
-0.6204551466703873
-0.4929623215218946
-0.3628741809763359
-0.1879971869921997
-0.5498454640903937
-0.8572693988297028
-0.7503051726638669
-0.21030080267335835
-0.248693466235513
-0.6377667760532754
-0.2585666402467534
-0.11921291056307386
-0.1183567438141225
-0.47865411021950877
-0.3167805756616007
-0.2793832796402134
-0.03135585626948377
-0.432139262960196
-0.8329729775059284
-0.3465831704769803
-0.2951206634278665
-0.5784903742195795
-0.7892526718496954
-0.3502218449648093
-0.5480122770885303
-0.6101382172294195
-0.3148193203495487
-0.1057937223557498
-0.5431191301752976
-0.33617782418629977
-0.11605280274547866
-0.4645570304956665
-0.7503060865144712
-0.8259914955133737
-0.43482833094790857
-0.7582648636142897
-0.6782295185808437
-0.7144949613421239
-0.7428421342050854
-0.10392703777766871
-0.0761323498645425
-0.2745308484684047
-0.5888117818673824
-0.5866324889135943
-0.51604697810478
-0.0473187853358205
-0.7351763539588099
-0.571975028556424
-0.18722518598603569
-0.3889852036471836
-0.4221334354888391
-0.43137584155473335
-0.5006884361910894
-0.7240485623967768
-0.06056178350643027
-0.32470778789812416
-0.5462105937353233
-0.41895893396059963
-0.10086400403912281
-0.0319615082173925
-0.48884248557584364
-0.45454132662263325
-0.20995490994160354
-0.3882480768607234
-0.6646700173183032
-0.09095091897405529
-0.29193742086776825
-0.03472565398293556
-0.25482804830626155
-0.8134613011007404
-0.5303643323817798
-0.20843446410834254
-0.5007883509366442
-0.40172451232906164
-0.7467115352121435
-0.21831515437995755
