-0.4092738338185301
-0.35703558990876205
-0.26859324425606335
-0.209335748252742
-0.12175178482176278
-0.05250335857641022
-0.004354413571833929
0.08034107241139114
0.18475598819013198
0.24133052135823416
0.35700904101341824
0.4086872841006002
0.40825345681654146
0.5337252133978474
0.6229900896822697
0.5686563229443742
0.47684012739948994
0.3603778110356576
0.29982450184940485
0.29092631988771944
0.19150995427297324
0.10996297616411861
0.030506275702114786
-0.031443602954124794
-0.12195579562486103
-0.1930147695802609
-0.26277849154149224
-0.3072199327825722
-0.3816515591738782
-0.4444094087811536
-0.5218168993264605
-0.6059944515140627
-0.5267515569041201
-0.46284231118670743
-0.3731212247921293
-0.31430445157444087
-0.2541015566289897
-0.1409075972201274
-0.0825721541447164
-0.048032884096101444
0.06844202843247928
0.1614133781583303
0.21490881268826098
0.25758229687529394
0.36269813382640975
0.42118787755471204
0.4817921214362202
0.5929464872180408
0.574679523417757
0.47942634586742827
0.42632801432574297
0.35751469036024003
0.29935916120272815
0.2117969335194564
0.14814205320167498
0.08795094203810375
-0.009956186947166597
-0.08174639889520817
-0.19029634312267726
-0.2586501428067918
-0.2745672817882476
-0.3427293424895445
-0.44384478594892574
-0.5366671490300451
-0.5549215230017792
-0.5684261438337597
-0.4896829488444096
-0.4153779719336374
-0.3251293745381543
-0.2674505339285503
-0.2003843569325407
-0.11007687377095143
-0.10195314845527353
0.04370386124146055
0.1314924048829224
0.1790404697896121
0.24524245006642106
0.30752189811030106
0.3671462556389085
0.45021032502567615
0.5120957613397475
0.6341588897124815
0.5217837577287996
0.47210774360598
0.3555070852699669
0.3219544123431668
0.23823752300051973
0.17069825918844397
0.09670709518536984
0.04493847331231616
-0.015602327438852204
-0.1386502448992864
-0.1579574965961864
-0.2415271690012487
-0.3231660656051443
-0.3723374266510723
-0.4699501410839279
-0.5352567461052188
-0.6103344206836219
-0.5269832521134209
-0.45288816712159463
-0.34369793998413695
-0.29692045704333564
-0.21251590313130878
-0.1390445831019293
-0.07201610943267732
-0.02112439247385342
0.08334591452594382
0.13543895679351087
0.21468456127854493
0.3139175614716093
0.3655398430750009
0.4490972903012606
0.4988297561970204
0.584404173683344
0.5752041024040914
0.4815865805036599
0.4278841046708927
0.3611187958068377
0.2967174087466637
0.22864193424734186
0.17885018024323493
0.0706876756869098
-0.011227069573837074
-0.06857921543866291
-0.14548321581514792
-0.2580413181355633
-0.30490183188677056
-0.38233281272044956
-0.45944690634660795
-0.5239759816436484
-0.5720597185704683
-0.5572346568794619
-0.46030118173481444
-0.39030654751615046
-0.3258300044711361
-0.25402542197105443
-0.16853931764026678
-0.08411791797800358
-0.03383319757755264
0.04921530621921239
0.13294363151947472
0.19934273316044654
0.21922167062124548
0.3269668290812137
0.3874887203856617
0.45321795652756885
0.5168470902916705
0.6051139849320237
0.5170442582630131
0.45757429474178246
0.3749585593343119
0.2757144275702889
0.191989926052269
0.17974292825767238
0.10829259541257716
0.012823013593565922
-0.054936030207624255
-0.12604196431263998
-0.19862513145013388
-0.24551059113729579
-0.3529816502633128
-0.4045880645991045
-0.5047365507935231
-0.5474908298326318
-0.5628221140562345
-0.48382976555039153
-0.39448078877328535
-0.408370902981134
-0.2593686815632939
-0.25414671293171454
-0.1590943141054323
-0.09831717258912379
-6.47092938868268e-05
0.06697250520235101
0.15138696648479638
0.20895303689019354
0.26748825339932836
0.3471505677268072
0.4943426248273241
0.5287554869880596
0.5672355361938386
0.5330185245140405
0.46116049640346957
0.40500068653201093
0.3452295214508482
0.2860411369005568
0.2008181662946192
0.14991769657937318
0.0304103405929412
-0.004816692630676059
-0.08607847490793323
-0.16586685719702246
-0.23615520362744477
-0.28613360671374416
-0.31999853852588195
-0.46961547415899624
-0.5240729635763729
-0.5683990993873471
-0.5412844561070896
-0.5010698468069891
-0.39836226024685384
-0.2998483200662391
-0.2539581427771191
-0.17302075551928364
-0.13562761462784922
-0.02128256549140721
0.009884202526119414
0.11292804877400289
0.1627854711276457
0.3129664467959971
0.3220819794134208
0.40350181067496793
0.4711737017593279
0.5394759934061008
0.5950124568727039
0.5115158010828207
0.42020686701331006
0.37839653589916383
0.31287292400454614
0.22090366818528753
0.1681670297628313
0.06105443129121467
0.026065611023928265
-0.051460468035777904
-0.13533280307026527
-0.21233937189723395
-0.28889311312895866
-0.3752724316642072
-0.39385999536913924
-0.4954071150298749
-0.5700146596181656
-0.5435121667629808
-0.5106565265194024
-0.4251978434440646
-0.3042072281082194
-0.30308586512940644
-0.20735957876876915
-0.10155441158741672
-0.05483690633749206
0.03426625451335831
0.06709631468659465
0.138280693502682
0.19376965148455022
0.30059616924511534
0.361215851410111
0.4545931241096598
0.5211509290981658
0.5587554600882331
0.554157931306537
0.4599473253299363
0.385822119322257
0.3394222520938565
0.2947301113105624
0.18284195570808526
0.1384066608326572
