-0.04724589229628205
-0.025526881182225774
-0.04171965066753598
0.0029926781479512714
0.014192475347672514
0.05162527559267101
-0.009154304440480137
0.04046959147165786
-0.01499414065016121
0.019438912277235647
0.018801530578629676
-0.024801592750139906
-0.007427159260288989
-0.006291213182175109
0.02534778912340317
0.06223568462722771
0.03520747506444513
-0.0026026567842903844
0.010246657052500406
0.003149266744151922
0.0017949067082077014
0.009946898443270886
0.022936644803931063
-0.0009296206676234452
0.002500254670433709
-0.01013956662662909
-0.031325261537858536
0.010537373559045288
0.003076592266472635
-0.03518956021331579
-0.0012652552287841113
-0.01253329846980094
0.02131965513378603
-0.038513164082679685
-0.04259033573152618
-0.018323050377773015
-0.018860485572097904
-0.004635265323008921
-0.024598331696166008
0.011225351038604843
0.007202866927258034
0.0050649321927727226
0.01120247800798414
-0.005508460495774133
0.032578064279929125
0.01000972508279727
0.0023256806415407113
-0.03692136159852362
-0.0342917383088734
-0.006279324675672566
0.04019229891914741
0.003607508610136225
-0.0014543099906755112
0.0314050389188413
-0.01540879353606364
-0.01352378715322444
-0.007094960673682778
0.0033383294842496943
0.016660151372534213
0.004542455682890704
-0.030465393859562512
-0.036895231755407806
-0.04486205712390529
-0.019430937402320558
-0.042541492088012216
-0.05864282018831844
-0.00220248732210682
0.007828755453028625
-0.04125572487133394
-0.062323264976905365
-0.028811055576396297
-0.028047452353668102
-0.027289138726498
-0.04195376097800048
0.0011407199836154145
0.009170358044399515
-0.0022636222706094253
0.010974140089091831
-0.03129198559653945
0.009416408128604802
0.05770940826825887
-0.0028878222488030562
0.023367004710536952
0.02431173754155703
-0.004013081320111345
0.03444134088603075
0.02618524761769962
-0.01653619300395471
0.002332971944410348
0.027452933835320013
0.004962351081878981
0.006879434633702466
0.007382302143155049
-0.009655088974976415
-0.0204045197170222
-0.019249199448444942
0.0016878105549949837
0.001429365845016621
-0.02456764947078318
-0.041077387115218474
-0.014118844845554604
-0.0006002832488723672
0.006160702563781741
-0.008618819517584761
0.021098167316687837
0.0077595052365431304
-0.021515179441977825
0.009238640811176771
0.02998350563589
0.028188822413718694
0.004580663169307414
0.013991960123219915
0.0050923240340146805
0.0320243891599702
0.02699564804689703
0.04492566318389503
0.007124320467217862
0.03652530913883398
0.017740667334137723
0.02820385242455832
0.02724693986216052
0.027373060483945943
-0.0006729604970113212
-0.005587855807960849
-0.004368450623172927
-0.00496586969676573
-0.0033216820007550703
-0.014803423031008341
-0.009468140056808086
-0.03732385474899759
-0.02577382715605437
-0.04059280099865427
-0.00022465971602842957
-0.025371831806998167
0.007282276381711264
-0.0234046005855083
-0.023894498308886753
-0.01250736342144587
0.015967187288485944
0.002685637273514712
-0.026375312174914754
-0.022181694908185542
0.0002768210060035825
-0.0056655687324501484
-0.003671797194573851
-0.051023409953939426
0.024644362150677186
0.0075854577407487266
-0.006913792585091415
-0.036424811701370796
0.014251687700010309
0.02299812400714691
0.011965255951619177
0.003643082739534703
0.028435767745705498
0.034858278595211324
0.005468482018224655
0.03539942072555467
-0.009637122035929367
-0.0018142023207637875
0.014959792437076663
0.02435556843635801
-0.02252838263267245
0.011838499816857005
-0.008396328740325186
-0.017368514217959014
-0.00960641373981312
-0.053906381190976904
-0.036672133536150134
-0.05158237805181966
-0.04557027587311806
-0.026691534563433796
-0.006939168785876592
0.030018981714497996
0.04289956608721706
-0.015793874044708858
0.03602175976115162
0.046033815884991724
-0.007340801179191487
0.005418508934557826
0.019698224192695124
0.02187960147643342
0.010318343568315255
0.022827970527847612
0.03446098220901224
0.00018752608562618359
0.0008184111131720219
0.04857430812956428
0.013445336823614665
0.005323115794546493
0.04107110765157848
0.006954210545182817
0.014120165586810672
0.0018702399235184693
-0.019206150726576166
-0.03815866382424522
-0.02910227773423122
-0.02260684985340724
-0.035353259597762955
-0.03765022437172048
0.024938778359166434
-0.02244466259354093
-0.026952183572107664
-0.009949195787941349
-0.015771518786041012
-0.008509803751311867
-0.000687722071668305
-0.027842414901956845
0.03298831532605164
0.02387198318423002
-0.003774203773557437
0.0074741232222640995
0.005635710758982571
0.0013901153608595652
-0.03570221727775512
-0.009822775705547692
0.009449087691724435
0.02766161548740574
0.034731894132331756
-0.029440451828771322
0.000989089020122947
0.055666820995305746
0.021400498089792948
0.0014264786228141433
0.01990605279226328
-0.013660857896294601
0.019963676291076645
-0.017474970746211283
-0.0241431612644201
0.008690579396520843
-0.015757739954238213
-0.0002745120750086358
-0.02583280343870862
0.0020374903232400453
-0.007225876536307624
-0.06132462412255392
0.02475390811963013
-0.04401704688372417
0.02907644090312219
-0.04859175793419612
0.0036805406613796667
-0.004299554333460699
-0.013826797652779782
-0.006443532570960092
0.006323536374423539
-0.004419038126385244
0.027472344267605135
-0.02078585291781632
-0.008176566849376593
0.05924602641396481
0.021717998892095608
0.015736884281449284
0.014202470920496774
0.04781423062826132
0.031725303168969606
-0.019973509925043022
