-0.8191365892903225
-0.7582185591789221
-0.7544743035389746
-0.6817695533833076
-0.6664201064179155
-0.6374013708079256
-0.6145704785640623
-0.5564315988497839
-0.5114842703708472
-0.49749266127063296
-0.4400378078567291
-0.40136031103331915
-0.3195104141490495
-0.26873057609660755
-0.2268126164121578
-0.18635610048145254
-0.13808505081695852
-0.09736172153820008
0.036804959303922705
0.10368107961295087
0.0743025119198957
0.17714981741198482
0.21243297278883594
0.2912501457337659
0.3126330991808699
0.35205333788954085
0.4218581692258653
0.4733028146062689
0.533171213528169
0.6190292723087132
0.6155320763010719
0.6719211602514265
0.6818444963163119
0.76539303591429
0.7984702718073786
0.7833270743235916
0.8291126795426964
0.8630432082325279
0.8640797339656342
0.8747162732241708
0.9138478665801104
0.8956031603103832
0.9246461345318496
0.8652727954873712
0.9055516704053351
0.8541096191326893
0.9058849346099203
0.8850246317349206
0.8527083308536955
0.845426130536008
0.81611771947136
0.7264098197137142
0.7707025501813687
0.7061908609397043
0.7060036210434565
0.6719363347013441
0.5992440062088462
0.6259173832743645
0.5246120813840782
0.4883668920898608
0.4252001987550881
0.4122695015712421
0.3350248106068292
0.2704718789351604
0.23767515276184578
0.1923625216999453
0.1312134011925028
0.01898059822465214
-0.026334709669732777
-0.047971201241461224
-0.1439350421762877
-0.1918017711222977
-0.19786403707336725
-0.31469591925280865
-0.3369144759418305
-0.3932919659212329
-0.4178879025447609
-0.4653029026283051
-0.5581108024802123
-0.5915163941469488
-0.5950160514702332
-0.6559471016927523
-0.6918449694923143
-0.7332886614142597
-0.7814559146287476
-0.7795888353488889
-0.832954541524341
-0.844644379593203
-0.831066460113676
-0.898119599214751
-0.8854105689281654
-0.8778353090296687
-0.8850118232850797
-0.8900767580627393
-0.9092231361534575
-0.8873013695761203
-0.8919772773224445
-0.843703540401766
-0.8371594662431331
-0.8264590679833266
-0.7891063003561755
-0.7862790461291935
-0.7432552459078422
-0.7110966877519366
-0.7140328179552977
-0.6483346877424346
-0.6469208336405369
-0.5704735581359003
-0.514628589654277
-0.5043223836596162
-0.44031424602791863
-0.39508305124764864
-0.3585310785027615
-0.2799909693553239
-0.23132081041949243
-0.18114124596778383
-0.11659613712037291
-0.043232054619638534
-0.00031048175650932614
0.05512184928504567
0.11590592609119495
0.19979349936732424
0.19887101839872495
0.24093485357355154
0.3541598734839715
0.3578846760378917
0.42493099309841104
0.4691852541563838
0.5104158161683442
0.5814137413109763
0.601857386654479
0.6871353334556818
0.7008517307802824
0.6974825134819609
0.7892097733572001
0.7655400742354093
0.7990427135650073
0.8530061167894802
0.867624130701768
0.8830988432132825
0.8524380815333767
0.9005889151255246
0.9027599429854514
0.8971401775707173
0.9059992762659407
0.880375539830539
0.8767007033396055
0.8710749801241089
0.8892453927853216
0.8443300934713455
0.805126090301307
0.7941349034124157
0.760874001017581
0.7242793985369826
0.6755578308868683
0.6776898768289548
0.6329334223272732
0.6024384952983711
0.5546380096998427
0.4953199307837056
0.44660101699631205
0.4041591307055458
0.33486685987056325
0.2843351493779059
0.25376651755339347
0.1816292112148424
0.11371051897941893
0.07700237350515182
0.06352476766949017
-0.06876327113783717
-0.12455232847766598
-0.14077302414040538
-0.22185176732406325
-0.2344613971956197
-0.31194202508775315
-0.38736151040486266
-0.40570236373571755
-0.4683929662357844
-0.5230618028770662
-0.5545843418332924
-0.5879090764074819
-0.628343137711422
-0.7080924047435759
-0.6987211741681831
-0.7747653612243859
-0.7689756296420566
-0.8145720918011803
-0.8219211129413965
-0.8276000436305518
-0.8635385073293014
-0.9036710652672312
-0.8816211203784987
-0.9247566825141476
-0.8928116999576693
-0.876994810067975
-0.9154491207880378
-0.8804194859412537
-0.8811468148672406
-0.8384164794771174
-0.8470624335758916
-0.7817630162381717
-0.8087181070103094
-0.7821764065801983
-0.7707219607458357
-0.6881128610457227
-0.6577410185693763
-0.6582281042390606
-0.5915105216568206
-0.527980093989203
-0.4885006467144334
-0.4345441058247175
-0.4274024488961249
-0.38116942362619655
-0.2994135912948289
-0.2884224123927323
-0.1773822906271758
-0.08629209215717225
-0.03535052558620851
-0.05263222265626487
0.04441673207575492
0.10707847251296135
0.17491188208198533
0.21286639441700592
0.2745145417963282
0.31588266045568736
0.32840368211676746
0.4125969658818072
0.5116143760645804
0.4985027904378964
0.5795838493593949
0.6416740963737826
0.6343149704734965
0.6828676929247094
0.6921233025742297
0.7489756805866663
0.7656734198874332
0.7888095773021682
0.8362161409912917
0.8438315605395051
0.8545110852614521
0.8679131891293829
0.9220287077123148
0.8893268068411542
0.8918767090004512
0.9184354299204538
0.9300142973104247
0.9014730931142504
0.8855668228536265
0.8891396754765551
0.8809678005848667
0.8039738281320621
0.8143796658527745
0.7907557888485006
0.7883831893763957
0.7300754687830475
0.6775192181339876
