-0.1874390192592297
-0.18638592212875946
-0.24532875848556987
-0.21257511643267293
-0.16817848958690737
-0.13717104039041372
-0.15966005820624962
-0.15229735309466436
-0.12471291115870098
-0.1474579321616625
-0.07738655720095494
-0.08329451557989265
-0.07110066165435835
-0.07359488995145133
-0.033120128534088626
-0.03727998086565422
-0.052658583031935574
-0.018994154680806053
-0.008901809366917719
-0.05568450838093965
-0.006172959366516148
0.006538098143009565
-0.0046353760462895036
0.031533820443950734
0.025668974347972127
0.05402536832002747
0.03956039917450324
0.10221201710850569
0.07828525471147746
0.09067689737895826
0.13279318637493265
0.13673055093833764
0.10256474432130351
0.1378295956515972
0.1326926619773429
0.1464578531113479
0.18036600715107384
0.19141751455914668
0.18350418286514955
0.17200089033750607
0.15225534739090157
0.21018108991354773
0.18632458521595777
0.22742240183350107
0.24959902381968685
0.2366884625473913
0.25054794581032425
0.25701629311035107
0.24547331039847883
0.34355094028751554
0.30269614542792206
0.321667425586468
0.332738775007206
0.3288295828405735
-0.3554869512938027
-0.3373981893021218
-0.28889878015404097
-0.3014195381594802
-0.35375797358698824
-0.27887358884648505
-0.2808211731079221
-0.2330507763355194
-0.21296155746385761
-0.24812615644003164
-0.23949469437000986
-0.21385376354913252
-0.20879977211826614
-0.21033908044176805
-0.2076679004165982
-0.18630929606900665
-0.18045501667376665
-0.16680268066417103
-0.12032872756785068
-0.1434056026979335
-0.11816913858903019
-0.09722497608031652
-0.09595152551360829
-0.08460365800525801
-0.08509808872299962
-0.07778671827917195
-0.05426711793626978
-0.08368204513574513
-0.061268658790234076
-0.03735056608314126
-0.01915227370143303
-0.008523757941186174
0.0033062252120271973
-0.051412216313210427
0.004489436045852128
-0.011451592957507993
0.039024083703445775
0.03160836714667161
0.04969154692068972
0.04829814228437135
0.06150731387564403
0.06921367405928677
0.07517522226171251
0.08577878186647908
0.11630683132143993
0.11120602819112574
0.11388248381733829
0.09839795022922966
0.14364956715068372
0.15537932072454802
0.15569778760980585
0.17815454199235642
0.1780309104443606
0.18659044143805467
0.1899015305484452
0.22624130113368127
0.2576470174369411
0.25255329845520624
0.2596326740126092
0.23827236114370748
0.24079334888935283
0.28751650075495405
0.3301731880015122
0.2748332547867113
0.3413701302704561
0.3030411769760671
0.3290830772844718
-0.3378343488101473
-0.30557752605025823
-0.36554152537695217
-0.2883164120313451
-0.2587464139762437
-0.3005981784684013
-0.2886593252470205
-0.26774570579240714
-0.2661062791417484
-0.2500778053439606
-0.26454938751274387
-0.26161728938245904
-0.23879839993236648
-0.19473418482560395
-0.17839577976146548
-0.20941209952297846
-0.1936609079922876
-0.18508984389181982
-0.14335734163637337
-0.13679763241446882
-0.13763988928590465
-0.16696026351460835
-0.14622693500209819
-0.11996235417253187
-0.07286190218617453
-0.0921777620024651
-0.09486107078394956
-0.07366461552059261
-0.04255053829496845
-0.027928898974852845
-0.024559679164149396
-0.021987436915713046
-0.01322728179306358
-0.0070490118538199835
-0.0008677432670005361
0.03903448710929641
-0.02190130564750501
0.036204792030994165
0.036912136996572684
0.08008897043906744
0.07168919764837553
0.10398352438939829
0.08138081857928825
0.11389134166555315
0.11746247925847086
0.12560424036153436
0.14778691886396847
0.1408823290501298
0.16381848930094825
0.162816367171938
0.15084540354611128
0.20625570468932633
0.19419817821886293
0.24375942509727835
0.20777557286106638
0.24135486028046801
0.2204777991677745
0.2453435087380733
0.2955309789653974
0.2878918671677283
0.2817354303595118
0.297663715351683
0.2750928020501269
0.3200370836008385
0.3219627469934306
0.3006759448393277
0.3416601273859817
-0.30965930979378625
-0.34138069394387877
-0.3162711282941478
-0.3046976711950488
-0.2931442869272272
-0.2760771341511474
-0.2893667406691404
-0.2592401470798211
-0.23947344817680702
-0.25792055333957364
-0.2560034956680994
-0.25526287824085986
-0.22209925697139724
-0.25124339462321127
-0.21256472059362239
-0.18786081427056897
-0.16370808130644293
-0.1711411046512722
-0.14322660310574492
-0.12769619551502417
-0.1303938866829795
-0.1328813422167154
-0.0925332274676482
-0.1261585392316168
-0.09858010944027698
-0.05712943893571802
-0.07199143477903379
-0.06980903013597523
-0.06635246469365763
-0.046590105172433185
-0.021519591814550532
-0.01104383935669741
-0.004514689272934253
0.02249477955091504
0.0028279624224840285
0.016776082594497005
0.0074429372865575175
0.0393560568364658
0.046524149079264374
0.03612289033337579
0.07746030215347603
0.04200322363853977
0.06346403880060186
0.05731588941112189
0.08721835895303692
0.13771637821244825
0.0920373988116206
0.13588665311843695
0.1753155588726927
0.1752458168879081
0.1754489348253567
0.17444138497001827
0.14944472003406226
0.1971378570774761
0.22435022247773143
0.2327667157874168
0.220769159859843
0.23849661186393625
0.22023251209813227
0.2744617157856951
0.24980336674286147
0.2728804910457959
0.3111082755537285
0.2977718281522233
0.32339151460218557
0.31508994975212756
0.3028655777769622
-0.3514231811289567
