0.26216095282021457
0.2421278407338284
0.2281490083145746
0.13852722179433777
0.10274432183119193
0.03770066992243993
0.01846944185234006
0.0327700560455688
-0.012920600717295576
-0.07148258550708751
-0.12185736436298275
-0.16208952457475395
-0.15220235122822107
-0.20741456815561338
-0.21303616926195101
-0.2773286932000733
-0.3381489365924447
-0.32577533635915307
-0.3934790311281471
-0.4262080452054752
0.4478456155176064
0.45778594083387514
0.38382385267994057
0.3208983245136444
0.2907700334371561
0.26681667641032797
0.23787342248922558
0.18636721891188537
0.12148704312163709
0.11189638922009446
0.07764134272877175
0.03867634291044658
-0.012793296923910817
-0.05663579079675455
-0.07699646833520284
-0.11475045719582852
-0.13920437181754794
-0.13906804821101743
-0.21288724802243725
-0.24120172513665988
-0.32567705853667706
-0.31600028015563053
-0.38113779452623614
-0.4394807928840394
-0.4022072310846738
0.47642010201961843
0.41906500188845236
0.38631946651020266
0.3146801068559535
0.2852908809928049
0.31093442220915624
0.27988164909509683
0.15411433835117402
0.1718303783382164
0.1031165771207217
0.09516472785861693
0.06067621456563127
0.017192056950669124
0.004559337202770505
-0.041767565825252075
-0.116159790076169
-0.1133205104979368
-0.17443849763908348
-0.23414378902732713
-0.2400170872129694
-0.2698130108281535
-0.3166999933875052
-0.37678815464242127
-0.39400963594320587
-0.4223222342680063
0.46316686977584515
0.4150842460871665
0.368737135698498
0.36334885958821406
0.30134829953231057
0.2735784342259535
0.26157767317991687
0.1531549960280875
0.14864561496770112
0.14934709757226125
0.09994983034349944
0.0684947068991909
0.031194516004101645
-0.03262526533641916
-0.06318105498997939
-0.05704713842640894
-0.12070767809842986
-0.17080695376711674
-0.18212075605410255
-0.2343035154566801
-0.2822290661428975
-0.33067458778289105
-0.3711057682965407
-0.38190186367923334
-0.4324986868564122
0.49498142764948405
0.41309360031602915
0.415908434416135
0.3555011160033108
0.3271863810076416
0.2751081017567798
0.22686643816536076
0.20620076231849194
0.14460837735380566
0.11597298738112767
0.10360786335772229
0.06227662167877256
0.032893820242469236
-0.04633372464198035
-0.04385987846925865
-0.12763215874759126
-0.11790971756407864
-0.1735842459982187
-0.20858124021486577
-0.23433792846492224
-0.28377773626988306
-0.3375976797568905
-0.3311248791895634
-0.3803938082897764
-0.39547202070719034
-0.43176948351597627
0.4404886404184927
0.3640774539051546
0.3387112552143608
0.2904319704966075
0.3022081281386303
0.22896904290226155
0.20756893230929893
0.13775376386991195
0.16445873002158007
0.08356312622650805
0.0821876345511952
0.0357202870763686
-0.054122212699858424
-0.07534060866955106
-0.07954461084012569
-0.11950681504820558
-0.1542160399481215
-0.1790435114942788
-0.24012633467110273
-0.2759595176754793
-0.3482661019871757
-0.37061882860227857
-0.38807126900213434
-0.4151386909815132
-0.4919945381771381
0.42376273326355746
0.39479061458688713
0.3321652791617362
0.3117253821361274
0.27617913488443746
0.24499813954834282
0.23590172526844255
0.15583199970777328
0.17174035351101902
0.1029055784387834
0.06838476068890102
-0.013296158408527464
-0.043358564981050715
-0.03032471955777533
-0.11905075265749233
-0.09993239571438678
-0.14674370206886592
-0.14875899111311358
-0.2552724933609505
-0.2803295776533908
-0.309345724065151
-0.34395326308465
-0.37451795717705805
-0.41741551634531954
-0.4672336158214499
0.4482326376897996
0.3708098622941849
0.3744372798481526
0.2945683840623438
0.3064104071512932
0.24917499461367004
0.2169285994799545
0.17893138182575494
0.14308190843945623
0.09315126012323822
0.04255794696823896
0.027579156288911014
-0.005935870477038397
-0.01349451987172235
-0.09964385932250461
-0.11145713063750681
-0.1433435360703183
-0.19309638784061173
-0.27584651180668734
-0.29615059535519156
-0.30952535721803565
-0.3278758659477528
-0.3590586353078309
-0.3998177801358987
-0.4586970784500912
0.4523627671712709
0.4163863640863604
0.3308038977948684
0.32341984991142586
0.32301004763903285
0.26227095087539515
0.17539464297798915
0.18052175122733638
0.14982351070112887
0.10038869927505567
0.08311935780719969
-0.0020170496769136327
-0.030141177587957667
-0.055483663127589324
-0.07303593835122851
-0.11659691737409385
-0.16064231910586954
-0.20777481236220025
-0.21696284252426606
-0.24441211207342592
-0.3024853815645466
-0.3677591610770453
-0.39686885632882285
-0.3981965512680302
-0.47487750066503615
0.44163101065203275
0.4298773831110171
0.3189401162547788
0.3008283622843265
0.2702311966579903
0.21475884560702052
0.20917709561368233
0.1791675200964925
0.15697002883388023
0.09715592864372011
0.0703929375222396
0.011895771111384592
-0.019903128496044788
-0.04956049675541216
-0.0878123862782085
-0.10800688216840858
-0.1462757418477939
-0.20426004715346666
-0.24149678473307318
-0.24898881326422997
-0.3033268402717703
-0.3354667830056505
-0.38323849775748514
-0.4287524763581434
-0.440223109034452
0.45316317426088365
0.44077824140659
0.370494617159992
0.32223400942915686
0.31179291538489895
0.23565058534006658
0.21061706695058302
0.17244576658557742
0.1848261371313304
0.11886671992604605
