0.22533876126541486
0.2141291049321514
0.17928874346797502
0.14433564343348035
0.1506691871162216
0.13235677669557197
0.1190406419597381
0.10872972975028179
0.09179079497078729
0.0472526618918397
0.07441278276432425
0.05254718679342941
0.017645196283265913
-0.017818071776365373
-0.03306330273171886
0.00039153196129548123
-0.061839581886667425
-0.0847030060463644
-0.11268174876480266
-0.10526979683935772
-0.07919151041626656
-0.07460628485173434
-0.12959594784575681
-0.13051949637992583
-0.14087779683069565
-0.1742595009291259
-0.203117933199606
-0.20223033900486795
-0.21620816183746827
-0.2528288890153785
-0.23595196461284568
-0.26124299644659504
-0.2876640964958537
-0.29929404087370065
-0.3248030221504743
-0.3125307217717922
-0.32462823750007674
-0.34281443986824434
-0.36324051344740566
-0.3568414087562714
-0.34306521473857615
-0.3647030190766204
-0.33596209733097965
-0.3233872585605354
-0.31440751271264217
-0.26191465633117306
-0.2425445912721086
-0.23167625488557272
-0.2210585671434637
-0.21833947761493255
-0.19820359883156155
-0.1989629511817945
-0.18034981349023446
-0.12579787278127277
-0.1314503545182323
-0.13564526475887487
-0.12739497663487734
-0.08202563241912986
-0.09595190978672812
-0.07493948457449617
-0.0758794229887632
-0.04590347947006297
0.005549355776083051
-0.025804834295357824
0.007339437324193323
0.049348541279430974
0.025434444114576297
0.05587316052530866
0.06714026915964733
0.10472846990431245
0.11715819857129853
0.1023500237182181
0.15911643535580516
0.15509318388461438
0.1351582249468314
0.18952580515130457
0.18229340333340743
0.1672858933645664
0.21437806321086694
0.22319180774230288
0.22696126626948737
0.2712324152085431
0.29333508342618553
0.2977487600753611
0.3428241919608034
0.31825366906724634
0.3387360821928249
0.3246719519266219
0.3950767713029202
0.39656107280183306
0.38390179987270484
0.350238965496762
0.3098048909232964
0.3337204673275373
0.31506258555960437
0.27564635835552126
0.2495427860152171
0.2616697122532117
0.22086973487231745
0.17192943478451547
0.20303590089040244
0.17645319106116553
0.1666583999043589
0.1551546978320676
0.16263641674278195
0.11150261863046186
0.10362287504828611
0.11261214924599065
0.057459110869386654
0.07038850978699149
0.04854429685578206
0.02069952081155121
0.029338359662606887
-0.02757410629720107
-0.001898433961072277
-0.031118729616501195
-0.04924024940184213
-0.04375208539905258
-0.053148991547600985
-0.07947897392587332
-0.0800035238900185
-0.12151661213916434
-0.1204438936933661
-0.11639371947194219
-0.17813022914699955
-0.17267775626363138
-0.2075110601659015
-0.2067927207514116
-0.22542922560345915
-0.2420247339756215
-0.24317665580300027
-0.26047034913844
-0.30979525988067075
-0.2688247304409105
-0.3570129566381396
-0.3091637526598374
-0.3144569299040002
-0.36108187317490703
-0.3915585026870706
-0.3729476662137092
-0.368866242368636
-0.33123692344452194
-0.34870991644615407
-0.2990836126800474
-0.31295858458546544
-0.287051173452057
-0.2967844473950791
-0.263511722176374
-0.23737778473997095
-0.19846953725784405
-0.1839483366638612
-0.17845260530016743
-0.15837901058007878
-0.12134533649487263
-0.13235688241860014
-0.10550908449667183
-0.09016101598624021
-0.08380866208587881
-0.025507985942890533
-0.07078867132771204
-0.06693525535014651
-0.026593754504091408
-0.0007793837697015887
0.006976936451832718
0.014298764065266367
0.009430166099676429
0.04623411263259778
0.06205694879992075
0.09374866723874124
0.0854443507963679
0.10536968974374296
0.10978033054424043
0.13554474367409663
0.15436775761784258
0.16905540037621244
0.17506722946016104
0.17560565869349753
0.20073329917731814
0.2175475039702847
0.16491977660979296
0.24567788857404127
0.23453516722573292
0.23532813033872177
0.2519286245131516
0.32568404444436294
0.33768067045961836
0.3488301802191312
0.33779365919792437
0.3976028999271686
0.3547779075182998
0.3290654577839997
0.37274956196588205
0.32609423127237575
0.3130491680004846
0.30151902192770136
0.2805549467192093
0.22033894732175827
0.2362172451997376
0.20943940851800977
0.24009797866986998
0.18903128320949555
0.1647130595028387
0.19202238649337391
0.15391540153493177
0.13566827819248561
0.1368245723565303
0.14311964123729265
0.09089426665802085
0.11851534213928425
0.06381340381671063
0.04861541045815606
0.015343165589540759
0.03728421387381378
-0.03395670584747884
-0.0034013532111062915
0.019247897699784057
-0.05692976014864949
-0.02949801661829996
-0.042043506333840394
-0.08684360787715582
-0.12119087491694094
-0.09028583837956738
-0.0977527322681814
-0.15703028127387647
-0.17309440090234315
-0.21307857879732758
-0.17196131991118066
-0.2211839659290166
-0.201283767443323
-0.2421064415514006
-0.2491098953323612
-0.3029060987272774
-0.2767217501689104
-0.2953905956908175
-0.28536941968570106
-0.2808450278151825
-0.3631483925654362
-0.3514013468502449
-0.3631390161200039
-0.3762638589602024
-0.3519034719370983
-0.34423097879360454
-0.30768788961451715
-0.33198600992319943
-0.26344662050085643
-0.2913141313109359
-0.29481778294734
-0.21046931187108486
-0.22579922071144515
-0.24205025544072634
-0.21650162234728754
-0.19225163687854868
-0.167239090272432
-0.16039765693068142
-0.13619638226835853
-0.10586218552578124
