0.09193714927107548
0.18647589404661874
0.32047060545622486
0.3915341116519764
0.5204590192078395
0.6159264597976196
0.7023946798500096
0.827416942851169
0.8240768280169056
0.6910858069482323
0.6027395847599502
0.536541224491761
0.4030823716522267
0.2975388882878448
0.18436706292719807
0.09833359840784098
-0.0049806631282340065
-0.14205620559646134
-0.24186232598646454
-0.33171012832515195
-0.43135722946234767
-0.4923540767078974
-0.6414049240586636
-0.7302083567120708
-0.8474083019072628
-0.7827661928505424
-0.6946476321907775
-0.5805838708980836
-0.4581675623316275
-0.3268770808029457
-0.24672908073048444
-0.1399524665085573
-0.07671004384206806
0.030581793450467992
0.17283960759799608
0.24341912772811844
0.3473525137640052
0.4469502075111113
0.5544654765398744
0.6834713189447879
0.7349854260453247
0.85164069871026
0.7362589970885562
0.6851103133868239
0.5519340286551265
0.4039958941137768
0.3487801358952389
0.21711487946044977
0.1369832665104008
0.031149580185222934
-0.07672144969088818
-0.1346068544502959
-0.33470297503232077
-0.3771784020037354
-0.4951220040633314
-0.5972463553389235
-0.7046261896409767
-0.8088504160314368
-0.797415214714963
-0.7298732579395731
-0.6391453247967496
-0.5323722541894836
-0.42945646952600514
-0.2919099010619409
-0.2011090346443063
-0.11795032461919636
0.013048789248883901
0.10234831647052003
0.18565018980095882
0.30724727989809913
0.4194177255857834
0.5162922698665944
0.6034692427036625
0.7233719988686519
0.7668908096212208
0.7943730618841032
0.6771987685425085
0.5660943377803023
0.4782998677875365
0.38766438842130974
0.2689276850486449
0.15557076764937153
0.08034947371244754
-0.05499688595963837
-0.1487007052569564
-0.23397064804346657
-0.3396387955654185
-0.41396225086768634
-0.5497100217945625
-0.6132894076835902
-0.7162720283358922
-0.8598362766651498
-0.7663481637124337
-0.6712444361228669
-0.5710585233450175
-0.44276452668522215
-0.3592871145352878
-0.2832443002115545
-0.1684903241756792
-0.0503303537222491
0.0389220507112303
0.16269747278457397
0.24662621445289987
0.3693813221227614
0.475527222719246
0.5808464686474946
0.6818264817869959
0.7852832829737196
0.8482136924137127
0.7280637582566655
0.6211277190264601
0.5104599771990627
0.45765585640997525
0.28868384498738126
0.23097425716372463
0.15457188859991136
-0.005372625342220522
-0.0901761656496181
-0.14805057953257272
-0.27963503560212466
-0.40221016752590694
-0.47791756604007507
-0.5981786036802217
-0.6868079248388405
-0.7824168142109956
-0.8292244194596052
-0.7206829741978082
-0.6310881268953448
-0.49804249104690634
-0.4142752682646347
-0.2812189036922321
-0.1880299897125935
-0.08417722457408172
-0.008312399628489437
0.11581913128087402
0.2072656095306484
0.3049308190688471
0.4336076976646344
0.5118794334934131
0.6517851136250936
0.7653540471268298
0.8560940644473186
0.7943295001624734
0.6725044656024409
0.5927227071654106
0.5060808408666932
0.409716542969392
0.2850005859540672
0.1451073205459384
0.08599240378783576
-0.006538024237257585
-0.17631264187142384
-0.2872379333836069
-0.3833769290505806
-0.4343714176119833
-0.5657230889340276
-0.6351638777152696
-0.7331659829066702
-0.8597948003761398
-0.7752312895381859
-0.6810974273196795
-0.5466305767795339
-0.43919740954965847
-0.32013950247784606
-0.20766852779917067
-0.12047702349671162
-0.05002517011192626
0.05442292113945209
0.1520847769539756
0.24337801998159128
0.37885579049683316
0.5051056521516846
0.6125935792148238
0.6238632363118758
0.7896500449220155
0.8466454968795326
0.7003514927551788
0.6142714850575263
0.5158646383882077
0.4180242341211429
0.3096824759016491
0.19612489164260163
0.09366366191434658
0.025827716435260595
-0.08886343994112589
-0.20512673473733478
-0.26363317106660455
-0.38189947447944783
-0.49473837123545283
-0.590847114501671
-0.6962172126365375
-0.8325491741200166
-0.791818254729609
-0.723062540083206
-0.5787932809339209
-0.4999849110227387
-0.3784806983130912
-0.26320903770105447
-0.20560602739000766
-0.0876073743869571
0.04300324425063876
0.14383343728549047
0.23335512759650986
0.3481801006826734
0.43210171445049
0.4957184374287642
0.6056806324699587
0.7338994861627105
0.8450000219807706
0.7855897069513017
0.6664854331533434
0.5319416602675912
0.4513647785560642
0.3671091877293163
0.24439324212764682
0.1317008855293909
0.05722280196996041
-0.028655996116455307
-0.13727629773653305
-0.25522032294590463
-0.34642830377262523
-0.4735980898307007
-0.5621877888656359
-0.6679051728792017
-0.7777449865195972
-0.8324268635287749
-0.7575429128516871
-0.6444516302562372
-0.536445650850342
-0.45479725708712365
-0.33749182414807805
-0.21393281817948898
-0.14606262245111357
-0.045595831695825983
0.08213485550717144
0.173642168119712
0.3092406706176617
0.36479205667537573
0.4879766281733384
0.5661228532051729
0.7027675479038837
0.7778939857567819
0.7907853236765152
0.7368046303372696
0.6113485838424874
0.49989398065707386
0.3897713772951017
0.27945038725862065
0.20588153383508714
0.12102686818479012
0.004332969260525718
-0.06556128469008274
-0.1631073686701221
-0.3552871531724718
-0.40793298210230977
-0.4866606463682755
