0.519266377139079
0.8259231414261543
0.33164472488679086
0.5443406234494719
0.092088568087492
0.39916668180511344
0.42167903371712884
0.22260389741287462
0.3754591321117792
0.15986512211493095
0.5882359470685553
0.9524276235856206
0.4034038324474454
0.9586203243485434
0.8168193040706456
0.2329194425678634
0.21541598914001833
0.4409461177597074
0.4155917405475339
0.5046656243771943
0.8460053262446208
0.165570735467443
0.5711482801082163
0.31675834452208773
0.6077683361246343
0.2841851294692867
0.6786285183329184
0.23376078103088987
0.19494668683528443
0.6889197676428069
0.25479235527979816
0.8011928086638962
0.2795123749657766
0.7608484281228413
0.7489208980536959
0.306180483809966
0.5242564497993448
0.5289817929838697
0.1636041792915071
0.4413607195058608
0.4639844515922694
0.7888495680665537
0.25743277986737345
0.7121093679212711
0.5227386836306586
0.49122785207570424
0.3118526397097962
0.8871639670279985
0.16083497482650383
0.3983745619274025
0.9138108521099775
0.2101015079242863
0.27546268036224403
0.7947341038377185
0.6784035400627606
0.8375231510217159
0.6505913403482141
0.46661318524915135
0.21180951319832886
0.3574636659389641
0.7454276885987241
0.9387202722700098
0.4573988961290439
1.0053345914868714
0.9359219010652761
0.8182951088404936
0.23730462326424967
0.37783895575611354
0.6680100112331782
0.45308242561003864
0.5030529285135562
0.8458154335095722
0.7284466271579971
0.1427718076654377
0.04016054766165294
0.8170290644111199
0.06859466740347392
0.7205673972004256
0.850754207974701
0.6781954460610194
0.8438349525565954
0.22033672887531558
0.5124338025925754
0.6193909663402675
0.8787290570210694
0.23738741359250304
0.15095845088942772
0.30868864256850964
0.14454776356979346
0.1306489732356325
0.8726080509356098
0.4026548484892896
0.8831581068159956
0.07052044992970027
0.7089343994240871
0.5987104513304545
0.6140284526553207
0.9494447553501671
0.4742159686216205
0.31059152050963584
0.0165080777824544
0.2661773078918585
0.7905452141504425
0.8663947059670737
0.769692917091228
0.967433287504428
0.5406467274763642
0.6241835780225748
0.8653454430501664
0.01995961572962068
0.14687429088041337
0.35603697083885316
0.6229471757067297
0.3166431747651498
0.34422693483552586
0.27781182995940457
0.4396813801924802
0.23382087558389072
0.8951803596923643
0.9198127448433476
0.39990571119405094
0.10542488960238636
0.6666107901426
0.8272842631359664
0.6325377725809214
0.20379397726454873
0.5934359805458559
0.18325279603052685
0.31327602672361443
0.8529541867860677
0.3539558342139921
0.28023844065940545
0.052220625487139974
0.3986496706896169
0.3652128319214821
0.7741179211049998
0.7461978592371481
0.8698056158017112
0.03725842838685957
0.3099162613719399
0.5426410701721448
0.909343064256468
0.25673388463754715
0.9020160748318446
0.21337656827046247
0.6849364323657183
0.6396632395219195
0.8314376744954746
0.8522971642723338
0.5950947454775916
0.06014851182061817
0.980795750579979
0.8977870262371763
0.5257409032039275
0.5949951164772932
0.6499213253142014
0.3185187388762313
1.009412697603695
0.38666375470636477
-0.0011972896513135402
0.7731345274857787
0.013699817150932117
0.1568806435617007
0.3280064235567734
0.28685764163991573
0.7799715772465857
0.418601070730231
0.7358311735828029
0.2988361948241818
0.05165983431240318
0.059365168232051534
0.18517500100253947
0.03827861457389834
0.05680724084475125
0.5364677224677233
0.5765374011904858
0.7198523844574053
0.8655124269225116
0.8360910588434297
0.8184059383144819
0.4925706849887787
0.7897404212518249
0.7385734770477742
0.6991023712040958
0.6582078511709922
0.30584937901086034
0.8632925690776971
0.14020388453304303
0.9448402683525462
0.829268261092102
0.007146606301086728
0.6722106358930336
0.1525770347538809
0.5267977776745282
0.49436016917754166
-0.008837908609144178
0.9692970549808472
0.6878534983787649
0.4912332070762285
0.1497167873859323
0.963282812792753
0.4925893930436924
0.7797323849745674
0.9144894881217688
0.7792096880643055
0.6284874057385993
0.7444280518019203
0.1346604598476632
0.47115266943490747
0.30192731093691455
0.9034530119209746
0.7628063417330355
0.9327464587799702
0.1666104466749481
0.5161675926591881
0.08749626385941064
0.8712173019011233
0.8374387385534925
0.07534446524420284
0.6799456601058066
0.3005779439765086
0.5246969908668895
0.5231593698220108
0.9525066568207519
0.6074226241017029
0.5364505927602383
0.7663977074696399
0.26208025739985424
0.6026734927199573
0.9881387670109565
0.0699639379123247
0.2929405907578311
0.43096548389614375
0.5982155150071055
0.18333585592523285
0.5503076180902515
0.6472132316159824
0.17274065432599583
0.623901425523537
0.3650867625425744
0.9033433047870069
0.6024191011260428
0.9738760707263316
0.945058030188198
0.7599677138563163
0.6144038526129233
0.15200104031575107
0.4907902370583679
0.11553168432957173
0.3047033268391771
0.7938581929913516
0.67082870256747
0.9842886351064352
0.34073886213762755
0.43568731500371205
0.08245922914201415
