0.004527015159981603
0.017171866164167684
-0.03501451029058668
-0.02199337736418534
0.004472315478269217
-0.03568422776697575
-0.016833952453317955
0.000291505967409289
0.022502617380000967
-0.01948803045240391
0.0036891058478074057
-0.0031309192447822706
0.015015891056467837
-0.049902835571670044
0.03189831140222648
0.03404560542537124
0.03760429653650439
0.002946088203779784
0.02332394638053696
0.04166534144359684
0.051755412040298585
0.006750097780597607
0.0023386576220950084
0.040481838419895215
0.010254245743313599
0.022076053717774824
-0.038460285328985364
-0.015384207662710526
-0.014304110334266255
-0.0015587342645348827
-0.04051436482998383
-0.05017120881814753
-0.013413729840885798
-0.04139836523892365
-0.03184313334190007
-0.025733072045735918
-0.05637022185289467
0.01364968923637101
7.711531361092715e-05
0.047315351831977756
0.024393611900812892
0.04566705553748127
0.042556265145375534
0.051806338005404684
0.03265088318229473
0.06393219391404367
0.0423350750004816
0.04309145986175587
0.02075717396649058
0.020552770995464355
-0.014537478648411775
-0.009080904805604828
0.02297806457291578
-0.02228499803490539
-0.034842398881410434
0.004428383654358381
-0.018086570893389754
-0.028038800071058242
0.015452686946442279
6.936565531981409e-05
-0.011918931119793785
-0.015142896573107644
0.05072574847470111
0.01482211442152647
-0.01791274317536564
-0.0016327176368029703
0.003027944892368368
0.024474904464254522
0.018517338449664245
0.03244479386458262
-0.0039969248477063
0.040742244427763
-0.02874322701040052
0.02928260721037484
0.020043290135233396
0.024184835113028266
-0.02716003760423973
-0.017108915932829212
0.011077266015141553
-0.0725154459488699
-0.07029280259841028
-0.04429724607592351
-0.048237533018470266
-0.0285429925342037
-0.01605130863260744
-0.01661528060502837
-0.011844485796110669
-0.06106999493614528
-0.0022033679842835396
-0.017508166632124386
-0.027529547854400267
0.03905860309396576
0.004462066032487194
0.027931577342451636
0.031825952393004
0.06896024068808317
0.014767219900345734
0.035006879173668556
-0.0028575422605485474
-0.006321986239860774
-0.0036340574840791353
-0.010877503859759238
-0.03633609990469694
-0.021264628856920164
-0.058078267410260745
-0.002754651650299169
-0.07112485184818274
0.025175138290566893
-0.019379881306695646
-0.01690108856166517
-0.041366701829330256
0.012335567954789598
0.01554570888403251
0.008904423165035029
0.01962246268050643
0.032071600684354676
0.045309493427635676
0.007573060688888411
0.041089841066131436
0.0022458334168046663
0.03409081206287715
0.0375023754543268
0.03066355121734019
0.015015589523682505
-0.019495402086487333
0.021541146646253343
-0.03247334341652787
-0.02923707130885775
-0.04125855498343231
-0.002005618083715917
-0.007851367706545934
-0.01212655174312277
-0.02200921004889634
-0.013143308772390824
-0.024683346568953643
0.024521798691853135
-0.03882057507417885
0.002165286898619436
0.013788683214422268
0.017925310610130175
0.05093622680455816
0.04048323078038618
0.046110645948810446
0.005168076216970546
0.024547015788859754
0.005637263692801691
0.013069868668213122
-0.02782964769493331
0.013730494932958913
-0.01865410416121726
0.012570234803908639
-0.014519396628985303
-0.01749898102753824
-0.03714961094070754
-0.026748930333385317
-0.05074216574389872
-0.060742973074134954
-0.01370481841973146
-0.030233846911053314
0.013033616790193051
-0.01059251321765748
0.014675792126605008
0.04080227888330014
-0.018574335134594153
-0.014471523541064298
0.01799128107397188
0.03789155474343115
0.003876525389405215
0.03442044409092123
0.010483255743230183
0.028115481734569927
0.026649385497807213
0.04439758839217553
0.026309672581815755
-0.009322400384199764
-0.02083625799417729
-0.02063620620049009
-0.015236958336130351
-0.009111123472947005
-0.013445657452551985
-0.05429328987528213
0.002222839255182709
-0.05130725428029237
-0.018755277823188417
-0.0077083539635263935
-0.016976990756161485
-0.01590559345629847
-0.013241403118972693
0.027121718419576595
0.017719740958888924
0.018462660189867197
0.03151057461816251
0.02940205184595503
0.02965755252792741
0.04159128427216052
0.03042592400157316
0.07101749864766319
0.03706714277206507
-0.010817632978579543
-0.0015650374263693183
0.055766410546152084
-0.004064246337858232
-0.04403993902069288
-0.020151812369260707
-0.03091064417648262
-0.034616493517046834
-0.042094963245160474
-0.006889033372039159
-0.008169064038158202
0.0033263773711431285
-0.004452510345165837
0.002921921558076211
0.032573030258082246
0.006166466330084948
0.045698310158198384
-0.002496615487689268
0.03558380879385731
0.053828779450599315
-0.0021706238795165256
0.045141961696555884
0.014955353807335682
0.007901204489640585
0.04573578699351525
-0.014604857510720569
0.0018988949880758901
-0.00862522834445718
-0.008577525020033342
-0.039198639886626654
-0.03596144052042072
-0.03082680773776709
0.010727402526058461
-0.004626366516635606
-0.036133117116525594
-0.007462233847907989
-0.044449051767189475
-0.024964857191417035
-0.011437771247286519
-0.023093758654442444
-0.02457442359013848
0.044883990244442694
0.022716839242434516
0.026731014798321122
0.029199922892615398
0.013749601305203446
0.050562935001654374
0.04177910422989976
0.018887317654030775
0.004791857907307956
0.024403813531810273
-0.012582334571001975
-0.014866619842387366
-0.014836826655471485
0.01363382316133017
-0.03608667693796265
-0.0007308237180151562
-0.01764209069802796
