0.09328134191986767
0.01666243102015496
0.0002939126712181092
-0.06236669181098988
-0.09623786672902893
-0.2015517174057782
-0.24087781498261257
-0.25398649830040854
-0.33187095870485345
-0.37972557050321204
-0.4398614804876176
-0.48133512813334506
-0.5551014466420117
-0.6238196256942027
-0.6211078605630276
-0.7016225732166473
-0.7537414003801864
-0.8318205085677048
-0.857542960052039
0.8562728137947359
0.8360307359210596
0.78504944279824
0.7342318614071075
0.6778220670064996
0.6236290071022045
0.5645089138539316
0.45875839395090406
0.4280946554973102
0.370417197360642
0.3242091627859579
0.28623562737428115
0.21439345115451533
0.1572828479266651
0.1026625395267148
0.06778131266838586
0.00507350773747935
-0.05140725761173808
-0.08798856191491972
-0.15100102326905437
-0.215250858053679
-0.24858907449396314
-0.32607114014689614
-0.34634410988743464
-0.4104330588030442
-0.46629737291958545
-0.521303651289326
-0.5526906381152682
-0.6295703806306597
-0.6421354291363375
-0.6839434165119304
-0.7997181832743584
-0.8032143316986741
-0.8959596155420312
0.8400578085821645
0.8081805363675876
0.7419101603284434
0.6806595506397854
0.6127813175324451
0.5592940965028355
0.5169769305340616
0.47439344692401225
0.4021533219769344
0.38734152445772885
0.3284342809943702
0.23609344500670373
0.21516235827434949
0.1503560037464259
0.06766592985328844
0.010080404321586686
-0.04584081719222927
-0.08592173287995361
-0.10487045372939283
-0.13925060801839917
-0.19483087430678686
-0.2798614108679808
-0.3142603070286403
-0.37076897010403276
-0.4208862543510225
-0.4920686059484303
-0.5719846376261731
-0.57986203129326
-0.6097085234343098
-0.7165328788116639
-0.7251847547503769
-0.7872402557643141
-0.8784561890125544
0.8601828644165043
0.78911089191486
0.7639728108377152
0.7090860097519146
0.6383854195380556
0.592116437226109
0.5502113423818058
0.49739303362822623
0.423393670520876
0.3556172790432393
0.3499359575709783
0.27251598419652506
0.23161268132837762
0.1448308393109317
0.08746817263518439
0.06067153420224579
0.0165058280505747
-0.07446773459696857
-0.10881870771498313
-0.16047530304908808
-0.1840844429960928
-0.2415344172942567
-0.26420774348100073
-0.38077731364775885
-0.4558144255899326
-0.48366943004245483
-0.48344316746685195
-0.5818060198754877
-0.603814323680512
-0.662364262625321
-0.7317908566729381
-0.8037407008690367
-0.8374659430560323
0.8793314024494612
0.8299376024238319
0.7800129506703743
0.7350034884433628
0.6360422940299773
0.5955848757975216
0.5560500497049558
0.5303301923152284
0.4651080471903392
0.386839321926356
0.33890555122456123
0.29861863600637023
0.26420984765587896
0.1900929586910312
0.15716944809107503
0.0818591364852604
0.007045245499921322
-0.04078457976340751
-0.05254996178036779
-0.11229905838578812
-0.19793619568344673
-0.2134983063593269
-0.30752420173598705
-0.3832394833423742
-0.3844583127327383
-0.41434487849584417
-0.5019726906078683
-0.5430090301794249
-0.5951214297685595
-0.6581146910635831
-0.6936285161300856
-0.7397592873738981
-0.8311724946859755
-0.8609444169875431
0.8214115096945088
0.8063377273769925
0.7618350092645126
0.6586670121744539
0.6247115548222567
0.6004996494573462
0.5490566507347046
0.4691954398505389
0.4768944446052278
0.3836969634903054
0.3461087627566823
0.2861751980250361
0.20141451980116415
0.1736855875582278
0.1587771514308192
0.07460566231566182
-0.003515185222046265
-0.04417512699426951
-0.12282257719901724
-0.16414275787247665
-0.20424816764554474
-0.23322574521366068
-0.3039170182316885
-0.351059512826737
-0.43213205116413417
-0.45877632894329734
-0.5562332776115243
-0.5808350494259988
-0.6331270652904064
-0.684373934865999
-0.7399913391057732
-0.8007989427201024
-0.8531226389783211
0.8392810068300964
0.8497540735418896
0.7980395171176461
0.7079209662081992
0.6727445171374139
0.586584974943313
0.5661750338179858
0.49591280510258345
0.444957209743463
0.39369160097780553
0.3490239726511021
0.32210671303018523
0.2491285967548762
0.17420555088791886
0.13551505710005665
0.08925668495931446
0.050855226485547605
-0.10093352246036327
-0.06224351923090489
-0.16936775718521319
-0.18728862852219544
-0.2625359105378295
-0.2899240439601708
-0.30040381872578636
-0.41031855032707265
-0.47185338853055053
-0.5219251684751478
-0.570760196060045
-0.6374897127096522
-0.6576493543700495
-0.6967005175529679
-0.774492674114273
-0.8521201141430391
-0.884271085186119
0.8561879995133282
0.8040530896164841
0.7365569618667099
0.685987641993052
0.6421534505611513
0.5472489324733764
0.5371393724606645
0.458306797167079
0.446862705386469
0.3876905840903456
0.3086685111702669
0.2903808642633806
0.20013479619253927
0.1909454369058287
0.08014845033536018
0.045410090649311965
-0.0376815194418853
-0.04548695177426246
-0.10975929686106699
-0.17352242142113805
-0.18521854329845908
-0.2771641831173081
-0.3208052109581891
-0.40259116158763214
-0.43376141417112507
-0.47937956802229037
-0.5460485355298006
-0.5888035028726869
-0.6239302162515493
-0.7046496796779567
-0.7104547769473833
-0.7678037832781028
-0.8213307411529597
0.8384619060774353
0.7924875211226156
0.7610120077464563
