0.3535795403206164
0.38675994860615054
0.4955568263333565
0.5574164104692928
0.5999188750596516
0.6576544983250344
0.7554654064160926
0.7725306394225739
0.7980236715333122
0.727695209402901
0.6444067781152876
0.5817085478874167
0.5532606324524685
0.4814086595201774
0.4438448105057288
0.3166914411111883
0.2990345181221562
0.17963860103505963
0.16780404140769647
0.059603914163503836
-0.011870058624064872
-0.06092840528259733
-0.09134925207083532
-0.1792671782435242
-0.28715273182256873
-0.3488451573333262
-0.3769815612902075
-0.42274405820919536
-0.5180287845442286
-0.575178717002943
-0.6512281559546093
-0.7151637512534817
-0.7568507706083759
-0.827813053241126
-0.7494480482760826
-0.6910702698290051
-0.6276278893505237
-0.512153837921705
-0.4596189375576545
-0.40285907390233344
-0.34268868423019794
-0.2585064484448472
-0.20873945687411144
-0.15301124626380794
-0.06867314811885829
-0.020880606978618668
0.04829396663447397
0.13703888330339528
0.1623708110500625
0.2678874195336903
0.2974587285877037
0.40781685885504365
0.425718970641232
0.5039669800341658
0.5694816574325816
0.6075652632715935
0.6888050264638538
0.7734877511929957
0.8203721278007077
0.7545937250521557
0.689340328434414
0.6003803984267658
0.5731518012686531
0.44627119125503256
0.40383283639579537
0.35466150572335137
0.28959352217454726
0.17395162877138426
0.14137519398604942
0.09593183794450803
-0.007935994638608512
-0.05614556356802591
-0.1078508921224346
-0.1426326122338027
-0.25745692552411936
-0.29232663480677945
-0.38033874320213334
-0.40728856400661007
-0.47652391297501534
-0.569132899698174
-0.6669589452741199
-0.7084559416131172
-0.7718046173570108
-0.8280314144363083
-0.6887877183143136
-0.6551213984150046
-0.6211423754873376
-0.5568947400395112
-0.4842074183429859
-0.4149742631086978
-0.3584270174614816
-0.3041214224755404
-0.22363401780080658
-0.13226037896650403
-0.07534118833814606
-0.004637870705961951
0.04111408557155694
0.12637987407391274
0.17306408772172355
0.22676958449818121
0.3120943146350758
0.3882132943981815
0.4347969012117097
0.5205928554854788
0.566447441460863
0.6006520094140543
0.6710818112772449
0.7527196719187522
0.7831431185819101
0.7593189734447716
0.6533004712307867
0.5954846908143879
0.5603617478085431
0.4804124606707591
0.41253716395856305
0.34212055404911984
0.29239363506999283
0.2015056464472859
0.20604921900222284
0.11998646120774085
0.06862997721639771
-0.05981285918967535
-0.11088638808414056
-0.15523374967367376
-0.20029201107236808
-0.29536906120240064
-0.35730347760019504
-0.43161782632937995
-0.5236539101132939
-0.5523157420192885
-0.6447702885772673
-0.7177107876534391
-0.7752645008822299
-0.8063513214308797
-0.7375789609721625
-0.7169636518527593
-0.6107034260138005
-0.5666209452107761
-0.4944101980026606
-0.3855601710569836
-0.3807767467343398
-0.3135754572392468
-0.25374036425590374
-0.148687263566918
-0.12444810715673167
-0.004066049723328781
0.038491912007179906
0.08711068347093735
0.1567015621346296
0.22709105680286792
0.3374960563860344
0.3676008594693103
0.4311199979045779
0.4731694094973392
0.5431768687278673
0.5895589466569328
0.6841409807376094
0.7691608917463375
0.8100756193656716
0.7359042607297306
0.6661567410422342
0.6334849344725391
0.5618587231970067
0.47548071087143906
0.4254662991718415
0.33333656847734555
0.29269536740758895
0.2357103692829977
0.12946940591228412
0.13970824814456917
0.06902134244886426
-0.031030892021067284
-0.11417071492351019
-0.1469087342526382
-0.25307666403961177
-0.3361225036195585
-0.35070269167529605
-0.42785284101532195
-0.4855727274547348
-0.5881985166330845
-0.6279928595792084
-0.6674976028523334
-0.7418286676094512
-0.7956738373862904
-0.7656174302820418
-0.7290796138472867
-0.6251195401807909
-0.5723149471832224
-0.524004806349859
-0.42381354720304065
-0.37342154233244035
-0.33028339971568577
-0.23298928667024976
-0.17665487608360791
-0.11270508622911427
-0.04591282562755222
0.057289944986993704
0.12380584610414903
0.1489574288870632
0.23550871010586025
0.3107096908315609
0.36056948157553614
0.39820518438858465
0.5090489666253947
0.5718181514499105
0.6423764360993903
0.6389759761848134
0.731267110136372
0.7765413489803076
0.7742450774425146
0.7005468210278284
0.6748065498840057
0.555488127918722
0.486822642827577
0.43120712558827007
0.35168458967211613
0.3219603130357631
0.21026413903565042
0.17817158780598857
0.09389730117009557
0.03893568479643076
-0.033692118864337824
-0.0962726308274764
-0.14116009829467233
-0.22351875659203696
-0.29027498822645204
-0.35241648973151635
-0.40817800393249165
-0.470660575884892
-0.520396326528019
-0.6295043710096736
-0.6726923555668421
-0.7618699243920659
-0.8176540082057226
-0.7920915044751471
-0.7167398305237153
-0.6470360905930678
-0.5652195615906372
-0.510965123334316
-0.46699664791795725
-0.389235551053926
-0.29916250067232203
-0.2511131042284629
-0.1986791920333406
-0.10515465880469513
-0.043300156517169175
0.004164010517206938
0.09484153786876533
0.13082837065430286
0.22060622863041204
0.29149624551686026
0.39467645919620165
0.416763455429544
0.45257047061551264
0.5211803781720942
0.6047461352239022
