-0.05927272594883099
-0.025842645722471566
-0.031581270942187746
-0.0058121461129024814
0.008452442738644686
0.007465161226404676
-0.009739507783914147
-0.002543936278352225
-0.02525385968321641
0.002894823288964939
-0.019962981825422155
0.03055215683545256
-0.004042190880538405
-0.01757756746055166
-0.004653814084953568
-3.581626041495017e-05
0.014642980460716173
0.01031866224424498
0.021056159247519107
0.02741619289909012
0.03345107381159234
0.032864008217909885
0.010114324648815086
-0.0004270819469443729
0.03708572156556237
0.018367739049293157
0.00522638396104853
0.027742620845791464
0.07093616706870709
0.03821409142131572
0.03786837711255337
0.0243646283198949
0.017381753631174328
0.013073821320716453
0.030722896516167317
0.04690466925351257
0.07740164019034665
0.039576792500975316
0.06336989234984385
0.0784229267871629
0.07744524430415399
0.05945386721205519
0.035772564702575484
0.0558954984480627
0.051178133983561726
0.06560570146975116
0.040535118239769616
0.026693940258745066
0.07008319460448212
0.05761719438234933
0.07271199821242584
0.09368734373564318
0.0716650701320536
0.046990802466893467
0.04572835912733356
0.04747737690041334
0.08340463508637835
0.08693340273478548
0.12671835430089612
0.07420065780084464
0.08088925160699958
-0.09698129400546121
-0.08743846162066495
-0.05655303073750004
-0.07724791599714288
-0.056695553314097306
-0.07118831133596192
-0.05530509997661864
-0.06404306588463844
-0.04887071699242439
-0.03834940295044981
-0.032679179858886104
-0.09090712633204126
-0.06753201055671798
-0.08006777555887426
-0.06325489516495904
-0.03415579942917359
-0.02643036323479966
-0.05346799664454155
-0.06131058991758592
-0.08660043923211866
-0.0827868825554686
-0.035260741040850765
-0.026587370789795946
-0.09900639711116849
-0.028966376440571352
-0.028707204537489046
-0.0534586749505471
-0.0341277285051903
-0.04034809403991036
-0.013860022969060248
-0.0692090108078739
0.013168123008077407
-0.025462886125233092
0.0021353974857511865
-0.032536359109384023
-0.008841368828531815
0.015181751358631729
-0.03819025297348241
0.005074867182694436
0.002777824221011853
-0.02136329494206308
-0.017129222201017976
-0.03348873129269045
-0.07321337618636253
0.021560983323688145
-0.007741885200534046
0.00022004200930589735
-0.014548016981566846
-0.03419478414484333
0.002936325365302246
-0.005517161294228848
-0.0061844350142180645
-0.010332987523500847
0.00943235072200609
-0.0014306529300125471
-0.0038075156307255213
-0.006588053128913186
0.0009169066376437801
0.013830751270979123
0.04400075213557306
0.031866015711393934
0.021365320504017807
0.028450820550863405
0.0009006799026475103
0.04242775886387622
0.00593836088219489
0.019042199940766842
0.021455554272621843
0.04000003970912905
0.047843813883429634
0.015148264911339096
0.0507742708601901
0.02502111670454038
0.053681184756549774
0.0643186689264014
0.04200387975367236
0.054741749929566756
0.030308129978464396
0.022625338946822518
0.058178353328909735
0.03897666051078044
0.0875302896714499
0.05049014893651223
0.07575809957777398
0.06417300354691585
0.05572286392011393
0.02358440268672949
0.07007003880863549
0.05661453268598719
0.07911055199108241
0.06191653586619456
0.0483779074295531
0.09256667549049095
0.05833791531196276
0.07774839588135354
0.0706786571097993
0.09187599806621613
0.0575838593042929
0.08900804819548477
0.09695333064233032
-0.06380094757524096
-0.09176518273210779
-0.07126971068714065
-0.0718374602879688
-0.07005256873579195
-0.03445775551986287
-0.0935335549150532
-0.1037762110830816
-0.06065911961299061
-0.016355042695759353
-0.08681053094442574
-0.06687625024196102
-0.010700480528797442
-0.028593776737219738
-0.07690085177244732
-0.057334795194272176
-0.05106162115283798
-0.028752816286828797
-0.05745396159365014
-0.030957673490814203
-0.016934748039705225
-0.02929426656977078
-0.04881427882040317
-0.03460138302292476
-0.03359683993273964
-0.03419630196095371
-0.0557646785165522
-0.026360305733659016
-0.02072627195258607
-0.011477575890145537
-0.0654977387711152
-0.03225907564408178
-0.013412537936895761
0.013272478627655855
-0.038181312121041255
-0.04810524770355122
0.0029198967109550084
-0.01034614409776715
-0.02074453422712028
-0.018820989089635413
0.033224941019447576
-0.030572317135286742
-0.008865181533087671
0.004214498398518597
-0.016131930405337065
0.020057226934448787
-0.030954503874235748
-0.004681256950138437
-0.013938347640320667
0.0029078466989171043
0.00891402414431815
0.025347566103275376
-0.007011199455305562
-0.02751012132792305
-0.02307589117554162
0.012942538049224798
0.009767868133438449
0.007025234997084986
0.05198741454356421
0.0046875034137694085
0.038990709887836164
0.012927698217929374
0.0302861550920438
0.04430864687783648
0.026995030570451682
0.032482026161635494
0.032903029764308284
0.06416588774025678
0.037116540270788714
0.021088162565143335
0.03932125756599726
0.04079164418795872
0.04438139903353987
0.04177148886756625
0.023019480628776862
0.020096929532648935
0.013331582476649423
0.028281846042454088
0.029693607631492112
0.04064414306124995
0.06702136355116325
0.03417718705258989
0.03734256352032037
0.04245473308062172
0.07444643267992676
0.06500244765244001
0.08201444242555701
0.09338188056848243
0.06285645945050626
0.07146950626449979
0.07267646134339531
0.06574617974995202
0.05330419041047224
0.04533528238014474
0.08276652208637866
