0.4717564310094695
0.5030387881195235
0.4692369366701886
0.47700448735698286
0.4895271471044185
0.47093785756583467
0.49381575200347955
0.4457087049906021
0.4900709139927709
-0.5047832298224627
-0.4905185924985598
-0.4854358600080721
-0.5205476057475926
-0.5160956845624949
-0.5131850146534525
-0.462946354845882
-0.468924671052798
-0.4871195799230914
-0.4855301598638912
-0.47429215211350406
-0.4796361327493606
0.4711758037015441
0.4550920420892148
0.4834612279729548
0.47501309995433344
0.5039474503413842
0.47044701543671325
0.50632090221406
0.4617657866488764
0.45740072599914466
0.47308647170260276
0.49220072174800517
0.46901000643486146
0.5163321503885975
-0.45857277627469084
-0.4856460211477444
-0.46802321682440906
-0.48549437234264103
-0.4647029093388234
-0.5047323152628423
-0.4785476893638634
-0.46913110608729786
-0.4702777955096312
-0.48083138959672733
-0.4898177411868034
-0.510664350961127
0.4917232303973718
0.48583056958016757
0.5098005811831159
0.4556383154475485
0.4415311728879099
0.4911840120471783
0.47804758796097635
0.507014203159634
0.4706977118374554
0.4851666254211649
0.4754053222574364
0.49480842073771814
0.48114544672643245
-0.4999850969362065
-0.45926246336979276
-0.4498971922196228
-0.47712829132013407
-0.49942795883056434
-0.5226174941949566
-0.5322087226669308
-0.4624922982541802
-0.49467983929246145
-0.47470443244508237
-0.46746185478782637
-0.4690296724018468
0.50777772908105
0.4836608091117098
0.5040546670208784
0.469946202926377
0.46285381128375835
0.496925814352346
0.5079298204339673
0.4893640348293337
0.49270884751824684
0.4606718137262884
0.4724475782046875
0.49285360381952353
0.48557728852685567
-0.4875690663704396
-0.49140773046184066
-0.5035834416293465
-0.47507973168132384
-0.467877224196026
-0.5015457901447213
-0.47947708319911786
-0.4930770324175551
-0.4450287517125562
-0.49487535130220695
-0.5105989505376816
-0.4674082498018842
0.46644806484223367
0.4642285395783447
0.46523628521503024
0.4914298197186888
0.48481978923225877
0.5022774140470779
0.4655575188968155
0.4976815130520094
0.496498723867392
0.4684942287628783
0.4652479612643513
0.4967025593218435
0.5047211092625775
-0.5131690301147102
-0.4650386792418069
-0.4716494293947261
-0.47404513230962386
-0.4692840042360705
-0.5324761103924196
-0.49593192605351827
-0.4610553618708887
-0.4544299262567021
-0.5106677868324593
-0.45295691591460074
-0.49220744741903305
0.48957808289672483
0.5317391998092472
0.5115166390813808
0.4865346486664537
0.45284469655697646
0.5085495401470594
0.45778148866877894
0.4961093057902393
0.4628050567772979
0.5086790058911463
0.47252691326694884
0.48868510330087855
0.5142039377165945
-0.4742573261575385
-0.4465982960371725
-0.47607098764542266
-0.48283945665534195
-0.5035646218756992
-0.4973790677188249
-0.47200134045581166
-0.48842592538808915
-0.4676831561240088
-0.49954799560604574
-0.4817149185551351
-0.46427346343489356
0.49302393329230165
0.4882315505812943
0.5114695778817506
0.46467833978917705
0.46263028759572145
0.48014432568442883
0.4765590129283168
0.5130798665146953
0.49337996479266855
0.5018929719420561
0.47695707023785805
0.48105821469108656
0.48860222674520476
-0.4747438796836735
-0.4948730463271368
-0.4742813311401931
-0.45200622166813387
-0.4878512164627506
-0.4480144823785876
-0.48466955328036243
-0.4645083846218646
-0.47234794467026525
-0.4917876085732847
-0.49701694246105194
-0.48126813276587455
-0.4863408426230699
0.43641792590285544
0.47293798859131253
0.4632543927060173
0.48742523495344714
0.4876647099941918
0.47638459942425765
0.4652047798481
0.4705399288181293
0.4804011852471312
0.49777275919915825
0.48225601078708347
0.4648292811283135
-0.47755249605734834
-0.47867335712185244
-0.48615414223186804
-0.46420692785695755
-0.5162016018513411
-0.47599246833467573
-0.5073621929131321
-0.5167242149966613
-0.4620261075764017
-0.45181388247777804
-0.4887143605785221
-0.47777481505824415
-0.47080409412655444
0.47799549777878936
0.486863685729848
0.45173802119884554
0.49551794494128587
0.5132276163950888
0.4684304166757835
0.4631496461090644
0.47239264221863364
0.47623291019899533
0.4883731853446558
0.48672349791543995
0.4855514149953906
-0.4515999475795305
-0.49054028461582927
-0.49211042139086514
-0.449948132398728
-0.5162173825689317
-0.4716847425303739
-0.48525339640128967
-0.4783771269837105
-0.4687072425425027
-0.4656724987910965
-0.5087517340398208
-0.4740221329492366
-0.5263998184536696
0.4744526652490119
0.48308056230356283
0.4582700533333119
0.47399748383251034
0.51577385106421
0.5245723225947803
0.46997693258486506
0.4913231252864162
0.48335658778434276
0.4849642458227943
0.4641992602079462
0.48502061181660444
-0.4779760561385168
-0.48373166292876035
-0.518168399219135
-0.5007362505777625
-0.49163208249913964
-0.4701245174578039
-0.4721901037401042
-0.5017264440297113
-0.49221280296054015
-0.49429110746807736
-0.4854172483180943
-0.4974237018043
-0.49617360184366915
0.4743663526607135
0.48635291293873056
0.49617325082942104
0.5192302786124277
0.4721263549911762
0.4740834633867631
0.4996158707222154
0.4662659789018411
0.4791494051085087
