0.4701268289443142
0.47415695707567407
0.4423836168858302
0.4172382407931177
0.4761048772456172
0.4645283127073361
0.4473733458887101
-0.45245213443502996
-0.4221806494269673
-0.4587599476478748
-0.4789776039869872
-0.464571418803179
-0.4888796237623247
-0.4517490631753233
-0.46731296629449975
-0.4497664798386876
-0.4336143847723031
-0.48362896737501304
-0.48646460707369543
-0.4856006939900396
-0.4971923847300215
-0.47319967229378396
-0.46622499624968483
0.4692961746539412
0.45109946849943733
0.46650975420095003
0.43462641355124054
0.4762445052897889
0.4808605255100286
0.49670461652098374
0.4433245696759374
0.49365496169317014
0.4482103475068454
0.4751064285037242
0.46380439945783325
0.44094204860645164
0.45509324590084327
0.4658005016409207
0.45813823416995714
0.4836215119232519
-0.44160664061293525
-0.4767586637838692
-0.4498671864011865
-0.4683131345227377
-0.4841754281514828
-0.48349168492628386
-0.45719356934052074
-0.44549698989623643
-0.4841062614998201
-0.4439890692268354
-0.48025333035525924
-0.4727235605849528
-0.45094783963568613
-0.465957518935148
-0.49601028417040044
-0.46970764507922824
-0.4414645219831307
0.4744017558320252
0.41255124221810485
0.48201930224358003
0.4749866118575458
0.47493944680313377
0.4544220383812688
0.5084531241041516
0.47652775682613135
0.46409364452699675
0.4568769167624132
0.47610751700488163
0.4526306159414098
0.48835625495760326
0.4893686174475979
0.5072462497375592
0.46588448033863594
0.4536979724686571
-0.46003030348122814
-0.47179711786513046
-0.45430540485173343
-0.4937319592098425
-0.4619052131286783
-0.46521626181506703
-0.5038057053329464
-0.5022107077266509
-0.4622555923714117
-0.48076328440338156
-0.49243622654529234
-0.5016961519946316
-0.46885204978941836
-0.42314529003492374
-0.4451102045318166
-0.4746731756930649
0.5065555838693786
0.4707029391815164
0.45668978145551764
0.4732579499522388
0.44653744860552014
0.4571811052140614
0.4687999400945768
0.4580169036978089
0.4414350676113357
0.4535684228863521
0.46551319882930875
0.4647838839158754
0.4708889323350609
0.49279647280715316
0.45087865476009736
0.4659595469060173
0.4805374604459085
-0.4467346602383783
-0.4946251479137755
-0.45736216299960053
-0.484799127054962
-0.48885658909996754
-0.47203051984269023
-0.457745098145398
-0.4672547344398518
-0.444871316188739
-0.4596478000842235
-0.45448676148595213
-0.4462644969087624
-0.49402143166986795
-0.46754618577896473
-0.49712959152985087
-0.458368500147288
-0.46457305466825705
0.44865180862151005
0.4863995463509378
0.4945533361474856
0.47138441459889735
0.466177948069642
0.4416618419985227
0.45546694907248064
0.4642940935915378
0.5052739367160606
0.4776230033896843
0.4472052404773183
0.46927950162207827
0.4493410094923381
0.4599798327823815
0.4868780441049993
0.4834765235620446
0.45305675168936643
-0.4963096245154164
-0.4709589614811109
-0.4326650414706533
-0.43294887740314075
-0.46138129724338756
-0.4454519965606761
-0.4709155047464153
-0.48800047749318054
-0.4827148802756647
-0.4531332607273827
-0.45578077255643845
-0.46589698089247583
-0.4380197691570621
-0.4494128344188783
-0.4766986598654116
-0.45972085438123345
0.48770019706817774
0.4619801510453261
0.48741543951391914
0.49183546538843703
0.4583280486237373
0.43403474171556766
0.46697574714399226
0.43869088568627274
0.4501885365594073
0.45722538759119363
0.47123603213813403
0.4818012352656672
0.4698987368550033
0.46297208734141276
0.48624298667646504
0.470355289229232
0.4504500602860953
-0.48334007750361235
-0.4609843383193611
-0.4595845385849773
-0.4472453400183422
-0.47659437197897736
-0.48169889361337725
-0.4359277555708529
-0.5245070275874516
-0.43512336221703196
-0.47023420493535556
-0.46374509370496886
-0.47459561787813487
-0.47738789300745404
-0.45487787748082836
-0.46053391387343406
-0.45217562791050536
-0.4260319826899918
0.4372242523353043
0.43708197702928486
0.48179018324260836
0.45123569395147306
0.45344597302050504
0.46453408818585995
0.47924182743152943
0.46503914104303057
0.4548882698364825
0.44487389598172455
0.4975908991463023
0.4747692889150207
0.49209075095987326
0.45459845814461614
0.4654739552345536
0.45304188094662545
-0.4608798320476162
-0.4644225844078743
-0.4628081748725421
-0.4307583904115967
-0.4732066711947243
-0.44577801806113104
-0.4551173543314547
-0.5105831957709458
-0.4985075783800194
-0.4679475983285854
-0.4537736956301601
-0.48379975776966727
-0.4916216671713743
-0.4907424775500483
-0.5195883625085697
-0.47506499507604066
-0.4506638011106175
0.418539876679844
0.5211487572364119
0.48580321533772036
0.4611811404942271
0.4820927843230053
0.4751202697729226
0.46073008455817155
0.4563975596604018
0.44358468257773753
0.47332968885314974
0.4918178197447298
0.4748044888036339
0.4649862439104565
0.507379003468795
0.46589048506999203
0.47987398387680386
0.4854318311002607
-0.4581290935897811
-0.4658928777394158
-0.4518392182193444
-0.44118415283814527
-0.4797582158979767
-0.4662367533493214
-0.4882980835082541
-0.4424499979402283
-0.4880528974788157
-0.48940994845588126
-0.4599792956996057
-0.4834931868692012
-0.4508536745295447
-0.48262322369370886
-0.4682531238940477
