-0.2705934966944611
-0.09698423961070975
-0.07916390012489583
-0.011748726561540815
-0.4568031171536406
-0.6189290529975736
-0.3565912659381529
-0.3107328206456227
-0.4449437949889345
-0.25731487971376676
-0.6611167187631282
-0.21943252801680374
-0.5120286437881811
-0.202144320111658
-0.15873689882073702
-0.1736555515546317
-0.5708508406953708
-0.5505988629685089
-0.424687682656032
-0.6950340466827585
-0.17514580008596475
-0.08821886853273937
-0.2485475212524664
-0.19483315353310263
-0.3926684790324356
-0.6602375254349163
-0.12886265371698358
-0.6433683080126467
-0.10299637941318114
-0.1598410104766288
-0.5955705249042585
-0.6709403206737873
-0.1784791299801749
-0.10977760346767326
-0.5421267959356434
-0.07101204560239636
-0.674292111570601
-0.19045678821290618
-0.6401696412446811
-0.22792007887084798
-0.5395060342878143
-0.5592131880648362
-0.5197677181378384
-0.04260695236129747
-0.47509739588825234
-0.46586417758541365
-0.3348080890918111
-0.408707907385425
-0.5710562586523019
-0.6277039516951103
-0.009991354209296628
-0.6721797708988295
-0.03223503423341609
-0.06932713026153099
-0.13009367703621078
-0.3955339764678698
-0.68369403521604
-0.666669424555865
-0.34975689102348057
-0.21403162627607025
-0.201631735366853
-0.4018821002919779
-0.17282667482132805
-0.4072527171096153
-0.6924808230863877
-0.15542382224368748
-0.6076718612241447
-0.4068652782530776
-0.27305207492348565
-0.03417806781875718
-0.5748246571924459
-0.5153321652677845
-0.3167295446682996
-0.34847250259042334
-0.4992264293846898
-0.30253358546125786
-0.5928534112846383
-0.12751985548267264
-0.4361671345953719
-0.438392101703335
-0.22253410914440727
-0.021030884360826046
-0.10263748753549792
-0.5722003721329512
-0.3469968925728198
-0.4451920641320133
-0.4617518325764172
-0.30234087461626835
-0.06582564761578476
-0.6564645076115818
-0.5849724242947013
-0.02354100052933787
-0.014892227772318578
-0.02303099448892043
-0.10079366867163597
-0.06820005172446954
-0.23513328365476613
-0.3591769735884539
-0.0250719159620945
-0.5403039773474194
-0.5656352936326994
-0.44335980789121576
-0.4299383595081769
-0.2785048512418493
-0.6333997034309171
-0.4252933231369317
-0.11730348084169959
-0.32742194640481503
-0.6111460294861206
-0.40984269460498207
-0.4230477863610155
-0.16283707167873576
-0.48135241713622134
-0.5569706137476199
-0.29218570732396343
-0.33660407936449044
-0.36945537314760674
-0.5528577536744674
-0.06051467703100524
-0.6707522352382811
-0.23088689567425588
-0.4097778477861867
-0.6178853949242082
-0.5095143135668997
-0.23166502655409585
-0.25730321032267717
-0.4360612474275719
-0.13850410446036202
-0.3362997545048358
-0.3329711775537776
-0.2071584922431512
-0.6516939819591384
-0.12347927597295139
-0.6732773155965802
-0.5830822713189258
-0.043267387006990954
-0.5231097916109451
-0.20467826729016023
-0.2691113536650835
-0.4990163590014772
-0.6099975670524599
-0.2506547755497709
-0.37129518703845293
-0.6061887920494919
-0.09764032901803446
-0.6268369892691475
-0.20719538526974882
-0.3192710264534063
-0.6843790881881562
-0.645817510657797
-0.625173153093635
-0.17459045946388763
-0.38502515417541056
-0.5367597444310477
-0.02822549944268196
-0.5562032395761033
-0.34690061620543183
-0.6839179277932229
-0.17992668554462724
-0.6386377798371049
-0.5250542199490391
-0.06227303521263325
-0.5759174706382597
-0.10049369824466986
-0.020921566513872298
-0.06359252302177087
-0.010261331769720274
-0.19094411857858026
-0.27422206890051093
-0.49147676951875013
-0.5424691046467559
-0.14616826181774845
-0.09411331935176394
-0.4404610203618245
-0.6874010854981514
-0.22698655139663593
-0.4027880153278829
-0.5685237631838735
-0.43415339367636946
-0.2599492581050832
-0.24636747861016547
-0.42451161422517764
-0.5802956648305685
-0.5512717825813161
-0.3858847736925964
-0.21463511990697592
-0.12627115394180155
-0.3195122387175853
-0.15909409279577252
-0.3389282016737401
-0.4102303663746708
-0.296732342882918
-0.21119200610781547
-0.6249488011481626
-0.5725669025200701
-0.2632063151815876
-0.3116765439960358
-0.6004119023448188
-0.36738583405157943
-0.31861390627755315
-0.2244959630478484
-0.6880049262746116
-0.6307514863720355
-0.08978467541871064
-0.21360037660746298
-0.45794832424553067
-0.3926280086386668
-0.33757671335070855
-0.19090638267216223
-0.38075949859964314
-0.23641766137995343
-0.6205819660382368
-0.11135423119550071
-0.11727735644838186
-0.32612210377201245
-0.2989062206682663
-0.24754648566377765
-0.5573795310651066
-0.5518639909333162
-0.2374460004837673
-0.4713712079939695
-0.2770601404154516
-0.5710211554936965
-0.5362579817862486
-0.624978317401293
-0.48668150735614607
-0.21615346820195194
-0.3414879689409065
-0.30484630714724814
-0.18922950912585174
-0.2966886580730677
-0.5186590787581956
-0.05603091016419362
-0.5553758399541301
-0.2740284847010068
-0.5173241223210036
-0.17263035396152768
-0.6760370796751864
-0.2593425477213765
-0.47176317547238733
-0.6813071867108651
-0.1624948935161014
-0.5623505173957235
-0.6756007377210259
-0.5628062308734353
-0.5009003897677722
-0.0058906938155360855
-0.6540853945920023
-0.5531483485269252
-0.2676156176190892
-0.4505866106938346
-0.10989737257836377
-0.3011616274009936
-0.4619479284682338
-0.17550733484781783
-0.10846046400054352
