-0.35990320344763865
-0.5770877654468266
-0.5491193158876442
-0.20904339952612302
-0.5158732816523278
-0.29125530483816797
-0.47255271268333726
-0.5257510301704769
-0.5720096388792224
-0.3455095694608858
-0.5411744346148468
-0.41764292282907806
-0.40207403754219806
-0.31149481301893156
-0.007818608358248269
-0.4921168173140419
-0.48872049482419955
-0.0438630608025907
-0.3215435374599471
-0.09309243730492969
-0.3402002989230342
-0.463315942626659
-0.6307431120273137
-0.5918782356214188
-0.11130570239847694
-0.2214298160800219
-0.4849404396852526
-0.5787883817851835
-0.0059925630216685465
-0.5145060967382769
-0.35730768723777934
-0.00528650829271804
-0.5257645179105909
-0.5975490577766538
0.008921602737771355
-0.25148891443419524
-0.0644444054413144
-0.2817557616112728
-0.13789704337765618
-0.29900418355409747
-0.5782964699991547
-0.3054188232973578
-0.2421171883354894
-0.04522494310300765
-0.5261545342628141
-0.3529889408315661
-0.30960609728455946
-0.058234926930916794
-0.33438666493824937
-0.02877205941706755
-0.28703046386587305
-0.4175999105348154
-0.5822998658160352
-0.5856658840835687
-0.4367592081079836
-0.41061822843730106
-0.24464576017296558
-0.22370474665539167
0.010975615866382116
-0.6331949119384171
-0.0008198529738790428
-0.6074265932869455
-0.26801243670349034
-0.5745926676674599
-0.11017210344619235
-0.11723542153147401
-0.2585387933997614
-0.5067499581870498
-0.04987928693169508
-0.12573585233439602
-0.32449785891453997
-0.5145010404310358
-0.13773613153024644
-0.2595454520949978
-0.23473201372614802
-0.04202632308859084
-0.13121078589240068
-0.1705196907533063
-0.4501561432797813
-0.07498764585828813
-0.3783762724100759
-0.4306902282152283
-0.22995196276973617
-0.07043752428002784
-0.2914725108827876
-0.050854128517381234
-0.5250630655901389
-0.45830760968659484
-0.23707169030372924
-0.2665389045922553
-0.08781934171657949
-0.5206043929362043
-0.395283426839176
-0.38521092806578844
-0.36167881287899567
-0.5603652431162834
-0.2663114380977975
-0.4069935292148016
-0.25875741468821667
-0.5238281778215014
-0.2037640266718455
-0.4493076347738176
-0.014462521951808187
-0.5581502454868288
-0.05177510979728888
-0.16236688421308496
-0.5000538326596178
-0.11768976222004604
-0.39744437166808716
-0.5684617283025503
-0.5339716290772507
-0.34610771629741105
-0.1188937031493847
-0.16946298497284176
-0.33993817634556994
-0.5968496104224141
-0.12205062011391028
-0.3970903348140798
-0.11007641392716
-0.5735418910857023
-0.2316948999348515
-0.5923073609923862
-0.0980249634038738
-0.020172101603965396
-0.33071373713913815
-0.049221553171024626
-0.6517493654742431
-0.5176492112047266
-0.06674374755439992
-0.47651086062073367
-0.06080601981228722
-0.14383353205133026
-0.5338239746051276
-0.03373518875611331
-0.2005591738236007
-0.41871831944815485
-0.4078395154197865
-0.07243067361489404
-0.3925949354847999
-0.10140627544456456
-0.34874444564999973
-0.16041441330724626
-0.16553504180483017
-0.1856665660387151
-0.5326903656193389
-0.5216284065660196
-0.46182264829418973
-0.31893879956580395
-0.6385274813688863
-0.5949362889964863
-0.0874436828074079
-0.03725093444885358
-0.06343126448570793
-0.37095596305696665
-0.07218345334320417
-0.3937400923686109
-0.3741653845098817
-0.25497141256075634
-0.34039812270097547
-0.18892719869662514
-0.1580004171781414
-0.19353094757956388
-0.3599953192178894
-0.5383912483246388
-0.17173463155179053
-0.2871339229238757
-0.0714627462097629
-0.5922846933261281
-0.635666644966066
-0.3215843560727335
-0.637591838314183
-0.03963175632878596
-0.5236841797290674
-0.08180544046836785
-0.17133120094841486
-0.42935195091274037
-0.6279395778664261
-0.5479423228343971
-0.25438002370120893
-0.3288918335110779
-0.6067969412104326
-0.5497311174332845
-0.2515792564691373
-0.5195356232128816
-0.3347589248675909
-0.07599287866485853
-0.5068191298646443
-0.1453692779615998
-0.3255711332457978
-0.18548432084937258
-0.31829318685529945
-0.41601570324361115
-0.004713438155209255
-0.5544037163094003
-0.5152766740080359
-0.4335919724324475
-0.311098206727526
-0.1242469001950561
-0.06335200205723104
-0.24458587429081996
-0.015661527633734296
-0.10186048959464458
-0.3910552842862146
-0.2571979139750405
-0.2693371674114265
-0.36298414256777134
-0.5909097899587404
-0.18926866488728347
-0.2890331366383967
-0.33067562773393966
-0.3750183255024186
-0.1052659268308553
-0.5451523513971581
-0.5973796013295672
-0.20974374935251716
-0.5031224169826979
-0.1345675701910305
-0.3606156218882446
-0.17449225622014364
-0.2945846662210834
-0.4609668137585277
-0.037031403685043554
-0.262292251541605
-0.5051309217337673
-0.11030082677263722
-0.38103252959541556
-0.3405872030854179
-0.5415808984233657
-0.02307094467641035
-0.6080535959083159
-0.20269962274169578
-0.2567435691407938
-0.5239395172036942
-0.28041568998753613
-0.1519229412279377
-0.34569757638650467
-0.5495876748135372
-0.41494435971618476
-0.437552077832329
-0.3951082290671066
-0.1280761027210946
-0.16128155427731627
-0.21287088420998118
-0.3879986437951157
-0.282802181857393
-0.31960881672773644
-0.05913256986422261
-0.01928875968734512
-0.37060558089289397
-0.10098892720777024
-0.03140490428866416
-0.30041883585351287
-0.1322861677770543
-0.19856754418163053
-0.4631710843290912
-0.04721842325380635
