0.010091790164210161
0.03642524043643426
0.04946118004290695
0.13824260224042342
0.16014497734621555
0.1732701770681761
0.2363772230228758
0.29884078068474945
0.28545678514957545
0.31942174045571664
0.3406727130278311
0.3368566493331995
0.37348676843208817
0.3513476869116975
0.32287168730664945
0.33044640031736844
0.300283707319698
0.29301454770370744
0.273230870443642
0.22007877084541314
0.15901278060200683
0.1785140535934263
0.1497155814408746
0.08309845975820625
0.06967483247242758
0.015002612329571481
-0.06193001312471923
-0.04511455676746374
-0.10345486990805888
-0.16848445253185762
-0.18751156646854603
-0.22450421942180204
-0.2640043247312133
-0.2651500863392154
-0.30755431725958177
-0.32093159322480047
-0.34308828350339315
-0.31731071723893567
-0.36455775445140276
-0.37063264620285535
-0.34353651663350926
-0.30073407844503125
-0.2871940599916908
-0.22580281995672263
-0.23416677940841102
-0.22218138289292802
-0.1656365594411048
-0.12741871020184597
-0.05569146639302506
-0.03997784407173293
0.01940333023804891
0.019972613076585505
0.053439029716104675
0.14611405160503171
0.14764321614980686
0.19422572508166472
0.2178734157370476
0.26599814103883235
0.2941531356521792
0.3340516743767244
0.29388651937795546
0.3201360046672115
0.37252581589652944
0.34144587217496813
0.3241255602533202
0.3423176561320903
0.3191665282834304
0.30842898271158137
0.2800298072119877
0.23255265427579258
0.20947369103495256
0.18690925641549663
0.10802597518144448
0.09677252962656974
0.042627458101629497
-0.003630210109155709
-0.01757447950679766
-0.0734371568817659
-0.1443054754132954
-0.1787847522588919
-0.19598695372679636
-0.21836479618389573
-0.25083294967910263
-0.2793608759718614
-0.30690062626485404
-0.32381072595987953
-0.313072993647305
-0.31067117883480977
-0.3211844195575877
-0.3296215445430455
-0.31861253887069246
-0.3105256798563323
-0.2764293704897756
-0.24565672122034615
-0.27113919302598766
-0.20020404467104883
-0.18062452692058925
-0.09802962056158132
-0.12189532633301396
-0.04812834865476669
0.0035459329767667646
0.025716949691858837
0.06742026365635981
0.1124306097382086
0.15802883450646982
0.19076225444573364
0.22663334489721862
0.2720480876724737
0.27895204148159963
0.3010984936441743
0.347010079274059
0.28596044827071776
0.3153287441743221
0.357602925265804
0.36267262598989847
0.2922776662972378
0.2912825232163995
0.264519576400494
0.26070364700374077
0.303054640594676
0.2305143600344515
0.21659120030774132
0.11748614438915005
0.0703669317620963
0.08571300163418763
0.016006597129383824
-0.03934626882074066
-0.05105666110102337
-0.11678592227027158
-0.12398534803125921
-0.20240460458270707
-0.21579591476429952
-0.2402985850023081
-0.23413082936596374
-0.322730183434779
-0.3243600205896288
-0.3697081906588138
-0.34105678490441166
-0.3317101765167065
-0.3554599624485177
-0.33797716804287553
-0.3245891414910123
-0.3310197316562553
-0.28849000073576647
-0.2504454727519095
-0.19888516328955033
-0.168076624241868
-0.13127337578570852
-0.11583417121560967
-0.025654665710711594
-0.02993758921426281
0.038889149908147194
0.08245926950099595
0.10206656283613819
0.16902440811126876
0.1865714934498845
0.24373371184405557
0.24950795539397433
0.31105650740679447
0.2714510786264276
0.31863978034309604
0.3537907161005342
0.289519156961889
0.33777491335123805
0.3196885016907282
0.32172731279401906
0.3583880360816373
0.29380041346723496
0.2596357714980912
0.2660450256432418
0.21299637217748832
0.1514801439785345
0.10115276452004598
0.07142435767752642
0.05122455863259293
0.030296574901593792
-0.0027583124883202546
-0.08538697538134282
-0.10144062684128526
-0.14548757363089465
-0.17477255083155527
-0.21977668078121707
-0.24098545206401395
-0.2957703038094245
-0.3166912973714322
-0.2673419926006345
-0.3332268664081224
-0.31897020805039156
-0.3219783768212
-0.30360301823868885
-0.3260119030122434
-0.31328030444378335
-0.2880446864851832
-0.31794259343611636
-0.22371753413087464
-0.23291506860859315
-0.15401786568365275
-0.15234302548326492
-0.09598944470570021
-0.07612558879787336
-0.05978363438648526
-0.015042290886202951
0.04506610419095729
0.14308749204768112
0.134000848394152
0.15961674690185876
0.23839753245988732
0.2631866155565855
0.2888321220841262
0.3055407488270208
0.3123538427718479
0.3319586551198788
0.32938744434630524
0.34850718317890905
0.3725870145899326
0.31912176251917146
0.32938962701181357
0.3140098840433295
0.2771168689058246
0.2962723843443334
0.1938789405481074
0.18630304269545295
0.18536971852335138
0.12381223587247268
0.05367462558147881
0.015032679411482008
-0.06290748817641702
-0.08377754266191136
-0.08885518672356797
-0.13925468290360027
-0.1928141835001838
-0.2090886995630133
-0.23853222364421184
-0.27292612657076165
-0.29511079874764823
-0.33480795341297565
-0.31274509137145506
-0.37372961265662397
-0.3336749536510863
-0.30656632951978485
-0.31815893973440657
-0.3122435468641626
-0.25939590220111297
-0.26842568051007293
-0.25554552663807556
-0.2385559637678309
-0.16403841169727967
-0.13523368528394067
-0.13043938773777222
-0.0646200026124667
-0.013734738447697886
0.0028875484735299706
0.055157519523874876
0.10350662197066157
0.09504266091930605
0.18115689534697454
