0.7282309717903478
0.748850838830835
0.7219854403515098
0.7033376525045049
0.7036143517288421
0.7429422073530946
0.7368620817556384
0.7248651637000553
0.7218521674765297
0.6903743703716538
0.728775700204117
0.7360569965960847
0.7671381120792562
0.7653547638369611
0.7114558937102551
0.74374572797091
0.7012301712946121
0.7485539557880482
0.7547606506612926
0.7445336235684603
0.7222189968181495
0.7166531116834478
0.7294014687642962
-0.732584752073113
-0.7359724917993471
-0.7372408257693566
-0.754871573927129
-0.7292383976541006
-0.6937710028325459
-0.739648889916869
-0.7403009416081902
-0.7447054981606828
-0.7414038822417064
-0.7092524617660827
-0.719125617524789
-0.6976771014104476
-0.7165086372129725
-0.7244048918836054
-0.7318988909327245
-0.7790540781190548
-0.7627655942692364
-0.7357765860122156
-0.7218105045744059
-0.7284276927688148
-0.7255669079119464
-0.7154613546928472
-0.7277516929041264
-0.7112705187500745
0.7375956771302484
0.7095527716905767
0.7663251269721639
0.7096522634996646
0.7101053515789416
0.7815947068076643
0.7241254344368101
0.7309202673238834
0.6906296084199748
0.7120760998655135
0.7179320444313032
0.7232156927897522
0.7119369535728428
0.727833483684316
0.7623610337836989
0.7374887333577176
0.7475525766124785
0.7060591086415096
0.7473862646468885
0.6881487067596705
0.6907840492560133
0.7324492268049363
0.7519611238141082
0.7242779920536049
0.7325018519134616
0.7316980170548973
-0.6991972558229593
-0.7591478136438613
-0.7205192941885187
-0.7481172115074637
-0.7624786860597647
-0.7395124587391975
-0.7189567307850128
-0.6945153637859439
-0.7453809591335276
-0.7008747333585841
-0.6988796418119166
-0.7220577906782663
-0.7017399262704039
-0.67575066439404
-0.7066134539952978
-0.7053848661801284
-0.7175768552411328
-0.7319755368051737
-0.7111899774487352
-0.7480284956052548
-0.7165390920950466
-0.7308499035079049
-0.7374883076691501
-0.7265988034479834
-0.6997915228505941
0.7131288752917753
0.702155976258281
0.7505818788442618
0.733045244462215
0.7409516309162294
0.7307738975963911
0.7131842316269257
0.734472014985953
0.7376081008709809
0.7175508612068486
0.7270013980312064
0.7336475743666654
0.7407163262178369
0.7253348313196533
0.7395647494054413
0.7463576587293793
0.6939986307972017
0.7467506620428418
0.7171535403900818
0.6993542420539437
0.7094623072242143
0.7106965481724897
0.7098068556549046
0.713815251043198
0.7405377061598242
-0.7382777923714475
-0.710535122721616
-0.7361200182393642
-0.710065412100237
-0.7411994545232957
-0.7390262143836509
-0.7171370448678878
-0.7514536969480387
-0.7226378871773733
-0.7017833122923692
-0.7080713632775048
-0.686227361138718
-0.7178218800856867
-0.7336446405919835
-0.7636440723367744
-0.7180796732816045
-0.7754465181193033
-0.7474658925382666
-0.7665440836112283
-0.7179392289617575
-0.7047021475707461
-0.749846845417245
-0.7298952938349621
-0.7095539865103597
-0.7025632569411131
0.6947139439333966
0.7439315319362592
0.705681035296099
0.6882136420527375
0.7395580277440328
0.6888752587601682
0.7272045362710429
0.7295683785501973
0.7158477683056671
0.6938363848809475
0.7151366133579612
0.7382989133922666
0.7262548234204043
0.7034738115492073
0.7185597054231805
0.7137181143060133
0.7377276084810768
0.7574929337696137
0.7171246495623753
0.7304737586357923
0.7567592639881234
0.6966383497376195
0.7528364792501727
0.7112757152108256
0.7168126838373825
-0.7217621783665621
-0.7354213648771513
-0.7230603750984346
-0.7181753512323027
-0.7352182166277909
-0.7221150913431557
-0.7303385007914249
-0.694488341836233
-0.7616907753863567
-0.7122605212031904
-0.714091891723435
-0.6803057320083948
-0.7388416827091991
-0.7463961011975246
-0.7528868764571298
-0.6932215961817741
-0.7340497603632785
-0.7094253740009951
-0.7196629887914808
-0.7099419271160338
-0.7590447786776242
-0.7285562754820784
-0.7535930862214276
-0.7058635846861531
-0.7081163337747185
0.7180731787087683
0.6767564935649663
0.7087629054675966
0.7169979683153773
0.7226265335828663
0.7571947806568716
0.7435497754027725
0.7317743518829035
0.7260541390931344
0.7317307448346956
0.7213104872440642
0.750227535404894
0.7379709277774252
0.7170472965614987
0.711859523451024
0.7084031077755454
0.7063362845987501
0.7416400494779015
0.7246608098414312
0.7054376756127305
0.7265567604140574
0.7551694635461835
0.7000595682780772
0.7223005116477269
0.6796727705860334
-0.7335560154239155
-0.7093888816091917
-0.7416948021096452
-0.7219322333696149
-0.6676422846680662
-0.6864489202179084
-0.7178593340422177
-0.7620108651447983
-0.7158205356579093
-0.7286045807886392
-0.7287271174737983
-0.7119320717465635
-0.7459631506117449
-0.7155739651468144
-0.732819315756833
-0.7314178475409226
-0.7057076822747234
-0.7474866225874298
-0.7227028200888446
-0.7103863661949579
-0.6999130385611994
-0.7592903395914296
-0.6921743752837664
-0.7567896269039036
-0.7145999285270571
0.7180768616892902
0.7268341199835189
0.7363959473274376
0.7324328213199022
0.715155667640965
0.7171241673757284
0.7388401867142849
