0.19630441297798504
0.2885350023956958
0.40225412041151193
0.5234694596208775
0.6297238803778477
0.6529549387663692
0.5691845515061627
0.45857874725439673
0.35703653502698907
0.21183318010427982
0.10396667237407049
-0.009012784919563642
-0.10387699969645357
-0.2492549170359101
-0.3430672973102413
-0.4166522560682128
-0.5535400709236417
-0.6646633460514072
-0.6538144256997871
-0.5189813735368215
-0.373584278401815
-0.28356791539275056
-0.17191910065045188
-0.05678268760546732
0.07046301869534136
0.1737565652732013
0.2516871190022345
0.39121261103050914
0.4623193789513414
0.6166203074459661
0.682588253425759
0.564004573384767
0.4559224384909141
0.3295027773284725
0.23056211620964942
0.06440053467064324
-0.0056870831999221595
-0.11957463794987275
-0.22779404810690423
-0.3118267726280037
-0.4602840184979553
-0.5708559130861411
-0.6859734829702602
-0.58664676989714
-0.5311642990966217
-0.40015759681222346
-0.27548570280525897
-0.16113147821134682
-0.06692416285867787
0.06610879120483257
0.20324931807969293
0.24488089457984855
0.3692219439793504
0.5186725130387944
0.5930435502815905
0.6462018317254762
0.5721010818629491
0.44032761497720335
0.3179345022595015
0.22625252747987593
0.13398379829057636
0.002644513691120871
-0.08607735888928832
-0.22298300830675574
-0.35118795832191224
-0.46506070593159965
-0.5515455164343808
-0.6785306201292602
-0.6258321448560331
-0.49481915962837975
-0.36595737665703576
-0.3136714345485052
-0.16187689754274265
-0.06384637909538163
0.03353813978624001
0.16061801624290803
0.2605513421090441
0.3718898976600295
0.4782323763340555
0.585586464483226
0.7004536354607465
0.5642784019085764
0.4507745862017592
0.33746373017529985
0.22514033082193002
0.13167768250023057
0.014769407620855208
-0.10827451464961502
-0.20484256168304588
-0.32321921647417345
-0.44525359887015137
-0.5602504874951383
-0.6673041911642908
-0.6079158304331086
-0.52133514343719
-0.3758475985614899
-0.3169103249041802
-0.21155340382411447
-0.08878324063605442
0.03327040730987284
0.12519513599478296
0.28439397220490426
0.3838882240317349
0.46452704566406355
0.5727246446068193
0.7083556136208118
0.5861164512648319
0.5293757125079087
0.3493761912131761
0.22324123331051265
0.1607554114824758
0.01484035523876024
-0.08062846476448968
-0.19160550611537955
-0.32859077554108795
-0.43039432208797
-0.5017195179307529
-0.6464990785198306
-0.6554963800226965
-0.5204250035396208
-0.3822960790014694
-0.29838946349818646
-0.19345053377600768
-0.06396556619638871
0.0019098861611106313
0.14140326003549797
0.2615139316511766
0.39037505764723035
0.4922068752226204
0.5838485960993679
0.7155774355744249
0.6100447422016883
0.45678583180868954
0.3649911390334397
0.25224881379412295
0.13715950291777343
0.043760614104711305
-0.10158608454289156
-0.17379139107882974
-0.32088296356531815
-0.43950943403519843
-0.4904160850776218
-0.6655618957585016
-0.5967146155183222
-0.5080349683789258
-0.4161821820866337
-0.3211420177939743
-0.19688844746971818
-0.09385539400747517
0.03268060498066622
0.15813950260569448
0.24660600367130706
0.308977259616985
0.4937281295617232
0.6057884211958402
0.6736011757397911
0.5674928798850767
0.48448120184751026
0.36483745720108335
0.2478943566695894
0.15184733102625272
0.034439804931718054
-0.06619335116821183
-0.16680257612296767
-0.33324560639090745
-0.42948575972937786
-0.5326921872508954
-0.6624198257903596
-0.6517994077156412
-0.568278852681141
-0.4266370133928836
-0.3151954884887647
-0.23165999625320663
-0.07920407034860381
0.057138622181947506
0.10298750568269488
0.21621886209594415
0.3570700996816608
0.47406367532954746
0.5663024158496994
0.6769998028909131
0.573476297002778
0.4297027203896122
0.3822642909202463
0.24927653103984293
0.15335309088089816
0.014768381980233343
-0.06942294913326996
-0.19628368810077873
-0.31222261481074937
-0.4143897187546238
-0.5165656557479489
-0.6432837898110889
-0.6821545333076451
-0.5426029788964809
-0.4709514801325697
-0.32344484666308815
-0.2028201756019211
-0.09359598014922088
0.005485823868936273
0.12607724704543163
0.26280140848928457
0.36767216794274055
0.4444022126247771
0.552964417461406
0.7099392303367197
0.5943244238707257
0.49614200214848675
0.3738204096823593
0.2575549764084009
0.14436100223177892
0.01910530997735262
-0.050014161431943586
-0.16120777329945862
-0.26701789355833033
-0.37572353006919296
-0.4947509551422264
-0.5935120922800572
-0.6326103361552693
-0.5586949464933928
-0.42949474053419484
-0.3252777982640464
-0.22008292788626044
-0.10347377306510323
-0.011901645602777343
0.12608843686840124
0.2566894612321453
0.32010258363681376
0.5013080756464803
0.5659054358437844
0.6837831310297725
0.6113064331895874
0.4761863569852598
0.3690680767603609
0.2807972232179174
0.16532893402261606
0.024127221807512735
-0.05422547972855041
-0.1479201292099429
-0.26674996575733334
-0.3758693141656938
-0.4665620976035653
-0.6489773070081961
-0.6815384845753203
-0.560436149384557
-0.3970013719680335
-0.38284727954716824
-0.21448039291591278
-0.09925552875345106
0.021353030607291153
0.11987753600279538
0.22547435761243526
0.3267097036865746
0.4462230326673477
0.5616841006355284
0.6544133880792045
