0.040629363091369525
0.11311664739099252
0.0854501807595397
0.1624556193797811
0.10387265077355917
0.2382810061443734
0.21799878317075425
0.29967024485288346
0.4783988648711661
0.3165303552621889
0.33422007945595084
0.3338499035621046
0.21004816875921925
0.19034512185072563
0.2617886337819803
0.008716582921016462
0.27324634962521016
0.06013163072692007
0.030933024210431717
0.21245503394939838
0.2772963331676463
0.41320223063231615
0.2598798424682828
0.37811192488612044
0.08497798389508368
0.28520075983720217
0.2852328917653571
0.05678898666898078
0.22134177479431583
0.022096172195734044
0.4462647272629329
0.012437687899539489
0.42105357137292393
0.15032649892578853
0.2686273829254772
0.2963813564074336
0.12416930582050775
0.2153985637141978
0.17267917870521385
0.12068669371724491
0.3717760362677328
0.31042017231384045
0.30109637942065803
0.09188215645339884
0.2484525931700637
0.15528425743974164
0.13456533004343532
0.33396270954297225
0.15228642366097425
0.06149722283521898
0.2968232321937542
0.4122680678114408
0.3612924010754461
0.41478803244978313
0.19782580608207057
0.2966729078299193
0.027644554107958234
0.15337128786078175
0.15489613189386123
0.4019931228551102
0.20834251547226382
0.09942976899122201
0.06557259191948434
0.09074700807290415
0.29991255998966926
0.3724523711236097
0.4271302294367745
0.050053533007432885
0.1464996658084461
0.2584384762337857
0.0991702744691447
0.20465049630951315
0.13815285254587126
0.44513289779039306
0.24350695921921087
0.08677349765280735
0.05596266493435785
0.20373797241173186
0.2733556639911552
0.3479747022043657
0.1993312291251228
-0.009388009038451944
0.2373612981419872
0.1809899059462259
0.17689834310082872
0.29542077611640677
0.2042618416660194
0.06635702123884155
0.23036801686289832
0.028710927777727047
0.175429645004141
0.33462163453355126
0.2750031891829764
0.32140486902671034
0.06589653656634278
0.2877103041564364
0.37159761670824837
0.23034955681655725
-0.02571308861562778
0.006760215433974322
0.3171428064241421
0.4090317785884674
0.3579734642260097
0.384206141263128
0.17553360554054126
0.15780948137483528
0.27720771821866474
0.23086953619628373
0.06785842926305097
0.3681514827554939
0.3090628981270347
0.3233946701347262
0.05837194841548032
0.1353650241064088
0.07328077089702113
0.01535284070312569
0.16393964571619202
0.30343424844963995
0.28611342169955517
0.36555612583595337
0.36797838047942905
0.3919550639640832
0.39881532466887326
0.3793962208464989
0.26432628768738436
0.1938179384032933
0.13948405412741144
0.08097100344452957
0.030365034736700647
0.07269616873229863
0.4515754237945256
0.19422094423995492
0.33875801095931884
0.18700806608635578
0.3915108355034113
0.27571877036405545
0.2074359688544299
0.08264352979369435
0.3719912483804209
0.22850559837533224
0.23107822286168145
0.02960070830251195
0.04954870651258894
0.28557479893578896
0.3678963803897635
0.09467901470764513
0.12412558602374045
0.24669870140755026
0.15827311284529824
0.4261122867686469
0.35972187960284546
0.14824340464001995
0.44301132593566483
0.15434476184288248
0.4012529057772609
0.42391460768454675
0.12015268968307884
0.1342404985680359
0.31642125222353656
0.10738642844417645
0.41682767566225787
0.03751041858632339
0.36368811178423116
0.4554122651084348
0.1031223582266958
0.023242411633742098
0.3308231331833992
0.36555578710663006
0.09329795486444509
-0.0015977343072007162
0.39992009376458704
0.15921437528845542
0.27865455187618576
0.03851688641321427
0.08368283492572239
0.3233385463387402
0.15650871057154045
0.37662776961158134
0.30382704442325287
0.21448279081124488
0.2905717363573955
0.17467604154229613
0.08513007069888746
0.291669189352717
0.12037581285149557
0.1071066437075395
0.33409500854138835
0.3765101531004695
0.36768952458745524
0.24340028150920917
0.45176997037131617
0.06769747637842084
0.35827864480372507
0.11505033169504818
0.09762446954678215
0.36295833093722824
0.2944618535092942
-0.018823839230639093
0.35953579071297215
0.13210593776587343
0.08382775370520049
0.163865607712859
0.40872220926560754
0.37407152655006276
0.1840798727196825
0.3948820315168245
0.168806781523826
0.34953872510181133
0.35765858821856195
0.43032039635133895
0.08742514956045527
0.27311046573601494
0.33863927524366666
0.3365253057585529
0.32482136241773774
0.0593727516737951
0.37088405588494666
0.11871183626853679
0.35346284235067316
0.3402583184842371
0.20690140369613444
0.31422764353850174
0.19653423404552117
0.09939486243783364
0.4017342651879319
0.37859048768460823
0.4193886143355516
0.26335640039944797
0.26575357276587697
0.38084201409539775
0.07213989614204375
0.2776409531879941
0.38449473607361856
0.3134545476618041
0.21987324954057938
0.14211692167496617
0.14854242348745264
0.055729597446121104
0.1114843996604659
0.27041990888874307
0.26264886118376685
0.07283736792544329
0.37252026974828645
0.3086805747478038
0.03571757625639907
0.19930371711644504
0.15476888337435862
0.01842395287231765
0.3087832497696797
0.04309841730564609
0.342808099584427
0.07090233260695562
0.21957125705408023
0.310514211848543
0.13216732204548695
0.27996247190202606
