-0.31661969191170336
-0.3463993356943381
-0.36873967571473565
-0.42958256407353934
-0.44015194846273553
-0.5462483825658137
-0.5812209529819646
-0.5878875914134409
-0.6251809130715817
-0.6449291322935443
-0.699448081606077
-0.7483169189291877
-0.6946230278028747
-0.7658876546555047
-0.7655121228007531
-0.7780571787043556
-0.8393226544386526
-0.8252428929735043
-0.8332196399424353
-0.8276439324678044
-0.8311509077874866
-0.8285222984826247
-0.8499134458203466
-0.8358604228372934
-0.8233639212252061
-0.8066724754541184
-0.7543224205888369
-0.7066291000476127
-0.7354350135861605
-0.6445298087679048
-0.6815955966986319
-0.6140229990601715
-0.5846775524202565
-0.5562010158076527
-0.4878457289364262
-0.4729794981089259
-0.38888557978572447
-0.35671898257523277
-0.3026376515998081
-0.2568022135724399
-0.1937005833240188
-0.14648064368202812
-0.09791019334953113
-0.06411748925292324
0.009066488615706858
0.03581530166268592
0.09198140197710436
0.13442051639141503
0.20765017019385204
0.255727453362693
0.27343990225653597
0.3377483451650064
0.36721591114459406
0.4069640394705373
0.46805529887335834
0.49850444999243393
0.5586690898366837
0.6039458870669816
0.6086036249994697
0.6851493481548888
0.7051176782416054
0.7368403535598553
0.7025206543411432
0.7427693627324239
0.786100978208867
0.7985111585309886
0.8006154131521891
0.8219907475686447
0.8342913699288204
0.8224648123965442
0.8551373186858298
0.8155702511783274
0.8107250688290892
0.789249552494088
0.7969221399341927
0.7637232734642719
0.7207706176176766
0.7374288943502569
0.6743888368318588
0.7049291920724281
0.6513067085690567
0.6106281449195939
0.5659014653827044
0.5076119898506372
0.5234733619711126
0.4663894866553312
0.3928738232948067
0.373378414267816
0.3572176851611421
0.27777368026451243
0.22702502495530366
0.196065627356057
0.12215039325487102
0.06488089837749557
0.03220854194171112
-0.058681797987079606
-0.06388676851715952
-0.12799824949444796
-0.1978543766260203
-0.2407839721333061
-0.27774405455839785
-0.31676475328933174
-0.38597533654093724
-0.4128843627751157
-0.4589114447253671
-0.5103626266207848
-0.5577904362353839
-0.642983426731632
-0.6069703790849523
-0.6533320026783551
-0.6857920929299992
-0.7262301352313638
-0.7203303476856475
-0.7424709186750411
-0.7746940588079019
-0.7817002398210298
-0.8257738341929405
-0.7974020170278697
-0.8145921254160304
-0.8225419100301816
-0.8353203323869833
-0.8298510279236054
-0.8195316161049607
-0.8073435823880748
-0.8027621973259519
-0.7913142582293093
-0.7629335002503788
-0.7293590049989307
-0.6952888172571277
-0.666341770919559
-0.668284630388014
-0.608738443956392
-0.5538536693896016
-0.5619867167056614
-0.4752795993002797
-0.4858153400275213
-0.38267673095766697
-0.3587751560341952
-0.3071186766167227
-0.28591505543734524
-0.24641255965314388
-0.1488087184395433
-0.12983091163740626
-0.06835406623074142
-0.03469730417748469
0.013351425681026896
0.08554721673889873
0.15540847788330714
0.18224917494489432
0.23637593783564187
0.2992152072267027
0.317854389801275
0.36261998836776976
0.42490527829276387
0.4292914255258285
0.47761894102664654
0.5624422103342176
0.578190739479294
0.6491269695272205
0.6409979645218036
0.6814123867217396
0.7154332821594717
0.7499761768690103
0.7340485872516607
0.7752189130727116
0.8086612016003707
0.8017443157705083
0.8053035475623201
0.8912964961565675
0.8312294793546107
0.8487812497765703
0.7686503913809626
0.81965952288761
0.8068630922223773
0.7579940998216455
0.7897510509909051
0.76655601106396
0.7313914370571412
0.6850672363660576
0.6717205787063969
0.6612600602297297
0.6006098104354637
0.5836573152792189
0.5347846285551136
0.5321697431426051
0.4584711072821118
0.40999705610050946
0.3842101827092468
0.3234994945278087
0.2970056222682732
0.21510156053865256
0.21320311768495678
0.13035506065530905
0.09209568461180871
-0.00585869844566804
-0.009815444411263913
-0.06325338404644097
-0.11783919583660868
-0.1559537028625002
-0.227024814642343
-0.3228481102609781
-0.3282007114647937
-0.3566928673292649
-0.4223303982085619
-0.4745411191617277
-0.498722651438593
-0.5404594372308275
-0.5775861513113438
-0.6117087484008603
-0.6423462879241455
-0.6847833080416466
-0.7421324444561844
-0.7281810563136635
-0.7478567827843979
-0.8191140851217567
-0.8024673125043618
-0.8004017334720068
-0.8171253198092869
-0.8104946815174877
-0.8422758432616108
-0.8247880668165538
-0.8268549137768537
-0.8063792332040294
-0.7924668744775376
-0.7942915444343074
-0.7840705154131852
-0.7588871377638845
-0.7219504941285512
-0.7113652322608683
-0.7046158011096176
-0.6855153268511998
-0.6324680012377127
-0.6012352875213393
-0.5355629893954994
-0.506486573040298
-0.4691986594351151
-0.4023433612281469
-0.3462128174128594
-0.34337369423083736
-0.3181098398267164
-0.24234635789136605
-0.1953140934828874
-0.14415742103690468
-0.132745295325613
-0.049968695099008836
0.03723273430127208
0.08251575538515826
0.13760455400193286
0.17833240106836706
0.18434819997784585
0.267305284239121
0.3429853881876445
0.3665657149545543
0.3912654787030454
0.47457279569897354
0.49594312511545663
