0.6733801316933795
0.6535896186156712
0.6838742599940665
-0.6735505033432214
-0.6727270021745937
-0.6832698555233165
-0.6917938608080375
-0.6819085912113482
-0.6874854229567262
-0.7064631798465056
-0.7233709314223172
-0.6494196023426019
-0.6866194621445303
-0.7122359872633115
-0.690309952617775
-0.6699797862491703
-0.7216011706361543
-0.7186404164948441
-0.7201598947821464
-0.6906211603301732
0.6649341529115184
0.6920697449001688
0.6762823401694776
0.6997616490573586
0.6306833421255128
0.6684764185882904
0.6868440948352865
0.6788744451564825
0.7009196371020927
0.6849251819837384
0.6880770852583394
0.6930541589960402
0.6835993506709235
0.6666742789845204
0.6907214773228126
0.6707706568919918
-0.6852228053818576
-0.7017819204932736
-0.6557287129931761
-0.6933305645759084
-0.7092712457705973
-0.6845219458382283
-0.6664787149299856
-0.669775388497978
-0.6677431793807806
-0.6895445879226086
-0.6798543788190554
-0.6660390327102437
-0.6989234494487002
-0.6984195758109637
-0.6855012040204094
-0.6880083334068047
-0.6734995626772048
0.7173755712735062
0.6609120499795978
0.7108014172041803
0.6990536935384394
0.6650390449709227
0.724581694437316
0.7053806983802677
0.6377779308589722
0.7007297124197038
0.7029893835698287
0.7020793324188472
0.6786065333900265
0.7046521786797979
0.661309902480269
0.7049672554760057
0.6903594303502516
0.6931090229286971
-0.6851412611730895
-0.6765259879812571
-0.6938776437746855
-0.6843577150781041
-0.6518787365334874
-0.6901493576259187
-0.700716006796272
-0.6845362941687159
-0.7102191669814084
-0.6973661484075852
-0.6965447937509863
-0.7038827490758813
-0.6826225206121049
-0.714360470619936
-0.6893645613687289
-0.7020333345279107
0.6359840387126845
0.6503938443688101
0.7209012661745375
0.7084917507545062
0.6945328287646418
0.6668829315241732
0.6689745705647592
0.6849734466566779
0.6796318234344454
0.6592843685579441
0.6910341008170829
0.6696187150326893
0.6925349570289229
0.6920156422914712
0.7146467750391768
0.7035733883624923
0.6692260672942267
-0.706266607839754
-0.7120271736620549
-0.6926882479911505
-0.6879843063985688
-0.6615160611625035
-0.6861255204815975
-0.6918126114161021
-0.6863621435027061
-0.7195651666369636
-0.6995355937735459
-0.6733660060582076
-0.7458465364784246
-0.7072811868496532
-0.6747326533167778
-0.6925233199657987
-0.6806030188458227
-0.6719783007386372
0.667601629852889
0.7067910616252038
0.6378600785290685
0.7263783595377632
0.6898905188118316
0.6938656011375344
0.6911495691431478
0.7088142829709133
0.6815082835582815
0.6992229178909779
0.6855825725936805
0.6805439009691031
0.7072365382951733
0.667397735635608
0.6756926246854605
0.6959657729816094
0.6796160346147055
-0.7316234798649139
-0.6736443762227075
-0.7006465825899694
-0.6581158917957637
-0.7071847726748037
-0.6642693911270622
-0.6898508573722413
-0.6738244042750816
-0.6737751019756878
-0.6798147679231622
-0.7035892016444492
-0.6615907558504828
-0.693712186338192
-0.6690806998190443
-0.6996426194773468
-0.6644204786929307
0.6770528764565987
0.695663117656601
0.6637966101627745
0.692225271240157
0.7004596661409572
0.6518504334025482
0.7039895481008007
0.7279983261354868
0.708222282034317
0.6880366216815844
0.6884135206512801
0.6787203428544565
0.693069836521329
0.7076832701708389
0.6679818213374478
0.6746527026038669
0.731820155290823
-0.69248801891686
-0.6773432368081457
-0.7074429837205796
-0.6824851320455964
-0.7102937544584228
-0.6535348799248077
-0.7118431408518393
-0.6625281096205163
-0.6858300138745851
-0.6966372082609615
-0.6827792481285649
-0.6456748376214786
-0.6785878341495447
-0.6840677360644278
-0.6481911296481274
-0.6579446639950672
-0.6811019876155208
0.6524735451911621
0.6891737633988653
0.6744763901923944
0.6837289835475827
0.6849874933398497
0.7174846183792593
0.6966568767684183
0.6777808988874434
0.7189221443551043
0.7112258404819175
0.674027916385562
0.6957304781204326
0.6730922698943774
0.7051967397034994
0.6677863777017147
0.6705154908059949
0.7009916889958642
-0.6796065983051879
-0.6561295973387495
-0.6794805617833825
-0.6561463749020012
-0.6644823840953399
-0.6707855895709567
-0.7090422853359339
-0.6905581127373911
-0.688192133834428
-0.7076591516343452
-0.6719489722138465
-0.6660345083708172
-0.6967689379762155
-0.6804737535279366
-0.6647950126423716
-0.688967774656955
0.699196320278867
0.6715246499200824
0.6598190458153502
0.6671400947265507
0.6741053224670429
0.6568304853375727
0.6847435218402035
0.6853593154862853
0.6680926492990711
0.6870274008106125
0.685288909996592
0.6342675520252448
0.6679660308237031
0.6943542573041704
0.7021269178492439
0.6909946614002856
0.7116971181966169
-0.7027658295807478
-0.7072452454615817
-0.6925256561003503
-0.6611130952952604
-0.7131818225433966
-0.6941708459027354
-0.6889598200789966
-0.6967461005004598
-0.6849016516567221
-0.6907442334585896
-0.6952638657075179
-0.7059275032177164
-0.6666977273684968
-0.6937614831219909
-0.6716625273623674
-0.6766707209998707
-0.7035852834804524
0.6946831620790629
0.6744205733745992
