-0.22983978870321775
-0.31649221606933825
-0.40600311472393413
-0.5003427982713635
-0.5121417175639347
-0.608982443818786
-0.6662651591946962
-0.7117119645128153
-0.7965681133209792
0.8441771211153021
0.7634277367892222
0.7299927576716271
0.624166391481966
0.5491486769177776
0.5245699635926978
0.43881567826334483
0.3458735781314733
0.3120088930347901
0.20943153352679833
0.14997269429156124
0.10012466525385273
0.03454816484092868
-0.016376207441808656
-0.13993510083310617
-0.19059435515493517
-0.28094512676846534
-0.34186584835218553
-0.3622131177593244
-0.4581707800778049
-0.4874583964653529
-0.614507247738541
-0.6702165316340307
-0.7295630931115963
-0.8168159913796
0.8629295417670153
0.7419330930349393
0.722201404505504
0.6306272323108201
0.5440934421998233
0.5355805226426933
0.41152427104877853
0.3207382682553933
0.29190442677096406
0.2321513947792993
0.1354161026186651
0.07898776338701477
-0.007810269286854809
-0.024000264156050357
-0.06229393458178607
-0.1803587304949887
-0.2814006755769504
-0.2863854957194411
-0.36023117697261
-0.45799390999903483
-0.5248586024371797
-0.5415455608826493
-0.6794813659065846
-0.7563044677075594
-0.817468395410543
0.8391245616695793
0.8133884003939983
0.7195425848752831
0.6652164714769692
0.5629170828901967
0.5013688669889844
0.4230721355244658
0.3651281422080315
0.3079878180772492
0.2529530432561279
0.1822773873604795
0.0940036732077439
0.03206984253206615
-0.04563228470455359
-0.09946628198943668
-0.19609658600349253
-0.26555408317280194
-0.33608011000117677
-0.39505082579901524
-0.453368706214649
-0.517882885831259
-0.6202410831072528
-0.6505257773301791
-0.7497579998013065
-0.7969910042525281
0.8364372640323855
0.8009267676602566
0.7097477151847797
0.6426970901549012
0.5897059425249911
0.5362658459710116
0.46111250475060983
0.37553207786310827
0.3250582187135142
0.2085995659526364
0.1651072374911364
0.09807911555686182
0.02670886027539708
-0.04887961359777935
-0.12918615331120836
-0.19118261948077697
-0.2472015122488832
-0.3274046688038164
-0.36913408668443093
-0.43549874585830217
-0.5553148622171987
-0.5708188978862686
-0.6520744510290394
-0.7013496512538134
-0.7964116261712907
0.8467787063900395
0.7990030075538515
0.735139358628482
0.6588495246845649
0.6114713789814528
0.495612631759058
0.43683585558554416
0.37202992124112644
0.3352059249164747
0.23589254484776992
0.18860544125841033
0.09013092345091993
0.05386909277206224
-0.04543981451498282
-0.09389661564006159
-0.18103510537802556
-0.20566049045914706
-0.30375673930258706
-0.3807785771954469
-0.4720357493213406
-0.5107514675033158
-0.5802613172905621
-0.6072165058712721
-0.7511381277103722
-0.7819458030769126
-0.9108111981586021
0.7771149961699773
0.7213718035814496
0.687263742487098
0.5756530340365678
0.5345115723667847
0.4616160516890483
0.37035910015978957
0.31847500850084226
0.2426277622823123
0.16980337166104212
0.1358244195615402
0.08437101988766744
-0.05427421990083672
-0.1041710396321266
-0.1869162872468343
-0.2615579118612016
-0.2761882375475508
-0.3536641367430243
-0.43519885411207443
-0.5201236453425669
-0.5603893951139262
-0.6256914205286358
-0.6626640831158147
-0.784619629497225
-0.8590015890395765
0.7864752851706224
0.7137999647666211
0.6778581954129981
0.5937700674497223
0.4978796698801693
0.4604803846554308
0.39879455043469375
0.3455532751473084
0.25834450012118954
0.1532905933357109
0.13662393682187718
0.03410550234887039
-0.03700541175623567
-0.07781653871967095
-0.16145615602413343
-0.197315140401856
-0.3058754314155988
-0.3901486173904246
-0.4079005506741068
-0.5071302079097324
-0.5938972551898365
-0.6531631599160093
-0.6847912132881019
-0.7503988823493591
-0.8550885357446408
0.8098033074981605
0.7377944567883689
0.6648851005501444
0.6195550585692856
0.5223605854585364
0.4617987353238351
0.41479053351068884
0.327104706180543
0.24587077392636095
0.16987985253925394
0.12679205867300017
0.03713008552226771
-0.020043914001578476
-0.11980861467196735
-0.13827929703983421
-0.2164583572984054
-0.2693395942928042
-0.37626989638459357
-0.42393322823975627
-0.48755280237000787
-0.5809896775680248
-0.6221743524524709
-0.6703004601814587
-0.7566441601918343
-0.8439238438238544
0.7935021560168787
0.751259163843014
0.6635992672003241
0.5302110332189823
0.5271679349130665
0.4620456034370867
0.3980855874166247
0.331581535447188
0.2983676822265076
0.18738211701784158
0.11504530084797746
0.05692530059098952
-0.03265390017915332
-0.08310274829997838
-0.16825449791179473
-0.22116155142077845
-0.31314413727108037
-0.3638492299051709
-0.44097411787572294
-0.4701059236022161
-0.551075888884677
-0.6283099670426117
-0.6972010413975778
-0.7860828981982251
-0.8152201748611977
0.7934425900273023
0.7271471869664201
0.6602412995690307
0.5830683143981631
0.531002516643944
0.4710147831751897
0.383064910875358
0.29264367766795607
0.2316222478211877
0.17949693116014867
0.14390275785536014
0.06741683349587986
-0.011289979483355837
-0.09696812352076192
-0.16139923443023768
-0.2131676918237413
-0.26083393206325506
-0.36743804618316317
-0.48068843791682214
-0.4936857613399576
-0.5868785059206619
