-0.04541377592122406
-0.04116398485555943
-0.020452344238336355
-0.02179100929984054
-0.028574525482728947
0.0005100485765670362
-0.018588894255654125
-0.029449387076176677
-0.034264403070614666
-0.02600204999538513
-0.018597945631363536
-0.03610956995585216
-0.026201533370609487
-0.03355629929428325
-0.026987842505454305
-0.01608820647779482
-0.03718740120512749
-0.015930632583052384
-0.03982835786929738
-0.007984397120492134
-0.03024042436578148
-0.048556943810906354
-0.00543000480707545
-0.012102730302583423
-0.04917998809811472
-0.010548462611386802
0.0003867523948675976
-0.030811809926470902
0.016336875268070802
-0.007062348239698337
-0.040213154022860687
-0.019610930772896835
0.027771990538884135
-0.021302854940203855
0.027036396612921385
0.037732049882073904
0.02887538538500721
0.03698983367593367
0.04911705435040411
0.07299766737459366
0.026407891153415082
0.05350179178201394
0.031533762540000045
0.0218047729958493
0.009633199434983386
-0.006968396772196895
0.018544215473497182
0.04858198499467906
0.026735869174827155
-0.006947159125497659
0.00030860034750358756
0.024729017914146383
0.021157928173496147
0.0373464222473922
0.04327521809475175
0.051479072497992086
0.009395049859733688
0.02792149975923169
0.03326374111037706
0.022119591590080322
-0.001667084698819342
0.057817066625863604
-0.012954624050738571
0.014694462128770446
-0.026719879119050792
0.0018399956081494515
0.037401698541019386
0.018254616218843698
0.0283781676674332
0.041713771778800354
0.027757773410941874
0.022298776128794745
0.017918461578691605
0.03829556152449992
-0.008359018892097024
0.034631306965198436
0.039610980163129236
0.005248575123777823
0.05987351104035723
0.01622056770789506
0.02545764401144171
0.015938711452950387
-0.005365815283284191
0.005391404031576747
-0.025113341193386377
-0.008929898432702874
-0.030303632315415958
0.008507173668206656
-0.055966394532198614
-0.006450134680478212
-0.04062595234509245
0.003573575728138295
-0.05049480482181516
-0.0587145164399941
-0.031132876388005597
-0.04395284401808092
-0.02793722794117834
0.009320879639800252
0.013288929836584092
-0.018990584694586535
-0.008124088230869114
-0.02400276963608822
-0.04347013479449414
-0.011291744002522969
-0.047940307790356046
0.009802941074245723
-0.06442926450410513
-0.028892276070253034
-0.05559403604990441
-0.0336385817429898
-0.0016640743420653324
-0.031872824789332455
0.0004480928310960225
-0.0474719246190797
-0.0410120102355513
0.04493615868686997
-0.033783667061348256
-0.04760518373695959
-0.014797215385467877
-0.03465813142153266
-0.06102948792388764
-0.04044719234433637
-0.012470003749129174
-0.00927583249945907
-0.0056648418435618075
-0.029491145527176833
-0.02496753324842459
-0.004143563734785485
-0.027186695589994994
-0.015931900628995507
-0.04483512799724346
-0.006065219422268384
0.004192564191161752
0.06197300934047866
0.02816454555574132
0.05032591947504527
0.015949610149949556
0.0332942817607276
0.02055238396090773
0.013562028887089392
0.018228826027539852
0.013431218146051553
0.014888067139413612
0.010651885276116494
0.030071856231583437
-0.0016896420015311102
0.045011829817041916
0.003522759485773918
0.04320126546443783
-0.0020292469452269854
0.024401988860697957
0.02894241138636508
0.06346398200222975
0.021772634611538246
0.04978392896639248
0.018561175333372818
0.03991949648728226
0.026068837350656984
0.025275347300257475
0.019029514925578108
0.008483194219751057
0.05166483645991951
0.03370920031198582
0.055795709909269194
0.048286336498225536
0.039156557218198544
0.0007176103351416684
0.005409485885372482
0.008898474669183752
-0.008910747489984855
0.02314788150857157
0.017795064716945377
0.010594869236706831
0.020158481935523054
0.007697228720006596
0.015456071540906268
0.060450747622900446
0.046109760511188785
0.035782749877255035
0.008718843033331697
0.00957313067634269
0.03302513397761577
0.017192253099796908
-0.035465282483190155
-0.03817969896017816
-0.03375294696711022
-0.012469420481826202
-0.04507201014218934
-0.021783736951474564
-0.010791000795316932
-0.01880570892061469
-0.0022965937530438837
-0.01729563492509232
-0.041356821668412896
-0.018002157755278702
-0.015494180159444914
-0.036585824272164814
-0.035711223271309364
-0.0473830421214667
-0.049243490098335785
-0.025713613444004416
-0.03305708438820382
-0.04067753438336548
-0.028290068532576908
-0.01370383664525034
-0.002161279237209518
-0.01942653921381255
-0.02204756337495345
0.0036898568974896052
-0.034012872276724865
-0.04734454901185424
-0.021116330427965554
-0.016412181241111812
0.00159667546173441
-0.03260580765889649
0.03692557980040836
-0.02111346360611654
-0.02249934286360991
-0.012660982047017799
-0.036925202270252123
0.004503946467281996
-0.009222373644117867
-0.006358504674215008
0.004676111277906181
-0.023368397832126554
0.014013958623287803
-0.04294656828094665
-0.04452784122818987
-0.013891370797879143
-0.02753029445112594
0.027289826137910714
-0.024603025989634937
-0.040819895144353587
0.023043297364598685
0.017206198825435594
0.03685549677253754
0.037400378706821835
0.05464648671941158
0.010763508806123836
0.02714902709841458
0.02381359999147926
-0.007293897974943023
0.011623897812192512
0.010666390726406507
0.037135847058721264
0.01629891760577899
0.020576805915164052
0.009561898726324134
-0.002968961303763385
0.02496506218550683
0.027580415252040753
0.06729855702765407
-0.009426611955617774
0.014964071497369898
0.009581434072843462
0.027870822250951083
