-0.33114067166809563
-0.2770811401851932
-0.25100727964929953
-0.2041802326757842
-0.11389081870437061
-0.030738260453297174
-0.03856869144860713
0.05563158219763515
0.11683622231351723
0.19624637445526089
0.23291108766619642
0.2602617525857006
0.30252343370925977
0.3344158468542921
0.3177268290014339
0.33490223278601644
0.31861103135723096
0.26603632505796265
0.2900714856873662
0.22399787996910475
0.18186362921068502
0.10569018405150407
0.07527437595872778
0.011538609243242407
-0.08919763690838885
-0.1294499755928054
-0.1742201218080501
-0.2600152695026789
-0.30818099688317624
-0.30378622254440546
-0.334545670385313
-0.3535268228219763
-0.3904417845462196
-0.3061579892461455
-0.2871473957034077
-0.24513430912158693
-0.19166223064153987
-0.16211728489940905
-0.08874126532821011
-0.04716817476238204
0.012787087516079834
0.1409439076655712
0.15346005000747137
0.18936934264601885
0.2662406990576191
0.293183544432532
0.35694151031169824
0.3173873691260054
0.3509166298509668
0.34648511171981455
0.32477783718227476
0.28712976397641765
0.24977521779569273
0.19614706402601678
0.15802998821588887
0.04870280949779494
0.05542297829679202
-0.04082877793825729
-0.16863839232957084
-0.17109620634827805
-0.22865787731518158
-0.2769029574063094
-0.3444456887571165
-0.3241397742178408
-0.3152165841418308
-0.36612405739293896
-0.31856834098119713
-0.32578631045190054
-0.27464034285436645
-0.19830674055156555
-0.1855172674051492
-0.13454846981248925
-0.06504766450681468
0.02519246413032532
0.07366481651471306
0.12220791498373995
0.16833684418700331
0.2726705127869558
0.27482846543991
0.3011803868527279
0.2926781149550721
0.3563820320740057
0.3368098868239997
0.33184885288918703
0.31750941703808155
0.26434598523218217
0.2640049492563149
0.20589707088924916
0.10540229654895725
0.038424311662713935
-0.02676590664044933
-0.08166305409806648
-0.1265005393202246
-0.21943091749418117
-0.27732290556200456
-0.3174511513751078
-0.32757901309176596
-0.3247808350525289
-0.351578516565343
-0.3598363296443151
-0.3105699248036189
-0.28134254802314834
-0.2799025677911401
-0.1965299392493819
-0.16637326308881856
-0.07690414368109763
-0.023652354594714903
0.025960313663060453
0.15272575252794407
0.17739427756233586
0.20134306130176172
0.2729474529246525
0.30762586419652427
0.28592916467719653
0.30005512747491897
0.31850710957145767
0.3369015675194566
0.30443408853286585
0.23891296289363806
0.2475793606499884
0.18851695097201934
0.11071011717862106
0.08278961710844936
0.025448791688834876
-0.07432927836413271
-0.1294523975657279
-0.17776810853875413
-0.2410446735439462
-0.2647655086896523
-0.28662015962507154
-0.3090136334334384
-0.3423876313293109
-0.3418862749306216
-0.34977569927251134
-0.28933801886043087
-0.2718800195226005
-0.20181022657191947
-0.22191620986845026
-0.17705111662450357
-0.068845215571574
-0.001334370429073863
0.06109089654378184
0.11498652562246203
0.20521198379109865
0.24008559782756322
0.2595297747010961
0.3096318319100876
0.3650103981275969
0.3382454656532453
0.3663924574546859
0.30000631904914854
0.2877493016008268
0.2599833610743278
0.19300096365500838
0.14850658570752606
0.0925591919173957
-0.002142021833078503
-0.05328762687737267
-0.0869429901615894
-0.17781214478273155
-0.2228265518290111
-0.24038224480819465
-0.31567250636412403
-0.30040517805509326
-0.30775126132640307
-0.32805829406595544
-0.33220274247534615
-0.342565760553704
-0.29446814201117555
-0.2609077793220916
-0.20329161701766035
-0.11568286476807586
-0.07645787701878325
-0.019873151690953886
0.055748813690748314
0.13715462340642262
0.19058216576049436
0.21193790199061568
0.24322174458157017
0.2774289743513051
0.32686103353115054
0.33205688696970653
0.3253883967306782
0.3817847060925882
0.34923551564116356
0.2628965673027872
0.21332499704252286
0.14979092029242497
0.1552829062734705
0.11072417943220293
0.05368424114842113
-0.09035068998067586
-0.1393802706792214
-0.18732122401076606
-0.2235801611511726
-0.2951633039427804
-0.3185454729263662
-0.3163001023807059
-0.34192174101414424
-0.33306983370999604
-0.3434830271229692
-0.31017383969307766
-0.2607422059798035
-0.2571011742907646
-0.160717364933815
-0.10488305848921785
-0.031904533922168965
0.014591005511710501
0.038757434800058645
0.17728265127316656
0.19860394128526251
0.24955724086803713
0.27031620464647343
0.308515243293049
0.3709385899807403
0.32701454070710445
0.3428035517801124
0.3065168169097078
0.29501355668825363
0.29119306562295233
0.2103345050170834
0.1514246948219242
0.10087869861235334
0.046615063546027916
-0.041600118452969126
-0.11438930276735547
-0.1938748570426482
-0.19576687157045347
-0.2878241531979723
-0.25604931308381584
-0.315830343943023
-0.31829238510884267
-0.33405952256842186
-0.33524710695915483
-0.2997065521661199
-0.3294442025796602
-0.20451316937038672
-0.166085335677656
-0.12579786993236933
-0.04726950412894823
-0.03661523010537787
0.09270375700644362
0.12332070325703383
0.17602496961929112
0.2067225141496314
0.27017230945835646
0.28591364612775283
0.3103489361095089
0.3505645983602754
0.3429484156911799
0.32710680993061536
0.29134493200484873
0.2550694477924595
0.1846998446141466
0.17222584008675665
0.15681203630894283
