0.21891725645773355
0.2805301933893001
0.3331374472530785
0.3320436922410797
0.2254265831490618
0.1683961044154191
0.1399947487434211
0.10797237460400576
0.010116309433334811
-0.022306112549214538
-0.08031593762693556
-0.13208004328081374
-0.21033629185933647
-0.21075333525876838
-0.29209903016734284
-0.35304372591045236
-0.2441751186669825
-0.18925914798734259
-0.17619922087579404
-0.09153457290900201
-0.046667377464835014
0.018719650629339103
0.043546959830509775
0.1409037310823281
0.1650092449206161
0.2451805153897431
0.32234902198917514
0.3107274734934078
0.27465996132890924
0.2647283434534452
0.18858838065577646
0.1420951705243037
0.09347710237899251
0.025401390598655788
-0.045815911698853656
-0.08680315542028698
-0.14249647320336326
-0.18741014303123552
-0.24181658824608807
-0.29085824597266063
-0.3751783733424691
-0.3001736093575297
-0.19975418345907592
-0.14878531333664602
-0.0917538638342189
-0.05516845510981295
0.026932981586192117
0.07039814797304272
0.09305862005432779
0.16482311775399522
0.20796848876409993
0.2948852857130462
0.3620003025528781
0.29824003817521044
0.24235061682382242
0.20122746657880852
0.14294352195673235
0.06481726164622188
0.02808774962253322
-0.003934353983884337
-0.08930942735435261
-0.11416110880759087
-0.16923275265511845
-0.26440782745242536
-0.30864038328665955
-0.32743428037441724
-0.2978301295842187
-0.2050967131214747
-0.1384987743066471
-0.13553762730507085
-0.0527496209165883
0.019709457808600936
0.01658773960181318
0.1213391401830625
0.11171143410818124
0.2283023650468301
0.2954141208265921
0.3194332361780334
0.3223774872280921
0.26309746872477147
0.15848928188636555
0.11449690105335003
0.07163652706473138
0.05629276887004513
0.008449112804110204
-0.10592682998023606
-0.09629089376409856
-0.14462995239487259
-0.2326281730931584
-0.2907579248485049
-0.34730211525595006
-0.2787661263824785
-0.22198793083477816
-0.17871482971426855
-0.11431823705512141
-0.05213267248967708
0.027261153836597718
0.03964490598063776
0.12238217592025182
0.17348626232314826
0.1939826974395118
0.2632990476399548
0.32243101501236837
0.2976441730536225
0.2297158428743838
0.1784613903983766
0.17688311393459705
0.08523704404680275
-0.0030812021328571124
0.005154330122536539
-0.06748407446674842
-0.09896229461876707
-0.19706447792244758
-0.24575937075898452
-0.29656732202878683
-0.34294568425020167
-0.277361383887537
-0.2327871406985286
-0.1737409184144457
-0.11173072040667152
-0.06236845275695045
0.03840917708540273
0.03087156526339725
0.12834862996639249
0.15363593723085775
0.23121907252210291
0.27551711530655437
0.3088106452010001
0.3322067693207307
0.24567712183951806
0.20420483679949952
0.11410479905087946
0.063511802366643
0.027947636169949053
-0.010763921952346166
-0.09168223564718744
-0.14650871675211546
-0.13679428549357825
-0.20768714455634985
-0.2918919700967949
-0.33938166309563583
-0.2514041164905101
-0.21731153498033862
-0.13913579208646437
-0.1273467341938503
-0.05292609240142953
0.002094084800778391
0.03565616020843952
0.05918065339681269
0.13522274201123724
0.1911095145268228
0.26144724468968294
0.3076346576230963
0.29452603565150853
0.24554029437389904
0.2087492427924317
0.1377834787492733
0.08142762522779931
0.03593062697791193
-0.011816052937623051
-0.06472383622741891
-0.13086642642299803
-0.19769225143051747
-0.22186558958374336
-0.30299278393584017
-0.35715878223672093
-0.26709348411538847
-0.22450409899646423
-0.17626181480853864
-0.11546515523173648
-0.054752926288127585
-0.030568691042180508
0.05166592734966933
0.11089191131754969
0.18006891429038227
0.18646785119501433
0.21023719655743178
0.3475841597184618
0.31183708237138535
0.25844226623775096
0.22213586843656793
0.1213353923506661
0.0770186508784966
0.08279090689436332
-0.010564505711133775
-0.07232153817418346
-0.14652020096772467
-0.19141076439041832
-0.2513660628450145
-0.28725756960682386
-0.3146969556247429
-0.2620621034169444
-0.23307902147396933
-0.2117834546106793
-0.1412090826221446
-0.0691594390763281
0.016108669979576544
0.05869220184950262
0.09724066215232365
0.1860162941603032
0.21617374791492935
0.26031362867889707
0.29701273135304307
0.31936175416705587
0.2720274918203031
0.1920203074736837
0.17861563824350601
0.11695964350718102
0.0222033916622203
0.018475865557122512
-0.04506721106621772
-0.12290616570474396
-0.15221869524053513
-0.2483241494159292
-0.2801158078996782
-0.3141674592962401
-0.3078462392537461
-0.21754955985552832
-0.1585345298964436
-0.13079616104129807
-0.08746396113202226
-0.02063460733141156
0.051814040350291496
0.09888981682174913
0.14644736924740287
0.21204753947097427
0.2790167101565909
0.31922390449185706
0.28628611135053644
0.28179211488224165
0.21605124198711648
0.14430905417599044
0.10393851146268412
0.06456819641304545
-0.035555242135733044
-0.10160869117162966
-0.12907196572502277
-0.156596837748032
-0.20326351048015595
-0.28171359285112235
-0.2975160383464923
-0.29667619675808854
-0.22018047012903078
-0.15449209334402797
-0.12260799390732113
-0.08210436649984026
-0.0024043042825042903
0.030115099948829625
0.08783578386970677
0.16143386330067824
0.20822218465097536
0.2223705973163742
0.27363407185226185
0.2592650370733474
0.26001005766372565
0.19456294690407633
