0.6856908364631341
0.6501835811612745
0.6423426660461126
0.6585705775284951
0.6456934504299455
0.6561170503629515
0.6251169872256739
0.6772196908804912
0.6720535046168165
0.6229156948650144
0.6460098551025886
0.6767496947367408
-0.6675841303630592
-0.6513899995890372
-0.6559748484519501
-0.6474317196206176
-0.6457523147779235
-0.6408143254857439
-0.618845497292646
-0.6442231656198841
-0.6858620459883192
-0.6452682371577501
-0.6753127976009728
-0.6576632688675751
-0.7044732146358572
-0.6365018719267345
-0.6611156661231635
-0.6511264154761569
-0.6322357464217809
-0.6295542377172672
-0.6571818530754376
-0.6877613594799608
-0.666516127315832
-0.6504463062995861
-0.660630275504938
-0.6850952627652386
-0.6414835222236316
-0.6720840925536611
-0.6796260541583089
-0.6851408778677754
-0.6653301763025165
-0.6350804596973255
-0.6703889236276909
-0.7017722327065582
-0.6719100317069139
-0.6598163269327706
-0.6384754811951713
-0.6544179867377647
-0.6485247885021066
-0.6607882293823398
-0.6586127704769633
-0.6759184407030989
-0.6790498407306346
-0.6482108788226161
-0.6081329866727699
-0.6738337357109264
-0.6327172704508258
-0.6669473684394704
-0.6129421228370487
-0.6595866737609253
-0.6741354845777667
-0.6559322781633781
0.6535520082240598
0.6874437052092929
0.6476363536540821
0.6882001247376085
0.636523211716002
0.6800076354191338
0.6830096963486271
0.6607453377099676
0.6455637124988796
0.6385800740146322
0.6677867995627911
0.6328176846299433
0.6312109522353809
0.6631808429463248
0.6539800058112986
0.7027207164084289
0.643064632601155
0.685409929200804
0.7039832212040852
0.6436374387966731
0.6514294173215722
0.6741216147932685
0.6446882358377742
0.6539664705482582
0.6854961583094171
0.6658578872984693
0.7305072072366695
0.6621230010317846
0.6688831442468508
0.667466162202104
0.64937010596082
0.6012275088609638
0.6689806929510617
0.6289323376853084
0.6573090510683951
0.6657287488188101
0.6573202145766509
0.6960666708110229
0.6814262403916407
0.6974868664090472
0.6474593487722972
0.6841141864494198
0.6364595600569625
0.6644615791720502
0.6337425993203359
0.6671033176341001
0.6103834887206667
0.6788855830938176
0.6429490903867753
0.6551378153229855
-0.6813057948600142
-0.6444211989988182
-0.6577404696121237
-0.6755403930373709
-0.6873750205392531
-0.6497436239009694
-0.6144617289029419
-0.6752207597960952
-0.6452195248532029
-0.6347176281119596
-0.6805056878367773
-0.690985060816944
-0.6391317076986262
-0.6111789905135002
-0.6748463025907769
-0.6813384551473258
-0.6407366771655505
-0.6280839076848226
-0.6840763232213698
-0.6808401357521293
-0.6968842500548122
-0.6367191435170461
-0.6467164039731065
-0.6501489999270219
-0.6489880934979881
-0.6767426096528112
-0.6484386685934871
-0.6708226272120761
-0.6500494375584656
-0.6743768167327405
-0.6565303196374347
-0.6545931428110108
-0.6723350993386877
-0.6330259956841767
-0.6747611608557672
-0.6446837831438378
-0.6857781727409777
-0.6479542239084115
-0.6630167739948309
-0.6460729786545176
-0.6433483957456843
-0.6398590204812508
-0.6649783055357311
-0.6364044098714543
-0.6540838732107276
-0.6583728532141608
-0.6699255197577508
-0.6703984036028392
-0.6811811588117362
-0.6516506536759407
-0.660105605306262
0.6270728735728138
0.6393903082043519
0.6663494498690625
0.6869666640783866
0.6641112818232308
0.6021865821264503
0.6440093308682426
0.6621865525607542
0.6576614826743852
0.6520649799588117
0.6821517629926229
0.6744591891888272
0.6750668972172877
0.6382078524337534
0.6323958539250083
0.6419485103068944
0.6192692531800881
0.6338681182677084
0.6887451384558334
0.6383860251801486
0.6831629232278309
0.6483385479110759
0.6596455378871756
0.6627115966586969
0.6597499588981652
0.6540723294381481
0.6644849350933212
0.6583948561792521
0.6449559618760579
0.6705772272054685
0.6483424201626616
0.6479039730943553
0.6451897292184867
0.6910127664133431
0.6391581812788937
0.68717343379112
0.661473491571881
0.6395191704639595
0.6771096785418198
0.6645665119733778
0.623023458823781
0.6535307764417065
0.6302892999250734
0.6733870775268169
0.6358717572829103
0.6587465655297073
0.6486281821225749
0.6705887026970855
0.6552734059897324
0.6537008351816146
-0.6410656632953619
-0.6425862538517239
-0.6529832093652863
-0.6299269925199812
-0.6521625431365058
-0.6539510570439405
-0.6353056561421424
-0.6715791259842587
-0.6618566007927734
-0.6400682439059938
-0.6305188737187118
-0.6702551665694666
-0.6652252347281894
-0.656822991729773
-0.6367289022666942
-0.6712112482500804
-0.6687787915852382
-0.6750331760321969
-0.659657620984588
-0.6597949536992569
-0.6745656709178309
-0.6595401445192898
-0.6316533107619928
-0.6697159001404471
-0.6561099466445751
-0.6827638850631519
-0.6633741524988843
-0.6612662190269353
-0.6229035630618875
-0.6502106747186878
-0.6806447039727564
-0.6456572002904902
-0.6558966637507708
-0.6841588071347938
-0.6523949616236847
-0.6574013153308617
-0.6612200050006228
-0.6776723499102847
-0.6620691421875589
-0.6786335473030666
-0.652345346994778
-0.6524579214792086
-0.664774519841216
