0.6668580106698645
0.6335100276681558
-0.6694357033635954
-0.6648827810117791
-0.6512226309708784
-0.6562449487242104
-0.6682496356584371
-0.6447320365072705
-0.6622459388833957
-0.655990762815047
-0.6812405343216718
-0.6344931079510809
-0.6587146981333021
-0.6628542769604833
-0.6587315119705838
0.6501256779383432
0.6331923168196244
0.6530767075861391
0.670283018596839
0.6740527238705314
0.6950273053900377
0.6151160914055568
0.6392381819434979
0.6585313572754196
0.6776364732749653
0.6583201673417758
0.6512267551297758
-0.665733845220349
-0.6718388205174155
-0.6405247856808352
-0.677704625504626
-0.6572923420775071
-0.6610016525090758
-0.618434563089149
-0.6452862131044753
-0.6257915026335602
-0.6434413649218185
-0.6434746484331072
-0.653909604807105
-0.6872532652070017
0.6925158805007897
0.6526622798353281
0.6906632147816814
0.6355377153881983
0.665330869411227
0.6506082529495351
0.6694680748913975
0.6753617848251868
0.6794953862591214
0.6028561905321195
0.6645380419077876
0.6377528946509013
0.6616066108036625
-0.626115041301466
-0.6525684642544075
-0.6485325916190452
-0.6882080890343836
-0.6696508094018099
-0.6525694298639697
-0.6551214851284354
-0.6586652820721044
-0.6611185477718432
-0.6511856635544602
-0.666454003918677
-0.6411860933143124
0.6321913455843142
0.6755475397614845
0.6529206610586301
0.6744118599348049
0.646884095363855
0.66069649299213
0.6338976777435298
0.6333107168773315
0.672828125001868
0.6893456635570182
0.6698164955989031
0.6742037262313013
0.6599279224474861
-0.6274360952184732
-0.6477160974982942
-0.6600956323489673
-0.667754619129726
-0.658731252049038
-0.6545113239796722
-0.646786337793824
-0.6306971245762872
-0.636665992594925
-0.6735544772063352
-0.6195197481516775
-0.6677327387639654
0.6463495873275472
0.6538952241990454
0.6574348144884375
0.6575712797035631
0.6680398313364909
0.6912907584253729
0.6422007769814917
0.6698143052421123
0.6573868480875018
0.6478042524762848
0.6405248792171486
0.6605083479047371
0.6467707836575152
-0.6498521514594991
-0.6358584595828095
-0.6202791965032992
-0.6640828034816364
-0.6639960252052292
-0.6434924147766293
-0.6753796718279251
-0.6624051453251768
-0.6145137670090094
-0.6756608868331996
-0.6434649132219865
-0.6761730000570567
0.6325766293693481
0.6213316847741791
0.653042061415464
0.6259488812789505
0.6416793746192766
0.6599441017160357
0.6498678843209879
0.6455882672751821
0.6790999671682374
0.669934013621169
0.6616740250156778
0.6523267297090979
0.6678488499525392
-0.6508672670876602
-0.6623745753724936
-0.6619990851630537
-0.6341331918634016
-0.6083931503599221
-0.6416764363206324
-0.6530963143829825
-0.6578681240013357
-0.6419149990169288
-0.639866783588888
-0.6565291080039392
-0.6266619947199484
0.6553525763996818
0.6498421546863775
0.6343632176174377
0.6380572016560436
0.6120154023134295
0.6716833433549273
0.655815240880544
0.6546720531794087
0.6480055329480132
0.6316974698031171
0.6414992390069465
0.694512162942102
0.6482091176943862
-0.669314607298396
-0.6686552314949957
-0.6614140693495862
-0.6733307015684794
-0.6639907739114428
-0.6535672886069339
-0.6766802564384029
-0.6377112070077441
-0.6702779939607391
-0.6622954282451657
-0.6681143815912208
-0.6539126007189093
0.6609555235831256
0.6613741172663803
0.6539452136706796
0.6572079005103277
0.6504271926798738
0.6514189261140753
0.6345383536329227
0.6495414643391014
0.6493245733175905
0.6401682038081591
0.6767267707861805
0.6533126745044098
0.6512804915723401
-0.622539879150923
-0.6622186592003398
-0.6286019285664809
-0.6955326962554487
-0.6575014799108193
-0.6600412627531036
-0.66556345618713
-0.6497333149304644
-0.6253683689370069
-0.6065723287546628
-0.6817147924121022
-0.6619707149282517
0.678174875405947
0.6826833873827884
0.6806971138452776
0.6316837462322729
0.6793491098811582
0.6672779053826635
0.664095325773325
0.6649103455732405
0.6840978756461148
0.6799722405449787
0.6785503030263873
0.668612206800182
0.6753615783497645
-0.6530680979391903
-0.6421943244196455
-0.6570561914765529
-0.6444729772394355
-0.6336030762851371
-0.6782902919595245
-0.6798794548406824
-0.6781170282266904
-0.6730386005810718
-0.6964873030777974
-0.6555196538288194
-0.6576309915390822
0.6507292948244856
0.6498015305956937
0.6711512858723963
0.7148098856831713
0.6452492378293059
0.615822990076608
0.6898943017414754
0.6344188711635153
0.6589837320385726
0.6508924243046194
0.6701631220205174
0.6361071539927978
0.6574152531802941
-0.6728820296785681
-0.6532959356052983
-0.6639980953137474
-0.6478646659918158
-0.6581722639090635
-0.6172883119761299
-0.6363437250065509
-0.6277354325784811
-0.6644646003734674
-0.672338359533761
-0.6606088780851842
-0.6628498793184927
0.6166124016985541
0.6248517488767907
0.6676040415809221
0.6831893597180088
0.656424288413683
0.6489594730346727
0.6392293737327946
0.665324433750753
0.6440131811126885
0.6528876428277686
0.6497742853601011
0.6515837883017228
0.6384905083958302
-0.6368951529282615
-0.6585364721879226
-0.661733965098541
