0.2675329936323593
0.261302127254278
0.2825443484414676
0.28382239971460826
0.247891539783634
0.27739554524449433
0.275045166615894
0.2808402781942385
0.2743473807947834
0.29731180742908114
0.28796231357769403
0.28756290219259867
0.2756208881047065
0.25754358595966015
0.2628224652703814
0.2940923842950621
0.3049684644291867
0.29381883010443166
0.2456244014682088
-0.27675987173647515
-0.2951787533030017
-0.3183817524204122
-0.2579260506323614
-0.31459637721532324
-0.30548902957255636
-0.2656078498623968
-0.28337557980975403
-0.2984081938803329
-0.2738072677461758
-0.2357501655434831
-0.2784927849606636
-0.25116919231831236
-0.2988617755561563
-0.2576921970291938
-0.30662019185989364
-0.26551032908039374
-0.25438233908195174
-0.2979552623675223
-0.25889788410751013
-0.28653105078614527
-0.29461337356137535
-0.24544797654943012
-0.3039064963467619
-0.29529956523066087
0.2827206349126421
0.32665755688779663
0.2483934221113052
0.31176221834825507
0.27024269093744324
0.2762678989826393
0.29659231009102527
0.28593114592100033
0.2262712063165622
0.280184456082545
0.26613791271680937
0.26663387860794446
0.27174365139196976
0.28824003560271244
0.28917112239465487
0.2903223912617773
0.27423418798605936
0.2592813113844363
0.291843102407825
0.27994324030155177
0.26718555795054993
0.2982952530314321
0.2833791280963691
0.2133031244671807
0.2851272811109908
-0.29777534446912807
-0.2641232681734449
-0.28180847876264714
-0.2630891978308101
-0.3052096873155393
-0.257042064194856
-0.2852865819548893
-0.29878895343006967
-0.27826076725681986
-0.26692250664454087
-0.2757078995884192
-0.30917483371207205
-0.27011331109260406
-0.23262077688367547
-0.27853048065776403
-0.3023114882813283
-0.2809753367120304
-0.289785601288927
-0.2343227609371141
-0.3077171642835234
-0.28780087744786353
-0.25070794259333457
-0.2593400011424348
-0.3062432198009851
-0.3052460021251706
0.2779709519528408
0.29565331471123873
0.2608419290310681
0.28321066501105413
0.26464756963742997
0.2797134882394576
0.29246729271340755
0.2623164825003882
0.2605464002714978
0.28700243188025115
0.2816705660342417
0.3213014264500179
0.3196525320699857
0.2764562897767619
0.27070951620104106
0.28729415828902105
0.32653229489543323
0.2835370518399631
0.2711983554482499
0.2773105074374859
0.30435248629232853
0.2739827369553859
0.2723035451427981
0.2729499732669496
0.26673729957372644
-0.2710989708778279
-0.3172067366491474
-0.2867890825971684
-0.29623997875377545
-0.2383598361651812
-0.3062989845096459
-0.26529669677902923
-0.32667237064127336
-0.2687843732166501
-0.28067520559057063
-0.27981527143568236
-0.26234462167207667
-0.28702291353021275
-0.25148199049087583
-0.2604219614059481
-0.24256084863479488
-0.2650219478095814
-0.29450481598909595
-0.2565410702935395
-0.2678401820193354
-0.25917011794933703
-0.23602677601192934
-0.269410903511188
-0.2868458139347435
-0.2665127156651842
0.3127287263689319
0.29413733435420447
0.2884985909675879
0.2784272171223398
0.2725843424339703
0.30483767643578724
0.2934170872342093
0.2740263802383912
0.2767402162440101
0.2741163041786084
0.2747408631416158
0.290609694935396
0.2708212439000854
0.2816424094127158
0.26806655075315955
0.29585901288319955
0.2645052805945702
0.261491605434475
0.2961683359532944
0.2626587770275418
0.2903813567237316
0.33198761186348896
0.2884227776000667
0.29268729056774223
0.27680946775010107
-0.28785217115587025
-0.2872820293562819
-0.28403774504772383
-0.2859213990482411
-0.2904895402002569
-0.2490013733334442
-0.29235822959977653
-0.26957840681807305
-0.26800044026768
-0.307614376512877
-0.28848449892781153
-0.2930470607650064
-0.2797415460676811
-0.2875434677157176
-0.2774055539777289
-0.2512804954760498
-0.26491202092496097
-0.2959212839844087
-0.2725260415053724
-0.27316638628829526
-0.2783003566067736
-0.29243784917835003
-0.3024036120563701
-0.31510057210359016
-0.2794348040894166
0.28382875349829506
0.27148125264826567
0.24398152812157578
0.28098785630746687
0.28591974645519236
0.2460296961501298
0.28236239335188784
0.26835079473560086
0.2697833539235068
0.2377747635496345
0.2887666794906715
0.28554459757240547
0.22888644326537735
0.2751258076858507
0.2701317412817352
0.2469951975194844
0.24109449782755119
0.26681714571457604
0.2666103749308025
0.2992322688201415
0.28167815447148864
0.3082245534854539
0.288533056462117
0.2871244033719014
0.29083147593140035
-0.2921356476730534
-0.25441940523032935
-0.269534790705512
-0.23673787286174644
-0.2840942310015835
-0.2693748738039801
-0.2616303062636183
-0.2713322297087773
-0.27795719536323615
-0.2891951836877224
-0.27404074766006775
-0.29680454976543336
-0.27767702516256215
-0.2552679137765646
-0.29498086119124
-0.2693898620933418
-0.23303906195306018
-0.27835177518163784
-0.3184982537656179
-0.3284725435656045
-0.2993522516683711
-0.28364898844016323
-0.26307802275382536
-0.27957097662696617
-0.2955414610289274
0.3027436869153232
0.31621591838528423
0.26497319362899235
0.29687706257825525
0.2814501137521062
0.2577686798918926
0.2651766383869446
0.28399035159358144
0.28346726334518835
0.2652915868574503
0.27762533244583204
0.2574880437297318
