0.6621896690891733
0.71017807098298
0.6666151303809316
0.578594750509152
0.5598515712829558
0.4666862593713139
0.4647525823266418
0.3936852181912399
0.33899692422005073
0.25187445998830976
0.19051935477863435
0.128425455098116
0.11384656190539416
0.0820297815594081
0.005150152634731467
-0.044800047238999025
-0.1528744424367636
-0.1931095384249988
-0.23270761194850417
-0.29450324535183375
-0.3757168710923894
-0.4384998532741315
-0.4828859095760789
-0.5508430529169884
-0.6114266928442962
-0.6484820077966024
-0.7413933089361425
-0.665764133397346
-0.633026894424652
-0.5682340612974194
-0.5437273304509433
-0.4472962138674213
-0.3855751597395127
-0.30449538652170344
-0.24457230566119906
-0.2230767540986934
-0.12799100150420137
-0.09376609972552431
-0.04506560150570168
0.0308038782840182
0.055945670713642044
0.11176936958562783
0.1920446802248512
0.2639099286433119
0.34671652627773697
0.32624098193406853
0.4099883299678464
0.48884660675879293
0.5234695656924658
0.563228488020957
0.6359596030101996
0.7082798645706119
0.6474224723245894
0.6064561638110373
0.5662226326200632
0.5031220139138525
0.4644641270884487
0.3954079635816475
0.31929042706955174
0.2610873477113347
0.23141840112392775
0.15254625094560706
0.11139929367734147
0.032346222196431025
-0.03178930195067569
-0.08422468669467473
-0.11949472825169123
-0.2020003054022131
-0.2431108185866401
-0.29309357749082593
-0.3689895963703851
-0.40174772759079697
-0.4824762294789211
-0.5240752055268205
-0.6036988246305635
-0.6313300202945524
-0.6987013102616544
-0.6917869247675422
-0.610578690403959
-0.5924056840534946
-0.5213786068813377
-0.4550394265111402
-0.4076006309707545
-0.32837739637196733
-0.2760107398372309
-0.2447285627737852
-0.17137833784647769
-0.11202969931944017
-0.04230735659709765
0.04381027411584856
0.03496530028855571
0.10391041173088669
0.18230243019784118
0.29791387893394844
0.3518278106252397
0.3555023393095318
0.4130867523418791
0.5105516229244278
0.573357162910488
0.5980380841356977
0.6438474975529708
0.6464110226426887
0.6702870101707609
0.6310240627121573
0.5628904013321521
0.5040092701217375
0.45958420187466953
0.40751938050585224
0.34044214236499243
0.2483829350266024
0.26135331765436143
0.1657999028445018
0.08624586707780825
0.019498767428519737
-0.009834885026136539
-0.10004569763292911
-0.1566666214903747
-0.19707979738726858
-0.2350117905546443
-0.2755148201489297
-0.33694228492855327
-0.4053553513256488
-0.4298685782473893
-0.5544994608030702
-0.6021967059148912
-0.63781596432351
-0.6955876801048664
-0.6870004869475266
-0.6787820904284606
-0.5734995138685263
-0.509867127276032
-0.432107263443773
-0.4056080164967516
-0.3015931718371679
-0.28589178696728557
-0.20543098681031305
-0.19442984966906465
-0.09512517850223431
-0.04027562472918669
0.017148530924868274
0.04071278213331371
0.14196916168770138
0.15833309824650824
0.28162493981490877
0.28980906064345047
0.3360525159642657
0.3997644698096264
0.49651960401658934
0.5228770479854938
0.5892378487196386
0.6117759993060449
0.7070727557217437
0.6700400479055413
0.6006081682507725
0.5974348930797522
0.5120848109302449
0.4848298712244001
0.37236784434775017
0.337544084690223
0.31552999630482453
0.21036681268468127
0.17515007650305028
0.12478765380670953
0.0547399856301555
0.0056475965110662565
-0.0430446736338643
-0.11424240591615017
-0.21393337992608702
-0.21602993235504714
-0.2741918472350257
-0.37427382057071296
-0.41726938874857894
-0.4463451034892093
-0.5150780786009801
-0.5963302452191522
-0.6372841980044417
-0.7085378677162193
-0.6805070019698412
-0.6281520731130975
-0.5918472745627871
-0.5078930093872538
-0.47154719726725847
-0.3962310127879025
-0.337603301982828
-0.29483010033477
-0.26119956473649125
-0.1452361764969853
-0.1271896869519005
-0.0485504199328023
-0.018369357000558594
0.05933496005773314
0.12346342185931007
0.18018437317098693
0.23552775567529546
0.27648025423384426
0.32882940260129984
0.4307048558836952
0.45354028678140895
0.47604619325332487
0.5546906543104155
0.6558110237761359
0.690062929533436
0.6503784771048596
0.655754296147941
0.5753138152824346
0.5357542390032499
0.4700811536953182
0.4084285351721388
0.3369503456508878
0.2870857411983706
0.26274276612428105
0.14680899536012215
0.11492525944005173
0.04540762449646836
0.012961434104606616
-0.04559668775975643
-0.09614331437132195
-0.1573249078131134
-0.2152054815786927
-0.2778525126079477
-0.33323683981908797
-0.40245378025125067
-0.4565079442877618
-0.5222293194864469
-0.5778498179691627
-0.6203833368980327
-0.6739768271990753
-0.687040628779354
-0.6550152776879458
-0.5750052178722197
-0.5164788600950906
-0.4727504285225074
-0.43287528306355316
-0.3288806594770814
-0.2837688175860371
-0.2492247340108535
-0.18526368717305378
-0.13529375695390122
-0.06724227248059236
-0.009148703617876851
0.09199307968777118
0.13689273813509192
0.14427138569021158
0.19508376288896007
0.27578119265431533
0.3502955896025059
0.3636459983843683
0.4546585839496806
0.5263482252693279
0.5301296783502215
0.6111424235071419
0.6677891189923331
0.661636505043158
0.6487935612453984
0.5778042032179742
0.5479979426968161
