0.014827805405720531
0.010681963854534219
-0.021194152549126058
-0.013673429849710473
-0.03236621253416167
-0.04509836230690763
-0.011324782714503878
-0.014695770254734765
-0.07629336185683308
-0.016422822665555965
-0.0535126739033174
-0.06418594197739666
-0.015042830429914486
-0.08604046683120994
-0.029303734851558554
-0.04928568115642019
-0.07889405355556599
-0.0405809911832878
-0.04739589391029604
-0.0677068449257798
-0.0342014258484758
-0.06385992661360203
-0.030432090760444758
-0.11409979946936977
-0.0859917842265816
-0.08730036759369812
-0.06363729295924139
-0.05356654233599564
-0.030783113767944698
-0.0337260403269865
-0.08653661082941146
-0.05328158282428998
-0.057431108165281505
-0.05191536495924783
-0.03944051611620854
-0.0439887473039625
-0.05363414608065628
-0.03569882543462863
-0.005720991241558025
-0.06780309995654588
-0.01571051158792016
-0.07138753367853602
-0.002778046015308854
-0.011221499414594613
-0.06283055937994772
0.011785543636514462
-0.034838061250994284
-0.007515384229454694
-0.02168742050862633
-0.0010845648567738286
0.04684147423525256
0.0052278203462724614
0.039223207585836334
0.033262845250506934
0.05249021108914122
0.027731666507316535
0.04528411178418183
0.031823979775991024
0.0667993669388319
0.05806937217761697
0.040865387568558426
0.0642174418273746
0.04279200171933463
0.02262667977120106
0.07523950845074108
0.06064182786818039
0.05958315117457762
0.058704505578403704
0.10749804970705758
0.058656154435270814
0.07754105370025684
0.04766580516645995
0.06522526547005982
0.03737969814321444
0.009778947909037591
0.04870840754916138
0.08482102204351571
0.05186744213888822
0.02841739019006461
0.05990756739475101
0.05140338881255299
0.07157650162707374
0.05340699976922955
0.05461481703900446
0.04419382719486151
0.02168756449560723
0.04197060055645025
0.0647469255443292
0.053728735575143564
0.011125856642205764
-0.0024619858774709152
0.007134961564572752
0.01849324097542607
0.025110319118273217
-0.03552041310899119
0.027157223043068786
0.02438246062675166
0.0196726365492279
0.010034013934522032
0.014176660359394869
-0.01036637236014008
-0.010980294016091477
0.015275892461407715
-0.04313377308647878
-0.01196868809439831
-0.022941530609738494
0.015812242508493855
-0.025362763411832183
-0.08072253429547045
-0.032143464029532054
-0.06934088931316325
-0.054216637563060735
-0.07274279548460168
-0.07697090243127415
-0.03960707451725975
-0.04766326761364268
-0.04969791815580218
-0.04741190157741218
-0.05571823160006148
-0.04576535849038934
-0.07366432684100085
-0.0932045908855835
-0.09676770558277481
-0.072761109096562
-0.04755489115370051
-0.07923186907863919
-0.045751184250204024
-0.04300816999188574
-0.0640826594156229
-0.06307171541792324
-0.07007760519816579
-0.07404550879113062
-0.05195160022367025
-0.035108570365234945
-0.06315254110678974
-0.03457036303008438
-0.05398885880154612
-0.03527982331963915
-0.06665035459371121
-0.013032221514362306
-0.07282061661820483
-0.022477792034001718
-0.026035836205393074
0.011830432526797215
-0.030546209913104153
0.018154856803828265
0.013045102316944683
0.016331689491570604
0.011574702476715267
0.016348980520192874
0.03181112211287693
0.006031923347956884
0.023821044628839418
0.006679494249158856
0.01712284908086258
0.03996764727373665
0.021171760168220546
0.024982694397426446
0.006027809614916058
0.053543002176423916
0.04640885979879798
0.05867034057794927
0.06767057504543378
0.10290038720502181
0.04752589644896198
0.07358194633297997
0.056798914079094084
0.0824105977827082
0.04881085103963636
0.07025717649681354
0.07846905608582383
0.07589873072169868
0.09967885287246718
0.03524724156289862
0.036809212012141004
0.06560059984852085
0.053502045686902075
0.040224911010433066
0.04228238121085813
0.07753074130172619
0.010978261807317473
0.06242942294249781
0.062380173422336656
0.04944062172355602
0.03902697566815556
0.061224246034276814
0.059071388417478776
0.051935026811214195
0.014831017330241354
0.01324312768638778
0.00311866847772458
0.050460205992070864
0.01793290708942212
0.02291802603150742
0.02065964120310384
0.010295750711746429
0.00346567802946887
0.02134144717507249
-0.016864677282770257
-0.006060079705484035
-0.01984489382960717
-0.01585815406374267
0.0030220118346413003
-0.002293152407803041
-0.008271862203779741
-0.007586078658442998
-0.035216345747490316
-0.05532243913156825
-0.013816196283691379
-0.04968974166291537
-0.04559185487013747
-0.054411860265473906
-0.03999365420712701
-0.03187535051201376
-0.04267818124452412
-0.07542685822137621
-0.03072948205125826
-0.06961028732601993
-0.05553130320166105
-0.0885856528491527
-0.04344523825729546
-0.07199241896451686
-0.055221655373690955
-0.05854966417479758
-0.060662371400975676
-0.08968444271684776
-0.08704887984421718
-0.03396360133982221
-0.09585233872525045
-0.0751613125234867
-0.07988220195668133
-0.0753590122331611
-0.0331929760358428
-0.07008946693234686
-0.07603721587116313
-0.04035155438377093
-0.015868055442979468
-0.0881160526994892
-0.04728305485767477
-0.02429151037540478
-0.06056791097667628
-0.031867879855547454
-0.028821779701785497
0.019546561349644005
-0.020431410241357
0.016232425439544094
-0.006949662503151001
0.017626843239644297
-0.009071279003231056
-0.004003734818005169
-0.002897922847018483
0.009280774246304512
0.02451489933723221
-0.012846455176244675
0.028250957280603926
0.01481993088100036
