0.29349921675600216
-0.009338911815011525
0.48708593075971146
0.38773658161446756
0.14115770510976178
0.08829018108474612
0.17847059913901828
0.2832016075001192
0.04556988049696013
0.3614808512994586
0.3011829077233312
0.1643830597381243
0.49251259071204545
0.4774926662903426
0.5072051735466769
0.12777204850039228
0.11931590020907715
0.2874004940165322
0.05687939662817944
-0.03793279034217143
0.004660043100141432
0.27104198940568025
0.5088315341823122
-0.009741227442203897
0.2422328489425361
0.06585777431092393
0.18961669264070816
0.3465116427528539
-0.014002292335267874
0.20936304551564233
0.3728763363028442
0.4103519507156772
0.09500498562459693
0.4277388984202051
0.31336774253616845
0.2682186678987823
0.13053369997021694
0.22860259129129834
0.49974314340001386
0.08349893182704676
0.3685806773639472
-0.0025321860687101076
0.44692480621812847
0.16052670413853837
0.2083081563338667
0.18126663636417095
0.1445001493356943
0.275000557378171
0.36296743212288274
0.5276483073706549
0.011282182498821553
0.13086299738285456
0.38800130595508303
0.43684096362749847
0.35704313154182166
0.03395254323706787
0.007987545286817301
0.4445209066841259
0.2691801095589638
0.07062314500369894
0.480804807687942
0.4374885655233147
0.17959044610811178
0.4349778222610299
0.0447432510115208
0.1571925167389129
0.466745145747084
0.19987400358225385
0.15783168155555435
0.3941881785215564
0.3360915462092299
0.213640396441052
0.33952154829206654
0.09008899926204131
0.5215319210082914
0.046842427829213704
0.06900974830916133
0.2205753178764549
0.03128935798971629
0.22937411358064028
0.11191440592383765
0.23678818851561
0.41309064187320593
0.3940531346744866
0.40236689696066985
0.3529542702409568
0.3702888652169902
0.41647694125791374
0.23923930983475827
0.045627113544454576
0.11944523974961371
0.14621089977679258
0.3368379129544136
0.3331815663316599
0.1361720678493174
0.005196117205620394
0.27272650998490083
0.234312930561433
0.40701627554106035
0.2124130037958636
0.3169671577892575
0.3375060710285831
0.06614502689635499
0.1747528751300323
0.3468824169817649
0.28296920960950706
0.10971623718767434
0.29740495947367623
0.26288859786997487
0.22863304428584
0.39619797036227394
0.05866389451738376
0.10601718657883541
0.2767566868277249
0.37240378298864346
0.3280917694058981
0.5181211259690639
0.10426856474403536
0.3075927672224235
0.05236369286658698
0.27844043415301917
0.0977496373551519
0.15494068410748416
0.27183203963819447
0.054581732176318926
0.3474792157042046
0.40322538853046946
0.4696538113446244
0.17475969074452938
0.08944175584360559
0.14387851993921236
0.04018496662370186
0.16286291544741588
0.12982788726317424
0.4094003276105833
0.2104592409163492
0.3798199455201884
0.29617885027290797
0.3124130448535449
0.10785816487058979
0.2665580763991099
0.4907004327849372
0.3011808943495297
0.12986924926777454
0.3675362888385646
0.24169206133201
0.16987244734454413
0.4105292924092952
0.3466037909884715
0.41955112278121276
0.2998191379249111
0.3800786226045836
0.4733250604671859
0.2686817339103527
0.2452413801785201
0.10760575176595313
0.37023619110336903
0.43389299953450006
0.37101110586324265
0.044616738524936084
0.4395957337641921
0.22175653341984308
0.3485123103222364
0.3560267589223702
0.4290017748598506
0.2572641222046123
0.00979119697342505
0.38955379795630135
0.4084891980584537
0.31345248127014236
0.3156759956737658
0.3416415471557076
0.09353876806261796
-0.006803017393373731
0.5213706425555986
0.43452769955282605
0.49710264960643186
0.23606513898288672
0.48470881506580654
0.07531358128401246
-0.0042433190723317445
0.3962604350632011
0.05670013667546562
0.03195538434110198
0.33303160560889544
-0.015001986260282872
0.22765401647783334
0.10656962081671553
0.37844344197785973
0.4602173187038638
0.20811801104268163
0.11989240647180228
0.10866412964148672
0.1328775936039771
0.18174920222059945
0.010619092013863199
0.12021830660246109
0.42813952028195956
0.2113793723016667
0.18405589220161933
0.0816475095647071
0.23752612450905844
0.2519835081341365
0.17799362472446215
0.210265891913879
0.4752500274946884
0.32022177134255353
0.48369708877646245
0.0780598878238714
0.4779981006895708
0.19360470035710028
0.24066135881700415
0.29665091328515997
0.3636906083577757
-0.0070323753595594556
0.19277797324488002
0.42064154413795135
0.37654444680281896
0.3559672242686911
0.1911855426476263
0.47188093705780193
0.0052044643857773985
0.30918028547189513
0.2761774435587821
0.09981946957660628
0.18715378938735502
0.19698737003387018
0.2570403821925517
0.23468952651863348
0.2125660681869849
0.09061434733755454
0.2825228765801803
0.13254735144719287
0.4784822874654734
0.43132545769730096
0.11554528599013389
0.3025214995365381
0.29164488673277017
0.24470208535025523
0.2889864584061069
0.25257587920636027
0.4852045164121151
0.017936215821811416
0.4757224936356809
0.38111037801831943
0.06321140326221432
0.34134055663102203
0.11215698889665537
0.07957338261648768
0.32815830592768025
0.3341540483548257
0.0691474634563654
0.3745630508947103
0.263671428757996
0.283483660621172
0.4881727833316778
