-0.7066967977233672
-0.8258694391476205
-0.7045296598323009
-0.6013036825903666
-0.5161448142712592
-0.4336442021707548
-0.3220811639364472
-0.21285762182060028
-0.10989098224767063
-0.0524519593872113
0.06875397402555755
0.18161472319735733
0.28886690992923914
0.3629885114375814
0.44753836654820234
0.5821155593874243
0.6343986832664615
0.7822393540288785
0.7586580910408736
0.693954168786957
0.5905293630156816
0.46846294697835794
0.3988239267954264
0.2771815449705933
0.2115983970553918
0.11959344219830423
0.0307187359177005
-0.10444301630918745
-0.19373145627605154
-0.27820023336976524
-0.3675254800276866
-0.4826308470214874
-0.5712251031561917
-0.6756206858186559
-0.7283033102429533
-0.7608974139608005
-0.6239035107110813
-0.5588129858814417
-0.44422467921792097
-0.3507225814544841
-0.23498653463687838
-0.164060194306614
-0.06278461192822592
0.018667638658437364
0.12830031475441303
0.22600308875714395
0.3014242793894424
0.4125974396929508
0.5260885686720957
0.6249357009786238
0.708380580084987
0.7697352830004641
0.717018340868186
0.6467773340857602
0.5309955389181094
0.4081047460508984
0.32578556353232246
0.21252175715950195
0.13466476686036094
0.019624116515078338
-0.05246989177591324
-0.17263621174930738
-0.2527963450597382
-0.3082530288613937
-0.44975452629459284
-0.5089497045584493
-0.6165986437852456
-0.7349108514695468
-0.8067895774927388
-0.6726499207218273
-0.5890945219494202
-0.4979915405559947
-0.41401052936976196
-0.32942840353096947
-0.18421103684803633
-0.15999815098458853
0.0012270594409697043
0.04987537831599802
0.16163904569803197
0.2393876973733554
0.31680264300278865
0.4844777181918716
0.5248094222081613
0.6524431079285344
0.7726529693487897
0.7750563437456212
0.6869279751917174
0.563723816525133
0.46577493348038107
0.3848834520739185
0.27886548523924803
0.19705910736017263
0.08038031913058721
-0.01954402995219455
-0.08934476535007083
-0.18702103557049718
-0.2967648823578022
-0.410760393161131
-0.5121793467778385
-0.6024394611602292
-0.6972475029660663
-0.8004586386005629
-0.7384696632971557
-0.6903921034250692
-0.5666471844018864
-0.405195470192337
-0.39011135743277664
-0.24540675845963886
-0.15937831521447712
-0.06545426224821878
0.03948834521288498
0.08415887174027317
0.25734191995726763
0.32206939953544095
0.4097147910801344
0.5299783839534258
0.612077000775015
0.7458115337157616
0.8009601855536654
0.7104111906679675
0.6555635177427471
0.543371136418715
0.4248503299824415
0.29497183778097563
0.22859708396015863
0.1382922637198879
0.024295178412232235
-0.03182699004285859
-0.19529867246756613
-0.2763192297539529
-0.3191504799306658
-0.4259790640884486
-0.5587463265812287
-0.628815941810902
-0.7397994280711376
-0.802022428608962
-0.6675973885558711
-0.5856239032973058
-0.4823272581544822
-0.4069037879010883
-0.30338129194608066
-0.175995937277263
-0.11512539789024134
-0.0015230676528905293
0.08854927919777536
0.18541115041957465
0.266451273607217
0.3965349498944257
0.4597787997230692
0.5320773916120684
0.6604377958695643
0.7441920993990869
0.7743838055106056
0.654497789221024
0.5731512819058733
0.4620051960397167
0.3645144892838537
0.2376764509562201
0.174572108758365
0.07246960407257301
-0.03083119664881422
-0.11265005857415944
-0.19161661678833122
-0.29919479411396266
-0.40957290583680234
-0.4832450665100468
-0.5849126075018751
-0.6912354988453586
-0.7865639506795774
-0.7545434578341536
-0.6185075585964191
-0.5136261117003609
-0.47726510651869836
-0.3363985706419626
-0.2497005667271825
-0.12151966942080088
-0.04138615758394324
0.02552062397062848
0.13415276783262403
0.22832783825512992
0.31471013665363334
0.42034052508569947
0.501440958551796
0.6159752951391796
0.728982584055519
0.8146917294867849
0.7051536427367664
0.5872105931727281
0.5164501354733485
0.4247439874738937
0.30290958361251547
0.24538240514458085
0.09285789394230878
0.015565707207675531
-0.06325476326806798
-0.19020340084028747
-0.2776521586158524
-0.3378038730193044
-0.48607041662512496
-0.5229104725145964
-0.6530730175336864
-0.6998773279504534
-0.7786418842770312
-0.6754483071684992
-0.5645231237950911
-0.456239896509427
-0.3974347997967996
-0.3232696676083175
-0.14645449566995306
-0.08738677232899748
-0.01754005064461686
0.10666652091718505
0.2251452643481756
0.2886181129227891
0.406769534424181
0.5049090556695658
0.6112100544911993
0.7179147878833553
0.7765925097071802
0.7451628152212436
0.6630011110870768
0.5640218081528385
0.4570244980204267
0.34877506925208246
0.28391265362250834
0.19440523931868614
0.07425353914332421
0.0039526749627053215
-0.14074835698526683
-0.23041607140012074
-0.3245292372167968
-0.44637884820963264
-0.5209053079197883
-0.6025644026570651
-0.6845345153963781
-0.8094070697500527
-0.7251981320771657
-0.616416619943518
-0.5582063594697345
-0.4046948732723228
-0.33963579497738555
-0.22782459026984364
-0.13111050150860537
-0.04757636818978761
0.020950231216227487
0.13941053843549447
0.23740112764686397
0.36996674049425327
0.4540741641591078
0.5322020370183664
0.6227648342975118
0.7393166487645387
0.7786125979828152
0.7209845364538978
0.6224019115047413
0.4898966853059825
