-0.08210542141364388
-0.11812531733824674
-0.03270720619786246
0.0004597266028773944
-0.09211618196752354
-0.12382131691126236
-0.09269044765680182
-0.020071696230948524
-0.02170567058111051
-0.042960301821134
-0.05790385274017419
-0.05025381956883641
-0.0947825622164295
-0.0799362380861681
-0.04035123913616545
-0.09601012156734307
-0.09846136603665469
-0.09678595426711825
-0.029417214255945665
-0.09145929884908942
-0.021126936815184134
-0.0227950589379253
-0.04016980714304799
-0.11624882166673636
-0.10758089728627535
-0.08161221817258475
-0.048321338038282674
0.02201887497407669
-0.03902072140172327
-0.13998868636283582
-0.06557295918609253
-0.020861026824029717
-0.131505972041649
-0.058994129293824055
-0.06226337013107423
0.018516859568286435
-0.05023894690323021
0.0023379486017853133
-0.0737320263989433
-0.10260553841196826
-0.11113839760401964
-0.09066984247686827
-0.09506616537992715
-0.03594845721140404
-0.028320990665925742
-0.09574089543629087
-0.06282117823797664
-0.09004685679786124
-0.0755491510827881
-0.10537892286883016
-0.13140785084025017
-0.12889075751660087
-0.0633021769517221
-0.04192152327928898
-0.12480028583416442
0.0007302893215456185
-0.01729969718071042
-0.0315207667456887
-0.06773994121987013
-0.11001677677780093
-0.10038328525235767
-0.043999403587398796
-0.03817049918105304
0.017086501556350716
-0.07350391718182532
-0.14749268451892478
-0.0711710472184539
-0.020790381675893026
-0.0629799682356834
-0.11832750268196274
-0.019482911222191222
-0.07624408129196344
-0.10053700248010221
-0.06798500373885381
-0.07747183862865119
-0.11768677066234001
-0.021715616472451953
-0.10093433232892067
-0.07226150987711033
-0.09627914097777795
-0.0591915002515667
-0.014231951772474044
-0.10390719682288908
-0.003753011164280822
-0.030373568494748884
-0.015358408286492473
-0.06390617277853974
-0.05042214019872286
-0.02351625536960069
-0.05959316242630169
0.03327614844631014
-0.039896309445339756
0.008399079350011648
-0.08574068931040235
-0.007994283768291446
-0.12059287378383626
-0.05822103300163122
-0.07509669718891535
0.0009458136170203621
-0.058756225856351305
0.026156598507649696
-0.041908950225370376
-0.008300450793261437
-0.11118521683304089
-0.04063551442917627
-0.14024049331212757
-0.042025639769264364
-0.11731282938203283
-0.03184119326156957
-0.016015969990912843
-0.09030554931781318
-0.003952261880000255
-0.002477820272806644
-0.11235093691711964
-0.13481075340286294
-0.11404112722255703
-0.10235600944922627
-0.07780607667357757
-0.06914869854954422
0.013238555522058246
-0.028216508706330565
-0.009116007175351309
-0.1052445618509741
-0.008569944766092508
-0.10533458985184138
-0.06153921321430243
-0.06922441672407545
-0.062028631314923095
-0.03402204847275982
-0.06481881324347619
-0.039396890621906454
-0.02097921077159274
-0.05597641953393906
-0.03577911609898833
0.013605319470970656
-0.06748807218689855
-0.06460477234788045
-0.03436073602048508
-0.1553971027987172
0.010053848500105293
-0.022433152831057686
-0.10524293997180878
-0.10620122403198731
-0.008052232199383948
-0.09040617959682301
-0.036395019530885656
-0.0049385013365340616
-0.08385164677685703
0.0012987342450322403
-0.012403091279262323
-0.04128503121815314
-0.13256098428335658
-0.04825608365593283
-0.010625682647514012
-0.08011078859286348
-0.01730722687517133
-0.08365117157024601
-0.055336567875070394
0.03128987349863923
-0.11066092942071049
-0.06833597402742884
-0.05374213269422772
-0.07423677323746516
0.03116036760295524
-0.04840355617974208
-0.06329109232293022
-0.07705355247173781
-0.04619827498384024
-0.03023330691608176
-0.1008720094308774
-0.07138315862415975
0.014482906363553469
-0.12172372041305332
-0.09102273124235147
0.025622779217651156
-0.042421096602138185
-0.05086822746283841
-0.005395630140703225
-0.045729911785812795
-0.11986933524660906
-0.09631721751158684
-0.00046432538561885697
-0.06863964952256936
-0.05565056991688577
-0.07931049576222587
-0.10338415348247906
-0.07281519701320412
-0.1114072107321678
-0.09487961665392555
-0.03992345107365258
-0.057270657116398366
-0.10741742818866906
-0.0717823491546027
-0.008197084865300554
-0.10237698182807375
-0.04030447220379521
-0.0748123461687922
-0.03622126666701069
-0.043945679046705044
-0.09441800408261555
-0.13659076921048208
-0.0795860779241382
-0.08410624962593538
-0.08773168147584798
-0.12046554372585391
-0.045350405348809755
-0.0893410953226072
-0.050246568923249454
-0.10106432978556011
0.006043351990270809
-0.09618281543424184
-0.021534396479943825
-0.06387727663063927
-0.10443630458901447
-0.026672317778177114
-0.08068590735040032
-0.015400944505424487
-0.032513364331004525
-0.0764653149712719
-0.09512010640910633
-0.11010895427822312
-0.07288884272896688
-0.08250072719564946
-0.09175086969137032
-0.06385745617279626
-0.036780904182079736
-0.08523429486056817
-0.06647484079469493
-0.1050378000165921
-0.12626990957853929
-0.03251477418471109
-0.03562886043649193
-0.035042330418081614
-0.05312327768231986
-0.05709484069982378
-0.08863536228184198
-0.002944872043483683
-0.05698288128696306
-0.11711994544829804
-0.0898182856329587
-0.05375893134111444
-0.046527503714343374
-0.05364272245409469
-0.03829277214915034
-0.11724792589319186
-0.04285297981070324
-0.024184214457438423
-0.001769839549835079
-0.02015219638998266
-0.0031948977972695684
-0.05916703097756401
-0.09016399580116714
-0.06735840869176352
-0.024897684110911842
-0.0962147709668452
-0.10548895826273413
