-0.7968381919280669
-0.35764638012012184
-0.6716020288832497
-0.4143410217733638
-0.4769620984091062
-0.7236865787602997
-0.5472229991987905
-0.9652534941523954
-0.2926467573739967
-0.21707522698718687
-0.6984102022520959
-0.9634245863796574
-0.7640923275616236
-0.42560375547745066
-0.6904063234259383
-0.18163020404699334
0.00251227604740982
-0.5359752576149892
-0.21888632390839557
-0.9192357044402529
-0.41810488923820066
-0.5761052692463904
-0.7198497160031331
-0.47933551136675295
-0.3057164972177299
-0.03154666159118526
-0.6667379651978596
-0.1560914477184699
-0.34830859054042135
-0.41961076204912773
-0.7017107108569781
-0.7450154370110227
-0.8640598222793588
-0.3219214470990341
-0.0037202185228721726
-0.4337665284273511
-0.9489547124408807
-0.13459391888006406
-0.6517221954727435
-0.9597982967346212
-0.09099210217229259
-0.923546625664693
-0.3547453619524282
-0.2043823111376357
-0.9034553785894762
-0.3795143735941757
-0.9236193750596825
-0.8675578389550292
-0.38205472206102253
-0.35218964929706276
-0.5362729515079632
-0.9240267132341562
-0.44504682618638286
-0.33385978890256546
-0.24203540135679655
-0.5879885466845407
-0.8336933245313348
-0.830705077826514
-0.6615251154954847
-0.17064520487475404
-0.04872606749568105
-0.6275515988199504
-0.8154476156787762
-0.1693943730746123
-0.44332509754250243
-0.13942023226861944
-0.485240686873816
-0.7162446051351294
-0.097979030125941
-0.5519189951479355
-0.5241424402372222
-0.936399656172476
-0.20678879405821513
-0.8684317460886017
-0.76746260719976
-0.7864054984344844
-0.6977178563625756
-0.9408530621075225
-0.34447418038778754
-0.05036546799143125
-0.2854661131577026
-0.3582251194542935
-0.27386355059736756
-0.20081334028009748
-0.75551579478798
-0.5840487852196575
-0.02166694379080672
-0.9486410007356187
-0.5440158893760985
-0.3096313274483614
-0.0014884199991675815
-0.17520989670554363
-0.12588739814874625
-0.3473183655196575
-0.5309456916099264
-0.33621274503681703
-0.15708913959028714
-0.8812021207465233
-0.3169331800548137
-0.7149336110734162
-0.05537861015318589
-0.18965465764247427
-0.7724286514632064
-0.7458602040740927
-0.7858738075298948
0.006797103124606973
-0.11253046813498616
-0.6938687151903329
-0.8860659550638661
-1.0059561645140762
-0.3446222182872308
-0.5416370860863664
-0.8000090760768477
-0.5300549899538854
-0.5206594185517593
-0.5287392155236823
-0.27884964400594725
-0.8927436246720445
-0.019018224575481565
-0.4233940447106973
-0.5090589256160041
-0.966598804617871
-0.6645444689490606
-0.7999037496308324
-0.5807734425060477
-0.04193990839406852
-0.019873071601807273
-0.6434866322001072
-0.2674351312642234
-0.5266196885830395
-0.23559038219198125
-0.9686035581755276
-0.01825590452662761
-0.8481903290389634
-0.5436996354746884
-0.40722312043740355
-0.7341349557541939
-0.966407531077516
-0.1013529352711585
-0.5236822258514096
-0.8656594129777055
-0.38991978786852005
-0.2850410006868607
-0.936699122669937
-0.9508010478264011
-0.30141391164509285
-0.2659897218673706
-0.22297607354280993
-0.7695607828112644
-0.014016834391079903
-0.744012915232434
-0.3569748150097319
-0.19724926901408943
-0.29011068886808467
-0.03999126704779549
-0.5289256601853733
-0.47883274090341316
-0.26850063577608724
-0.6009307581990859
-0.7201747673760593
-0.48855372870687663
-0.8112485637879835
-0.8933003172987888
-0.1310870602549499
-0.4959269541274981
-0.8057817238902459
-0.15690529529250793
-0.26994167143429987
-0.6474146283666997
-0.8900721924319017
-0.3648369260561695
-0.5012265076610396
-0.021702539586270792
-0.3749622402903828
-0.8144919781220076
-0.8507929946757322
-0.3091149658724766
-0.3549438935613353
-0.4230802849383609
-0.6469541199974764
-0.4584797945281378
-0.9782390583785314
-0.8837479309607691
-0.5294616752150595
-0.49624920665412636
-0.3090996008913946
-0.9127868862429621
-0.7532126295092101
-0.232177051935143
-0.4222183064120376
-0.7083717716545456
-0.38651936150657
-0.24906484263218828
-0.5338892952820682
-0.20054584976109688
-0.6901784146599053
-0.849586142887994
-0.10844743056957112
-0.32142227366651177
-0.9505313935144748
-0.07776113703645596
-0.44342890957292663
-0.40303849486696713
-0.36030974565958124
-0.5650504851776339
-0.06572779838767244
-0.011753182545161233
-0.4259160078470028
-0.16926996908389377
-0.6078987497377867
-0.5168991574829768
-0.49108771840803656
-0.2509329171713265
-0.9411872917786304
-0.27187605976946566
-0.480710994730186
-0.9677541701268363
-0.3594278486431713
-0.22844398363203802
-0.10398669846049609
-0.1754584060372119
-0.20102020186774028
-0.432161060825067
-0.8477173689691133
-0.26484888189571953
-0.7242899234128789
-0.024938639038135143
-0.4280317906585094
-0.9698455257981988
-0.8139229546700706
-0.9969289631068302
-0.4435876356026204
-0.8564538366531002
-0.4346877981959073
-0.41900367477031414
-0.3956128021185464
-0.09888222704162403
-0.3661964262550255
-0.7175382110045196
-0.6880573136675789
-0.4921266436836714
-0.549180607673347
-0.7093871073297824
-0.24217214098393156
-0.5855201535880092
-0.7881952545486978
-0.5292454026805452
-0.4932738905452768
-0.6093870480385418
-0.5455676681301139
-0.4813571525092332
-0.8913909109730591
-0.779008515098
-0.1940927192063852
-0.43567854337498396
-0.4417477983079647
