-0.013183288301219672
0.019118100174493908
0.0385225196865611
0.09641380811331265
0.06962467284783472
0.1321376253605036
0.12211592719943844
0.17642751298256007
0.1953370268905428
0.20525621923488632
0.22625277338827837
0.19873610026741456
0.25599776550071224
0.21976838520666453
0.2899097537127242
0.29479091936325713
0.3320869151243773
0.32682766980345956
0.3801982812818532
0.3642815479594572
0.41235077261697173
0.44569496575538325
0.47199051656964885
0.4493608025201593
-0.46208991479256506
-0.45856992489889925
-0.44703531892231624
-0.4462766639862462
-0.3972863698133343
-0.3845729973321622
-0.3745233903077621
-0.34646748287994433
-0.31716445937503285
-0.3279831921664616
-0.290526301089633
-0.25888699027373
-0.23600926878443962
-0.2472970998335405
-0.19916702932499128
-0.17503662686959895
-0.17886994022077063
-0.1578048641100463
-0.130189980572129
-0.12303995475736833
-0.09128377266092083
-0.06888619437253064
-0.0658269068994562
-0.03424657214003469
-0.01777008136180363
0.009432623854671578
-0.014836738241196589
0.031244697970200762
0.08334446927188496
0.08604602109982547
0.0973262994634858
0.11269965765023074
0.1313231935326481
0.1406172221635596
0.18000455428571882
0.20521238409445178
0.20502307555530633
0.2350442916177126
0.2214293923207857
0.2663951006558291
0.3033216553982747
0.3273725816934268
0.32896957606846466
0.36003472584958873
0.38246100910975656
0.3859779007018162
0.3892392559814636
0.40397432705676894
0.4366058381523112
0.43722835497249024
0.4822435155500478
-0.4958303160483888
-0.44785267390639066
-0.39783809260605585
-0.3898251403907736
-0.39647364817360553
-0.34751720955020693
-0.39892461626876347
-0.32384447937760275
-0.29166556536731525
-0.29339971521317193
-0.2707293123554093
-0.2753302104117257
-0.23958255259017328
-0.21018914846716968
-0.2299665972000831
-0.16357638447772044
-0.18340693223817797
-0.1405879055964689
-0.11148649077788741
-0.09841426187517574
-0.07977216019337725
-0.07204612308212231
-0.04683297934086701
-0.004374691271845713
-0.033173224596575436
0.06956586873668064
0.035803838341555476
0.05185872763391125
0.08929371531853467
0.07720015417882109
0.11218411772425599
0.11905961178580127
0.14715696103813777
0.18083903344676697
0.15930177266985432
0.22185000473693156
0.20602711830646153
0.236349033439586
0.24113315769787813
0.29136876902380415
0.28814511047757724
0.34529903378519083
0.352509654084178
0.3415943716062997
0.38463754704640035
0.40607466098385203
0.4249949197366637
0.41007515241334486
0.4406168644737407
0.4889055639081121
-0.49466254895541417
-0.40975650999669105
-0.4421079105102897
-0.4066141448794151
-0.4005516981147642
-0.3906891946321692
-0.35124644217701567
-0.29056816762538784
-0.2896723535315337
-0.3196169265557369
-0.27426948628235176
-0.28656329936838415
-0.20960492986634494
-0.19171909196523887
-0.18124545668373374
-0.18484663713015884
-0.14942709774739318
-0.14839484886258922
-0.159832699358757
-0.1047577067129036
-0.05446366584753072
-0.04962559697321044
-0.019823291735005105
-0.033349990931093525
-0.023485072612059146
0.04961893395671951
0.0376790501223636
0.02082124940248546
0.04483967741485935
0.05596241656116794
0.0735624027353172
0.1366893577592598
0.17603259826241718
0.16376637669980387
0.17409049510692837
0.223426167276861
0.20597842188943344
0.2648474903047037
0.2659065829197146
0.3120993531469249
0.29536363156945405
0.3378909831426339
0.3464535286457559
0.37320441510514296
0.33535313540738165
0.38919909285723664
0.4312900096122528
0.44923982300515064
0.456661339599887
0.4866609255009428
-0.47863885140307666
-0.4715908020477635
-0.45325766509583676
-0.4356222718501631
-0.36896041809064734
-0.3789413790019957
-0.3480415167219828
-0.33320783573893886
-0.30076583865867706
-0.32349796645078566
-0.32319685430429407
-0.24036679303346836
-0.2664335560117986
-0.2148784665064115
-0.2303512469198377
-0.19530467828696965
-0.16872486001530024
-0.0973964297314216
-0.12036429743514168
-0.12403626692419464
-0.09945599964662974
-0.05761145738898043
-0.051284511341974565
-0.048890543520133514
0.006629515153052377
0.018989139081326628
0.05005821243094167
0.043074609591655474
0.0688255413165622
0.08615079958602026
0.10726081553246872
0.13168560894278158
0.151685417338018
0.18118660633851558
0.2037656198413077
0.18230951075849253
0.21285760532236211
0.26575712687244724
0.2504703951764942
0.2987209052483662
0.30575559891104415
0.3293019715434821
0.32904528334558825
0.383979818618373
0.3803407417414792
0.40110464806467305
0.4176694963021871
0.41777720438016447
0.4758137155347995
0.49582314584635956
-0.4609119877160271
-0.4496598631722515
-0.45474699934797025
-0.3996826363683698
-0.41960797116544085
-0.3683191618791216
-0.2844518469828704
-0.34659490493105544
-0.31562375484593835
-0.27862051445381614
-0.27800486524312257
-0.27149244033156084
-0.23678220365409203
-0.24640741001435745
-0.19791508708310407
-0.16404560162299187
-0.1324029547985293
-0.15090511084495034
-0.1283552373783989
-0.09355008621094607
-0.06967742406298821
-0.04777495919287608
-0.0586417328352419
-0.045676704628854294
-0.014668851308139079
0.012557223919797505
0.04597289377677434
0.029349562076376727
0.07550068344658323
0.1040941037733182
0.10660464382642053
