0.5303209913621747
0.047554123850864695
0.38942419259109534
0.27785960376866486
0.1844731083169681
0.30597789681583976
0.06652492946014753
0.2615117926250034
0.1948611526043322
0.007566179325781321
0.11155419612525536
0.06696824469691959
0.459923758639991
0.08440199950588796
0.15393383256589907
0.3241207101005764
0.16434101459605557
0.06792061492637616
0.3504766671679646
0.39514903495425063
0.36455708170500756
0.2929657783557717
0.2787884244534807
0.2857851611415169
0.398565518931648
0.0016338741193380607
0.11555244346984408
0.2525233023577946
0.4917105015760432
0.3752928219187957
0.16612666914206753
0.18115385113453072
0.3447743966598568
0.03847801442606276
0.0003940182158152436
0.30476444843290096
0.37879393859810134
0.17037365765680845
0.03674430638388798
0.12690720771974345
0.27475617993281115
0.17537574226594163
0.30422261632205594
0.2115327174662962
0.48176743054261273
0.28675414337792027
0.37786519997740714
0.13333970033447617
0.37776934417665
0.40846924375581267
0.4960739356021294
0.40561195687244467
0.3563664863830674
0.44089972512374986
0.46306104985601215
0.27251854097103645
0.27986468189728825
0.2023336666908099
0.44403313995731686
0.14634071502898793
0.02908185870442136
0.38059738037497515
0.4912793007268703
0.07861719489074442
0.5486056483839069
0.23051681712669075
0.2898308016236966
0.47016912753314577
0.3984703577104401
0.34453912362873407
0.29587097930869916
0.261199834866182
0.27559855945969913
0.5203779416452895
0.3273239482768848
0.006584383749488705
0.18378577200723611
0.03909096123894454
0.17171103508336943
0.21577251077333676
0.2295865111196039
0.2919492589787155
0.26770424422947053
0.5001371745095446
0.3761695747069423
0.02806759665876169
-0.0012825823660137028
0.3357363769411783
0.43341778029192385
0.5258719219149157
0.4528264084030817
0.16471640200466367
0.42940419458121304
0.5302121229376145
0.029836962369071657
0.5193859353200829
0.1307091884809089
0.20007081042946992
0.5120613499090338
0.10135659907499703
0.34406751750340203
0.3920264818893832
0.1475250263831469
0.30750308650236147
0.3652657047859869
0.05231465585979273
0.28619927792280325
0.4164800264160049
0.2257018447877609
0.02177601862235192
0.047460159861616585
0.03715342137316179
0.13459888085380714
0.2826020720155604
0.05701604941036032
0.15699680758670354
0.11445968424775703
0.3311663289407429
-0.033425840226033655
0.3108664057560032
0.003656190540707857
0.22163788912056723
0.49695224569108687
0.42337434189429546
0.11591203977837111
0.411101868015088
0.36619781270594665
0.2959472452571342
0.4001463935281349
0.2982721592309566
0.41358300771353923
0.07695194633427725
0.10592779184097051
0.15422537782024096
0.30622875505176755
0.34996635658336606
0.2656251438945887
0.3920995258052736
0.48630581941417145
0.18736520192688916
0.03083867987717026
0.3786059411334534
0.4221289313250666
0.5194745867262475
0.4205665013285662
0.15778496355002908
0.09524523067015009
0.36145730410458166
0.031133016109165988
0.3748072086951796
0.48513625626908363
0.13389821556006085
0.2241430516687238
0.2432626974516932
0.020875863475682366
0.23529572132536125
0.11791117333704375
0.005873812311998662
0.12901428489647135
0.037490016595161
0.04246523210356171
0.15044849518550682
0.09900311073824071
0.1608609462827255
0.49750294321665506
0.1985680355965024
0.1172758205916238
0.429388183636968
0.05569807251455479
0.40131913050075574
0.48475404958962404
0.04592298641121344
0.10423658366887752
0.16272909778580524
0.4877572146504512
0.07004669853691473
0.4167589046460979
0.08541059767382243
0.5106023914380081
0.2379837545445901
0.24580313825670505
0.4372707537735027
0.37269292910941404
0.2690667472032641
0.05143453474227958
0.033499714564395225
0.11663654548155222
0.3770298594022912
0.16401764153998755
0.0736828258322897
0.2578249686755628
0.3320813577303056
0.21796729841210333
0.13515677406046905
0.21799056828541094
0.19126393703694414
0.4738718061462154
0.502872422676225
0.45744622589928496
0.3701260985666691
0.5039513650700538
0.11859444201087968
0.375439088962397
0.17358617590556538
0.41879567259267686
0.1527471610860083
0.33770806023530375
0.47923672506311327
0.199941049377239
0.2945861024535701
0.07011663068686594
0.2634900709888003
0.05566220516051967
0.27451552340474933
0.34786060822957876
0.05399547859789333
0.4872858884247238
0.15309840874681338
0.47563028166067034
0.20069881323240005
0.40083662194368513
0.20961562644555642
0.44049414891189925
0.31566223907932395
0.46975518565411944
0.05244120247004608
0.1854135107409546
0.14012832689005908
0.2737689607969255
0.33664877884113753
0.1384640820246267
0.4792006208677215
0.4546828546536195
0.3885376759604224
0.04924675830688591
0.3253256307434309
0.044727125838093386
0.06220336669074799
0.1179173691404925
0.45220306269887817
0.4124103471222509
0.2831486091299517
0.3144497162053245
0.2588318383750461
0.39817031044704665
0.2904777843085482
0.14399297053714458
0.24079534263608182
0.2887859550346278
0.25517696212373875
0.24720624040245065
0.3445655092399902
0.4944939820376349
0.4500169405768329
0.42045639791457534
0.18883143810846323
