-0.4985601352713087
-0.49785190509974186
-0.5106485073943868
-0.4704283052310572
0.5141614615921599
0.4900605953205979
0.5031344542324466
0.47002657137008697
0.4754709462589545
0.507400557144661
0.5016635642373093
0.512071599795899
0.49183991414052775
0.4600962485261695
0.47593624739882207
0.4892071715402756
0.4597201459542639
0.49319350451275007
0.48310899188937906
0.4998605346955212
0.4901509470899923
0.4244822124008783
0.45284213092058107
0.49252555061561004
0.4927928781150969
0.5045054703202507
0.45496087383230904
0.46961285801109054
0.4880210711230464
-0.49968018785698814
-0.4766548959624861
-0.46744095322514334
-0.47773488257204255
-0.49595961727071847
-0.5216297667672866
-0.5275500010108138
-0.4931869718174528
-0.4928322782984605
-0.4688431809067506
-0.483564471973485
-0.5189714805519029
-0.47213434033793905
-0.4711233665110153
-0.4844953579682972
-0.4792110930185327
-0.4742090060766844
-0.4734140759940843
-0.5079912430398799
-0.47442240530855584
-0.48357779798763806
-0.4896208440788147
-0.44255494626101455
-0.48585141707193913
-0.5048869690245619
0.4807540516504281
0.4398876951865145
0.5091907180703151
0.4821502854486114
0.46091217148179303
0.5008578206258864
0.4871534559838734
0.46166309382129617
0.478763458032801
0.5173688585939106
0.47234262132573124
0.5093738422994043
0.47209995251662706
0.45855092371914713
0.5153645588090022
0.4417005429710144
0.47192327198971407
0.4831312514086745
0.49653619301926877
0.47820195590532594
0.4997228522802215
0.49458808082204087
0.4843571483377632
0.4887851774545953
0.48489659584638256
-0.48155652612246913
-0.48063862176259303
-0.509215540728244
-0.46753140725107367
-0.4519795705722606
-0.4749153237226235
-0.4642391522231275
-0.47716479045975685
-0.46293182092680457
-0.4723127724175795
-0.49131152757131336
-0.4775537543551398
-0.48498479348251244
-0.48363169262745204
-0.4921510429390406
-0.4774534302728062
-0.464055300403092
-0.4989554591422273
-0.4880045514022834
-0.43278059835356547
-0.503857346217361
-0.5125866410453771
-0.48413798359211874
-0.4775739041408995
-0.5001753365365137
0.47277202356055886
0.47816062863845893
0.45990307107196404
0.5230056870187363
0.4946786862399981
0.5014835060146482
0.4584068451969964
0.48151634546932964
0.5102105584620543
0.5037946505287828
0.5129017974106616
0.48841776365758266
0.5003782581790828
0.5201611322148117
0.47479577192612904
0.5009830284083998
0.4686709392215016
0.4902351723154934
0.442532795564382
0.49284430884826375
0.4628572767381648
0.4623123505025882
0.5179645832615092
0.45528939337532603
0.4985813464069671
-0.5101558745686587
-0.5187866102776786
-0.51138991668051
-0.4729058935878211
-0.4726772316756203
-0.48549703849866777
-0.4880971952974028
-0.4708092488401313
-0.506112787258065
-0.47544182353467546
-0.4889667524885287
-0.4671718857575892
-0.504723507925795
-0.5038039951723597
-0.5025942248340008
-0.48091149467448385
-0.4797610101245813
-0.504815688582304
-0.5000025101418134
-0.5066843602503126
-0.4554346973594416
-0.4692188879965976
-0.5015636994753985
-0.4790478396430875
-0.473492147482172
0.4639091045802411
0.48606608075681607
0.4685004654030459
0.49293529774202866
0.5052478331873307
0.47064134173342337
0.487220291413472
0.49531342293630654
0.4863439889507869
0.4813241681129308
0.49983187873635443
0.45974761152388843
0.46999856281887736
0.5208260126724553
0.5017729674490545
0.47860839407191696
0.48975248781235153
0.49805672892592523
0.46110573298072505
0.43963569259547297
0.521888815554127
0.495610435804083
0.4810924393466831
0.4578083747921294
0.4853857204404688
-0.46031708799134086
-0.4895209252410499
-0.4508389838064225
-0.5026611236406825
-0.47433610274997895
-0.499665726433937
-0.4537370187947379
-0.4607069634387707
-0.475765983451507
-0.4842509254815962
-0.45516414142721456
-0.45529703655819553
-0.46129273186427744
-0.491821964230821
-0.4835649910245737
-0.5021485439910568
-0.48433758002151756
-0.47155889792513556
-0.47818999162687975
-0.5217028477976663
-0.495264743051381
-0.4823079507758412
-0.5059499728220046
-0.49087325447400537
-0.46587705067997076
0.4803644925704407
0.5073673440212828
0.4641119032705991
0.47703339080619755
0.46403113823717623
0.47927632403154563
0.4853353148450832
0.4766216504802443
0.4894372411215576
0.46113292725019184
0.4881413271683808
0.49839765329250235
0.480483960911052
0.4972450908661405
0.46345207311749087
0.4821389878288286
0.4780861798431924
0.511331404066329
0.4733574643896083
0.5044432421333662
0.4754397182447499
0.4833484862891713
0.4893333323021752
0.487241977286882
0.4743865761701043
-0.48989969542394474
-0.43653681779538633
-0.45765170629918045
-0.4767597717930393
-0.464859844254798
-0.48895466103960106
-0.4713613575988834
-0.44449041268321626
-0.4529191631858375
-0.4406369386380645
-0.47921286553017195
-0.4716324753797208
-0.46670518964675517
-0.4965580431090911
-0.5178199907440508
-0.459224397891296
-0.48173130036864864
-0.49578777078357844
-0.5011681836708888
-0.44331832813446437
-0.47889723255323646
-0.5041470268987003
-0.462935090937401
-0.5056349641836
-0.5089070197241738
0.497584373199921
0.4625623847408154
