-0.021931929706847313
0.0012254546623889934
0.051180050323304145
0.05777980342064205
0.08375382469214215
0.09255485867806637
0.1310212093662544
0.125933935657551
0.13532878386326858
0.1747176943038624
0.18948192801709646
0.238161739240607
0.23821445380205866
0.22395900604004781
0.2921899478836898
0.25992402749127236
0.31204343558810255
0.33016793923039306
0.3473367145122371
0.38925984025836136
0.41172435387358697
0.38628312931457004
0.4470074904041115
0.4289497974176036
0.4840238940740558
0.4959744271898802
0.5284989087597829
0.5695428603589878
0.5568876971194986
0.5590615909828085
0.556653495469145
0.5892144706960629
0.6345960026372384
0.6727123474287595
0.6761779903651477
-0.6510243719350745
-0.6536325730803454
-0.6037810057435364
-0.5837028920553281
-0.5714964647349344
-0.537714022553593
-0.5114796006927077
-0.5098541154324112
-0.4719596418474695
-0.44991035763129444
-0.44735094128286057
-0.4157485009876008
-0.38397149543153514
-0.4049561171317341
-0.38275867439903033
-0.36248326296189237
-0.3485960677478112
-0.3603323042287808
-0.3121876564822171
-0.27850724435011237
-0.27243733400084336
-0.2169395246494782
-0.22001107834244502
-0.22979631835860106
-0.17766511924497974
-0.16270242991034972
-0.14105753804029655
-0.13188488857292457
-0.08534602963868575
-0.04853990313380734
-0.05777711889530585
-0.005240454406572965
0.015947712211713976
0.008372958543499145
0.01479337127961951
0.02119146192865912
0.05980642898268912
0.11476194522818126
0.02490033107791534
0.16391930502680194
0.1831578240846568
0.13407522543761322
0.1932779288070568
0.2006608165717072
0.24332376074308784
0.25506123540631687
0.20541852235441724
0.2965907697706563
0.31208513907871405
0.2873437772103216
0.3393506647800882
0.410196029635431
0.35976061636439155
0.3986801077474562
0.4456439004590554
0.4866900549813186
0.45883207020439026
0.4994528824534816
0.549761781080854
0.5149967603198723
0.5697850701569447
0.5656432482677021
0.5897160969868925
0.6289601208484891
0.6451067833751817
0.6705910892427225
-0.675994757393575
-0.6415580450486796
-0.6281237720484766
-0.5825663904537808
-0.5784939309858407
-0.5757358889906223
-0.569966259721303
-0.5348179872046032
-0.5167104027542674
-0.49866837724943086
-0.47373756011159174
-0.46188532004444366
-0.43198067467240536
-0.39466121053952075
-0.37226802864921665
-0.4021281726525592
-0.33139859767854163
-0.329545486510924
-0.3237111481624465
-0.27590983884590176
-0.25154369066263754
-0.21232378010463582
-0.21088251282148468
-0.2197575899659781
-0.20004293627831854
-0.1540437396496447
-0.13546070601373017
-0.10375902325054617
-0.07218772345249012
-0.09704696796314177
-0.08375229803927611
-0.03468488937286218
-0.024144659732685033
-0.03887851051647472
0.02523870260643695
0.02748409284247999
0.0271956336554422
0.07536651466044349
0.06860750875297407
0.12212859607687791
0.16616710080681904
0.15279402066158926
0.16232281868866805
0.1742994747167142
0.19797046439485022
0.2428557498087787
0.25983164114394813
0.2981296484899966
0.29991937006160563
0.3467013020525389
0.3263079042030663
0.3520710379739444
0.32304364067009245
0.39054270271477826
0.4130095230962131
0.4423208248875967
0.4652105434268793
0.4617054706752114
0.4946569508083201
0.505494365876649
0.5196262310027854
0.5563257036357269
0.5545728810663418
0.6145500747961127
0.6157169773013942
0.5943528257225853
0.6744589673215896
-0.6370106232189315
-0.6355284112473887
-0.6022818928182745
-0.610353797407333
-0.6030268139451256
-0.5314906618621009
-0.5525030591100855
-0.505613252059309
-0.5186328187914662
-0.48380151941092076
-0.46927702301292373
-0.4884147778644568
-0.44023217163664485
-0.43951382467850986
-0.4036417437796625
-0.3567697959417464
-0.3409756325331565
-0.3272799445083474
-0.32570468125853147
-0.26890692080945877
-0.26205727797702527
-0.2517885783409877
-0.23725679681701622
-0.21663872790754884
-0.20787312668533448
-0.1351110675578448
-0.11960604438458412
-0.1299049747176248
-0.09838804738848397
-0.0739045412762783
-0.03862752305656894
-0.06222438990673818
-0.05000164191215628
-0.036086828572950494
0.01286374741956834
0.03872270247462836
0.03228174518810736
0.09651928742769061
0.14571500690721012
0.12683451299210405
0.1278397092793659
0.17580878253753257
0.16958565805839612
0.13523581844786034
0.19556485746555857
0.25320289836754983
0.2582269054160033
0.26059614488404864
0.27024132498303227
0.305515725428401
0.330019313818911
0.3992306090466691
0.3803822689855766
0.36604312665588284
0.4310816004324723
0.4083421422325988
0.4873376171781986
0.4826466064012353
0.5169391380916833
0.5215385884792516
0.5056763975561311
0.5706330053813965
0.583693762363948
0.5851551521869486
0.6218650357861426
0.615686014748185
0.675060180372573
-0.6494442929766207
-0.6425806548067811
-0.6412135610395309
-0.5801464916492971
-0.5675923808422685
-0.5968949760560598
-0.5228784733502783
-0.5191421699496694
-0.5357439420968086
-0.5042546932824591
-0.48267135836749375
-0.45903569140562406
-0.41848383400793826
-0.41365933055562454
-0.42442551092952596
-0.36047844590169575
-0.37015580064246695
-0.3112177643737989
-0.3039089717887013
-0.29717306745714833
-0.248417587922269
