-0.250840886683309
-0.3342595060574533
-0.4622510600343369
-0.6550607532483106
-0.6089042953477897
-0.08474537107987275
-0.6132805375577128
-0.1488040656758158
-0.024562333938306046
-0.29376000890530857
-0.15493545585031893
-0.610411211538303
-0.662144775512738
-0.3402243365059419
-0.5082724087454948
-0.569528622670466
-0.7144605696598989
-0.6716318505961709
-0.5839231209710283
-0.22750404779473535
-0.28916621921009533
-0.5169931792079961
-0.553808926669529
-0.516836275992981
-0.10097151086106194
-0.2545267924053927
-0.4863860814218135
-0.39619800904595337
-0.41497450574686917
-0.11341430791194408
-0.3330707167404346
-0.4003624351938687
-0.48399193978356686
-0.3895997429318866
-0.4776593420069011
-0.6605854711024919
-0.5383851865764132
-0.681322261198923
-0.4247129891296025
-0.5725545388864797
-0.40686521018464145
-0.3136393842694322
-0.24578627857673932
-0.5725135667292818
-0.5003113129508439
-0.19467250286249216
-0.1401303450178026
-0.016220038980808454
-0.08573143604077403
-0.5138536365070476
-0.31383124277425256
-0.03459315520604932
-0.03232870106206335
-0.4904329149446936
-0.07866300758987489
-0.3526095926930969
-0.3748671028494359
-0.318625307911741
-0.4768376117022445
-0.11871859266163162
-0.03627926839209403
-0.3636587808005555
-0.16324593144133387
-0.05605952713697765
-0.4433762938806688
-0.43037558541664506
-0.47720484872556485
-0.6674408524343081
-0.21809776459352542
-0.5104120424859492
-0.327821936215474
-0.640739391334906
-0.044261374935854546
-0.1945599787043749
-0.3930996116034107
-0.6098935055514212
-0.2852302937066882
-0.6733508072669524
-0.21010536203546287
-0.34407893989911775
-0.25994708452058596
-0.4761205085107091
-0.3697135552462674
-0.04025405548624742
-0.40645865348303195
-0.0029596091876140027
-0.6721857989982721
-0.3308552774964491
-0.4979471091324693
-0.4212449173651495
-0.15290311041590487
-0.2663870368411743
-0.16395827989728715
-0.5771779993279048
-0.04203816584866983
-0.46607249324602196
-0.6352773418653558
-0.4424151862327228
-0.3005501042461047
-0.5516151121607515
-0.6849644272581594
-0.40796754855529094
-0.589588228968339
-0.40397277633971157
-0.22474298289707223
-0.4987723152383683
-0.1633582814092278
-0.06953751262196589
-0.5185757574942349
-0.03785353685065898
-0.6067955614771532
-0.4693460127366206
-0.3148562475572926
-0.35441429512625566
-0.484636089274668
-0.3734364432155738
-0.35355703180595943
-0.5675800433584375
-0.11179946890232399
-0.0722046778388431
-0.15889851083330428
-0.4242784166804758
-0.3428757768731525
-0.07091715572066924
-0.0012556026023184536
-0.31620217617927304
-0.09969590111139574
-0.2263393124108135
-0.3368876371656919
-0.31135830159572964
-0.01822425353423425
0.0010093218232058738
-0.5092040065419351
-0.4041315540839501
-0.40445862652014164
-0.6480553485376729
0.008558586320573915
-0.010112650352451943
-0.635851454968057
-0.5580713477809527
-0.6819189312027663
-0.322897615333533
-0.4609097949805908
-0.4213070649166303
-0.5580287792079995
-0.3440667505912223
-0.4494649733533682
-0.4917811303327314
-0.06899802958595463
-0.31637734099179166
-0.17237835310789656
-0.2505315684892924
-0.4524662806896671
-0.6537994432321832
-0.13661231968645446
-0.6168379041130765
-0.3217077010033406
-0.16371934784817288
-0.42884908976680924
-0.6462919029741375
-0.6675789301798525
-0.5521495084623514
-0.42444272836328945
-0.12310538390996538
-0.21618887363062622
-0.36174609847777306
-0.20925618267008658
-0.2729543949637775
-0.35841142682973465
-0.2579549851329396
-0.3355303522659297
-0.6000835465138545
-0.6759677613122177
-0.4317069091186284
-0.7044558465606611
-0.2222829360142868
-0.20449783122186616
-0.6257513600129218
-0.45561038173777757
-0.6729717570658915
-0.07027195202632913
-0.6098491195176887
-0.3435150371788954
-0.5954838100872255
-0.7072633337323946
-0.15868103216673826
-0.6377649053752386
-0.28756162077532205
-0.513598704076524
-0.6046192694181336
-0.11091089074156799
-0.6898734632288256
-0.6092229765260232
-0.4651356271628194
-0.6576271794030298
-0.5737932500844787
-0.08946633173596454
-0.5745300866152204
-0.4832577741356864
-0.5499930818094775
-0.15740179397585322
-0.6022882702412236
-0.21764570516567128
-0.06629277333158423
-0.015193121825760745
-0.6093226439511431
-0.6598433078082229
-0.2712513412526875
-0.6783782053509568
-0.23151035171258977
-0.14702529364266229
-0.00977760743354801
-0.25713527163911665
-0.02080348823409254
-0.6394776652369436
-0.147044178249139
-0.11606429162463949
-0.21842439917373246
-0.3919065319750853
-0.3261030467765042
-0.5300405144414841
-0.16021032963371112
-0.5924442182860812
-0.1388293699529034
-0.2420086312439799
-0.016826980438966674
-0.6429558990025335
-0.3641517383927543
-0.45309198555713387
-0.33719484263566213
-0.1018400540784648
-0.6450446991625233
-0.5304583494660492
-0.026233415579196263
-0.2675059134710577
-0.31963811169280765
-0.36825315214666027
-0.5176677445352393
-0.38969200950158417
-0.6633386972586203
-0.7032169687437039
-0.1743809647097565
-0.6408830985220622
-0.3239117155586739
-0.3418728358390296
-0.33295321369818004
-0.5026835360686416
-0.30816536697862057
-0.1521925129031011
-0.6309274512107774
-0.4245068875561203
-0.482201639556735
-0.22562580438006583
-0.07989982327326124
-0.6234871835873326
-0.49210969876355787
