0.11665167190794554
0.007024770662233198
0.08121745369427105
0.037479322507779855
0.17994415659177682
0.010752860241642192
0.12868026392235823
0.09477753535112672
0.07395914178236941
0.03767415385277577
0.13414592679836984
0.10447837225083738
0.18230481481833688
0.02340118303318135
0.06811276224515492
0.11755443516192444
0.06991428115267354
0.07184878864666074
0.01496343939320574
0.08497477262287076
0.14498054442422803
0.06476243407231308
0.05315593616005869
0.1691191591790217
0.12017130651809561
0.053563455196617496
0.11901621458157982
0.06558306393726414
0.059324957824886164
0.09409854297171362
0.12604086871695672
0.0714484947534563
0.027336644349955794
0.12165837433006518
0.15428235397510875
0.1545946811286213
0.08851343430183392
0.14990610515211464
0.0777249261168507
0.09755315503941485
0.0007367520565468438
0.04448997750559349
0.11817926629813295
0.1337618702473601
0.060306363930031304
0.04176887095798612
0.17733134310985757
0.019821824117152803
0.15628985040815058
0.07901933609308907
0.09253372481338011
0.027176693360790705
0.04349725243603013
0.11231105856123078
0.07137538331401083
0.03073418912378768
0.022162811668445956
0.07065455528109775
0.08400168288648252
0.10987181502477827
0.12724201015479344
-0.006239258982547503
0.13104190545752858
0.0668281220421225
0.06614225929170361
0.11402152397292248
0.008220505291501357
0.0842851644537812
0.0974350129262956
0.12201086346125148
0.16328411138642213
0.058917072314379974
0.1077298505938686
0.08472397697905665
0.12468526005203852
0.12213080899303688
0.15408224134236892
0.06261525459873458
0.10858877069806076
0.026491076278513506
0.06891643629491448
0.04958176054970947
0.06333882170221364
0.13913380834458738
0.050069662593204
0.12555796099195266
0.01313131729581055
0.13826251212880258
0.021541568567650743
-0.019421886948565403
0.04658252358202726
0.10272770099521183
0.08673474519043024
0.11116819703946314
0.017024920263097952
0.08395245766369575
0.14549800010145758
0.1223457369809283
0.14646656151542092
0.04996599848161434
0.11645347198913224
0.054652800546972434
0.10062360101797754
0.09098949230480352
0.16829733447494988
0.08234398641285667
0.062186489928662034
0.10846891134469017
0.12988991058356583
0.07108134923268608
0.1716075831977271
0.09323026716991263
0.07151838727635354
0.057465752164485004
0.03708900089839021
0.17642486911451155
0.020568510506924088
0.034275934110462765
0.07097050877669694
0.14642563623810484
0.14923707136244724
0.1115602740276494
0.03960750035552304
0.12368793494349559
0.11335764483421645
0.09448264482769064
0.015776809759219804
0.0819457955070671
-0.0005946161671819029
0.1936359348966176
0.03449743084191466
0.0208354556574273
0.10541450054449678
0.04955837883841252
0.044309283247073894
0.1817146709072879
0.1272669764566965
0.11480497809665027
0.06854089336889378
0.11481594336612568
0.012925907689843362
0.10636296949189453
0.02362986557641098
0.05906588179744714
0.17825953541139128
0.022953651094614995
0.14291833377900048
0.0903251783038963
0.01630943954229811
0.1004268092840604
0.05550003500123757
0.103717494244478
0.08221224136770394
0.07921825159946423
0.13883538676494067
0.11648538487734278
0.15818898979844043
0.04047667843902275
0.14692128337092258
0.19150607691812427
0.0769916120015617
0.1286644960824437
0.17363366070731778
0.018975581396042843
0.09725802869431793
-0.020136443289537224
0.1341570343071843
0.07197828875207382
0.06208829012844595
0.11577065403395943
0.02777725519559037
0.05968859633879155
0.10297294742744321
0.07946199579611463
0.05424036489254099
0.0287844060275195
0.1131225395409771
0.09788443251435568
0.046492836161366846
0.030857790323720217
0.09169294995338642
0.14383882830985
0.09186062048629036
0.10325251273512866
0.0695866690260248
0.11783304590313236
0.01584139246613448
0.1276755245309538
0.03355330638841137
0.11116308007843856
0.15798097390890153
0.05741899674895391
0.08831512319919389
0.06180126055339684
0.06378735182428324
0.17108875169861
0.16675433711765358
0.07642851489327182
0.033619281532864344
0.09867960818588406
0.14971661122227936
0.07553866476516188
0.11825521633442698
0.04862550623844512
0.011171874885834843
0.1527301563786258
0.12608066422967526
0.10168598142703474
0.12083430671068324
0.0806930369936746
0.06791726664047329
0.028301101035589575
0.12769601837496472
0.12615365383029487
0.07183418573268321
0.13968159024741414
0.0350217100447689
0.12353166930049046
0.16980551360045232
0.0836277259377257
0.08196187686275618
0.12201971955900497
0.11410305251636732
0.15372071320494296
-0.0028184347795721983
0.03230530785634727
0.11032831968150797
0.15170421253502567
0.06774497933932114
0.11457873964100629
0.10123822089187004
0.12486345407597015
0.023529872934423615
0.10294741237153582
0.08270366382968292
0.09757861365043494
0.15123824975583464
0.060666038917951276
0.08175897792992429
0.02863636189916651
0.03478230906163443
0.0037853255225108184
0.10457722965569637
0.1134018014057156
0.037262844770879704
0.12289850000374608
0.04547681035614462
0.12669208188348896
0.05402387047775872
0.108216459499412
0.18844370095772428
0.0036161384113937156
0.027372540995971948
0.0793918431854482
0.11012325882948021
0.05704435987228675
