0.3537120541349394
0.37998942339447295
0.3525901512546257
0.30807989408646064
0.2853823887176484
0.27108045141912324
0.25852806938197714
0.16416543766742053
0.20276131698736907
0.12361616440048614
0.09304796662215588
0.13676851376791677
0.0512435341883119
0.013206586675114504
0.0011169101093832668
-0.02347549117263391
-0.040416953834657626
-0.10316696960893118
-0.10048295257486559
-0.14419462908116756
-0.14388481201128409
-0.23081993743959975
-0.2721467700352992
-0.2367299342824988
-0.3127390808843702
-0.31841085697416605
-0.3548505629888517
-0.378295560377771
-0.343784017424934
-0.29219334748472675
-0.28066701576683994
-0.24073358172152534
-0.21222945286726322
-0.15800054900013666
-0.13417716807524588
-0.11096255022904455
-0.099230765376162
-0.04440983831450786
-0.06123137274271571
0.044042676017868966
0.04433503499646221
0.03657914842168654
0.10587320404896197
0.11329222473808412
0.15856033354058666
0.2119931305304808
0.20459598372304946
0.2277875341305576
0.2650765606718119
0.30158726985164075
0.3324224014567104
0.37042878502832965
0.33491897508351204
0.3150205632504143
0.29168205404293257
0.25497211327900415
0.23075719486077037
0.20417507832394569
0.23456598720222452
0.11744369393209667
0.09720282864107087
0.07777650111183779
0.043347031675125054
0.07416383519562575
-0.04046943236161714
-0.021664814670241075
-0.06891847101153219
-0.09366328356721909
-0.13619458733769613
-0.1479031902960174
-0.1974643616138529
-0.23234845608644655
-0.2600737203304186
-0.27090283107151514
-0.3065622074442844
-0.32082875830354296
-0.3533851952510538
-0.3826652578820635
-0.3271933678443126
-0.27237326372157566
-0.2806496805673801
-0.19282843969294305
-0.2429993036477028
-0.18100247694349117
-0.12746597487354552
-0.14841382206627782
-0.10200620111283029
-0.058738167518377765
0.020818381481461576
-0.013111323156536925
0.0634690078121647
0.0591893293845276
0.11822249192073792
0.09299461858262796
0.16484563583984344
0.19285983961129022
0.19867284681873254
0.2542082214344754
0.27379222680729115
0.3348660536361743
0.33482600701778203
0.34386803532291976
0.3730819017247701
0.35304024590076294
0.29630920668974753
0.27305256026237373
0.22937300230700244
0.18383634960248163
0.16877239216209594
0.13024363727007532
0.14976607441842194
0.059010016589242056
0.08408744342508609
0.069859330194927
0.005417340563889478
-0.002886517113656086
-0.06202905325591523
-0.08303443860729427
-0.10872499564298854
-0.14053004057356366
-0.19180612776013672
-0.18618791303460455
-0.21853510734350484
-0.22744223634625077
-0.31698937200997945
-0.35818499728867276
-0.37703780865602127
-0.35255647187633227
-0.3288709741208215
-0.3170498023103453
-0.2750393831186397
-0.23650119984907922
-0.21353769379243878
-0.19822154784839632
-0.13783152291389839
-0.09014913659925314
-0.11067779908095099
-0.04304857956608224
-0.04535822559112294
-0.021272662875750543
0.026977622982770056
0.03295672691641198
0.06763062329904977
0.13233260201874258
0.1489202654608865
0.1616666044531934
0.22719511394874745
0.21824533591399004
0.2506295249191748
0.318469501754965
0.32600669011248123
0.31199371671743503
0.3635700372747425
0.34001564984286264
0.2905547425076278
0.23544040703578445
0.250208959280075
0.22682494582697793
0.2030241776241485
0.16043748068688868
0.10364012240251391
0.06707543594671352
0.04692595467634203
0.04744738775177401
-0.03517275369861068
-0.039264937915695484
-0.048850191724999874
-0.06811288113479916
-0.15300315245096371
-0.1090679302407444
-0.20583659535789564
-0.18170150490963594
-0.25704788712715104
-0.24715846943647307
-0.3230024401726229
-0.34114567148494346
-0.33251344992400994
-0.3539568982825684
-0.33252804355070764
-0.28891212838972635
-0.28989797422723806
-0.24258529319116015
-0.1923845521636508
-0.19807462418350125
-0.1821114680895003
-0.08562396268987878
-0.09114761073692336
-0.0760027809692008
-0.06342184320007764
-0.023483543740214455
0.034270808614273805
0.05142398145597261
0.05556153837161554
0.0987722939268488
0.16929230780940044
0.18572331274716378
0.2124877912806398
0.22937284473099145
0.25088785447588935
0.30835566623053107
0.3336614606225652
0.3381356462509063
0.3809950076841547
0.32409206903530036
0.3200166527622965
0.3002770307280941
0.18886330988286587
0.22516720311876384
0.16159827335915183
0.1523365030253638
0.1263960553565639
0.09956728557908989
0.08933707597374653
0.040682462844384634
-0.01019570639754654
0.01988120766747971
-0.035864717881653685
-0.058140459170683154
-0.13590202775165497
-0.13916635147238743
-0.18617755998200214
-0.17244123595686586
-0.246080440639096
-0.2360432144303165
-0.2918518769013375
-0.34047567306858806
-0.3386904287056037
-0.36054986322680527
-0.34024819968534714
-0.3098986654716805
-0.2640152778803055
-0.21718192969105007
-0.22561412817194665
-0.19579994300974118
-0.17132902127650604
-0.112113743145007
-0.12794540207231325
-0.08066201008834667
-0.06741786054799316
-0.005762945182378596
0.004480701596791439
0.050859676561374155
0.10706700521683607
0.11239376892601854
0.16780672953150058
0.16339061234464716
0.17702453090233555
0.22307250224163916
0.2729523246359629
0.2687031256838024
0.32530040556308826
0.3631143639714143
0.42877766985779014
0.3296979056018008
0.28218231585120235
0.2658965758110908
