-0.07691534634427602
-0.06638691464250465
-0.10025999358693582
-0.07562498768676387
-0.10638568673837523
-0.12261565806751937
-0.12220157171140292
0.10922456979240266
0.08260101365398018
0.08157673135259647
0.1436590550315336
0.15101775387165528
0.12219285885546563
0.09152025599330768
0.08838567077550469
0.10641965902118238
0.11538516905630863
0.1020143238246854
0.0827818626650717
0.1203078877760093
-0.10488567119789151
-0.094975062902749
-0.11194576277376274
-0.10668771841002589
-0.12487140069543051
-0.13833660405246906
-0.08393454801564007
-0.10734037695813307
-0.09056875064759835
-0.13671743665060118
-0.11954261819801305
-0.11099672030196568
0.12391167828530665
0.11368252482497433
0.11575088221789397
0.10216271571910743
0.13896930310410585
0.09370294708789463
0.08709548619791366
0.10337966864826928
0.11379494073473063
0.1231594764571225
0.1072570118292083
0.10834835902678627
0.08721509985744721
-0.09836037222475072
-0.10644035252392009
-0.13508117244588275
-0.10835013982116791
-0.10643573097904362
-0.11004855716555578
-0.10636777216698305
-0.09891874434198189
-0.12722707301011127
-0.10053652472776303
-0.08024798823374238
-0.08215581113297414
0.10550969744734431
0.12310516400823016
0.1278004716247904
0.10553729945131689
0.10508963175421233
0.1367556107513742
0.0698041391792061
0.10100223967406664
0.08927266510703308
0.11939800132314421
0.11695757042195852
0.14526313985398848
0.09661870990582039
-0.09274748269967303
-0.09277475049581028
-0.15832457682166445
-0.09643041486282705
-0.07082051989847499
-0.08105898961039712
-0.10754572084175282
-0.07363354993506975
-0.08342045005406643
-0.0721954010062118
-0.10042698009439809
-0.112406957707748
0.09411396349988616
0.08593145783133234
0.12827249722361156
0.0838219890191799
0.10167520286569168
0.1383860818399569
0.12160205420308456
0.10965115046092716
0.11049987216136722
0.14201164225080945
0.09105620737552604
0.09401369142733945
0.09270430765438258
-0.10775134322550385
-0.08412983442527378
-0.09944427654745887
-0.08266997290921732
-0.0672660819388985
-0.1092972903411768
-0.11086724177436619
-0.1024251321031411
-0.10825646558373112
-0.10073147514099298
-0.11594264309786696
-0.10024592464849025
0.09264763639315557
0.06481369900532019
0.09014469268077192
0.07392631975976843
0.08163626669471676
0.0996697429682988
0.09612790841683802
0.11842011736506748
0.09757363672386629
0.10388008834627634
0.08360969004516296
0.08836304680924911
0.09234053265816841
-0.12769476402365634
-0.09422038793569074
-0.13980198557523882
-0.1001002729648191
-0.10423460781155763
-0.08991768038946285
-0.10882104621045113
-0.07801794265338366
-0.09602848934698854
-0.06362536009460774
-0.11421064215258703
-0.06501150148118712
0.1169142020155107
0.1648015241973878
0.06877067162820552
0.11801247209296148
0.10291409127318324
0.04975497166803346
0.118435067235057
0.09489769781127805
0.11676540289960477
0.09097984170274144
0.11556640127080957
0.07604073112695825
0.099855734769594
-0.12279202318658819
-0.08552539566778733
-0.0932260562075864
-0.12997231617488755
-0.09658902970013973
-0.10975964765645842
-0.07488148222681908
-0.12127026050173102
-0.07733780204193676
-0.08064619826796306
-0.07838804488499657
-0.06453288262123069
-0.10172749465697642
0.0949306493749497
0.10047048717678495
0.1067556643199421
0.10137198054294155
0.11946226455692265
0.0751338862103709
0.10064368366527564
0.09982902213904633
0.08108803786856349
0.07167025569803467
0.08934851141712706
0.11220923366401803
-0.13122997838047784
-0.10688255838364819
-0.132156754325557
-0.09396584373469136
-0.08423297001151626
-0.055668708238086256
-0.12050992803276918
-0.08172060066895939
-0.06698910372623867
-0.10072601732321153
-0.06496071560310397
-0.08675048698641516
-0.10675964588947442
0.059560240454850415
0.06231700031646067
0.08958296855199606
0.10329939147398635
0.1020440418582286
0.07779856619443723
0.11944863097700655
0.10669923620818224
0.060075608881507876
0.12070765601639412
0.11644638954633786
0.11105126610922109
-0.16194757722885308
-0.11798143419274164
-0.07610102503402236
-0.11975745110553149
-0.10109108019617757
-0.11643917739973297
-0.0707847157448781
-0.1204340008162135
-0.07724623960476244
-0.10009029599258917
-0.09496063276920022
-0.11408351223899457
-0.0929093934024626
0.08461329923490227
0.08419776962471573
0.11382691061926556
0.09328368975819902
0.09417355997932225
0.12446120223247101
0.1346091939571008
0.07439328526346924
0.10172922497493873
0.09854416191984207
0.08636724787011532
0.12498603228091998
-0.09187125680335094
-0.1078057666062841
-0.10193301313610445
-0.11825140517237887
-0.08297299162039873
-0.07987693424841955
-0.09388371345703177
-0.10655961602140265
-0.11086819478747247
-0.09770353814104327
-0.054300221379153184
-0.12598441546932512
-0.12703754467170403
0.11740334793943727
0.10494538797276438
0.13758057133088997
0.11728932400002437
0.10889086319410808
0.09434817165006339
0.0974634951885345
0.11153704415133749
0.12742305441657045
0.14152110085821393
0.09532361506664878
0.1367236629346294
-0.1306698727206129
-0.10584100771984808
-0.08519162529647938
-0.11560973098061061
-0.08302496616916227
-0.09012794599564856
-0.08696961744961766
-0.0858276790361879
-0.0727617888870723
-0.12529703529046984
-0.11295029121648374
