0.2719218011060449
0.2661536846824089
0.23014268210825453
0.20612934961933643
0.20300686890583053
0.2026952430425243
0.18918432257432571
0.19070042385230684
0.11695128102674096
0.10878083781277348
0.10108668536903652
0.08582949359203919
0.07535794580665392
0.0738736070074485
0.02645956261825427
0.028026527335053807
0.004673388258496998
0.005543639591554976
-0.05965005933752959
-0.06160052872624085
-0.03917879310459538
-0.09161348698842375
-0.09055683081698468
-0.11350528915624282
-0.14883425699689412
-0.14430147185061284
-0.19538976922731938
-0.17895523156888124
-0.15356131437976814
-0.22401773064986744
-0.22117742017084985
-0.2480129653367261
-0.23850943523949283
-0.2646751709292025
-0.316556020430775
-0.3124166725849353
-0.34493229865151825
-0.34084231998842074
-0.3678093573514671
-0.4304188054457248
-0.4402528579414859
-0.4367700811782029
0.4166492534672678
0.44008477921612027
0.3550444689665815
0.322002672600848
0.340027767830534
0.2946807663988252
0.27700737903263695
0.31285501444588915
0.29432605582204874
0.22528639816215468
0.24648685552417787
0.24666104365055153
0.21844493937956252
0.16477118303957983
0.18398494600665768
0.1490794851037697
0.09808680233812947
0.13091741407405394
0.09603582523455804
0.07624574424940521
0.09468193921009692
0.06415626201087735
0.059584252808001475
0.021565787286243275
-0.007747020239558724
-0.023717789834510027
-0.01790986307183101
-0.006516948185610584
-0.05299153201975909
-0.06652812520609458
-0.08931123897799859
-0.1030548253340054
-0.12990251164245978
-0.14781464593412963
-0.17187342831884406
-0.19701482366798187
-0.20591193085869472
-0.20118055003193272
-0.23561313798677844
-0.2576251842513706
-0.26740532330278355
-0.2522075548945674
-0.3143471429395303
-0.30504599670613003
-0.3488353062650684
-0.37071824643017887
-0.3542929638452106
-0.4016799579033855
-0.40353120264876735
-0.4269992392993094
0.4111927458784856
0.38555763752827044
0.37090528409927526
0.36198818817283474
0.34432074511758903
0.2980203675026084
0.32295233447384414
0.2666840501881884
0.2893452744858812
0.25456108885220097
0.23291504003977626
0.23553239301455495
0.21050830502952037
0.14736854973725153
0.18381625880619318
0.16539026511956834
0.1290687395305214
0.09134258181437316
0.09707974717638605
0.09560027836063698
0.10352422744778139
0.0882143261622583
0.034533701960567056
0.01138769561007821
-0.011511121192738054
-0.009072123407965666
-0.04564810360005751
-0.0458601256416421
-0.07195653992281387
-0.07268899076727114
-0.12315690610092071
-0.10554406321045937
-0.09522292885860184
-0.15551427884492258
-0.1496439432698151
-0.1650514072196281
-0.20274436883618432
-0.18872476865995708
-0.2412920393925763
-0.259528049349595
-0.2864092969091378
-0.2781721601552435
-0.31273778165668215
-0.32654269051622303
-0.32146279195253114
-0.35388994591419326
-0.3712627895477406
-0.38768639123757614
-0.4102579575648985
-0.4036859742566099
0.4284870804984761
0.4671147770312459
0.3515180746308972
0.30964546636110196
0.3310679471045354
0.33259502254037177
0.3153217236063033
0.28832517839953187
0.2540761474325255
0.27450945993065773
0.2600431724667648
0.23957855275047754
0.23045475408151056
0.1800339805996926
0.16587659076587657
0.1449233058944257
0.15187775031565964
0.13528679731120893
0.15182938490500847
0.05917504245021934
0.0914859336767324
0.07361106701475405
0.054744793491848326
0.023403204814164157
0.04955697684135388
0.01959163208958221
-0.006699536718121152
-0.05305618856556152
-0.07105288992555135
-0.08641393284088002
-0.1022372967372129
-0.12100166853638929
-0.0948942389121314
-0.14578877040852103
-0.18216576095729312
-0.1689653606138257
-0.1642825177097643
-0.21316489883754333
-0.2232434437014927
-0.20505418501093137
-0.22214695220652658
-0.2665816090623221
-0.30791688561008423
-0.27626741319883363
-0.31950501170532664
-0.320580322138133
-0.33504076346177747
-0.37134257862277764
-0.3942113792137796
-0.4055312822715491
0.4365549479470983
0.4006133397618418
0.3514250646838384
0.33674956145181917
0.3501808365616048
0.3461562570195776
0.3166797142782183
0.34310983302006004
0.25839486458569444
0.24882671208778503
0.2340267350202162
0.21221042511784735
0.1950202451410321
0.19542122600645712
0.15898008518762077
0.16042126223208023
0.14455016184400823
0.1366929756864996
0.12240740088252289
0.09567072309110396
0.1057437996779186
0.010545484634231113
0.05933119548972772
0.01981344009574574
-0.008992000852972769
0.0012733198684924145
-2.200829558020312e-06
-0.05667786791376565
-0.0007192612317566127
-0.050712955313834324
-0.10468708377860522
-0.10354208888179808
-0.12142394590870588
-0.13538496852155923
-0.1131745024462752
-0.16982383555542022
-0.19797738279955276
-0.25797216132655393
-0.20662399064233175
-0.2580512978994373
-0.26261358033373094
-0.28192806116146435
-0.28359104275862423
-0.3023221138937122
-0.3253133520158911
-0.3520352402788646
-0.30565538236104484
-0.3605371820631499
-0.38540968400903036
-0.40386708813448613
0.40391265960129286
0.3942310101573612
0.4067538107843612
0.3615732975757748
0.3115703827203037
0.3479150961563818
0.2855598880202973
0.31725807765719094
0.2967822306958859
0.2281576405265433
0.27487958821259423
0.25190976078696276
0.19955279511464064
0.16670692464774906
