0.05667231359481977
0.09217581901186248
0.18771896792364745
0.23401777560122747
0.20495338971467258
0.306683751555328
0.15426685178428234
0.28084167380863795
0.21073533609462117
0.22958428574852935
0.17038387721737394
0.09562091415043135
0.06640766008242653
0.21327234580476612
0.09674549801691693
0.11902798574890724
0.2710719184023644
0.2669269755471216
0.1429681761686907
0.18268140276758849
0.13885973004587565
0.17062199125795457
0.2409656052823255
0.05700338004162135
0.22449291101478602
0.2181099673582368
0.1213888718386606
0.27075481162829684
0.14863842698826563
0.2503526780532564
0.21499505867985141
0.08381009314891227
0.1436469770643725
0.15359324424461276
0.060586804918963254
0.1665382474187717
0.23641794324688237
0.16764285595575518
0.1483102429413125
0.12871729650159486
0.265665132694627
0.1300504724290501
0.28350426527010814
0.23258931902021124
0.2777487071887631
0.24098777721767217
0.13028588645273914
0.12324559694129218
0.17580847504039798
0.027527334743427258
0.0760335691363472
0.09677142193795113
0.19724257605431933
0.030958452516207418
0.226693790260157
0.08489690220187684
0.28002813528161824
0.03996427999608153
0.24903438041806586
0.07634918319017495
0.01835115950458443
0.07107558452995917
0.21238653583892086
0.09065728603839085
0.1316680377366028
0.024262540156121705
0.21657502945818435
0.23121835225073797
0.011680773874503819
0.0761749804895602
0.2343941475717353
0.23428929320102987
0.2626797630115807
0.2828329036489717
0.2631490521333864
0.2321407431742494
0.14555956768054157
0.1275154654035938
0.2684454447036503
0.2511907615329641
0.20484164078465858
0.1303822433938824
0.16420836578635467
0.2681625011846887
0.18709449403896034
0.05444130885425316
0.22056695675157267
0.028553246802263624
0.1480431136579875
0.22769268233771695
0.054593821298032925
0.3128851430423132
0.01390919415429578
0.09079136662819448
0.2787121723612609
0.2250893583643977
0.2812951039859951
0.11266481398053595
0.09811143647138387
0.15512504489216303
0.24382499481799094
0.05904807924875512
0.2583477900136474
0.21430857989561403
0.23547820154099647
0.24886957245050342
0.12249205025309792
0.2674922251434925
0.2460799530250434
0.07810305832193455
0.11359609667672133
0.06086799877791049
0.08117220410852441
0.040742206066443076
0.26003829252283944
0.1187801725925117
0.1765713406914314
0.09249136986472234
0.06377271559087992
0.0574900191327585
0.12863021086120138
0.15432557954693077
0.16184067732389712
0.017129663431438062
0.22889663314170924
0.08704766491482055
0.05596198250685181
0.049040809170187744
0.22340256068062
0.15601654541453297
0.23570122301067398
0.26750128708734505
0.13723901756286067
0.1467373978345381
0.23451513050026634
0.03577600574125331
0.058032207269792316
0.2737079230338538
0.15105496397326798
0.17280159391778263
0.08301316830983382
0.13382402784199635
0.10621513818909874
0.10836383275184026
0.20654335386034015
0.1791996285124106
0.2561802955249429
-0.023673818781838926
0.08238339066357493
0.19163529011246688
0.1641258770072181
0.08916195965496712
0.16461745468209207
0.14538249106525006
0.09862617202384304
0.17462232520828616
0.06198953734166934
0.1843647954330218
0.11899039672027033
0.11142246665116182
0.07700166535520887
0.03504772147745576
0.19564920100709426
0.11743995089207215
0.1828586389055818
0.2593938755600055
0.2720836025184791
0.24418019210328856
0.05190121198871564
0.29899230970416535
0.09722470775296531
0.1035509252711522
0.24810856848345675
0.2154283034611934
0.014206113186973896
0.07898498997237145
0.1470647974546274
0.27370692642972555
0.112273427905941
0.22031083955276592
0.12385498287528861
0.02631133040691747
0.09760723873097114
0.017960496226956727
0.06434444123583323
0.10707506797204148
0.07589343031961455
0.08038304470446074
0.23696709613742512
0.16195499411042458
0.14623364911403486
0.1271825974573593
0.04122064004776308
0.09789958623435896
0.07974792270234107
0.04726911724644029
0.09092328361597149
0.13627600937957116
0.2515730670199877
0.21630298751441412
0.12426357078864911
0.20503780507812375
0.03074320074763484
0.23851220259677994
0.21647105174597214
0.09156765641981128
0.2116689164968495
0.12786517677605413
-0.025275402634235295
0.16164153572125317
0.12427462025113037
0.0868668451264955
0.05830442726247153
0.2510321238148337
0.03837390888314339
0.29355800554562816
0.29867756802936024
0.11343326208146895
0.038120492889511304
0.08707957686567117
0.11478598582915911
0.04092908316050226
0.24657265631799669
-0.007012569159647493
0.1491865949106866
0.08641172604326645
0.1667169179772144
0.060932524749385784
0.09253001115515576
0.17170486319726122
0.06380144977506853
0.2530801474588945
0.16980951737534117
0.15891155874773955
0.08130303325739205
0.041945197070566154
0.1616424485206301
0.14454542041920973
0.29345132446769373
0.1629843622481447
0.17765250821245565
0.19401809443221016
0.10741391494967868
0.24933849281700304
0.21652844367016652
0.14421690804043938
0.18212260603949404
0.0709141897732704
0.06406645566657675
0.13751546497181016
0.25592964204428365
0.19550092034974492
0.24667547202386592
0.12728586801657768
0.009727587465063203
0.16915704000199697
