0.6720286029791895
0.6467074411539366
0.6176064130745809
0.6205356275116614
0.5396792691629949
0.5261480631329178
0.49481832361158257
0.5122769102059788
0.42116941282023856
0.3788723019532992
0.3342066677816338
0.32604608014316694
0.3387900763958718
0.23652326291057243
0.22930200973596018
0.16012800289363824
0.1502138462385447
0.10324885151626317
0.09142980523166178
0.02721187767932585
0.0435055452383634
-0.027693398131212858
-0.0722250281125525
-0.1293867259726873
-0.15842731873798235
-0.17722528738938914
-0.21366647133428732
-0.21541701506521546
-0.2748200234607406
-0.3529533667752654
-0.31847978756988155
-0.3645832329556076
-0.40945518448382123
-0.4048086574278578
-0.4550349170085951
-0.49245855012998796
-0.5549718190797881
-0.5939949503611454
-0.5948848798945492
-0.6550857494122653
-0.6783685739376581
-0.6926588092455035
-0.7825595431053689
-0.80085990915601
-0.8117925196487358
-0.8542625303890801
0.825542610111251
0.8129358235636133
0.773964591957291
0.7264416316741502
0.7191492900620688
0.7044762455546828
0.6566857982700897
0.6126990898969193
0.5732776065715155
0.5496034585037991
0.5256952966761379
0.4972677009857791
0.4281213585752609
0.3962103212408931
0.3725084645774118
0.3006499992126193
0.28413061515047205
0.26829623446608064
0.23053635487792115
0.17468093811086796
0.15452647532628022
0.09902589581607565
0.03594748088969247
0.005595933335850123
0.029681418274702113
-0.03559334600740062
-0.05594695817654696
-0.08493625096383754
-0.13839167825643467
-0.1453360117449978
-0.2534932369474094
-0.1952748591344348
-0.2631092823763178
-0.31373749299886955
-0.3476151304046502
-0.3569822732265968
-0.4178949378034793
-0.41614670672943754
-0.4643001397337499
-0.539214122528478
-0.5552308634476223
-0.6056111131154023
-0.6001754572790448
-0.6442517136012471
-0.6821641298743661
-0.7108297926271481
-0.7680997735634789
-0.8014752996393396
-0.8207325843355742
-0.8651314495873336
0.8713934783637182
0.834770203682635
0.7687030267294113
0.7180244755010726
0.717163632860607
0.6883300254247051
0.6261867931601466
0.5897872965758455
0.6061371121420628
0.5492595549538616
0.5302822263582674
0.4137573737209984
0.4372564702354312
0.38409614708226464
0.34441176912000987
0.36550212181912745
0.31201442398643486
0.2751401482755561
0.2043979109018309
0.20569599323239787
0.18772366581246344
0.1487912040103237
0.11132925679090572
0.07034011576476912
-0.009253715952477624
-0.0019129237698830674
-0.0677563900811479
-0.09991305145330565
-0.09654737708283463
-0.1908652413250061
-0.16859898543777424
-0.21696378147372727
-0.1911770649696401
-0.3037108697223982
-0.3288479188150797
-0.39070657888210264
-0.39086369965223317
-0.4413303515556224
-0.46948786243819673
-0.5235635081381048
-0.5523105348859101
-0.5836334853353331
-0.6195848842317434
-0.6237392195361494
-0.6833922581678915
-0.7075422105446357
-0.7441720163199382
-0.7761639397873149
-0.7874912980710028
-0.8544114068914397
0.8004912387593092
0.8053224360450866
0.7606914382190983
0.7466283859023753
0.7158676896153757
0.693696122126459
0.6423467186380513
0.6063568842484519
0.6042082931022029
0.5509260884913737
0.5006105273414847
0.451577364866044
0.4621410767075365
0.3834170442144551
0.3601544920053467
0.29972772290648686
0.3074239736524295
0.27898222681869533
0.25124851082630184
0.20039115438873253
0.163881355393371
0.12817549200250897
0.09054053376645353
0.04609126349029401
0.008720459910820525
-0.04900034368804508
-0.07040227748004005
-0.1276976742330856
-0.09632623147847821
-0.14383489406218397
-0.16700853679167174
-0.2111154653590426
-0.2579540223972864
-0.2686162913687408
-0.33393084540981743
-0.35409378592362045
-0.4042960698157092
-0.41643832260595387
-0.47394875041235196
-0.5422908014556475
-0.5275573743306047
-0.5686778211466591
-0.612538358642874
-0.625610348389122
-0.6533783497993354
-0.7019783011784265
-0.7271530500825253
-0.7621398920071639
-0.8310026748096367
-0.8487286739679217
0.8609252866888569
0.8449300998362642
0.7917413546329771
0.7721158751158824
0.7233020113870091
0.708076406820009
0.6635892876915559
0.6164458916785347
0.5876280852213824
0.5128738324366716
0.5060450665905535
0.4518519177798047
0.45730118365346434
0.35577346697855444
0.3897180384271231
0.33737927901649106
0.3174020816621886
0.27505587946680443
0.22135128707479507
0.1700860144455974
0.15034851013934372
0.11422212048795506
0.06262519029460425
-0.0033916550368171747
0.027227251283570883
-0.006749773834322248
-0.04660276784586302
-0.09851227717025413
-0.12364136374824902
-0.13725459082305116
-0.20744884099545996
-0.23909874544478266
-0.27059872449480005
-0.2825082793226714
-0.30547514551406646
-0.33721024233806624
-0.38069822909071843
-0.4501557753201829
-0.4699993435261585
-0.48211480965755105
-0.5173182264327507
-0.5727652981894724
-0.6166009387351364
-0.6246857160067658
-0.6377150754873717
-0.663790088505835
-0.7412832297392067
-0.8042572274196683
-0.8436199058031626
-0.8568533471475002
0.866083319328845
0.8181779072731146
0.7639400470446269
0.7299294822703783
0.7479313802823058
0.7075214473253214
0.6634013983066069
0.6174065889650674
0.6216056041282744
0.5306218685252481
