0.07612700105036814
0.11044613268697881
0.19766677894591203
0.18054180592128635
0.12688834170913255
0.07965470070036874
0.09863554652254669
0.0963748653657843
0.12349930146215689
0.12522814516250366
0.09785217406957532
0.06743835641358317
0.23635933377782387
0.22597211264582404
0.2047184804626049
0.1879673069431767
0.09848376122960958
0.10530943594763725
0.04235456097724915
0.17463073248536184
0.0008163514584609268
0.10214804700439696
-0.005813848318628441
0.2188486852544691
0.13838057233317913
0.1812527299625707
0.044544760759133856
0.06543011759549312
0.04608254158619297
0.053497057928618516
0.0005156019845779266
0.1610152461771016
0.24509314712522295
0.14555902677418725
0.03869178364281423
0.0016034139240497756
0.04773221190382142
0.20125633211132915
0.16968993600854876
0.12268113408355935
0.018667985021149774
0.12128934770155736
0.15186242069223288
0.19774655724587395
0.0573673903561817
0.07303304825704965
0.22255888025228113
0.14304412079158457
0.2221559643202481
0.2528025867586306
0.2029660938913037
0.05873896381877185
0.04190208447121176
0.03498325430133444
0.17787265277658668
0.15123893295569577
0.03914188457376637
0.042667257073916165
0.19813762228214432
0.17983858487179988
0.14727030115704404
0.030526977777404686
0.14265659447429535
0.0005471211295898222
0.17363541409630556
0.08239341839230471
0.14752161340036601
0.21386382293250636
0.16469756185476492
0.11345989036405839
0.05800099427818012
0.22289659947445767
-0.03986029619409938
0.24894705572999853
0.11811459891240822
0.19383299489306693
0.07665698711885036
0.0997766889727817
0.22011700340562465
0.0536777082795621
0.1293532882048016
0.236542402634928
0.06478749960482746
0.05827019930438268
0.1573409868552249
0.13644296367984357
0.24273497944125794
0.24262463075879334
0.19222074190676072
0.1899894244400865
0.0350987770356837
0.14102606732295545
0.20515836534179277
0.1490354915585367
0.09049550891596517
0.25224034319504474
0.1581578984191635
0.09856401352842607
0.0552550672112768
0.15664413783294193
0.005030236718610359
0.03843978839953895
0.20160775687844212
0.0795552659456153
0.16928724619319455
0.09796125529370997
-0.007442348657422826
0.10420277384344612
0.12484885955320646
0.15736306967406263
0.11761986349446842
0.257695203630451
0.012038211820793603
0.07053254573358599
0.19509022784545144
0.024288570533302252
0.15484550948317477
0.2552900210850939
0.1633260989901131
0.1408436215135061
0.1848532454213347
0.15826553129260454
0.15268088259408333
0.09422599045212854
0.1904580261365311
0.21553821422141148
0.1491610913157056
0.060886206881222836
0.16012223614190457
0.17238666252075838
0.1492530702383401
0.0030094253348163895
0.06715643651222945
0.03552572703697668
0.1760519012320167
0.1548901690236893
0.2144893148606935
0.05738424488717632
0.12380476000575995
0.13671948215858462
0.004217033433346546
0.12049948552849668
0.15733501615192688
0.17806723503897337
0.09884138361938058
0.10810784522074988
0.15991738496863211
0.1598697420686761
0.1619105890874631
0.10637410094354105
0.013205347125413694
0.07236323186072763
0.022151452213054715
0.18456223825019547
0.2256157672362146
0.1769693433385645
0.1858975125293296
0.02571781975310866
0.08376258565801573
0.23711940860367917
0.09263373037438113
0.11265778600459425
0.21541325512339893
0.13726243037190994
0.24210778444134468
0.09640724238621606
0.15560482008385818
0.10506089305712478
0.06932646293093854
-0.006520224140358768
0.15496011314465477
0.048647042707253806
0.2116767338100019
-0.011923203078758118
0.0037650974723003943
0.04311932618332485
0.06627422848971558
0.20198191742108876
0.1634518219030583
0.21981496059231104
0.0031284302167863005
-0.02035502830870181
0.09104803238839516
0.05016175504968768
0.12468208469262035
0.04591235324478368
0.021295759017046643
0.1070875817872216
0.16613374031322903
0.19556305223348322
0.027355978687553604
0.2409286201678336
0.02842521102186813
0.24207031345081664
0.2334211345771778
-0.002121638138803908
0.16304593941622492
0.22382420948442608
0.05421628094103052
0.00488545906667681
0.03533097089470507
0.04843879330727265
0.2137908392576933
0.2450319343200721
0.04746246508101436
0.16824330797582926
0.22087072886317569
0.194436947570098
0.18943068907641003
-0.00576012326393463
0.004577881294192211
0.17037568383296006
0.1600591053229509
0.0996534314074246
0.2158377460202128
0.22185953416109602
0.11517123791780742
0.23110373672534007
0.12638313447703065
0.18348548324989808
0.18834426451194988
0.19591004708002216
0.069178873645442
0.1466968949709179
0.16459499398417923
0.22409322433307333
0.14741342296857424
0.07434944558830112
0.2628137777801304
0.17422685909137145
0.22379955633969442
0.10867546391550775
0.04753763406218793
0.06489151991863489
0.05636950080881212
0.17886695694571791
0.17518492026206695
0.1315965678545629
0.2107504760015449
0.13857761811187003
0.22787688827613584
0.12531191748478643
0.1935050656741557
0.22276936474619088
0.08233273266899244
0.09250278571782346
0.09536905326452559
0.10493495558262061
0.15108418510177138
0.2169204487204873
0.024609369661532696
0.22058009845114548
0.22429939062034146
0.05261713865798118
0.24374724205261006
0.15785262432802788
