-0.004466986952910621
0.0006487731542969737
0.01999422665253659
-0.01981020700703954
-0.008312848547470126
-0.005444648917787903
0.004646130197077138
0.029322655049118785
-0.014629940177377418
-0.022049068863481812
-0.0023758066199885313
0.02540771967556127
-0.018336323069899907
-0.031943910032308814
-0.04191311558868901
-0.016284480583042826
0.026260164606134832
0.01974696880633408
-0.01244303748673312
-0.011226311287867127
-0.004679873247292535
-0.025444592526649462
-0.03329754263303346
0.011993076143167903
0.003125344394723924
0.012450952139222872
-0.014870485326952206
-0.008587181853345099
0.015148034915911907
-0.015132943570190294
-0.021860717569861104
0.04679500028766758
-0.0168830766052925
-0.004401550210463454
-0.007838400544346943
-0.00019550389600276968
0.013469868800917117
0.0042894934888674
0.003756735972912674
0.029141582176669956
0.013695923200785368
-0.00886745881511443
-0.007720614916538693
-0.03350820658122784
0.03812745321665113
-0.02692338427243121
0.009922522310660733
-0.0015383145005115721
0.013569956839052703
0.004758444154624262
0.02564098194855837
-0.007927460217917712
0.037105391603053886
0.02401935249298469
0.002090261563755294
0.021702993325483567
-0.008013686151210224
0.019316832303577492
-0.019587193223649657
0.005893083416949272
0.034158942164945014
0.00041089018960206464
0.003099568738162117
0.013628946977272557
-0.04789999508020347
0.022058876553458354
0.009257840911372977
-0.007213159059257307
0.01893159561886895
-0.008936677388923241
-0.030064653099737246
-0.009160214101540883
0.018293928794883736
-0.007946936848640647
-0.0064381510324070385
0.007384814848118317
-0.002571244407347635
-0.00965104294239347
-0.018532298902776384
-0.019634993543680666
0.015358652943915549
0.007072576653994456
0.01640784093377271
0.0069976801114904775
-0.0030464313138452246
0.039645424576807725
0.015757718506484532
-0.02739070025051034
-0.022758700292495073
-0.011816122591829273
0.0031505031581702614
0.03748568222519153
-0.010689532729597256
0.004712997022899829
0.014364332940897735
0.018552921669834185
0.01613861390253297
0.0310779902298796
0.03526267817277025
-0.016298398527438175
-0.0060541468378427065
0.008460681222687571
0.0034137731260493734
-0.014952800878948557
0.006641577623162712
-0.004683095772788225
-0.009630707798641159
-0.01626920808133631
0.002125558394385795
0.007520264869970058
-0.0005449276792311127
-0.029451939321243455
-0.025981894136093638
-0.02824610302476603
-0.01023860544768806
-0.02561729024801659
-0.025472466074569593
0.005770560678453033
0.004485797301116796
-0.010323591737101097
-0.01312890214945629
0.004694063161567199
-0.03712463616159078
0.01018583232914108
0.004578550934550375
0.01905414653279435
-0.021091801853439805
-0.021936906054654422
0.007939849003699973
-0.008667446952809153
-0.03734612141961197
0.021622072739619264
-0.026018452702545353
0.010134564960825813
0.023382743574347206
0.014952604920355073
0.002195353632435438
0.0013294029097192057
0.022156149635728085
0.044979138458116685
-0.011517913942870352
0.023755564648727478
0.01751102274550997
-0.012347786868354195
-0.04193266494814517
-0.02356679581491184
-0.041734043382733024
0.010488353161269198
0.008157257318257626
0.036145176922881835
0.023039389094733097
0.006787951185402747
0.02596067658730855
0.021148471097010874
0.0342813266020655
-0.008830982282428533
-0.03830785670244864
0.013546803811971172
0.00957296262939658
0.021820259728130027
-0.017890502417795256
0.0021104909835301462
-0.010005595690958711
-0.027123468545341624
-0.0019901150529865403
0.024843181506048646
-0.015442111418343944
-0.0393196503760662
-0.005774219115465374
0.00916031730881705
0.004776250892133675
-0.010199502303211028
0.0019401888066328307
-0.025913624261815274
-0.0380087861146739
-0.002206122518895441
0.014456269066818298
0.0028325073471645
-0.04070135538211577
-0.006538146818776535
-0.035361794182021816
0.01270891717251682
-0.029129900085750376
0.006684090305652213
-0.002351358087053628
-0.04217989924051629
0.0072322853933083405
0.00644973836360589
0.0018916971559614377
0.019197843472636894
0.010888002280789393
0.006364831302837667
0.005232070667995595
0.0033638616721789567
-0.00653608445817295
0.04255168407047176
0.0025923359239237737
0.014587486400124985
0.039105667241840024
0.004877012212316065
0.0279657003778904
0.008704630149330896
0.0025732575828137745
0.061280306183177626
0.00988713538958345
0.008998263209345282
0.011490698659183634
0.04257104712595444
0.024460909692179747
-0.0029649718598859175
-0.024644930537338135
0.006477847100090942
0.002375005993253473
0.00811373717162376
-0.014113544081338966
0.014755363817176358
-0.010628365903365007
0.0005755688038078036
-0.014413874166499314
-0.016271170094587784
-0.01073036691015083
-0.03388121009546216
-0.0016490450529742465
-0.02387469986649569
-0.014945192542714088
-0.014922071404943086
-0.004141693473701112
0.020154771359921563
-0.029357194365578005
-0.02563284032677302
-0.03736379915132565
-0.02884542709319369
-0.0009173952687963404
0.04112527925396308
-0.01335426056212035
-0.008749587048949459
0.020044541013034305
-0.008110121397669505
0.005575167808619136
-0.0018363315434820763
0.03410448279800432
0.047036627216217014
0.005742971105556461
-0.016786921831706325
0.011040093655119326
-0.010353393092415033
0.019260243587803195
-0.007340109853039498
0.0035739375217814385
0.00632131900376269
-0.03903545796352685
0.02628006968904705
-0.02095244009244212
0.01358057330151868
0.025133908740973054
0.007516747511836052
