-0.10183512265421363
-0.40630974128088604
-0.48834298696119016
-0.43322561550046823
-0.43975270977970393
-0.39349228442544315
-0.2329432203995099
-0.03709160498998624
-0.18432856525961902
-0.029856117014248625
-0.3167607280019876
-0.4198976999791382
-0.1297529662148586
-0.4442478066320848
-0.12260648981944187
-0.04469072697734258
-0.5236696439715519
-0.606427619117668
-0.5248293728151655
-0.09296231286145269
-0.3530158375306871
-0.243465435088701
-0.5009368641919614
-0.16101210256765122
-0.5321449576274949
-0.352139641045038
-0.2155432406021762
-0.24061885837995245
-0.05115325211053695
-0.10842673101549964
-0.3560790383352913
-0.17754697887443682
-0.4193699030079808
-0.5520688844348265
-0.022283091836919698
-0.012884937937167471
-0.07489264178603526
-0.25509394301648897
-0.337812009897422
-0.530222477622167
-0.04896024268263156
-0.5241014081978369
-0.35216813324020924
-0.07337202321360554
-0.0025936954306822226
-0.12237954522887275
-0.4970387121568003
-0.1643661680335099
-0.04851026210909433
-0.5648143673030855
-0.18953970074074755
-0.10118604848089403
-0.03947655285124706
-0.33196978006894046
-0.05166734656541122
-0.2157437466445585
-0.5695191104107952
-0.09970033611066441
-0.19521380762574245
-0.4452913234757089
-0.44461438156457905
-0.2941124903944193
-0.5000850950019423
-0.5115124281660005
-0.24592967815956407
-0.455296381626765
-0.5425450153285937
-0.399659450424695
-0.006355330929614154
-0.07491260490496052
-0.5834475934927602
-0.16359482573340384
-0.37228365499073257
-0.38727764852289426
-0.04494140130089859
-0.38307074333758856
-0.3323559935584871
-0.09725982403799334
-0.08291788829219282
-0.2044545447352851
-0.08658154001182881
-0.1087309520128564
-0.2937359387365783
-0.029819556237187864
-0.390911959810876
-0.06206288409257272
-0.2894022310182502
-0.06274619083884081
-0.22845234346963855
-0.26000530114238396
-0.23381681056711592
-0.4768875458978077
-0.41602990488770686
-0.3263742746766372
-0.37138051985932186
-0.46603310680607385
0.001197011581171025
-0.3065732896032657
-0.5051856116132231
-0.35618751038946905
-0.5127232043874144
-0.48128921138745656
-0.3688277396733765
-0.25229491642303337
-0.42525788707133566
-0.5533638513024205
-0.49928594182609126
-0.19255269519643478
-0.3290577796877921
-0.4575417406884456
0.007081582118441198
-0.14872096441048285
-0.17991995176604955
-0.18824327034949895
-0.41935092148389813
-0.2496147177269696
-0.18935668489583413
-0.3240557207897704
-0.08105451480546791
-0.04190066252117903
-0.5811631219622713
-0.600361085873899
-0.28933680926865624
-0.35327705023474637
-0.1863929579924204
-0.35509407354957984
-0.11189373510018671
-0.2931509475473601
-0.06349867725423847
0.001586142443054113
-0.08222337726002941
-0.44932156305276255
-0.4389533863464557
-0.17042529787192792
-0.01532379082185572
-0.0938868325076973
-0.08195263801852849
-0.48465273677788717
-0.30657568352621073
-0.46747493771391824
-0.5377971387500278
-0.12330673756297399
-0.009402948888074057
-0.21410488614524256
-0.10654254859636922
-0.11564089544968637
-0.35408326990959194
-0.6328182892144858
-0.08824768028789026
-0.07591539858799022
-0.28682868497509184
-0.3085826512271152
-0.2953626935930807
-0.3376494637965227
-0.16335411873317826
-0.03286499711494017
-0.12318413678022234
-0.33420988400138263
-0.023710854369806
-0.2946098985940698
-0.08011725112950613
-0.10280713307980585
-0.4419257873804107
-0.6370173655658041
-0.03683550293172148
-0.1729185617958755
-0.6100595591881874
-0.3080656900605255
-0.3390902410941934
-0.10396472987212829
-0.5945372437610366
-0.4608646968090285
-0.5930301695591997
-0.551245718175742
-0.5340860803702975
-0.42362051726901456
-0.29784384501871686
-0.03740153471321897
-0.20957716843046012
-0.19459305193016624
-0.12259489181306268
-0.16598524388244204
-0.1957294939216914
-0.4766779026482342
-0.2741030997605738
-0.064680394863661
-0.3990063412907724
-0.19647834872374312
-0.43445595100989826
-0.02778626138426215
-0.3843184547832741
-0.5514977768442209
-0.03130963252619017
-0.4076610763033564
-0.3373658456035891
-0.05536317395234572
-0.43215255133983965
-0.27068816220565345
-0.03344794674333958
-0.09467256039263465
-0.5333737802986458
-0.5466631543650831
-0.2128201531674964
-0.3126716948724289
-0.37640614262498295
-0.23829130709992433
-0.33737765366697986
-0.22373138978662502
-0.16988622290165145
-0.5228514137885591
-0.46207178410975064
0.006146402126329158
-0.13010980677158482
-0.5547835226524991
-0.0630286801682484
-0.085879710596033
-0.3403854846080422
-0.17065521848273454
-0.48734108066519716
-0.4701542691692964
-0.5721059150165322
-0.5174322864359173
-0.21920258145450702
-0.24586864469137
-0.467938401941145
-0.16724648871067074
-0.021496268129350612
-0.09247568692072891
-0.21400859361741043
-0.5187303806906044
-0.47693620262152636
-0.5709908967039038
-0.5255363456478329
-0.13316823630743396
-0.3028565224470062
-0.27223382842184796
-0.040846953205283816
-0.602070280839476
-0.2889227370093962
-0.21927358974909728
-0.41067654870529
-0.45913130194400265
-0.0977144210125845
-0.2853905830036253
-0.4184654094639577
-0.32783827880300953
-0.19627488851554972
0.007423012812386037
-0.3284037659985786
-0.3300952933099458
-0.42163105998030276
-0.2904041599300185
-0.14662290410819395
-0.001887995721508587
-0.5945019429914417
-0.3570468396449858
