0.16217242834147777
0.26067041428496546
0.3819239202907452
0.4225403538586626
0.6444191458167383
0.6975447693277737
0.8240705515424731
0.9037900824094482
0.8563120424094405
0.7400364039750259
0.6827361792274574
0.4860355360166461
0.42818272637388005
0.29619343372522217
0.20043298729553677
0.06906327111772544
-0.08370943467033479
-0.11682030147880479
-0.29627270969222647
-0.3725840937005348
-0.5082226893948564
-0.6303891129723814
-0.7488048882512277
-0.8196423813403975
-0.961250846894086
-0.8249154285712293
-0.7453897087673585
-0.5940977085375249
-0.4880834660670161
-0.3834048446911968
-0.2801736064529815
-0.11260879100206114
-0.04976767688266424
0.1175606803762042
0.20292798043917407
0.3304403639226286
0.44311656664000654
0.5273079217046152
0.6528779486179634
0.8172767421475196
0.8969466449340905
0.9467707141993016
0.8441806017581202
0.684782957116204
0.5827918835300341
0.45077199362753784
0.37745701971265316
0.19533192615487804
0.08453345876695664
-0.008478497586144409
-0.09393578037624256
-0.24026808345489556
-0.35114491787773844
-0.47688163390606103
-0.5952882287079692
-0.6598166643038034
-0.8114602623428054
-0.8698190763429478
-0.9015443895745903
-0.7712629067039629
-0.6620526797217435
-0.5806453450089853
-0.46106529897862747
-0.3429608857231905
-0.19736756065878158
-0.09015689435895934
-0.017399147863730847
0.14467705151610455
0.26096675165037964
0.38738393764990636
0.4756810555487584
0.6286152382528605
0.7298428835084005
0.8408111000990599
0.9355460779463007
0.8648571217884959
0.8014659782522514
0.6459611348742628
0.5492842388867218
0.41587353121102927
0.287314714624664
0.16163475883779838
0.02609021875256568
-0.07536321999025655
-0.16821581711514944
-0.30025760635400134
-0.35582411642550055
-0.5239192311836599
-0.6513757187020257
-0.7519659898586497
-0.8366557133956538
-0.9882668982479368
-0.8555541082151732
-0.7497149768744177
-0.5675216466039195
-0.4864141719448696
-0.4000830224018087
-0.26272228549219084
-0.17151785969077787
-0.046842979207707365
0.06221592085743966
0.2325119415853327
0.28818843378170106
0.4229765566216023
0.5713174356686314
0.6808355429370061
0.8184958041202056
0.9275884964919092
0.9060546778487142
0.8172457032744617
0.7017418811233618
0.6081213132836965
0.41646367316379557
0.36530882545574295
0.2234785835696997
0.10462096138173133
0.0020571725456139407
-0.12233050163667764
-0.23677880261430068
-0.35286887323461313
-0.5020636694325711
-0.5841703423753917
-0.7102256808901524
-0.8282543103006828
-0.9229812890340255
-0.8729092080723628
-0.7554077980539434
-0.6723026313850418
-0.5584575991997641
-0.4224439819497272
-0.3453678655006833
-0.19150090949849474
-0.09881850877957968
0.02730916974721102
0.19038718046488495
0.2812440907102436
0.3843684462753903
0.5128102461361324
0.6505506224282487
0.7175675295309067
0.8475371153851545
0.9267475408068275
0.8644368605414984
0.731954946114382
0.6277466294698477
0.5219649793339951
0.4304492273520965
0.29784462156676417
0.14309840213196257
0.01926327065132272
-0.08454246917371606
-0.18294196271352298
-0.30529356956787757
-0.4533244043662673
-0.5708322485387529
-0.6641828584305738
-0.7673501494534611
-0.9018334919880994
-0.9305150917095585
-0.8152846788798217
-0.7379984412424285
-0.5892908110739928
-0.49465832823040246
-0.3388940369334589
-0.2534027109524668
-0.11173268920297881
-0.00277572492799754
0.10559518325692789
0.24936757146635685
0.3371728484800485
0.45889689814444756
0.5752233222977794
0.6876344449309492
0.8157771104621415
0.9225830404764891
0.8976724923311179
0.801520669261298
0.6983575258356199
0.6280937522074326
0.4175856028786175
0.3327296429651775
0.19711588179514594
0.06575206360686126
-0.00561135869407553
-0.16778219127808364
-0.27057012407467484
-0.39301918587234247
-0.47787460281974076
-0.5920252201575084
-0.71215245373776
-0.8216569697805842
-0.9653846229959674
-0.8746636668181295
-0.7591939924036136
-0.6464921426205532
-0.5374388492854979
-0.41037991878429364
-0.2902304409217174
-0.15254385398296755
-0.034688801953978235
0.053650205008784195
0.20378759760401843
0.26711260932355113
0.3965498854212564
0.47814543135324805
0.643904803047033
0.7616916324637341
0.8893242569244411
0.9597098481509027
0.8603196055088792
0.7148298485504642
0.5926270612818132
0.5223941843266087
0.3779775569008648
0.2569888553355187
0.14369857945893005
0.009239676594599799
-0.04694277076743303
-0.23821385209392976
-0.2797255558161849
-0.4272794836731816
-0.551747864953891
-0.6969156001165062
-0.792378732003433
-0.9042230137197222
-0.9053374192384824
-0.831688199185416
-0.6727857862851783
-0.5365254626874741
-0.45473230011032084
-0.33889523941247757
-0.2197130703886024
-0.10713224672733124
-0.014172912758362768
0.11261053490370332
0.24886379003383632
0.37542313628522234
0.4600728546428677
0.5966077088815996
0.7221759317028511
0.838703574913795
0.9331025049500297
0.9050928250079963
0.7965860505563575
0.6631173287171876
0.5269234348207813
0.41686903855011
0.3035888502193907
0.17485198752915412
0.07010876276672502
-0.029002603073006544
-0.16159698073787965
-0.24680731405853937
-0.35585684617305574
-0.5457816815412324
-0.6172812043064686
