0.18350385826549975
0.3611757643458991
0.5087295750247259
0.5712797395506957
0.6634584979477179
0.70377597850662
0.6824765775842988
0.6275409277529801
0.532952193328202
0.46309983750880945
0.241355113503305
0.06938021933038274
-0.11028992570094934
-0.29891329031480507
-0.42454225897006637
-0.5587165327898928
-0.6488381714664043
-0.7198025245599957
-0.6878497161510733
-0.6847099236505232
-0.5656237970456414
-0.4694300574016557
-0.32770852455075095
-0.16911071333645994
-0.007042600278302287
0.16874159864025146
0.3129364447314671
0.4599314309344733
0.5644665739002482
0.6600836047710444
0.7372360823596636
0.6828437024169985
0.5953772051616747
0.5207172779454605
0.3954467243026815
0.25232149080637606
0.13365527656395132
-0.12923037265566056
-0.25213210732528424
-0.405267233013595
-0.5259628115963662
-0.6059609341084947
-0.6918324861248707
-0.6790627966680095
-0.6613021670265143
-0.5584649691993643
-0.46275919177242075
-0.3328461057351011
-0.18280553393310847
-0.01294021914101135
0.1499237424059337
0.3412129302856401
0.46893462650585477
0.5990499966911444
0.6653668534743454
0.7441306997451215
0.7098046280632321
0.6425662232871462
0.5702828101681895
0.4131421122413797
0.29431259232298346
0.11275589485287629
-0.08319185135468404
-0.21793903132061201
-0.43615124726879806
-0.5032591686290366
-0.615121783743835
-0.6900273173559679
-0.7238945436034881
-0.6448212066905087
-0.5997416353288988
-0.5197628780934501
-0.3559019170295231
-0.21736903607690886
-0.021246700944763042
0.17614209265221864
0.2738553366912285
0.48421614609049946
0.5519587559841292
0.6840228343438591
0.7205729420145672
0.6964613295992983
0.6533602644206512
0.5543473687991669
0.4571273581575531
0.26840756569280483
0.1066392804897477
-0.07781899203413138
-0.26242861948186463
-0.3569396714277689
-0.5316025216950194
-0.6118503013632179
-0.6524362673815635
-0.723698276376956
-0.6880092259604349
-0.5954523558545566
-0.49902570662306917
-0.3313073782803745
-0.18763091189446107
-0.039306770749200845
0.15378720810843274
0.3006829891292427
0.4537956677659926
0.5666008155107317
0.6855794732346885
0.706377074396273
0.7043122399797943
0.6643426326238288
0.5798327972792375
0.4561100654258466
0.29386422141073915
0.09197597428946808
-0.022626054817089597
-0.2328999494113706
-0.38057670777759284
-0.5241869995805843
-0.605830809529047
-0.6985283280295334
-0.6916457320275562
-0.6825922600431258
-0.6039132118921102
-0.5147563931201958
-0.36302832353819114
-0.19517543743658225
-0.05620518103134853
0.15672003829287143
0.3127107131734669
0.48260440528993664
0.5708754454720186
0.6594669019749244
0.6732194322386895
0.7022286551177663
0.6527873924824309
0.5646080257743654
0.4261034143946408
0.27568008364029467
0.14723335781001665
-0.0540699437063069
-0.22949608949540118
-0.38601504358681477
-0.5263106710750658
-0.6123029963732971
-0.6712416725342686
-0.7074201477173913
-0.6712096216335766
-0.6448737099130427
-0.5552502020013503
-0.38432051712566656
-0.22457675752253467
-0.026503762998547217
0.12414121678256783
0.29873482654139977
0.45810899895142754
0.5647201829255566
0.6340126071412251
0.6926273525189749
0.7055600048272808
0.6432443363968454
0.5719128820369747
0.4798780469097769
0.3366551485366436
0.13662471508464455
-0.021330837967833353
-0.19118413469562745
-0.3366201044064033
-0.5012032013637734
-0.6008753401755751
-0.6886480720990429
-0.7069812713127835
-0.6797858463375313
-0.5971469085760903
-0.5537562047535896
-0.3908868617140118
-0.2544073327204408
-0.09272392590696095
0.09760271394728535
0.29776681774660463
0.4607737104984021
0.5698690366744255
0.6408574455325653
0.660262435845776
0.7119119885330363
0.624942824813758
0.587481430900957
0.46437002427848945
0.3084205415918157
0.1557792992070469
-0.06074917837689227
-0.1974471097783458
-0.34233399273462334
-0.49592153484053225
-0.6244799534403258
-0.6518723702124327
-0.7306695021131621
-0.6580889805356493
-0.602848501173578
-0.48021107287738146
-0.38225339513342765
-0.22631771274843568
-0.04704115389482344
0.10101944185757898
0.30512569060231576
0.398657322917025
0.542805325087604
0.6637142684340827
0.6905854776755161
0.6819982798655683
0.6656867428089237
0.5961478898439238
0.4678072585303581
0.3181769296974093
0.1322007916693063
-0.01453463268995894
-0.1650544383703243
-0.3463044143823701
-0.5104625824010188
-0.6221797631807489
-0.6592046853748638
-0.7101141102385402
-0.6855224530680489
-0.6334102643900948
-0.5474001236702103
-0.39875564815794684
-0.22178395163094702
-0.07057546022982701
0.1216503884385944
0.276167117017958
0.40862879914904093
0.5645322465365069
0.6591236654228375
0.6796052348022978
0.7126647950437531
0.6860356570037077
0.5964486391684816
0.5021268438948718
0.3191479599248519
0.16552327773984082
-0.042724912116394585
-0.17822775060449064
-0.3225999452416073
-0.46540480818969887
-0.5958038869229474
-0.6810485359592654
-0.7178653662115976
-0.6573810903038086
-0.6257803359611409
-0.5416939693798638
-0.3819436335793348
-0.23723949583743173
-0.06987837531865526
0.10061707789562199
0.26222589900779913
0.44720793975911866
0.5758775419516581
0.6511989317527291
0.7013435880750568
