-0.3177111346562465
-0.2889967819060048
-0.20246049730625693
-0.13499796469954248
-0.020791750387643134
0.08328200069996843
0.175860469831245
0.27769082973498327
0.318666193512542
0.3932293042410708
0.45397314571671565
0.5034662725135909
0.5369125527164165
0.5231255883294352
0.4653346790792783
0.4686568127410797
0.4035260503369075
0.3379008510856279
0.2604928342369663
0.16315093281242354
0.07048279393794943
-0.020886514292654073
-0.1275565779166255
-0.18190705212680042
-0.2697632127427228
-0.40571814950248963
-0.435803644804024
-0.46885792852847924
-0.5026901691105539
-0.5421526747488331
-0.5154846655104108
-0.494846062953606
-0.46966173755313434
-0.43380148346477354
-0.3257170228672399
-0.19701469533414304
-0.2013752918436464
-0.05258150607429116
0.07264766836554035
0.10282509220353815
0.2513537509222367
0.3197893898221237
0.3897948868675388
0.39899003722305787
0.4540440679403601
0.5099437426569918
0.5099690083007802
0.48856422502766467
0.4990520483436774
0.4333835244902078
0.3629954478936427
0.2803196302795909
0.21269596996085666
0.10409476025442557
0.007080762951332604
-0.09018500407458876
-0.1666355059035566
-0.27184061788148284
-0.3292720403756408
-0.4052109274310693
-0.4552200966138276
-0.4830227314773565
-0.4817371844298998
-0.5018992868987747
-0.4850985912176552
-0.4634509199349484
-0.39713469785841204
-0.3500232967779683
-0.28308003321873865
-0.197176149215799
-0.09405561097775347
-0.006314770382618493
0.10066665596221969
0.19983181386373378
0.24068945995344304
0.33708905436641196
0.40192410499474474
0.464502406050224
0.5101605697157421
0.4966575563121445
0.5021738450053467
0.46561266107026505
0.4800182387573916
0.40021408679582593
0.3221058666610113
0.2554729835079491
0.1829349451511907
0.06101860792818972
-0.04238910278833316
-0.0955997919659296
-0.22269964075792972
-0.28908179922995747
-0.3677737825823159
-0.4289217924734352
-0.47999752809177804
-0.4604118265057064
-0.5129065155389846
-0.5067517466817999
-0.48431304065762676
-0.4132854164490848
-0.3764229813548848
-0.3315444579142264
-0.24020994330468537
-0.10630315381505359
-0.030754419512114294
0.027713999540699325
0.11050858701854376
0.23152690872644968
0.3196871959929083
0.35454124777373197
0.47571867324785344
0.4769350463718469
0.4801085380298976
0.5403609804079748
0.5040045329791146
0.4499280716692657
0.4208422852046158
0.36328858921199564
0.334094047884415
0.2237285171139483
0.13672671437084988
0.008789754624467416
-0.0907140816534146
-0.14694560926285494
-0.23974068691089342
-0.3152004915963474
-0.4398028607333757
-0.4478997866864449
-0.4961126574635849
-0.49315200934327863
-0.5146782417597908
-0.49574031438212457
-0.4279654998364082
-0.38914995867488567
-0.328255402956339
-0.26285471914774006
-0.15343018179060117
-0.06292703832047301
0.01814442874803203
0.09140710608968186
0.23180836326192583
0.2952284222666382
0.3800613064751162
0.4186286529645837
0.44842387729811795
0.5262628069212507
0.48544974695506576
0.4704329711597517
0.5394234058903064
0.46970166301210764
0.3989242492644081
0.3071363410375834
0.2559010763589596
0.16325715959263667
0.10723457805871835
-0.04219830088761659
-0.1213705270283503
-0.22941720953144995
-0.2996552272201813
-0.368281930650113
-0.4116988111137638
-0.4498528289642066
-0.4984772057309243
-0.49778485781184734
-0.5291368272269126
-0.46477939707119914
-0.4487962747883477
-0.384355216316948
-0.31529570341205154
-0.20294898748127993
-0.16093284711517197
-0.004536523879406427
0.09253977396053636
0.15078930001458873
0.20750915952085333
0.2827508614289598
0.3968238246101367
0.4593363091958138
0.4597668175936062
0.463184517102634
0.5235897723026667
0.4683218784164264
0.47154063022680937
0.3592021176961969
0.34722146200060316
0.2617981926135028
0.25095788117914947
0.09229072595195836
-0.016802283301017414
-0.08706666430281043
-0.21469917681632292
-0.28033852695723394
-0.32652895715494434
-0.4278178991438216
-0.46310465293703446
-0.46128970886836185
-0.5173618575544852
-0.4886752012216454
-0.5004636149450548
-0.4478876623967294
-0.3760699735674642
-0.38461718873863526
-0.26108350137610364
-0.1621891104740712
-0.039728555578927356
-0.0015302627465102366
0.13222644080307386
0.1830904855037144
0.2879677529320411
0.3151407973233467
0.4311279384590989
0.46339562471780643
0.49854103004357825
0.5061844487950964
0.4713423211947502
0.4920969361054179
0.4291400002547652
0.37862628056366
0.3488100542437602
0.23347196647775298
0.13854253621886264
0.049430677068065934
-0.03374079069962524
-0.13728266558481725
-0.2139625344562607
-0.3191904833628661
-0.3995724071994656
-0.4551115729045498
-0.44745361750593793
-0.5204652673830467
-0.5214873782281129
-0.47833230899450013
-0.5279210133165673
-0.4150128089019224
-0.3827645676997593
-0.2841776017283116
-0.20335854803939893
-0.09731047992515525
-0.019633137176573293
0.039768983313628124
0.13812879873054043
0.2562145194315994
0.3180599027512159
0.38477532407131987
0.44137458804399815
0.4914708781962626
0.5312022560692263
0.4792755977132995
0.5225584990669169
0.4540069550166379
0.4162665512318819
0.34710073259080454
0.27296357331019067
0.16990050067737256
0.08273054821353905
-0.032511102406323426
