0.05634318063446996
0.11439015426978408
0.23091278131845416
0.03145471251444317
0.16187403183205804
0.12476186693569269
0.0625820398413976
0.21778891448298215
0.17851005460017033
0.08346877168351594
0.0962248134335314
0.03429053174644593
0.20822421864236018
0.1897955802553214
0.027229448829852378
0.14667152170599276
0.05035827602502167
0.19068310753850232
0.08099271343467593
0.025223596154256643
0.20833398649404247
0.23207113041969357
0.11133505961777601
0.14022145802550956
0.06907637134491046
0.08879211064935753
0.09914391079985055
0.20347991003333968
0.053517840154613416
0.10214941917820251
0.16877085050382323
0.23668617447249363
0.1046688075844382
0.16995822547538447
0.2768419529993475
0.07497650998346841
0.12434701519792848
0.092366634611704
0.019647080063034367
0.03698583464563006
0.276742873353927
0.19503533932083278
-0.027557579898815694
0.016756296210710214
0.0319151551426731
0.26991075117887825
0.10567412967178647
0.21308913493243906
0.12711888858269982
0.13182035273647807
0.12306237330237949
0.12593871080175525
0.1649506845059334
0.26073903856929653
0.06651874038566774
0.08895081165363447
0.21246827190202414
0.15527592764801554
0.08369631760943096
0.10469690406278603
0.20446707738726658
0.06266244059181905
0.2983305261388024
0.09589501177489115
0.2915689002149585
0.19076284139050986
0.11738019899549565
0.24404916738689003
0.006549974889470445
0.1546174436177974
0.21285590017636818
0.1836502009946708
0.2742475954737422
0.06372629569324378
0.14742858599279135
0.2535448862554026
0.05249349215320322
0.1553662642821595
0.2760161373461255
0.1134736625966676
0.17419271357544547
0.13225188881771419
0.14342803828005102
0.19600155317660453
0.21266017944100485
0.21592650283456358
0.03609272132102743
0.11675719382522125
0.06828746518359247
0.0171030737951353
0.04933544011279009
0.15056369711308026
0.05852070195047723
0.11399554412134467
0.18921428937124207
0.06490260307888564
0.08584808901463237
0.08758930596923699
0.21964595714739968
0.18412456357675097
0.19703622232444187
0.20280782295036462
0.03853444970596955
0.14603441802790407
0.14266766976838358
0.21616562499267228
0.07081877676369976
0.01875303528174027
0.23536201679479843
0.05428292198935691
0.15972242088106905
0.08655134234671565
-0.005373626438819118
0.29066781724128976
0.18833831102733747
0.042055598902244536
0.0663484446209425
0.15592745274945108
0.14546464354614944
0.12346611736134364
0.24768273940172336
0.23975709152842348
0.0359103465858953
0.0388744590321393
0.005770692086969453
0.1885095995399061
0.1859150982947935
0.25584853567108795
0.1805061310040592
0.24958154911592867
0.06543573209601414
-0.012914124931981557
0.07246841620164585
0.04494574163438698
0.19087567601528393
0.08634332344675955
0.19519989539979135
0.30725910365510045
0.09969041577954971
0.19824358229265035
0.21350447667297812
0.17861456482681137
0.27804486155737856
0.0678435314607921
0.10890944587876467
0.23027807772939718
0.07829198947553596
0.23361264392447367
0.22020511271966778
0.07985199384239344
-0.010216062316825583
0.03892456996434038
-0.0026149376876556593
0.20804006397711744
0.0990967921073806
0.07278237858688029
0.1771929886426944
0.01177280590067386
-0.008744665457599035
0.19163911249656845
0.14801833703675998
0.13521418765110385
0.05810857254319812
0.15946123852206817
0.16960540825555334
0.19645250097380787
0.112308541638908
0.18058009609299164
0.2619748515973901
0.1505054788417494
0.15184482989945264
0.10116536611958475
0.09520025302783364
0.04527897497461529
0.21884783847620487
0.04168566486249379
0.14255498979777648
0.2633453844075869
0.14221103742929117
0.30267921736626235
0.023218185918985872
0.19485760029700525
0.17171479585434363
0.15793181118853838
0.1320867866020412
0.23761402524352976
0.09904441557913823
0.18036058250798848
0.13813574572563708
0.07167173192796639
0.22791566566471008
0.1663628541660499
0.06437035812456833
0.017908897912367713
0.23680600177951536
0.03745226981490771
0.12125656116054484
0.039320346188872035
0.08716077904704154
0.2068585485174027
0.1328706374719825
0.06627128562741501
0.10817942874750122
-0.0012908681092482187
0.017700065975647536
0.06217149793388378
0.213343466663603
0.24068392879286685
0.2222156568769478
0.16134267886207995
0.17644820583721488
0.20029465041805908
0.19324344776277583
0.14628125825139163
0.03243810406391711
0.20732776428716113
0.2587295127022919
0.1632437433571355
0.2759493882226725
0.09589020982201482
0.272260510474876
0.19376195179912906
0.062299735519554436
0.015170576696383456
-0.006109808679589549
0.037263543524742926
0.25542146376761865
0.16188334371914542
0.1998822056314049
0.0689230512517737
0.14825888191051786
-0.04177976828060205
0.16620308710625953
0.1547561420134727
0.03558521668625822
0.2251032512145278
0.06201731201091923
0.2027481136761346
0.13757910591265612
0.10934989939933495
0.2876557694449093
0.1847307329862013
0.24641518820705804
0.05639994809321509
0.12464067878123503
0.09081511883174442
0.11825213865984466
0.21620614231948138
0.16602732470426088
0.08702407524444652
0.2520826720233522
0.29140190398279614
0.018518710815396473
0.03663037554905332
0.06199163445431631
0.1546812074209855
