0.15363472718790844
0.11476047412733512
0.15756285215159777
0.1991542918642673
0.18898912818894884
0.19202488348671912
0.1584064220986761
0.1183605322980464
0.1066228764810476
0.10726299905950183
0.09844082437874464
0.10459909255169261
0.04725575738112725
0.039507525595796684
0.03618702470139354
0.06733224841737573
0.017843382175259968
0.00022990634782845895
-0.03213241614990019
-0.058416956657502093
-0.05727125202806422
-0.06786644227264721
-0.08223365306148098
-0.14342867410708846
-0.11578982375843923
-0.1228329970911027
-0.11591939722618491
-0.17656661998132012
-0.19099414275841817
-0.21078113433503967
-0.1761450475619946
-0.120240266640595
-0.17573829908108862
-0.13170633948777807
-0.08922258600499137
-0.09522116161377032
-0.05908599958635444
-0.06314660662770666
-0.004642382488831365
-0.04358876960830519
-0.014752806160881843
-0.01667010059475855
0.01900535018104465
0.029541543369963577
0.030981336209342007
0.07583372868391702
0.08766461553615823
0.0833615545904664
0.10419723630341293
0.1108226987122998
0.0939243359175706
0.12245520729084186
0.1665020744901517
0.14328101685703004
0.18476874547424002
0.1719716544238722
0.13998926582283433
0.14735357194471926
0.09860051622327518
0.11511048660201648
0.09111592910908486
0.06458409447024965
0.08703600662968974
0.028129433509970884
0.022306055002566157
0.008967314347814639
-0.00573650171925195
-0.01979177564617412
-0.03907929742309575
-0.03332550371112324
-0.0496450761313174
-0.05955764518970658
-0.06028531598347121
-0.09034301791555159
-0.12303640021821566
-0.10584598977515876
-0.1326198680165406
-0.16791087132656426
-0.16821329144536282
-0.17877832665657228
-0.15720491648844245
-0.17815209946796298
-0.11162210390436299
-0.1359797102408166
-0.08607622030544727
-0.10541696359511173
-0.04734276329834373
-0.07817641150881299
-0.04589915212597166
-0.07394617042950599
-0.0690702785061386
0.01954042756946313
0.024307020234669987
0.028233591280627912
0.03223877598008756
0.049366385288250186
0.09124419933918013
0.08558364006769159
0.08792515437812859
0.09477890056544964
0.15075094008614875
0.136720487829822
0.18862522658995778
0.19497913465601568
0.16415614088654495
0.1303383035774189
0.17219762077512013
0.15765507928843647
0.10722680102273291
0.08784199842458718
0.09168287095783172
0.09220361621495565
0.056216590697786596
0.038463321176868154
0.039794017572341106
0.009375577442475186
0.008589834583272296
0.006659843643123877
-0.001968866740985238
-0.018033750539102854
-0.09613951214722688
-0.031924057148286916
-0.09712708750114407
-0.11772884992277205
-0.08489212030689997
-0.15194195388918277
-0.14986148019895928
-0.168701084569141
-0.13564277601064073
-0.19798237012093042
-0.16050093276204186
-0.1743717545803059
-0.11986657710585732
-0.1308691894150711
-0.12582606246588207
-0.10260124473801459
-0.08868440528333171
-0.056164107143556734
-0.04222097818616226
-0.02039644779901252
-0.03568582439141787
-0.045333070710532136
-0.006135963625404376
0.02680027377293938
0.038652674164262296
0.07232146762038869
0.08727846763254754
0.05787672723961432
0.10415969957954054
0.1297549562172062
0.1718174173498544
0.10724929328297414
0.14830446235305927
0.1671975649573167
0.18904087140359296
0.16435235440857443
0.1656059860689749
0.1239814711289895
0.1323335685973164
0.09595090960044418
0.10962091008525676
0.056222412665917924
0.055905982925870464
0.049572114935823315
0.005393294771160205
0.015782260776590607
-0.001586490773000774
-0.010540876536051172
-0.005977643730814138
-0.04212874255262783
-0.05673937712390833
-0.08297909507930915
-0.09481087936536231
-0.08920047818522836
-0.07631353678506136
-0.1528608276477061
-0.16677572302253527
-0.19881893256523958
-0.1667548540230589
-0.1885397838485285
-0.17710424883350243
-0.1678710575625291
-0.1668271294519264
-0.12448794135411201
-0.13980756777251888
-0.10069955824776637
-0.06664614455924568
-0.06413665670997477
-0.03132635112168229
-0.006854435180125802
-0.024098973890662446
-0.01900765978631147
-0.0007901361770022066
0.0318547212938681
0.021782500674969958
0.046593112023448194
0.050194617703521335
0.08124601270394821
0.08867761643099854
0.11510662571349439
0.0801986580640974
0.15543433252985486
0.16479500536676078
0.18472114968651424
0.13624220981563018
0.1865027808548644
0.14286064182797814
0.12828640293570345
0.10866002992100092
0.1208945410929383
0.08905741588408812
0.09627693758736142
0.07204307222374207
0.08250320706555825
0.04734998897428678
0.042817435788668576
0.015012751864606832
0.0010648623500765448
-0.02501588565954288
-0.03308047666461132
-0.014631436213673035
-0.07536263336085679
-0.08525684315301962
-0.07005845766838008
-0.11797798958947192
-0.12001073965201764
-0.15260780091331116
-0.1645524993075522
-0.20388533783530108
-0.16886099797587095
-0.12535240151490146
-0.16056392537833672
-0.10988697944683683
-0.13203569260378253
-0.16103775965928785
-0.08024035151797282
-0.05445781880188383
-0.04994993275575336
-0.08352958525694015
-0.007160698767685131
-0.04885607112364039
0.0066127773098642074
-0.027612630476128303
0.013465796666747845
0.011108243204640884
0.003946082791749982
0.10678305091675487
0.03913767691120569
0.08320823545364002
0.08564183129324165
0.11661405217698745
0.13183108972887364
0.11002119908671222
0.1503905656968301
0.17442402244531816
0.17273201889184342
