-0.09878578045112274
-0.07394122623518369
-0.06854259089123278
-0.06865837446626057
-0.06025263817039527
-0.045377356792114354
0.01672024551797467
0.010782018429109037
0.02787068298554595
0.0018406207967906658
0.058353253308429234
0.03996685313017097
0.08260969859596656
0.021919408162349226
0.0924356378380573
0.0802051425463662
0.08363708458204179
0.1299999212880632
0.06447309675455436
0.08488938756345353
0.03739446873839642
0.04762396548955794
-0.01117037433321865
0.005726677607210625
0.015270435006406886
0.015816489904979993
-0.060744414785452394
-0.048640211256952594
-0.06937073737328367
-0.09251784716626496
-0.05098155902478535
-0.08343704486690867
-0.07561842883952799
-0.08749438889744574
-0.10107084928447256
-0.07354989093324997
-0.0592493110386071
-0.05364096091847507
-0.05607377248626129
-0.03199754836410249
0.0024153924879788506
-0.008856110685850288
0.02620174306373184
0.035163996782833024
0.046551258077062535
0.04454824072835262
0.062135561180584636
0.06362837605317699
0.06714269594643375
0.10375901977307858
0.09584308555402309
0.09560239405161083
0.06055235105339611
0.08831639670004648
0.057015395982319764
0.05666018820854499
0.044389190853567385
0.019358548603905783
-0.019211804398170097
-0.029378961676534362
-0.03122216809253002
-0.02610101719791461
-0.0769659844266326
-0.10471244902005285
-0.09633911056706197
-0.07087373011162817
-0.09177169686268064
-0.10133583971930987
-0.07299672299436562
-0.09951395311487803
-0.03984962302739188
-0.02001567841287956
-0.03389816458180483
0.004327288659123282
0.012579292241056837
0.02526130919547146
0.025155911790058112
0.03171228347507252
0.017267459111475203
0.06661577054491677
0.0945288912000471
0.07984445065643983
0.08259973167034378
0.09121949038764009
0.10587306299316464
0.08003230924482635
0.08119615283630212
0.04215542792317964
0.0324417798676732
0.02330792499518799
-0.021643012993370906
-0.003029867885187219
0.015222143347241472
-0.010473554407595946
-0.026593823404107247
-0.06852677014733777
-0.07949399406930763
-0.10110534546890787
-0.09814215404859727
-0.06684646050246346
-0.07510899475093148
-0.07585693995571911
-0.0805524314660919
-0.06969691896588387
-0.06887621818736411
-0.02670546963438941
-0.05355476576617958
-0.00790230921882269
-0.011423821518422113
0.03653436182708233
0.03778088640495633
0.061710486603853094
0.051098607424923385
0.07176405972565408
0.07811282894002401
0.11703761842532799
0.06741946911021628
0.11568713336211224
0.12257914990792827
0.06916157879382537
0.09713435069871583
0.04521568434347252
0.04892771176763773
0.010219621647116942
0.01909094418048197
-0.013383990709090758
0.006168854595166723
-0.045288142302970506
-0.03084193713737565
-0.05303634046816952
-0.06899640377101642
-0.08486873212758408
-0.09492040827458813
-0.0798645175227714
-0.09191883095999949
-0.0734393086787709
-0.07382227039838893
-0.03240460463634434
-0.040904652975217934
-0.013892837146550818
-0.002245730838178731
0.001295661283347361
-0.0069709317442578946
0.020501041165111554
0.0029665809589392925
0.06131371410873526
0.056024507505286446
0.10928123416839802
0.05784641218488132
0.10676563519900552
0.10443434509196328
0.051566002846414535
0.07308004079759478
0.062424336186259276
0.04160909282641741
0.055385481689303434
-0.015149929319782724
-0.0060282590789192785
-0.025879523081172487
-0.03025252250548345
-0.06827474201185794
-0.03056938628263237
-0.030208739608608752
-0.03975636539405373
-0.07564783595140041
-0.08632650722781221
-0.0942615632291462
-0.09098026975380799
-0.08134923911960204
-0.07651638466949225
-0.09747565257022545
-0.06535225971210072
-0.038283995269295136
-0.03796398125089593
0.005009571401039874
-0.009395668824688307
0.045774833321900264
0.017841874941141558
0.04615959561361442
0.06491780543114221
0.04563958674413121
0.11075103539221136
0.08256034693102028
0.09618960781826319
0.07446500435168621
0.07663735439237344
0.09769671833119388
0.05091592622670502
0.07919934499998693
0.044605021638517296
-0.007940352601902446
-0.02388986918635891
-0.019848810168699868
-0.02949574291596581
-0.05104274936402306
-0.07825995225340728
-0.10382390495249122
-0.06685306085087987
-0.06739375506795965
-0.09955045899257894
-0.08919612896994202
-0.06786608104343987
-0.0400373559636271
-0.062019577584111474
-0.029755887868482826
-0.02211748819283009
0.0058870284770265804
-0.011762865896043577
0.0027886428467912964
0.0054465410748217435
0.049436334128298134
0.037842211173644794
0.09030709037668742
0.07910196807734912
0.06461849696191864
0.08877770257508
0.10007627737921268
0.09535134979457525
0.054670975638515557
0.04955206862995558
0.05475733567705914
0.08344029918715408
0.025926091457086187
0.013340964863030436
0.04344172575713076
0.010242569072546013
-0.018786107092194453
-0.06049127017695456
-0.03800275382971678
-0.06014632990000737
-0.05177160578849273
-0.08074326905619207
-0.09062522294267097
-0.08478061809954361
-0.11127122215362824
-0.04382665951767639
-0.10047819819651961
-0.058179811538060136
-0.0593071730547126
-0.01798629202623671
0.01384302389867947
-0.0014333800614062583
-0.010328329808009584
0.010129410732039441
0.048280337272652615
0.05226634435913245
0.0768361710982606
0.03897128196729285
0.07981540806548271
0.08604904221738295
0.11302966048945502
0.05848498664189384
0.09393360428357153
0.07633441132136265
0.0719707354240511
0.1084946727682177
