0.7829505942431336
0.805198429522589
0.7750619738447899
0.794229371015761
0.7923567103835129
0.8196865292986594
0.8044013276992766
0.7885762014902951
0.8088214012621486
0.8067295974230863
0.8027712862242873
0.7348514368253103
0.8082866607495756
0.8303324630777282
0.7764758386029281
0.7873204383176988
-0.7897665522110827
-0.7852898057655358
-0.8097284053911974
-0.7895987143014478
-0.8079628273922496
-0.808909133479007
-0.802967982778424
-0.7773211034900858
-0.7933164396042525
-0.781012880307016
-0.7890606658487314
-0.771113588764258
-0.8203897126816342
-0.7920830004358196
-0.8183039559362114
-0.8029191271481626
-0.7640000977254912
-0.8102629314321934
-0.8043455406868537
-0.796185419579
-0.7948568155008667
-0.7906166952522904
-0.8311171652071501
-0.7845167256102187
-0.7942674116883417
-0.8095328379624355
-0.8210908048516156
-0.8120810177664175
-0.7969567990667692
-0.8199382024321932
-0.7815354601392673
-0.8088852268287147
-0.8017070643612514
-0.8068744292598132
-0.7851788758188338
-0.799037182060999
-0.7807920843988417
-0.8279966254000201
-0.7843370234151124
-0.797352836219997
-0.7813558333617165
-0.8162744367621362
-0.8123042887172862
-0.7954483181979783
-0.7926858503364256
-0.8178220358344237
-0.8070359699574231
-0.767564631404346
-0.7578309165104462
-0.7879390476526291
-0.7795789797879221
0.7991862008615082
0.794350719055274
0.8059534097520762
0.7814082789110864
0.7858565967829585
0.8007854101346001
0.8151202640650238
0.736394815351875
0.809798512781794
0.7902749445659246
0.806760179650402
0.7866492921987309
0.7891082071215368
0.787468352422829
0.7945562647962328
0.7730071866938053
0.8313109270865712
0.796891015325901
0.7833458269711575
0.828225737387222
0.7978717377329989
0.8002986330269029
0.7879503448767428
0.7894173049155812
0.79624236490648
0.7881610189258048
0.8218800043839987
0.7712992745041907
0.7894324826409094
0.8261559968623375
0.7837109686363186
0.7776477747460947
0.7645988514080502
0.7796848191010912
0.7795085540120291
0.7848593691055923
0.799096640507657
0.7817118390540341
0.7967912968038103
0.7839430287044599
0.8182467888891627
0.7663896563142983
0.7749005216612883
0.8179783505725766
0.8061551648005543
0.8064520605316856
0.7946514850951528
0.7883761214142883
0.773488227302458
0.7951946970234726
-0.7739446881986017
-0.7756063497621052
-0.757281239534968
-0.7749694544846201
-0.7830751017218853
-0.8043298643914628
-0.8057587526826395
-0.7846187510096294
-0.7886466393277569
-0.836944556176527
-0.8032880207954087
-0.7871961579502806
-0.8064999362552725
-0.7681250730784045
-0.8222456806039601
-0.7930372184943324
-0.7801987879391838
-0.7987231241058091
-0.7720825888515668
-0.7886004127955659
-0.7900859026800462
-0.7943457941427383
-0.7797805468828037
-0.789847276250028
-0.8450327415352612
-0.7810664104774013
-0.7890547267146814
-0.7728053368559636
-0.785957732363672
-0.7691183920053348
-0.7803883256113667
-0.7747015220906767
-0.8189407495749554
-0.7924970585795044
-0.801382206898847
-0.81542152958185
-0.8147925811842429
-0.8113537148425601
-0.8225122755698471
-0.8065682186693718
-0.8074068258491124
-0.803277052377508
-0.7873487878673188
-0.8189422792228038
-0.8068442811250626
-0.8053759622935408
-0.8440758507403878
-0.7866995598333586
-0.808801042274114
-0.7931245007593124
0.8028016394950225
0.7947987714123346
0.801824734822324
0.7730781291832161
0.7752300214335237
0.7883800772611761
0.7912874595530991
0.789412705393703
0.7904158208575025
0.7858478537044266
0.7944403264279902
0.8289751142989451
0.7528523472257216
0.7909831103061754
0.7987012229203263
0.8159841013905564
0.8212714812324439
0.7821975164527837
0.8220182010092152
0.7768350372834818
0.8125348815314616
0.82872053745359
0.7794999240260916
0.7902031582932522
0.8124457194409499
0.8236985811880416
0.8202165789295456
0.8012418008647854
0.8065716427664015
0.8154439334520652
0.8015590538396133
0.8354137128685286
0.7417941796298785
0.7761888369600743
0.8093973697353407
0.8056961298471244
0.8069140814925058
0.7959249386622059
0.8204899993476905
0.7760149567724762
0.7985246039355859
0.8039039306021493
0.7871640216866748
0.783521963303289
0.8340693677028643
0.8149037112277857
0.8230073947136322
0.8074211534951798
0.812738125047537
0.7806597846033501
-0.7980866689713689
-0.799663795323825
-0.8017357652632096
-0.7936246868519032
-0.8098778564871378
-0.8068752700521681
-0.8089743698851283
-0.7837190269337435
-0.8348712463731007
-0.8089212473900547
-0.7980412194885677
-0.8054065456401243
-0.8184343665421118
-0.7680888597408174
-0.7847456129536315
-0.8127422971715539
-0.7754284681181504
-0.8253911828424462
-0.7923428079824163
-0.8331743686400469
-0.7956884943799301
-0.7575577286752334
-0.7765688252987946
-0.7864453263266747
-0.7961754160619477
-0.7966877023957952
-0.8180179300677465
-0.7640024733229502
-0.8021760559666227
-0.8089400805968489
-0.7975985098839576
-0.8156999633379578
-0.8067230520994818
-0.7914868702004229
-0.8124636176961695
-0.7998113143993466
-0.7764387822671757
-0.8143216978892208
-0.7614133208186837
