0.016747758689016637
0.03456512789530743
-0.010202360632177079
-0.004185992270945146
-0.03423564334980005
-0.05702765820820889
-0.08101445985239314
-0.06583660918534237
-0.07455402399247461
-0.10061389186511277
-0.09306902894515827
-0.08558498068105169
-0.09208370453719766
-0.17707703106759712
-0.15003326113446816
-0.13255942027562337
-0.12691348470422165
-0.19534316299895557
-0.19854017775649024
-0.1759647535298723
-0.2695443229380888
-0.22092623664729938
-0.2436345510860592
-0.26585494766041007
-0.26565944986146206
-0.24536049791274595
-0.2989929802778817
-0.2917905747975977
-0.29875948359532556
-0.31966261553683056
-0.33051853484580873
-0.34323231648183095
-0.3998757736504867
-0.38118946194468306
-0.40202633137350374
-0.40905239938138827
-0.38267636959183404
-0.4173154039728292
-0.42150561862907143
-0.4612917101775705
-0.4434252408249646
-0.4216731003521502
-0.4790043278900009
-0.47903750286888486
-0.47944814292537274
-0.5413757332903798
-0.4912900329094176
-0.5824549091784296
-0.4947992583709597
-0.541848179285196
-0.5599472456153005
-0.6109776571871504
0.5734444926137148
0.5225970946699802
0.5548789678293572
0.5535656765139221
0.5281607506765145
0.5089179334921827
0.5117697845125201
0.5128406374093365
0.4702829485760579
0.5005530790882378
0.45511442416647296
0.4521794259473425
0.46193068320302194
0.41284965790175315
0.4139356307548475
0.42803102064706056
0.36036102086851196
0.37898588245035353
0.4252563688202349
0.3508390862379069
0.3462286649310986
0.3795407885425563
0.3563702025947336
0.3167219184365102
0.30616749529234366
0.3128253632472364
0.2928572837293622
0.2713961589107705
0.2531538367325627
0.21155277552863486
0.20849172515107423
0.2163869383738843
0.20685945402304262
0.1870525143976372
0.19710143339276232
0.21185769072984828
0.14827228386219798
0.12694222368180463
0.19023116795368772
0.10927010043988163
0.11928462025750691
0.11964426277015258
0.08204112725266194
0.07023621376245912
0.025583024818633483
0.034125633580993436
0.06462072044905023
0.041922751222274096
-0.0019133335276262618
0.012346178495043545
-0.02520637472590393
-0.02109493842611914
-0.06072801425617055
-0.06282684633777565
-0.04321940589415249
-0.07582953782577267
-0.09042934360501603
-0.12120992036092718
-0.0686963691883236
-0.1377898189427852
-0.11941764252349363
-0.13252219020852674
-0.14405877675400652
-0.1470326073825741
-0.15410150372003772
-0.17150522947548874
-0.21447665710208144
-0.14331774179205126
-0.18757849518158246
-0.20166796474922002
-0.17610906019779046
-0.257213627420118
-0.22408283190377404
-0.24775824021230264
-0.27791499861104735
-0.3110439429745845
-0.31165839448780913
-0.340429959846361
-0.3094893604887085
-0.35570811002500996
-0.3654131389274021
-0.36282018871844096
-0.38242632892511774
-0.3759945094941545
-0.3917443370175112
-0.3778893219724619
-0.40404873333542046
-0.41930524811178993
-0.46559530745326283
-0.46679719544535114
-0.48101584285042587
-0.4648491181931628
-0.46750354284686074
-0.5052002524060707
-0.5091387538837223
-0.5590988618612274
-0.5226383374194071
-0.555716428425597
-0.554100126505636
-0.5797353066478996
0.5871901792963562
0.5447261335679925
0.5561277247123174
0.5313753624195965
0.5792612168075832
0.5353159636404968
0.530767068210431
0.5064878429483307
0.45123689160280767
0.44409019982536335
0.4830142091521929
0.43395758555109976
0.45750264844767824
0.4327177552043408
0.3849216238605911
0.4361047978526726
0.3844911234931918
0.3753392968031536
0.35090083805675937
0.3655332757224191
0.3303394629349074
0.317378637674085
0.3375389742172985
0.2894358333824253
0.29986655533861445
0.279732513042708
0.2756673803383574
0.2781298043565812
0.2523810975859231
0.2464467001413161
0.2290782317180352
0.21542928816490373
0.2453481522200126
0.18815965808474092
0.21413945099987527
0.18258336508596099
0.19364123535388517
0.14875348970780936
0.17564879644812592
0.1354320607686937
0.1193499347972919
0.08116589718994743
0.10796307671690511
0.11176198865324061
0.04722315033017612
0.08455459326157229
0.06239395532572904
0.024770176925590345
0.07171178795215186
0.0340753962118492
0.01585279890015219
-0.015320849545439295
-0.05034294768431506
-0.013371189420830633
-0.01879855917828505
-0.06068525671907868
-0.07621563786078682
-0.11652847502746422
-0.06924438981336814
-0.09427307008945808
-0.12453825817415133
-0.11147646774894623
-0.1462838244469071
-0.13408676680820247
-0.15398489953971184
-0.17676779746241128
-0.15514050638638988
-0.21789319149954542
-0.22077139342840765
-0.2123962323881889
-0.22365530017769977
-0.2566436274063538
-0.2672367705138037
-0.27084864860637226
-0.2990897182540958
-0.3021427983676424
-0.2791301133591552
-0.31262669139263305
-0.3682429292087897
-0.3648871774201264
-0.29133812550765614
-0.3379417337274278
-0.350531253913911
-0.41209829816425
-0.4002056604054801
-0.39123211937497304
-0.4552332834865023
-0.44643890073608683
-0.4305704298007931
-0.4594449848782368
-0.46001483668482657
-0.47752758211629387
-0.48275941062233874
-0.49616812770029817
-0.5119496635979613
-0.5485025500046982
-0.5630852107000626
-0.5214704916082621
-0.5495160778377374
-0.5368314041273927
-0.5759133481842318
0.5683076747521738
0.524860277005647
0.5383726728478188
