0.3086404623481935
0.5600902347609268
0.18163016563010764
0.4432204007103832
0.27251661263251925
0.053459097575668094
0.2790488188100038
0.18314661437840754
0.2967169877006679
0.20147658668977952
0.49955604426828537
0.2869522052730001
0.33234911537838746
0.4011829757769158
0.6447383471828083
0.20964952039057796
0.13347273183862376
0.6806499836677132
0.5450013159511693
0.6337267643758115
0.6549059923941507
0.6963554468247406
0.6920614465704713
0.735292196694614
0.7583875007270524
0.23388914502370534
0.6810001049388412
0.11872353698718452
0.6501737191875264
0.11734793480070364
0.5109623355821621
0.39414900812059356
0.35463984468544474
0.22967157004416447
0.4063432378724562
0.6407870526807676
0.6414831283174734
0.00449151469977711
0.6837342070508967
0.4288044339167167
0.7126112045958847
0.27921017283076555
0.15898726188948434
0.6087757581848152
-0.013903298923284329
0.3981421338854632
0.40570237968489725
0.3484796773192166
0.015383013366429766
0.22637873984942392
0.2768968263904874
0.14497503975932363
0.30538235060385177
0.30655246904193295
0.7084305885328132
0.731859741508639
0.47712123858371497
-0.014147696118496256
0.6967414849851272
0.22664401890875718
0.27601154482747114
0.628059656315591
0.41963923240930034
0.4413113348093678
0.4743053614043725
0.29065247158340346
0.2873654220266437
0.350076137044169
0.1302055703875048
0.08471750354287144
0.6510121378539598
0.21813207097129328
0.3123547592990386
0.3332470864506113
0.24406465075602957
0.4430918390123045
0.41768637249310625
0.244125931619646
0.39284959994610524
0.41276139472568846
0.2948881131813804
0.07240461534702786
0.17580217206928503
0.1433846673605165
0.21302245618620505
0.6279937402859941
0.36485162069069066
0.0903656046868712
0.34072952789046196
0.056546898495237766
0.10242696347894943
0.48444539624059324
0.683237879801025
0.5706214441555657
0.13854497266987165
0.5840641809066747
0.7267465935885675
0.2558898883949179
0.04644075925818303
0.0009942438861621807
0.6365236352872825
0.2495112564425838
0.3723336957819357
0.2988497255946142
0.2590385095736863
0.2354156314795791
0.04001473652424629
0.5703862333944418
0.05943348824084398
0.5673063889477825
0.5976211376967081
0.711164421733635
0.6992353531696828
0.4700144224477231
0.25397723879806794
0.4669681724860565
0.6130023834367108
0.7012560914429539
0.7097782928850173
0.5638442229590197
0.6885948418187532
0.402855969203446
0.08750570466060516
0.7435804536086025
0.27258093088892593
0.029606405226719236
0.2877779275781553
0.6345767548015536
0.7191001884131685
0.02860312174863829
-0.009097289666452481
0.5169396717383711
0.12480285910501157
-0.013677065463691285
0.5440975111405845
0.04721606076733387
0.607305881006361
0.20502439013676726
0.6480225491376294
0.5244005833080327
0.3435686448362801
0.05275015837584179
0.48208952059488613
0.5651713571796964
0.46571964638703095
0.3687377621530559
0.19153828538919476
0.5731060936868768
0.2384138846479259
0.6496916501190094
0.6955975725386101
0.36762506432703257
0.5286651632927823
0.16800041331169704
0.5461044773781055
0.01614777759359432
0.6784535559857447
0.7228045487485728
0.5071173812265453
0.48201753586256096
0.11977481984022786
0.1448674477365148
0.54596470703716
0.2789679015538677
0.31073532854746944
0.4409949122267853
0.26932738386997573
0.46613316758135415
0.12629443520517966
0.12170494575612575
0.23398094816463813
0.2731872231779276
0.26182142764814875
0.5731837505123251
0.41354455427853
0.2705075795730633
0.2720322332674177
0.44427039060776147
0.19835697901994642
0.45211619939362574
-0.014006165093548854
0.36998323538954303
0.254394456753523
0.5108954429397482
0.5309234975184273
0.7303272004264266
0.3133020013674388
0.36434457062783765
0.01940945996536471
0.02531238823946063
0.6331469126782912
0.5024238501478623
0.5087334557441381
0.11685978933962067
0.6822665326206543
0.43310345383381194
0.17155499317207062
0.25882708485606654
0.17558807983704192
0.7546466498641622
0.7308673784201919
0.2090816981654633
0.12239400946978582
0.1178404970537986
0.055297849648000566
0.7257648573663144
0.6124178041107106
0.2394373842389104
0.2861931712025791
0.2363663022420036
0.6998367644448404
0.4400850140382188
0.5315542086431354
0.677752813756226
0.7557922062210425
0.08994058881804076
0.10186421501882104
0.25211614974433266
0.25869095668118214
0.4035778672822535
0.3353109521735579
0.3258636198400523
0.4230968078132953
0.13877374241323315
0.13365146138674233
0.6846945537182735
0.5565528571987851
0.36979847439108476
0.23906937600090825
0.6259245383628567
0.3943718724739937
0.5353573268241457
0.014651638080393955
0.30129827926666447
0.06468678542573272
0.3363644461648124
0.36602206672882404
0.7665727063329733
0.639645412561258
0.2293379783038382
0.024808019815586287
0.5386509480343321
0.22135901781138267
0.4339355762355327
0.12342964028569411
0.10923413170030155
0.05947183884521945
0.6752275738824668
0.3736796859708224
0.7180763092359476
0.31810832971099373
0.6314080794277968
0.1718047516201764
0.23790755170756198
0.1995037305008099
0.698394973308532
