0.06138954536725583
0.042446102462618825
0.06836875961417416
0.07804148613857417
0.09506537819590791
0.06583647152031473
0.05069137318435314
0.09123310939847668
0.09371011078591546
0.09070423453557755
0.0977293418176903
0.0472326140505624
0.034816208092067105
0.08710251789996368
0.06418294007502028
-0.025899867302124784
-0.05855282941931437
-0.06857413445656549
-0.0409885953161096
-0.08590654723047764
-0.07879113309777117
-0.014092164073980645
-0.061563831457574256
-0.06986937749989033
-0.06767939968222611
-0.06392362409399645
-0.07078554940900608
-0.06856555059090677
-0.024777550124492932
-0.07624657482272552
-0.034603059508329814
-0.036262462584438666
0.06632189846650548
0.07520018790024342
0.019969902646339334
0.05326883037210719
0.03562900313470475
0.047200068010715746
0.08389706056503363
0.060074245909512464
0.022650233641256193
0.039737465298115615
0.04370331403095651
0.07519046448876414
0.07400699599919919
0.05201471009732542
0.042705201317842015
0.03786098500023814
-0.07490008415098512
-0.054204611928127915
-0.015697702916253407
-0.06517060120173182
-0.07566845403119823
-0.054641087819785286
-0.052687743537491005
-0.07977717080708464
-0.09774369923336751
-0.07869660247439633
-0.06851316085334269
-0.05217544971373734
-0.06932416381221632
-0.062372261186099995
-0.08104379252394209
-0.06028385361910549
-0.04834582375118412
0.03926113374045694
0.06846342185792216
0.051252359354501086
0.06168607644395008
0.06233554302905868
0.06304369180044155
0.04257254299913898
0.07297128158231883
0.05592083265982492
0.04871079771888669
0.10039249299523641
0.08326072714298982
0.04926957448691237
0.05049414717666718
0.08113975885133182
0.054091403386837836
0.07199551387043547
-0.07062362011861112
-0.06799623265423625
-0.04702654955572134
-0.08116149708381265
-0.09283088268334823
-0.058067994426666415
-0.09651054658318739
-0.03957352243022509
-0.04983329954560263
-0.0569629658678672
-0.014415369768920293
-0.04816485696425202
-0.03951913289458768
-0.048966308642968505
-0.06626119566712214
-0.044822039327144944
0.07590029397818428
0.04611547478010975
0.06911664377434293
0.09402602743780478
0.021903839416481975
0.08050689616063839
0.032057460135826804
0.04460657318465068
0.061639876145218604
0.044693621562853156
0.07130242038589209
0.06930007594920579
0.06431526402641999
0.052820166290237974
0.042300363460893414
0.055421636848867854
0.04550624622019396
-0.02118501323034727
-0.0669097784002107
-0.08462906552445723
-0.0714756836412641
-0.045706619049099506
-0.04116649247681339
-0.05604134408456867
-0.05588427057296848
-0.05468041344323588
-0.055061014595415556
-0.07621943028044675
-0.047748166678696025
-0.05368994355521878
-0.035858021304294885
-0.028851892663949205
-0.07735169272039993
-0.03245147169295073
0.07204560612284186
0.053178589479589394
0.0817959770886951
0.07262665845752873
0.06139926782388563
0.07730512165440483
0.06349088474445654
0.10522217969513034
0.07229575360277977
0.08468548733503921
0.0567851342126484
0.041585851427135556
0.07910772771453023
0.06939410855222969
0.07829932822223767
0.05035909174221005
0.06467501402271146
-0.06359221391364761
-0.09578021430042583
-0.06367293429648675
-0.07289557190645626
-0.02407425444610716
-0.09778470891718546
-0.056742226434425745
-0.05594002978150917
-0.059432690841948875
-0.05251007473763503
-0.06503560606887546
-0.11929645505407954
-0.026563146892738337
-0.06100692098667714
-0.06305309569946689
-0.0748911051996715
0.04906648381756622
0.06181662285904929
0.02674490268384864
0.06566700244970257
0.06322935954186606
0.01894110014043727
0.08523254546984058
0.09285811892492374
0.055876727807218536
0.07582862705728505
0.07672370055871063
0.0702992788292495
0.07467488168156966
0.050032653198406496
0.03658231301388025
0.05648695795923179
0.05327178776985477
-0.050866262659439034
-0.05145266338914208
-0.08052276921824095
-0.07162155650284818
-0.05195867754846256
-0.055595281226697435
-0.08286798847748993
-0.07913714918785428
-0.05810364502277151
-0.07735999220017384
-0.03838996624753599
-0.03448567402426049
-0.03964198421135498
-0.020478375701282504
-0.038670704539548816
-0.0747175682483897
-0.045124313835830515
0.048075497220953785
0.0755814190200404
0.04688173037105904
0.0653095017456312
0.03298866623647658
0.07749534111079234
0.04491489305495904
0.07155075838680908
0.06356986084886625
0.06900854030788946
0.11281289828397362
0.06533370602526814
0.05476568679362082
0.04371478994993587
0.0847746708152588
0.06210513885226145
-0.0521297444749377
-0.06516050106773147
-0.04720445896335061
-0.03989409433268022
-0.05566113497626986
-0.0513557611558631
-0.0625234055306157
-0.05095004226979207
-0.05347445823365578
-0.07458805247179268
-0.0441941503301683
-0.041371664943951114
-0.07771967365711925
-0.04780087063913968
-0.057848282077743084
-0.06686798650613883
-0.02381308931679705
0.038132616584691845
0.06665863955827622
0.08133081281792329
0.08398841572299788
0.07311516015333515
0.042512251786945454
0.060595733945066
0.07024932255811217
0.05471226732381042
0.07064276598779098
0.08422530680822106
0.04985125672113694
0.10686770849994941
0.04628791471306118
0.0903363218803039
0.06566785162303068
0.08683941915362421
-0.04282596638959536
-0.040689449414217496
-0.05963483787798259
-0.06921632202995526
-0.05174861255772881
-0.039958806383572965
-0.05472103841735805
