0.1532783285822188
0.1482881800111921
0.1464701913835424
0.10501248313535505
0.17139142116911676
0.13016050964045145
0.11515113645225478
0.11247933641596357
0.1322568148434751
0.11318065694375645
0.08102083216109635
0.06540908524650588
0.06558384173268436
0.05449401616847619
0.03849675061621656
0.06516581168301376
0.0893191366849569
0.042949635733136995
0.014547014545784664
0.04431030886971724
0.05040610818025103
0.048944898983675295
0.024220676367442222
0.0548811903921686
0.03411326905458459
-0.0036991867974697406
0.036997997908571785
-0.04142735141292408
0.0007757662526693913
-0.003655488520373878
-0.02245218188191443
0.0037547652006672504
-0.026370378015133367
-0.0592904336375116
-0.03283426273948403
-0.04524287985054833
-0.08139149867971268
-0.09922694617264466
-0.0682483794314701
-0.04333416235870906
-0.059610396849675756
-0.10985726843141477
-0.12411804012526614
-0.11065392916409825
-0.11611734304300708
-0.07691344366605912
-0.10192538750065883
-0.1292114880229774
-0.16307021193396135
-0.15164728143795825
-0.156297537059946
-0.14346717527037794
-0.16202639384960255
-0.17594480016027264
-0.1833242832278072
-0.17924247574443727
-0.1752472314912543
-0.15644060511163205
-0.19375553404921395
-0.20959440100894838
-0.20148585319039322
-0.2315725526237132
-0.19251842902783417
-0.24476069839482995
-0.22839088545343322
-0.23671322229952652
-0.21658906131938788
-0.24272624610035426
-0.2391765685698719
-0.21703985732747694
-0.2964173080482465
-0.27706740604021174
-0.2962988811118166
-0.26941702249541166
-0.27702283223252583
-0.2989196215581381
-0.3072249697972859
0.30124541149223116
0.3021920821643862
0.2903641968462538
0.28607882819336294
0.27124612847724794
0.2855445344084826
0.3138090558083027
0.28267251526199255
0.2694164660451877
0.22907659111359077
0.2564729613585948
0.2384736850831421
0.24975802906855496
0.2563557488989349
0.16578903025308472
0.2116045395428742
0.18607968503633446
0.19291445464486628
0.18246470799808187
0.2050440023588998
0.1905080457617228
0.1724142562045659
0.16716740117253126
0.17607434234533323
0.17100658567487972
0.1155794216380065
0.21395558045401525
0.16784962251030505
0.14560301422462107
0.16801094671461186
0.11283285363066924
0.11912043700998805
0.11546883477371982
0.07308887871140868
0.10542998597619363
0.0651447660811849
0.10093652166521998
0.07454983454718327
0.050356923992823405
0.07165655460723303
0.04297989153107753
0.07609186546214013
0.012549784991007104
0.05464665359391102
0.052181125741193504
0.0709312512346116
-0.002498521439063813
0.005334136041629968
-0.013343513066348194
0.012345678561734928
0.005398160970825905
-0.0055198095844754685
-0.018252357503265548
-0.023845742131327126
-0.07053551463036753
-0.013739183423270837
-0.021177212026930216
-0.08517379775332287
-0.010594059317918701
-0.058964516229620366
-0.06263587417814138
-0.052544526287259787
-0.07819534865811419
-0.09513086306603338
-0.05719539702538082
-0.060444183251143084
-0.057980464942855324
-0.09008678821457286
-0.1226208233363647
-0.10521541806654656
-0.1546649649983092
-0.10882015583992194
-0.1135923807011945
-0.13444660989996893
-0.1582148256844339
-0.17459761177505911
-0.14919656372272846
-0.18347995423158087
-0.18432731910381883
-0.16598144914966267
-0.18241845301570422
-0.17606526101787973
-0.22437648478213168
-0.2348214448212726
-0.23014697968743314
-0.2335660363569235
-0.2377548400774212
-0.21139854775470557
-0.2549036680837053
-0.25999109795996955
-0.2634443184947924
-0.29203858179685616
-0.28123336670242655
-0.28221562135555067
-0.2833738709702796
-0.3009909382808176
-0.2599907543338719
-0.2723982822513682
-0.29407389451950955
-0.33892287499219487
0.29817127786612674
0.3342562237332714
0.3132110782419961
0.2972767883988089
0.3099474116421451
0.2324615181142917
0.2564226192269629
0.28719940456631826
0.2708362380130269
0.202433025871798
0.25808075860515256
0.22321855118913236
0.22444938823656785
0.21025192058977532
0.21993525429923255
0.2354012443779369
0.20842270229898607
0.20583604826611232
0.2153494014899035
0.18656496095248015
0.20066767507604927
0.17574948272773086
0.18579823854549268
0.16069144061877835
0.12737225402352975
0.15338867286399885
0.12814521710367033
0.09721408766303904
0.12448326132142032
0.10593146684230134
0.12097523898766095
0.11981654114877913
0.09512420377138602
0.09265578738136243
0.09323685452759319
0.08717093276548817
0.04879332026124784
0.08336141500199314
0.07243237664044554
0.09667531797593884
0.03588733873493597
0.04500075585417735
0.04808565043596452
0.07423541536546821
0.06978617196564268
0.031235462977766085
0.01787507463215999
-0.0004292240121559106
0.01625078209188398
-0.004772984006143836
0.008305850916651002
-0.021740884129219325
0.006517985487338536
-0.006830280093013353
-0.031663702099785036
-0.05256125817577121
-0.03292310206046131
-0.08253214760449012
-0.06436877009145642
-0.03773675725420079
-0.0580929037435679
-0.0690061671290043
-0.07015153528345905
-0.08870816228202809
-0.09782025240826259
-0.10928305131048324
-0.11111010033102724
-0.10370058310714424
-0.10589879159871614
-0.09365837667450785
-0.12050854649349545
-0.13750191837358705
-0.14171944019117105
-0.13170922591603892
-0.13815926003973333
-0.1695478713455353
-0.15048870048811164
-0.13803915141019094
-0.2060853092082648
