0.47812202917459046
0.6380419457781551
0.527781542720941
0.2688844733390755
0.10268061052637195
0.15816782021187156
0.5912834798787664
0.3247008912583034
0.5663122564771467
0.3458882541418271
0.4740444708865354
0.5167249835755184
0.11435182391855672
0.08440178251807892
0.6689389909852659
0.19970427093202586
0.24919567576469742
0.581111269310452
0.34927549505271993
0.6445925901777747
0.38114536671108734
0.6646083853217493
0.0753904282638875
0.5409315773730545
0.2832277853270208
0.130298600867584
0.4084720466412601
0.25209521274633034
0.18874421110865952
0.15671588977949366
0.48867770100324126
0.4980489593513252
0.28139577566613794
0.22935368288458446
0.5901205245559727
0.6230778792235085
0.4313385846947413
0.0073549579435475175
0.23731040951444027
0.09839129055566447
0.23189586760894454
0.17160809547736375
0.03730246600131497
0.17005472346007863
0.3841216898037619
0.6014298637930027
0.641597666384466
0.5016076253280363
0.22629164830186185
0.5354197702154764
0.14705188776631628
0.10363675913510881
0.47119342815172
0.5248883408976902
0.3646304434826076
0.31956365890222926
0.3232791281047203
0.41612872576313736
0.18548460809793044
0.12671850955818686
0.44954137641338987
0.26297142482905994
0.4002202234572576
0.49254521031139537
0.43457322636691004
0.05145924534266207
0.3003673253841616
0.498793810961147
0.5481003526311703
0.4827096930836862
0.6231912669569416
0.13627768027722997
0.45868328341952647
0.632773672297042
0.31719357547475824
0.5444978510486423
0.651087921288015
0.5024121814244962
0.03800264235125515
0.6297754115426875
0.3480912323524899
0.1390200433171542
0.3419405129767959
0.6020040833042213
0.4840505774867937
0.6461942495873246
0.5370262932185588
0.6030459564611782
0.5173957906564954
0.507817552906129
0.11550815449340028
0.5867798354871547
0.028522415750749968
0.2511617647295072
0.6483997046426369
0.4635162370989906
0.613497381616136
0.3387372491261484
0.48372799548982476
0.22237764119921705
0.5062012451867879
0.4407706943037283
0.11992886646109803
0.12061405903558517
0.45635230955266
0.32948921803983233
0.36811395402670954
0.06443844615335215
0.39018066948624297
0.3711211776432547
0.07904357077216026
0.12962764658017908
0.36667004392614877
0.44955353448111174
0.4914056061055822
0.45567736555069094
0.37305338643272606
0.5089147953857515
0.5300822141021064
0.49894905084927454
0.570317680233554
0.14906520667312226
0.018546402017515052
0.30321999179522824
0.4814908525006217
0.5943565181412878
0.10600901107972638
0.10324416188404367
0.3643111493521608
0.1703892277188898
0.24482090391073308
0.35612731531269526
0.6818648825149639
0.11767306750510044
0.695344037369342
0.5215302709672831
0.47939704779706493
0.1565847695820922
0.5403912433868111
0.31325228990176274
0.1583283069203266
0.5064285521579546
0.38603329185213026
0.5395720425051173
0.17668865110034482
0.3182537183216481
0.3970873760956545
0.06341919584333601
0.5614638426959546
0.47181112750825976
0.3203611811283746
0.21703480983194598
0.5514937223924511
0.5078912443289054
0.6237467611083587
0.40905170622105974
0.2231227018740791
0.10585503977008145
-0.014531008062212698
0.09077751706131347
0.6327273316134401
0.6939674972967786
0.3368615937731878
0.31881752855063633
0.17603497482948133
0.09895436042500419
0.6620700200620161
0.09109439940723942
0.16753368954006898
0.6603024642537537
0.30806857377955066
0.36270666857560363
0.19848847457679877
0.32183528776197917
0.3501042402884725
0.04181384190788105
0.22802655096821353
0.2578860618510039
0.25267553397693077
0.45864739756940137
0.4564226087209523
0.5981231166913002
0.473104182567155
0.5951003466501912
0.10102911469510599
-0.0025328821509669423
0.38027419623205666
0.6714498598480687
0.5712709724654065
0.5143402334422771
0.5658477504929952
0.4382252267774412
0.17207469790858773
0.4726971537595062
0.31409749016718486
0.0656009575568508
0.2976144445107994
0.0645200641386372
0.594029775145495
0.20191560784985285
0.4260022850168343
0.5644275044391851
0.4706842895708587
0.586436991016237
0.35185748098584707
0.48546640719384526
0.2616564207928075
0.5739363062767122
0.1654416303799462
0.29682612626317295
0.2947717703697757
0.5968497063793986
0.04965899093055473
0.1522609227071693
0.42613348613642943
0.6581270160000117
-0.0032099811524438017
0.6347722845677866
0.2609492216479302
0.3134739454028723
0.4363229421365241
0.6141402859678422
0.5864066713539342
0.407910415192715
0.44590626242424963
0.6411518825878947
0.07992743005026906
0.19179972728055722
0.3360001092784172
0.06787909192297142
0.49119749505213073
0.6703512911880868
0.609409643711362
0.0928666687643947
0.371978295611817
0.16894149019758997
0.5134875726583661
0.15545295992170105
0.12671279932102805
0.2547707386119538
0.3113917537732574
0.14069070338017453
0.4224805221035606
0.10279316351002415
0.5604701538233544
0.4919330313964325
0.3666510724596729
0.4474401742039477
0.6350756060546412
0.35117590319981457
0.6733860505415613
0.3819030989944931
0.32179431516131174
0.25951292644737056
0.35729303842799937
0.3345034989880816
