0.570881667620552
0.5609692933267355
0.46746851293079533
0.37411865479357204
0.3230424420217558
0.22399646553101826
0.16127846695098463
0.06692233137445965
-0.0327604106985691
-0.06225350872601425
-0.17623793364393145
-0.23786877382977756
-0.31786788491529594
-0.41041267082432925
-0.4535293785260402
-0.5290638231346821
-0.5914865081223886
-0.7194844402908841
-0.7488027890325265
-0.8574183078203612
-0.8930166094782158
0.9420493070989191
0.8453286237950892
0.7112134484929062
0.6592092661479896
0.5966389554153863
0.5325313667789013
0.45917490202365746
0.3758564097131017
0.3014925574363499
0.2436500868694184
0.12943011966831264
0.09027646924204256
0.0026736087943133565
-0.0837128013320075
-0.14034979255790928
-0.20405111273451543
-0.25895947486842935
-0.38062178205895175
-0.4152244284538735
-0.5126155280561403
-0.6141884854966876
-0.6641945685656238
-0.7660632244416554
-0.825413553043821
-0.976245861070012
0.921954146731835
0.829007754184386
0.7255693495223501
0.664312992667642
0.6004040983689246
0.49964695729835695
0.4833229427160425
0.38595558421005544
0.31360660055993006
0.214267160359118
0.1500549883281447
0.06941871672746162
-0.007947561116248785
-0.0766810879508895
-0.15563475978785835
-0.2248097089672871
-0.3084143212122999
-0.41507864932201244
-0.45982541086307643
-0.5311827537680819
-0.6152749949066354
-0.6718719070528906
-0.7520301312362476
-0.8269948976926793
-0.9185868959499793
0.903089117725686
0.8276824363576846
0.7873967247670709
0.6982460791334646
0.5658743620828537
0.5631280679246415
0.4774503972559147
0.3646348272610346
0.3002171721741114
0.20511571351084146
0.14918571604780634
0.09287811309957025
0.005838775040972966
-0.059177085448479105
-0.1706809632113258
-0.21319870081734169
-0.3313015374292155
-0.37628478631282014
-0.4710422111507298
-0.4917198317559532
-0.6004756448844026
-0.6660012121777648
-0.7825217139491871
-0.8550852404961354
-0.9244834688520734
0.9065718977507469
0.838374747549264
0.7376809332598067
0.690209646378881
0.6406296925487579
0.5740965339285832
0.45575402272084825
0.40070392173910346
0.31152658838638336
0.2353272283762732
0.17174192700733698
0.08211141136013078
0.017139103673160343
-0.05761845367217487
-0.08937324868308558
-0.18430297855830635
-0.30600893080490077
-0.35381304312334855
-0.4514298024979728
-0.5102327240647613
-0.6001043739522293
-0.6708185867023743
-0.7431429110324955
-0.8028800234971141
-0.902640507761865
0.9142105114934701
0.8433544299309202
0.7815040687393903
0.7042595956778814
0.6241363894138414
0.5222099287343205
0.49194402138078835
0.3662838713065227
0.3129435793552989
0.23145085104363003
0.12428430298141022
0.11857932033329677
0.018529397472093114
-0.04053951678125782
-0.11985041973318049
-0.21887445492302257
-0.3332687218338246
-0.3618350389372782
-0.4347762099609273
-0.532470633250717
-0.5973116550697514
-0.6810374253177879
-0.7476737395550933
-0.7946777872570755
-0.8952666645646042
0.9461427005462494
0.8498039259657753
0.7641467935098654
0.7314655781783642
0.6125383067592407
0.5776722739738953
0.48627784526903667
0.37570331580184185
0.30619417692871564
0.26295207901107354
0.19433300833548925
0.10195107231897248
0.03229259104045407
-0.044043303308559614
-0.10789258575169877
-0.2064674669735632
-0.24212380314078932
-0.33042468473525133
-0.3866154223163162
-0.5324860985677747
-0.5961829758497504
-0.6448011221396884
-0.7432714263024802
-0.8455325774629768
-0.9253261561386602
0.955686133748119
0.8462925459927395
0.741558115277789
0.6958313102114555
0.6356152470509518
0.5528136218278148
0.5051184328627396
0.4515187756108821
0.31321483238693715
0.27349738184510825
0.19805397786812856
0.1087333959148843
0.02901693997706688
-0.08443858272834877
-0.10032373356815368
-0.2182340801146883
-0.2662252722350892
-0.3384721839473496
-0.4327363798059532
-0.5000005012200488
-0.5806656771885933
-0.6586608167866892
-0.7455659508857881
-0.8300065107945278
-0.8663010192294561
0.9468366070753768
0.8346541543699562
0.7461816337748177
0.7230296219265598
0.6453970580014258
0.5584271964575296
0.4648622847068356
0.3866923960975659
0.3231653785404996
0.26565662250216104
0.2015245773812317
0.0668531123962468
-0.0013069037244091766
-0.05784762878754596
-0.12542937189956027
-0.20314465514803268
-0.2821081081071455
-0.3413570290072148
-0.4324807203929869
-0.5169898978205485
-0.6041977974184031
-0.692406505637054
-0.7300818008766252
-0.8006661536983795
-0.9141115552081691
0.9559367473293272
0.8836151002334114
0.8100854729584969
0.6917624444429955
0.6509444342794659
0.5923558841868011
0.4825433616057185
0.4002344876680096
0.34896183626743854
0.2866951885730141
0.1880562045239317
0.08786375962824035
0.03425526156048999
-0.05159031272276843
-0.12210777922044687
-0.1927595156665478
-0.25672769604616913
-0.343738381181642
-0.4462406069788515
-0.5076476890996239
-0.5504457252270842
-0.6388401154481118
-0.7004518329804094
-0.7939803991239678
-0.9089196187257657
0.9279628381244616
0.8574631043835991
0.78050719847472
0.7408207017411819
0.6307645852127859
0.5682875887979796
0.5013232852126653
0.4127709593552422
0.3371271044315805
0.283121803473691
