-0.692279974781516
-0.7108117736318104
-0.7234548359711511
-0.6913486566390944
-0.7031499063769228
-0.6804508230971905
-0.7001447431537403
-0.7195987712601876
-0.7090681144720699
-0.699618316880413
-0.6723562046008843
-0.6568146434623559
-0.6888986285441073
-0.7025684262136641
-0.6796561484024769
-0.696261881467024
-0.6537951475155754
-0.671759074618794
-0.6954023732685515
-0.7040044757357774
-0.627460495787966
-0.6970490511314534
-0.7224699379039343
0.6941105971893942
0.7027579993935008
0.6694774959523828
0.7171671921512058
0.6960723628077836
0.6778190217304583
0.6728977486241132
0.6932349183322667
0.6949189809216887
0.702459403144408
0.6566076577475625
0.6835879140725054
0.6889904876315076
0.6769293177184923
0.6916571409411737
0.6963391772674188
0.6692533888745599
0.6962979046787161
0.658597808334046
0.7138849585230699
0.674490644746152
0.677442478018023
0.6721643762849248
0.6715869824781651
0.7170148012898478
-0.6648159953347088
-0.6975067598589949
-0.7228284345321931
-0.6659543075470707
-0.698083656870738
-0.6954354384278459
-0.6905946668372007
-0.6939647206966368
-0.6619827380173671
-0.706402673459189
-0.7349943086329405
-0.7020374374525321
-0.6767013151331925
-0.6693342672817506
-0.7140561127160663
-0.6690263449462571
-0.6776331556518689
-0.6901499954912781
-0.7193452494106816
-0.6909945618046264
-0.7298536285703038
-0.7020639798766801
-0.6870250410671374
-0.672497674647656
-0.7017144339634263
0.7315048737603214
0.69918673135361
0.7245600300707573
0.6931403115385614
0.6935257413824891
0.6764133206003953
0.7057082354644302
0.680530794489778
0.7132968990837025
0.7265965885740678
0.7305103510113451
0.7470178655173549
0.6825412793780586
0.6444643164097166
0.6855761581362876
0.6755291869429134
0.6447788586499295
0.6561646380743873
0.6880348432189467
0.7022135481054088
0.6955736725690276
0.674501387285181
0.6849233925813212
0.691601253325416
0.6962280152326098
-0.6581614605633441
-0.7075316826592513
-0.6743620122320232
-0.6836455709613878
-0.6767111391436029
-0.6883896760018549
-0.7271072888023372
-0.6823560194708932
-0.687610289241572
-0.6873164708364615
-0.6909632679180638
-0.6779994449925074
-0.68257544610437
-0.6984991331153695
-0.6861371335102694
-0.6775468470797998
-0.6744621220703845
-0.6863231600919735
-0.7077245182857644
-0.7030590147152421
-0.7212431813761887
-0.6995433393058061
-0.7208199420905761
-0.6648065754601686
-0.6632489589074643
0.7145892204026717
0.6562776837929281
0.6801023284403963
0.6802966213408312
0.7058658632106573
0.6969104655408661
0.6916603612978711
0.726516634989013
0.6856099622319071
0.6658466773304719
0.6598323131171501
0.6813362708262323
0.6903922224780875
0.6629705332106471
0.6995216874359935
0.6664120232256215
0.7179981827577985
0.6941220944137789
0.685143144354972
0.6786479880785005
0.6930695511904826
0.6793723959851408
0.6537003163829161
0.6797168954460436
0.6860668260925638
-0.6935019607004441
-0.6849340838372647
-0.668991544468208
-0.6695518503086867
-0.6826697578026727
-0.7045751490469112
-0.6889494752233116
-0.7333039143170753
-0.6956786386462701
-0.6734087277784169
-0.6677369325267037
-0.7069970032300407
-0.6811414571691221
-0.7173781037971155
-0.6919813136681238
-0.6747230478312226
-0.678238214354937
-0.6627000639704902
-0.6728632717156354
-0.6706321810881802
-0.6775837631896325
-0.6746854992200582
-0.7004942947946503
-0.6770974595562106
-0.6735626795798992
0.6716284043276726
0.7084702478764904
0.6688368675424289
0.7116322864618424
0.6934013443604782
0.6944414412753819
0.640046448662179
0.6688080635676288
0.6904279804606942
0.700716517592278
0.688381387666991
0.6450112725889203
0.6672537434099409
0.6955792958500524
0.6711209796754927
0.6965203511090322
0.6899782894651261
0.6759063246649478
0.6827285906999608
0.6959749701645389
0.7029526324278937
0.6887882188692513
0.6914259979893789
0.6908563333054566
0.6703285150378522
-0.6701317923453198
-0.6737008520361073
-0.7085120490058091
-0.7123971801794339
-0.6874454894400501
-0.675803129617386
-0.6921093812798447
-0.705864290127613
-0.6981254320894631
-0.7319008893822394
-0.6910331248855014
-0.6903612902447062
-0.72469079946695
-0.6881964796846599
-0.7159291687282114
-0.7019475555026958
-0.6587437495483188
-0.6945272829104435
-0.7020969640102656
-0.7012094241161142
-0.6757046510548067
-0.6685055489775451
-0.7149804667997487
-0.6653822727730477
-0.6840245273306947
0.6923016827104381
0.6883201560603952
0.6755311826105994
0.6757371774280939
0.6946821059910768
0.6685589773056817
0.6840658528755185
0.6573170310208514
0.7039712148587225
0.686272004430535
0.6802300700884111
0.707047239974482
0.694056441155301
0.7191701523535479
0.6898618911960638
0.650965702104692
0.6628414106384501
0.704296968482847
0.694732689490107
0.6522970606994266
0.703163142336719
0.6646134829973174
0.7134543688143115
0.6756696773035954
0.6938706112642209
-0.657830778118783
-0.6811099269525772
-0.6735019115485102
-0.6677090912565132
-0.6854255926550016
-0.6895513820619485
-0.6862544674869219
-0.696674570848789
