0.23639767980723053
0.257928397858139
0.2251202631122069
0.18597628950330164
0.2132285269260636
0.1568921135428664
0.12517667050823456
0.13826052974217917
0.059749894798878135
0.03666852065936532
0.02441031624799574
-0.019995555027853096
-0.08011556223007936
-0.12059872471441943
-0.12926428336741794
-0.18296576665555328
-0.1543174502224475
-0.21646950284841823
-0.24254120569155255
-0.2764768977829144
-0.26940221321892927
-0.2711589717981262
-0.2597445602557739
-0.2790788040922414
-0.28581846096080615
-0.272001668200107
-0.2496501954187563
-0.23517254570023446
-0.22847402131880684
-0.2078012244822307
-0.1751819480907981
-0.11682841520424037
-0.0987435524172653
-0.06093300118089963
-0.025104278573106042
0.01938046820030215
0.06335005030267427
0.10471455053082263
0.1277486602419653
0.1601615069285897
0.16857391834910881
0.2291172764552693
0.23525084310620104
0.22073189454147632
0.25116990999214306
0.20506204396955294
0.2433466830512298
0.27074348633764683
0.24250715460452055
0.24396449472326012
0.25513525193188247
0.23804057161606534
0.22775776038009585
0.2214642511186364
0.17510017681327072
0.15384870842689882
0.1255347598248292
0.0799038150911284
0.07523332872324763
0.02537752147044837
0.0008803546368566454
-0.01966068852556963
-0.060365298005732926
-0.12337348527674624
-0.1518804002253889
-0.17088084199065606
-0.16151915142684486
-0.23697953650632875
-0.19269039417612466
-0.21063724026749897
-0.28877985208790413
-0.2504786301578605
-0.2690223893007632
-0.2885386052584502
-0.29454326823741767
-0.2480365131172634
-0.21274731363839453
-0.22829074014951095
-0.2027557729607507
-0.1637546050118419
-0.17335645625861218
-0.12237105176761937
-0.07174693127884349
-0.07525358626854625
-0.012408954171738058
-0.015429371805002824
0.01793989845844904
0.07764620622036805
0.15136335697228223
0.13695848351761605
0.16769668673002322
0.17858603214465707
0.20660947762013826
0.21936895327240444
0.2501718027665159
0.25649222017263873
0.25858322150810187
0.2645155063068912
0.22072092884692252
0.26796153201533385
0.2509831823028298
0.20443255067675703
0.23635050523250017
0.25185508371612764
0.20037714604576462
0.17211609335262448
0.11392130143037545
0.07693089031649482
0.0644512971601097
0.013739327021714286
0.01421586303935721
-0.03857037989934338
-0.08191446328577898
-0.11064074351437549
-0.12953639659409086
-0.16069114791692918
-0.1868717099799829
-0.17461518435726459
-0.21407355455526836
-0.2763651308298967
-0.2720927200068025
-0.2526882041116053
-0.2615935454329382
-0.28352451748011764
-0.24695372755053563
-0.2509430693744638
-0.2630219598502928
-0.21242015504058023
-0.1982849610061938
-0.20733216159191378
-0.18049747756992776
-0.14852233587129673
-0.07020478452016796
-0.03949880314347362
-0.04349690529885938
0.002758232070682966
0.013665980865934582
0.042677595671606984
0.09883322809313562
0.11897262368777711
0.14498086391769943
0.16153546255871576
0.21841410453947321
0.23305656377073103
0.20761125224075627
0.27378368901402594
0.30685277328605115
0.2350442474624151
0.2115284659576333
0.279798471995354
0.252683122343669
0.20720359990166848
0.2375580695672574
0.2022711518366266
0.1981161087350774
0.15842424743844707
0.16552336250124336
0.09061220400756526
0.08818101907187315
0.016781155932998403
-0.03027245496497767
-0.08082335906895192
-0.05844185104399384
-0.09511012109032053
-0.10567968898963306
-0.1336686220412692
-0.1781112931830927
-0.22164744671677714
-0.20389215173195252
-0.2238583220140805
-0.28026167475219266
-0.2831904192704461
-0.2538774057636472
-0.24402358649353922
-0.2667126021231135
-0.22439375307984294
-0.21876857735488234
-0.24811424912793043
-0.20951102436922792
-0.17039720055907825
-0.1773235345238257
-0.13121767140427443
-0.10802493458224414
-0.051623757338425606
-0.05019982359385275
0.002726769360907405
0.0032783711970607067
0.02438913716938383
0.11618555653860796
0.14227855842291126
0.1187655896097981
0.19654071449091556
0.21148223868170402
0.2309033355219756
0.231662155200744
0.2846888192137078
0.2848616285503084
0.2939008456098559
0.25387848150223263
0.23637712854171583
0.28988359274990294
0.2716319495316125
0.2903424389156923
0.23416781516573087
0.19461536836587598
0.1851967201728733
0.1247316284932059
0.10918427015885554
0.09510708098322547
0.057795686621719376
-0.0182141032826366
-0.023731133122212422
-0.07570253208849705
-0.11121655621907271
-0.10553544801044651
-0.14689721619364465
-0.15834162196213417
-0.21867880473851678
-0.17342172664683675
-0.23245291238847365
-0.2856928324346038
-0.23419854565899462
-0.26002964976736853
-0.2686753131430769
-0.2545349597011283
-0.2934173480487969
-0.2840767357812477
-0.24374556137528744
-0.2652308690352783
-0.15970083717368574
-0.1641711886628013
-0.15093519420062607
-0.07620884354857929
-0.08960767182544432
-0.03126948627111388
-0.004738910789549496
0.046126585379864915
0.07927494031093628
0.1300673528764197
0.09774803148671385
0.10932229728391679
0.1532928334905558
0.1907125228991184
0.22215517693725045
0.2318996889862425
0.27164474500805824
0.22625163150111732
0.2877330169753624
0.28677430761123396
0.25812838111560066
0.27911902552956575
0.30141124470161357
0.2704924598354954
0.22600653604786275
0.18366980021821
0.1648566424357831
