-0.6432186163270505
-0.6442500070221473
-0.6008942261581989
-0.6233582564466785
-0.6436950994453255
-0.6642112284796204
-0.606181616392913
-0.6497526902073307
-0.6567456477746504
-0.6388106252944631
-0.6601139905587997
-0.6439164270240363
-0.6268239160569348
-0.6552511673809918
-0.6309961080974021
-0.6799696027491091
-0.6525885350588674
-0.6693476737944766
-0.6452624611791534
-0.6282908131615743
-0.6490544276092544
-0.6251244270768778
-0.6434495069576698
-0.6583698506226802
-0.6336447055039538
-0.6263149150976552
-0.6768378472738252
-0.6447556427650509
-0.6382955749629153
-0.65280045301033
-0.6339111050869648
-0.6353699969163995
-0.670932437980546
-0.619350333653279
-0.6407061541053384
-0.6281239584419136
-0.6439105108444644
-0.6546354588006779
-0.6284429250347443
-0.6276908135940565
-0.6598040986191832
-0.6850431517038921
-0.6308151134204505
-0.6538155065706946
-0.6867021021806013
-0.655523441281638
-0.6512327873907038
-0.6556133223986104
-0.6375927303396494
0.6089762595763842
0.6693521225566998
0.6668537417526327
0.6477335067701914
0.6485023520728318
0.6490363786886627
0.613371776167076
0.6689859194075566
0.6178261508048069
0.6317536007898626
0.6429146767669036
0.6442349801698994
0.6306448276525654
0.6435649383329981
0.6125629763363332
0.6656548042752676
0.6778099009959753
0.6405525674164368
0.6497252978969431
0.6537455594601911
0.6192723286443044
0.6497102052026077
0.6798728979935522
0.6816496055858525
0.6541380672513948
0.6543275295068283
0.6124034104175454
0.6703144864316554
0.6718209144370817
0.6354136842931213
0.6423301631209816
0.6148148057846765
0.6689969399905902
0.6269839127070516
0.6395504677498022
0.6141293861628797
0.6073240242695285
0.654821497454466
0.6279920909014975
0.684008043442917
0.619380007028001
0.6554473237723406
0.6307823738849588
0.5993838210355252
0.660099779101866
0.671428040548365
0.6579421898292999
0.6411759529108387
0.6289677315383033
0.6452947180254194
-0.6689263267452905
-0.6670709499455325
-0.632505507968752
-0.6299704505184947
-0.634921018262022
-0.6442543265541825
-0.6653593885513437
-0.6401037892888712
-0.6377561646613584
-0.641877700527043
-0.6509676204453482
-0.6452261256041955
-0.6282224938497012
-0.6670088081624015
-0.6492688086278094
-0.6199521480256315
-0.6288868853151489
-0.6643296880044686
-0.6327460038541187
-0.6418177658203913
-0.632756777024018
-0.6445175606807636
-0.6209500035719826
-0.6925685056482723
-0.6291617510678902
-0.6623230276519294
-0.6604077341971994
-0.6667866087723724
-0.6842784256658512
-0.6329686848071957
-0.6348169418584002
-0.645250145092882
-0.6916995534539712
-0.6468511296107575
-0.6709049125531849
-0.6562359735384199
-0.6511328532290953
-0.6036678487062572
-0.6379568778709501
-0.6179980746553078
-0.6296382664245491
-0.6445772071221201
-0.6248545506685093
-0.6317328405616341
-0.6433258978805974
-0.6472615721082782
-0.6260539812835795
-0.6160160413582735
-0.654299614989474
-0.6269464159324991
-0.6399488022142694
0.6332736576137846
0.624506960503144
0.6223315304080779
0.6434313911821615
0.6196981320020692
0.6796416329357677
0.6071957500857977
0.6468538947586363
0.6517045449181214
0.6389986820019685
0.6496786556171422
0.6539902172106594
0.650350153333908
0.6308679830562639
0.6461509970816406
0.6294224549103832
0.6498662114828015
0.6581997474860062
0.6623523857396698
0.6787650051005207
0.6433984852893683
0.6347536132432616
0.6303487290134347
0.6551891273760477
0.6501857630142921
0.6269779279677187
0.6403491451105785
0.632251009380262
0.62867463709909
0.6390949585831965
0.645033356319423
0.646544937063166
0.6773034787140451
0.6258803816784853
0.6562835123970671
0.6398541938210214
0.6487384295943456
0.6265837713892078
0.6573075526947085
0.6252518309912009
0.6533255564861637
0.632367921406089
0.6070863413054715
0.6684112001887071
0.6646141723592482
0.6666784985926509
0.639164878154419
0.6292465569815193
0.6594304414305663
0.6338129198368055
-0.6305978484640028
-0.6580115013908565
-0.658207863846005
-0.6376061923290254
-0.6832240773482781
-0.6167426623961162
-0.6285367130579061
-0.6360248963328422
-0.6320952871875015
-0.6285651015397037
-0.6704475019141531
-0.6405635016760209
-0.6469743769865959
-0.6136320630712578
-0.6224660130308218
-0.5903034692967367
-0.6292262250557508
-0.6678691235560125
-0.6498207347159953
-0.6573488921872765
-0.6460922279314611
-0.6306718573250705
-0.65817417195412
-0.6336266515374526
-0.6311451281727686
-0.6210990610147485
-0.6386530280314662
-0.6725020547328495
-0.6299873900180406
-0.6548607267555027
-0.653463859380507
-0.6488463242286212
-0.6139427897960927
-0.6488634417190869
-0.6541435054366191
-0.6622202838687726
-0.6200310417457575
-0.6792891053571154
-0.6744941044688614
-0.6529999683137087
-0.629133508718928
-0.6401286813680815
-0.6428972023128965
-0.6512245250822444
-0.6543573995361915
-0.6347505299770002
-0.6789864865845852
-0.6557281112944349
-0.62586196819107
-0.6425955419436774
0.6382556868338823
0.6325906207161228
0.6640987565578118
0.6190599393252363
0.6579863356328547
0.6911399207674379
