-0.05227981807370863
-0.021191872077850685
0.010334848493607723
-0.0036314858134843817
-0.008054401061693613
0.009067862763677813
0.01751820428905527
0.015189281546401286
0.008801597884955856
0.03613057230844509
0.02221069140244874
0.03257479260331054
0.061156803597775575
0.03858146202810061
0.039046023170375546
0.03730975888452377
0.055583521855148484
0.050820724804366335
0.08881223349029833
0.07561755349444362
0.09444971896870762
0.028002172774338432
0.08165555265328417
0.07817710353854755
0.10161402031988019
0.07855087224192203
0.09528503924519482
0.08971474594878592
0.08524460306192169
0.09187071099152352
0.08701954494141813
0.11317090409576905
0.06510480341785892
0.07732547513675929
0.07742732088293469
0.13572687317817927
0.0649085147986616
0.069443027417668
0.08786555610044999
0.04340065460475049
0.10139757383545285
0.07520970787276958
0.07269840179041367
0.06956911943928958
0.034921280932420584
0.013523437365176659
0.06041585898235383
0.0644343736759876
0.043725109953595354
-0.0012145966498959201
0.038064991762366225
-0.004459546737731197
0.03226499828397794
0.02177418515714949
-0.011388550631572097
-0.008918446702026324
-0.01423032280387843
-0.027192996672397385
-0.0004834760140631292
-0.046296785672617954
-0.043053545615825736
-0.04154813480505154
-0.0764545852816097
-0.06571903288853792
-0.0537238703092248
-0.047577104553036036
-0.0565938704694376
-0.06901561928708935
-0.044329819498882685
-0.05913540249587026
-0.11005731292507026
-0.09572632477714152
-0.10094992747985819
-0.06490973780821278
-0.11865515104933841
-0.07787604745545773
-0.06795021221457861
-0.08450260706858381
-0.10160018910834809
-0.10909303981505117
-0.10986556044606419
-0.07684253078138795
-0.08851060419434667
-0.09203604798715652
-0.040219856603915104
-0.08215308709677388
-0.09532301471671567
-0.11200424550642768
-0.012025158757921622
-0.06860135681148084
-0.06578442492559641
-0.11100191498546078
-0.11027475001814149
-0.0765999962235074
-0.06443300622438461
-0.045762268489996365
-0.06444633450020207
-0.061396403935954455
-0.012211110309630843
-0.030553359254741473
-0.07064526859606468
-0.03363159913613376
0.003554815665286693
0.004181816109177717
-0.005952289171897798
-0.011493932367896864
0.012705421738418987
0.010909120888621976
0.014517969655464778
0.052620136049607816
0.035930085160316975
0.03177894530788862
0.04077317466770704
0.06447761851067123
0.07032575059483118
0.03946032809407138
0.03235465215217402
0.048859843204594106
0.06942632624309249
0.09718233708445935
0.09633015897809646
0.06946234545990702
0.1026245690661945
0.08976132121668925
0.08421481168288061
0.09478637859223558
0.10674555720957957
0.11083486303665491
0.06682988497620129
0.0653197800199765
0.08928082924439115
0.1131372007109045
0.09324229897035885
0.08174205429941012
0.09674080265360424
0.08108565382927438
0.10033385674347431
0.06594590595423937
0.07242929213850176
0.05106678019328803
0.058038863486138736
0.09371369108881615
0.04707443202823525
0.08003187434313072
-0.012434428332471825
0.05960594186992795
-0.002845068617935119
0.035705717718913774
0.03087829372520062
0.0542229970139015
0.0398829511126065
0.02735046159797909
0.04059186292526021
0.015991804306061112
0.008883243556183591
-0.014037445101780732
-0.015361500058090805
-0.052189297772553433
-0.02495325899226998
-0.036703595811391376
-0.014193868289987498
-0.02669821961264827
-0.043560104727338136
-0.05431836828699388
-0.03209292511956083
-0.04087701099458843
-0.049717448602673076
-0.023225083684095753
-0.0898831019243359
-0.02683048187387691
-0.03783115001588575
-0.07138640759473622
-0.08195459330422149
-0.05782842795226643
-0.08235234620099699
-0.06567464472944573
-0.14406069518597708
-0.11772587858061923
-0.07599423861108469
-0.05183843942216905
-0.08433573076883888
-0.08603157260917131
-0.058936246784948826
-0.09006255963361241
-0.079054707231914
-0.08149617540536541
-0.07151753827537115
-0.046375251801312294
-0.05245168009834051
-0.10808904134181199
-0.045864026561761695
-0.07610515487009174
-0.03168244870621885
-0.02966085627886525
-0.076464385546009
-0.0815762218835174
-0.017783678357913803
-0.05120593396444138
-0.033372008981443345
-0.08706296852278611
-0.023378288080192013
-0.02218686115036017
-0.018509266273357496
-0.00916352539988961
0.03663649861314816
-0.010935137182947688
0.01493071966784049
0.010247938872628676
0.05420264221183864
0.0013605746897553082
0.023998758835484454
0.01907285740322271
0.018260777533974325
0.06724381123692164
0.05485103358204743
0.05851578164895844
0.05388721590675019
0.048319439106904435
0.0223575550906892
0.07146369184520059
0.08176607371037362
0.07623583185579112
0.11803980449838461
0.10016089539733827
0.09718628984390892
0.12171780147431818
0.07426132077999617
0.08514867552282816
0.08745669373256648
0.08010572795814602
0.08929210327970641
0.08882011791674918
0.11075647282368462
0.12788084556600238
0.05544609419946139
0.06555572334705051
0.08672278201973153
0.07361928437091775
0.07102798532379566
0.059685776735532964
0.07077143626630454
0.04472422278848357
0.08460417256125709
0.046555785320907705
0.09406748012113997
0.06190028598649023
0.04133715476313575
0.007854865110047252
0.01326493703084029
0.022019235149417643
0.023190656836396394
0.02783397848893997
0.005358383575363937
0.006161237379652379
0.008504324765550412
-0.003999199979040467
