-0.15639491466694966
-0.14575178977676656
-0.1478597649588081
-0.09485131434226332
-0.12479518643292466
-0.08580284817262768
-0.07464182986290047
-0.09577983192890907
-0.04895131841366758
-0.03126933534963227
-0.07382984987917357
-0.07508335201627876
-0.0443017930326584
-0.027334879860065338
-0.007184848164795289
-0.011660218895459429
0.011053587197219926
-0.018811614025673228
0.014869275653352568
0.03573999539260675
0.051278073787002304
0.05181801509684866
0.04239485111889939
0.07282326230883363
0.10932489886746853
0.07944644069399756
0.16287259750794167
0.13452876446967582
0.13055402212155998
0.15052462854954998
0.1505709934139707
0.1630271981305575
-0.17070535833519582
-0.1672016886230629
-0.12849619976997417
-0.16644969226243855
-0.1278382521781669
-0.11785504049755624
-0.08853993013561962
-0.07077622363665459
-0.04969992849467481
-0.06698925057496509
-0.06414143083559798
-0.03875060804399409
-0.03230403247541547
-0.039628204228872685
-0.016031721509633483
-0.04502973760455469
-0.01596628556942691
0.03912099006223279
0.029228722642931686
0.037601852872866354
0.06023313268876851
0.03843547525977378
0.022201976218022064
0.06066021210493452
0.09024188217558927
0.06504159043170352
0.11319449467201065
0.1413377666391575
0.10730826356309169
0.10171732116285748
0.1399415455274226
0.16433857235974042
0.15262132671795664
0.184901797162812
-0.1868757971475067
-0.18925801772387188
-0.16619030797372572
-0.15294724014129243
-0.13187530629692262
-0.1317386209135125
-0.10534659351593119
-0.03635810170920006
-0.0918793912208887
-0.051938948265375415
-0.0643383250111136
-0.05122682475549127
0.004833178958152995
-0.033970826021226745
-0.005714783649231982
-0.013617815724643715
-0.00831758121044522
-8.983674511089425e-05
0.0156757872636826
0.04751359458397481
0.029103568537099854
0.06940358673316044
0.07511021883389639
0.05955183937282329
0.06886876672105542
0.08546330002207972
0.09400489717614083
0.10138621641521545
0.09093715410423237
0.1390954003481151
0.1373873749956134
0.16048042314994385
0.18023691446817347
-0.16717360603531745
-0.15812299291649146
-0.14673296351735815
-0.12650094362945474
-0.12423871033790555
-0.10854711031161116
-0.12249268406848864
-0.07366679958390926
-0.10058014598045179
-0.06068553976712411
-0.08535418590550943
-0.05193288104617243
-0.07503245785785534
-0.0016715054156094533
-0.027810855719144663
-0.05380560957702395
0.0028984049631781573
0.04272694468604017
-0.00914511197638614
0.0174972062886715
0.05609419823302075
0.05491840294367646
0.04449093741700179
0.07927530764561211
0.06380949323960398
0.09536895569879615
0.10497638459222866
0.13192460577519205
0.12634534476783169
0.14904827277063967
0.1302544088638657
0.1408067197369244
0.15299374786032002
0.16141256502429882
-0.11726357277689689
-0.15447583570107948
-0.13731120830443902
-0.1503124105744085
-0.11330340844858205
-0.08488626385262812
-0.11686864352061105
-0.06668983647830842
-0.08921074056569275
-0.09045742217418859
-0.06970796503455168
-0.05033396497640916
-0.054708130256614654
0.025331115974321777
-0.01476744706641327
-0.013532959992554473
0.018903642032332146
-0.006813088361647806
0.026655940816510154
0.018316347617626943
0.024088562064224505
0.07036037899420886
0.04861784268859134
0.0855964135355101
0.056119270109100866
0.08086408648096878
0.10997268324644571
0.13183009605091178
0.09122016372335844
0.13399032721652132
0.1363009751902639
0.16206074854736616
0.17561815590767008
-0.1946620876493575
-0.17218591948433284
-0.12886233214609386
-0.15419685638922406
-0.13215931601138659
-0.15422365307811695
-0.09827173734770282
-0.10015425083748779
-0.09105354847802594
-0.08125801449400123
-0.0633084658065694
-0.06766185951044432
-0.030176745087411985
-0.04595708687144874
-0.006477091769208482
-0.011699053238478283
-0.013816178703608925
-0.003283774648313355
0.02802114962966586
0.040639513958953544
0.041574679326475544
0.06305020456028436
0.06576367352403244
0.0728299299512794
0.06102007593580612
0.09649905592581509
0.08282016910621126
0.1147952904944469
0.09599273588686989
0.12137362392278139
0.17769353237445618
0.1912732973564025
0.1731454405654874
0.1672907404337876
-0.16098376684113078
-0.12170605615413724
-0.14478318847274982
-0.14457587834848196
-0.12663702870505172
-0.07994375963257946
-0.08393345063752804
-0.06990032676796332
-0.06241050907040332
-0.04643696496408403
-0.0253161217028207
-0.07531502895531388
-0.027040784830202974
-0.05681214817364755
-0.006546091967701572
-0.004954361562147292
0.022729076917510128
0.03317982831011685
0.04176148287382464
0.0136283510599883
0.055874978098592994
0.06732750319922122
0.0796513082024528
0.07873220816511814
0.08884896976090821
0.12824326933813798
0.13814011348531152
0.1462530590578572
0.13539790339866725
0.1141672330244839
0.17773696904702557
0.1685389638162087
0.17053592272093926
-0.1828715803048041
-0.18479995690628548
-0.14397136622014742
-0.1585164402538233
-0.12830674049003202
-0.15611050417178995
-0.10853051891466858
-0.09379157785793364
-0.09754939898968505
-0.045386102784171795
-0.031598918118992306
-0.0550949598549891
-0.00962631922118759
-0.05916711011423008
-0.03983407567353818
-0.01695247858981273
0.01610810773582788
0.00797555869027963
0.005777589813513841
0.007081639298210166
0.01943250414790205
0.041440292656182036
0.043669649451709404
