0.07703393256414473
0.0032308662282058906
-0.04365408598225545
-0.08462094880539746
-0.1305391890497997
-0.21434212144343015
-0.23420926205958886
-0.23251867510734375
-0.241021284150527
-0.24754006208740548
-0.21667915078822633
-0.1922539896857491
-0.1302814254908467
-0.044298675332721756
0.014933130838822146
0.09737553023725992
0.1734989225153432
0.15719985252037466
0.2609960036069038
0.26011548941936363
0.22673230010360346
0.25764422419018135
0.24234692162642324
0.2024562903632247
0.13572848188728037
0.06169272905726707
0.042444435838992274
-0.0573122596775273
-0.10041855787451319
-0.1712523835835878
-0.20315178096795147
-0.25156232129912404
-0.3049444811821998
-0.2215606527228235
-0.26545706665212193
-0.2325657786489188
-0.19553149529756322
-0.13225021186413632
-0.05808612651372977
-0.003695059580241008
0.10417210225766232
0.12054087484987899
0.16572955639785225
0.24735101775448093
0.268534432689242
0.2576030010100391
0.2796716915274726
0.20972481099683998
0.19840148298495544
0.14943042387057565
0.12053337653691756
-0.008667458755946496
-0.028064708159404907
-0.08745027597034895
-0.1368635167108978
-0.16932619677100036
-0.23728686360258014
-0.25400616919152136
-0.28100484929361635
-0.28379031914983366
-0.24212584026221662
-0.2093232214475416
-0.11327039380488742
-0.04624298537675929
-0.027405451467226945
0.06138236346534632
0.0936845578114943
0.1879471107786914
0.19705236091409817
0.2590140370663519
0.23479675297314415
0.2735691957058411
0.25601389402218533
0.21538887440696186
0.16111794808882976
0.09378439826656974
0.028636600118786753
-0.04612358269087944
-0.11141414340664435
-0.1474975233905583
-0.23949052434253673
-0.2523141380701018
-0.2627425280317149
-0.23489261848995519
-0.23000280592766528
-0.23188350566419966
-0.150483111938101
-0.12063213674608336
-0.0819283796103425
-0.02586678937525487
0.05353416919702818
0.13619833722546706
0.16893132247495768
0.19287738303263094
0.24588174610658908
0.27153809268215895
0.2807101672034508
0.25831513782410254
0.22098324865184882
0.16408617211475393
0.11103105866061032
0.014325019947938618
-0.01882292981261058
-0.07065210686664135
-0.15404765455450675
-0.2143496278319802
-0.2358923614655741
-0.22624927894672903
-0.2214801590139051
-0.23930010624202172
-0.21201796233734735
-0.17517105164718605
-0.13996512781104722
-0.06771040019075536
-0.021293796036454808
0.06477670519833742
0.14988349010289123
0.17487452825567537
0.23039797959708663
0.27364317941022015
0.25775614901243893
0.2357043510167029
0.24834734056641491
0.2035062123467023
0.18686425893085382
0.1182390912272102
0.037181624243774455
-0.013943987702189088
-0.08900582323222253
-0.1574495594134258
-0.17201889385181462
-0.21006759869558891
-0.25798775637228444
-0.2824932433501744
-0.26586020475193817
-0.22938914240956074
-0.15547981111836662
-0.13756278223192664
-0.06485880154078234
-0.02685190211843793
0.028588555528939755
0.10081985717934502
0.1771468143573108
0.26592225526929164
0.23281795208629444
0.2743818880259447
0.2667110004155778
0.23103837235845398
0.21146595920612854
0.17723158979802486
0.12905738982399298
0.06342529580113236
-0.03594552749932374
-0.07240716230765278
-0.13672055283159412
-0.21277234763196728
-0.25335771212215624
-0.25949581691881085
-0.2530302472429779
-0.2733026893401522
-0.20734235810657395
-0.19114374085563932
-0.12014594562958208
-0.07991988215956897
-0.005510050571979969
0.029137487728020058
0.15532130740384828
0.17321231136773405
0.2309752378047914
0.2126460241598538
0.2826698178480158
0.2641529211445221
0.2537314891364139
0.1942669693298279
0.1929502345458401
0.09253779395553306
0.08900410722161445
0.019505926557295074
-0.08581895978136944
-0.1464025997371735
-0.19631803044822382
-0.20759300847570755
-0.2046895090696283
-0.3085542213299589
-0.248893222297204
-0.22665286054934577
-0.20486932568694055
-0.15709269282037533
-0.06925462031705462
-0.029432803176088755
0.03543985647356536
0.0896564545213858
0.15740568521008103
0.22901320079950363
0.2196192808358704
0.25521485276722067
0.2857159728216587
0.24249671304536474
0.18633512936830693
0.14429508411610995
0.10622308552075835
0.0684310589286785
-0.047163216661034985
-0.06496417894327122
-0.12362088980989973
-0.1975801386717343
-0.21004791565384343
-0.26336199584508885
-0.25576838515800054
-0.24827167659079366
-0.23211533225498138
-0.19292028339297915
-0.15488110539309155
-0.052900928691339257
-0.02465387943336244
0.054770138259454426
0.09747363007919185
0.15076417232152878
0.21118932548474703
0.24115557460056952
0.241497607006461
0.2707412661490599
0.28487357750583364
0.22899680638318787
0.16160884699360664
0.08295638212318177
0.061034884124710295
-0.009715547561470387
-0.05232698895593141
-0.14463580230953
-0.18749163878638314
-0.25150674690277064
-0.26323616809103034
-0.26488351208278793
-0.2743208286571667
-0.23094811773588067
-0.2346502702438812
-0.14106577941206944
-0.09206641097325448
-0.06178198288625225
0.05000096620843077
0.10937579370512342
0.19159755370883214
0.22970151249271697
0.23838540985519172
0.2391950048229856
0.2766890303331201
0.2477477457236719
0.21334924801084562
0.1862148936555308
0.14521037151693633
0.03456149169672312
0.035814208229358505
-0.05322399059904313
-0.12424473873805898
-0.19515450397670048
