-0.22478497288453606
-0.2596746949643956
-0.3336514253892497
-0.3587583328081765
-0.4169911837810003
-0.44088570491605783
-0.47703593794554927
-0.5560267828694658
-0.5479535957398037
-0.6047285569049752
-0.6399520581488413
-0.6572947079994393
-0.58343922132976
-0.5634707206817675
-0.522826980406865
-0.4721418419263992
-0.40643971545232627
-0.3999603502358494
-0.34589824598334235
-0.3452921046001675
-0.2555751016981948
-0.2746342373596481
-0.20592178972746977
-0.15470806930703418
-0.12953990013200964
-0.10324114337769956
-0.05221781472576447
-0.03539417418444698
0.04744976482944973
0.07864205438920593
0.12516006792074574
0.142085428416264
0.18106611103186643
0.17518037662588948
0.23416161935877502
0.24263839898518702
0.3299814773872536
0.37680526885708016
0.41753434054948574
0.45815285156650953
0.5075623276190953
0.5533587816433807
0.5949106184398456
0.6017122510036466
0.6748180603919076
0.6040010308695158
0.6232917018650678
0.5315409760421682
0.470182737921501
0.44910892719175377
0.44836667348394976
0.3825825012365741
0.3711691279940216
0.32494567908833105
0.3050479381288247
0.230033267173143
0.19484555053925937
0.15601791895041509
0.09056148747282994
0.0670107679042433
0.03861628584591293
0.020913954897868153
-0.0593947713794485
-0.09411287783757259
-0.09311613106133587
-0.15324315544700537
-0.20792588986114846
-0.25340693437413486
-0.3224707716640879
-0.32324974270013657
-0.36365741043694344
-0.38898700603043945
-0.44751074120656337
-0.45973640502463137
-0.5244823620127916
-0.5739314767457614
-0.5811658057339004
-0.6649545022402699
-0.5952614446158422
-0.5963221939595995
-0.5607640292308106
-0.5017064929757789
-0.4941452693535721
-0.4433405280700433
-0.43534350002643296
-0.3583740999000798
-0.33559000517568305
-0.30910780508440466
-0.2700368463238312
-0.21953778250051922
-0.18967578471518956
-0.09186810525641337
-0.1046408160024872
-0.020416404943462547
0.008615583385578345
0.00834409556243624
0.06273694139008532
0.1110672965894118
0.16819924218592766
0.19782998475386815
0.22114849455059454
0.2529840916774453
0.31219177545924864
0.3534627625502923
0.38998212315354186
0.4059706316646712
0.45797870608101865
0.5117762984069635
0.5482141580866231
0.591135309975869
0.6162084244366252
0.6676830171249567
0.6331330560522376
0.5813776885864379
0.5297472631524411
0.5036243125650782
0.4433147138624012
0.4298820858628014
0.3927186768944231
0.35835744940563635
0.29424002475739225
0.263836996383924
0.22834720338494954
0.19167424863203875
0.1607949499833754
0.10729462920915885
0.08952168850988078
-0.021643796072090084
-0.04683657191780511
-0.08106475346670254
-0.08387816540381865
-0.18967282618058195
-0.14626664007602883
-0.21387645155614737
-0.2834847982293236
-0.2837544899338444
-0.3581954785781559
-0.3866225372524402
-0.3886571216258602
-0.456074988995042
-0.5016011811858844
-0.5129095629337376
-0.571529296553303
-0.6107911882803322
-0.6052761164635412
-0.6187588849870379
-0.5854971267412571
-0.5659364345551152
-0.5155062951869765
-0.4626766455458699
-0.4184680115421882
-0.3918440149821703
-0.40055092504973944
-0.30834919227136404
-0.302856206328204
-0.2642711602815513
-0.2108466210341364
-0.16276372360378594
-0.1221867113735388
-0.10214266147453968
-0.0286507662640237
-0.034669322088643637
0.024038406952826444
0.06327201937005493
0.0996253514793145
0.18864787769288854
0.20215433988374057
0.22219435289456074
0.2953456403720523
0.29034642690840995
0.3642265249967317
0.40548783972078706
0.4225531769555217
0.462489592004109
0.49446764135854643
0.553751483474179
0.590955504209007
0.6420735260786541
0.6897251454919782
0.638773045644197
0.577321127559114
0.5389028483350221
0.48461582831426686
0.4406117190822728
0.44407886662312623
0.40926407542215293
0.3546159456303025
0.2835096029636903
0.2666708032583148
0.2350404277817401
0.2451926557253513
0.14898876590932075
0.09958077794410823
0.0642663987823053
0.007878104887206076
-0.05193306666865989
-0.0906301841552897
-0.10177453386726701
-0.1309421806176076
-0.17517399049958482
-0.19885498839052562
-0.23695822275660752
-0.30270176439017915
-0.32055636652299435
-0.33129481371884073
-0.37636746567845325
-0.442047156983056
-0.5072466268654895
-0.5132435881259872
-0.564849311124147
-0.6071758512453665
-0.6479588997046374
-0.6299510814419967
-0.623074047862615
-0.5685163564507494
-0.5230493511468923
-0.4833579907524043
-0.4068286326952832
-0.39824554074558205
-0.36420087040354837
-0.3083756289698841
-0.25247408835965685
-0.24650872020181555
-0.22397565364247526
-0.16138892747502448
-0.13644237261570952
-0.07262407145512882
-0.03018237799199473
0.00827999811883341
0.037734535743219715
0.021917093547473898
0.0994224156319886
0.17992656031100393
0.21185577144507772
0.25180361038990773
0.28556726768306756
0.32307904084998407
0.32525587161101455
0.43520434160963173
0.4529329668091953
0.46725567981215377
0.5198218056968074
0.5341519529914831
0.5946252517045059
0.6370714270035019
0.6424287513549612
0.5959359477843093
0.6060673920925528
0.5453525239292174
0.5012526916396893
0.4780825902708421
0.45286259526024436
0.3930977968114083
0.3241925290361749
0.26649529063016186
0.24996804514046123
