-0.21963065725065775
-0.2488807603879027
-0.24243621018186368
-0.29317788223239705
-0.2702548157705423
0.3277440413440457
0.2998049872282737
0.3000932798496366
0.269309192976688
0.22313817033083008
0.20377345007733594
0.16896204434385856
0.13327118257643555
0.1579246756150232
0.08322091637009203
0.006950049156012633
0.04025772150797488
0.024355927568929493
-0.000991996591588995
-0.05128776488837647
-0.08986470311649174
-0.10067937881836914
-0.12785795381665158
-0.1744536701828681
-0.17140447748386783
-0.19103045945907074
-0.25767031323826256
-0.2848243991496818
-0.2661550773214799
-0.32550741191514404
-0.32896547956526934
0.2566728125640743
0.2908039074164688
0.24735735992871535
0.23098830791488922
0.21862181000435177
0.18374439138347967
0.14216699307395803
0.1521106520477212
0.07797508595445297
0.06052025946523172
0.027718920636407404
-0.005264757561126255
-0.004030421723885231
-0.03808206845128971
-0.03405000473677791
-0.09760111952084621
-0.15267639581956333
-0.1551710194112369
-0.1834520223551397
-0.26886302625781044
-0.2319221648851375
-0.2540992648321394
-0.2657646835114489
-0.29193795869143
-0.3111584857535176
0.2752606705556531
0.27606772909401783
0.21105123476778564
0.22696400697248884
0.20017995311902195
0.21192437661524738
0.1631723144074192
0.08562347124014502
0.10862771058920877
0.07867514962703549
0.059335183076188465
0.03365659102429756
0.002764305393449339
-0.05059745201578139
-0.0714104442855803
-0.0782216355003468
-0.11357074466051525
-0.1453372214529637
-0.15082002859848298
-0.17341625099487074
-0.1981634364061464
-0.2523904140443547
-0.2303108017111484
-0.3203945256846844
-0.33901517902079237
0.28601408344854884
0.28071124258223
0.2601754304483033
0.2527287624597386
0.2040316431539371
0.16650254570519768
0.1470787794568749
0.09353931542261691
0.07894852134666372
0.054000564174527754
-0.001296975577424954
0.014993506566815125
-0.02349732165492953
-0.0408418039076255
-0.06407319602175822
-0.07772919583948631
-0.08533433432399716
-0.15750572697472326
-0.17581381213183922
-0.20702144297301675
-0.20696351721338285
-0.2863060857338242
-0.29239321349102787
-0.3248716628654307
-0.34041552062667335
0.29338939961410015
0.2836325304649134
0.28191198392049593
0.23813771272725806
0.16871346855555125
0.15975920395199833
0.11283666463819322
0.12893419535898373
0.07597825978293578
0.07153696395807786
0.044357484659889326
0.019983249336127433
-0.007135064337094773
-0.0229739518619222
-0.05151494317476757
-0.12390815987390424
-0.07659618698735549
-0.14267752753407806
-0.1644578422258747
-0.1686777875674732
-0.23579068569466136
-0.22277837013278276
-0.2568502466654451
-0.2839394267004593
-0.3228043619654047
0.3370397650668202
0.2807089171889163
0.2386761979983778
0.23148737556508214
0.1957755450605186
0.1888221649129186
0.16494150676307623
0.10627273771267075
0.10512922241636727
0.062247131931145325
0.054269936015169634
-0.008190338475272514
-0.0059046692990962655
-0.05038149724207615
-0.0825717003052906
-0.07861926634754368
-0.14123134242435342
-0.1207022586266667
-0.19170577125458527
-0.1966122514319608
-0.21703170349378526
-0.2594472148326688
-0.28944060632965785
-0.30104823519239576
-0.3336146139558075
0.30378888003168314
0.26447945019033015
0.2714986231619175
0.19783771099870176
0.20946340815509434
0.15821022156796508
0.14026810629480443
0.1565944945123267
0.09095533268623181
0.059541178279075284
0.038385746795881165
0.011638853154859945
-0.03316316897679508
-0.024344010699433403
-0.1030056397280884
-0.08767690493845469
-0.16383168863144854
-0.1387185206155918
-0.16351868604141095
-0.20508425716313025
-0.21680844913627248
-0.22232900721159296
-0.24617251838698959
-0.315954361241736
-0.33930617014408915
0.3149810041710895
0.2966749872602533
0.2997874707378242
0.20713756916773665
0.21110274663691944
0.17152202361189783
0.18556200078091395
0.13948986349327508
0.14215092625394674
0.05578485125983398
0.02263600379108875
0.026351645699452822
-0.020596931497821876
-0.030832874823621403
-0.05096740394852011
-0.034163737522919325
-0.0884978081028206
-0.09677304532744666
-0.13267309498304727
-0.203702469517729
-0.19145056380889686
-0.2364025418396793
-0.24287990204485954
-0.2956378523684455
-0.28966503413702765
0.32055625036765734
0.30730075929218204
0.27027293692421156
0.2349817346951063
0.21461372997952816
0.1913385959497392
0.1463782043447807
0.11439879204419406
0.0804668557854612
0.07155915598783244
0.06193377659200469
0.04356428795136076
0.0047984795743256006
-0.04311635517099911
-0.01660477903391252
-0.09087936887410829
-0.1094935666772452
-0.14609919603104626
-0.1521190755962523
-0.13474072557723682
-0.2090107778743181
-0.21167338593721946
-0.25051478022133467
-0.2761071588297829
-0.3290692434325616
0.28268457879554826
0.3094012600079167
0.272334379034869
0.2648550026527666
0.23004773023781216
0.16246836512031287
0.15914751210059638
0.11872062972549703
0.09773374054007161
0.08606714677607805
0.052813442525489356
0.02771226130990827
-0.01387281083201317
-0.009118908131083504
-0.058272935156862264
-0.09098798578355771
-0.09696723916648828
-0.1660039283266299
-0.13784759232322744
-0.20567371504564996
-0.17758084760098417
-0.2632566903658958
-0.29945367460330663
-0.2822534828473912
-0.2985465320940832
