-0.37633315232632447
-0.3817655045993866
-0.42451027690604665
-0.3919747316605649
0.38994424696716296
0.4121281377561297
0.3829657341357473
0.38552981810298975
0.35290722654162643
0.40031428053053414
0.3897922034997029
0.3771859895759448
0.3720466562058319
0.38848230528080663
0.4113036521237649
0.36430794690552987
0.3984559935009297
0.37243828208599794
0.41597211815953916
0.41263741511395885
0.3670709961534161
0.3881625981923031
0.41258775207502246
0.370923648064616
0.36508820372765693
0.40245458272827
0.36292402703935656
0.39422886790759487
0.365924594890887
0.3763005418179109
0.4242274916915517
0.409503946162495
0.376181739183496
0.3728376550536706
0.4090139407059591
0.3753702101332469
0.3732185021344483
-0.40463473782635434
-0.37388410466910116
-0.37529627707848345
-0.4063256480235782
-0.3840757258743952
-0.4129496014067027
-0.3777468442077507
-0.36651195013514415
-0.41446425726580277
-0.4040491406663055
-0.37118336210304864
-0.37618330677639916
-0.3925124819174051
-0.37455408718232236
-0.39802499986400286
-0.39928461550566435
-0.3688180891176606
-0.39094948323713086
-0.35056969228786916
-0.3774187313719586
-0.3604381949968967
-0.39322007795079006
-0.40095512800334326
-0.41348592759891195
-0.3856088542984017
-0.3884434300851967
-0.4271884530247464
-0.4205269917655554
-0.42180883979055894
-0.3814846157081323
-0.35878059583513044
-0.3690951303356057
-0.3804355710494052
-0.3320075883510246
0.3985431333878594
0.414437166365522
0.38992124354492086
0.3907445657641735
0.3765176341462733
0.3718847569048933
0.36435895856337885
0.38569970529575953
0.3909569314833341
0.4101011840330863
0.4295633587688014
0.3762491453400858
0.3925268909352506
0.37136293240101936
0.40175647001162457
0.3976219584480081
0.3533987947828505
0.366022247706723
0.38529858368202935
0.37828678047495273
0.3942900798526695
0.3760938107438232
0.38694157297711773
0.41089384427522113
0.37402203461789957
0.4269511644846391
0.41533387110355025
0.37825067063158335
0.4286890751972489
0.36411205680444714
0.35558716213598274
0.4133607991593114
0.39346898122648255
-0.3558725572504001
-0.38418160953504316
-0.3843357825637962
-0.4029678548199777
-0.3854321470749632
-0.3841888500445939
-0.3190084024210175
-0.3899942750884101
-0.41089730650490996
-0.36377906328186393
-0.38444445844017006
-0.42244419626553426
-0.3759056686459834
-0.39305096092159675
-0.42222362815754594
-0.4428409294710857
-0.40931197080552423
-0.4474595203317139
-0.3700546458704683
-0.3764214913686868
-0.394780175351429
-0.4074315059087569
-0.39002371938723984
-0.38482907045611475
-0.37688165694753956
-0.37437990057228965
-0.3878170259967139
-0.3810938272801152
-0.3794152353710947
-0.4027540400636195
-0.361063216801504
-0.3925137940199052
-0.4184228607063425
0.3824881310633595
0.3391510212742371
0.39358727389092396
0.43170153437223124
0.34812724393583855
0.37631306270670767
0.3756658066320154
0.38911833056956713
0.40150720163220655
0.4076931411520623
0.37832139801937475
0.3876570895114661
0.3705590728395134
0.3608571599998175
0.3833432213874192
0.405769037818703
0.38083138333770344
0.40544956380868624
0.40608940755882206
0.36517722025220184
0.39760903906285167
0.4199022096588694
0.3521118024140947
0.4046525820712211
0.3764932698470997
0.4013101240552793
0.4179257850355752
0.3956970395159437
0.3767329525421213
0.37616018860398637
0.3983947854564333
0.35839146274968425
0.4130207154088117
0.4088899271270962
-0.39886824347861255
-0.36944551147339566
-0.3968201206861824
-0.4139307387875039
-0.32640957975108176
-0.4005938740080871
-0.42628109231221634
-0.3557174578342861
-0.37260348327441156
-0.40627835975514426
-0.3907356219115837
-0.40425613026320323
-0.4001113209189849
-0.426305384583719
-0.38592851228720115
-0.3719942350214263
-0.4134282418851935
-0.38455842427054526
-0.3861524409949796
-0.4078692906424699
-0.41184674527293474
-0.3626776844261903
-0.3887435619458263
-0.3425572573987967
-0.38286639667456446
-0.3273058209418104
-0.36281703705490675
-0.3626778760830794
-0.37919811655310265
-0.38941129923015133
-0.4064924238322777
-0.3992627441074248
-0.3854255231760604
0.40656188189650116
0.3469491296353061
0.4066388817945491
0.3592640019088959
0.38685958994512887
0.3815122475601801
0.41858043700562647
0.3616703994742832
0.36937810866694765
0.3811751859532202
0.43260905010553646
0.4185343698188214
0.36177113704230784
0.3749678728192776
0.39803947756772284
0.3662450978068715
0.36195729280558303
0.3959259724215987
0.3954349524416707
0.396523812710612
0.3735917287399443
0.3686673392030703
0.4019674260593765
0.3812339725921604
0.3619639465100211
0.3791493507430294
0.39666932556257084
0.3908482313572006
0.4105546482461494
0.39822542187967425
0.38312632352750564
0.4159488197625758
0.3655420436596137
0.40398658235920665
-0.3682537260058158
-0.37373318314357507
-0.3827358898252674
-0.40178820930568715
-0.4078731141867757
-0.3902655450893293
-0.3940978313614324
-0.388901438588788
-0.3646268155874399
-0.37819861374265507
-0.4050837758994184
-0.40692030705619964
-0.42076752825263924
-0.38892058417164904
-0.3679380901874397
-0.39856185721652143
-0.37488915880223084
-0.3767127991893646
