-0.25709617411334573
-0.1992164511130985
-0.14118294631659528
-0.10598535484571799
-0.052738369811692686
-0.022637566244003458
0.0008560664973798343
0.10522294251128954
0.17309927264728994
0.18170468096999065
0.21910702010585775
0.27996378435698244
0.3717237789727925
0.3574179808622755
0.3898453802357736
0.40602351456572583
0.49033590450993364
0.5100075444894313
0.6053836998082054
0.6097003689121882
0.6291906451615362
0.6830094207883453
0.7013626713003407
0.6889373458455178
0.7141925101732511
0.7536962663222512
0.74603753067787
0.7467782011006362
0.7834302419194308
0.7868312122087486
0.7724428981142616
0.7810176238046268
0.7578501700669783
0.7537108860816631
0.7622719246306263
0.7359276339816012
0.7381156266802084
0.7410843895220645
0.6938168193004853
0.6945288528232052
0.6588516648352638
0.5909386775224673
0.5913480647950012
0.5386341048706783
0.5194583226679674
0.44591678980416777
0.46775475070397954
0.3926415020006645
0.31599995637498357
0.31321811222531726
0.2582838565601625
0.212444081025707
0.1639281968415648
0.1540685941172369
0.060641840423946866
0.04874771461310361
-0.06050981557219712
-0.10337738823496814
-0.1611972464815647
-0.1677744504635482
-0.21019713314271798
-0.27530651132567424
-0.3229124620402015
-0.3862440673377586
-0.4174417367811527
-0.4361115330407877
-0.4898250153246188
-0.5288829571804886
-0.5412277452878667
-0.5669036988519194
-0.6324173500082512
-0.6672294785527222
-0.6532951015154133
-0.7047263387602181
-0.7201080524733049
-0.7182935335173204
-0.7670029110411146
-0.7393590175875092
-0.7619008032778583
-0.7677926502502519
-0.7849430268895699
-0.8081355666681027
-0.7796873929189269
-0.7551127743325909
-0.7851449119322054
-0.7677749360323912
-0.7255798742270986
-0.705103066460905
-0.6665428440363875
-0.6305817928670455
-0.6445577723650752
-0.5991460254571562
-0.5623836635506164
-0.5380142144433439
-0.5187583736632636
-0.4717740334193007
-0.4007891761234221
-0.3848956749765999
-0.33829827309600913
-0.3264455474855189
-0.25138111135169366
-0.2136445631209367
-0.1458393942121036
-0.1417564657682552
-0.06588913295822679
-0.0446911677161107
0.02072619646221462
0.03055036362793634
0.13330126355043143
0.18595682226741359
0.23236548865560777
0.28563919759143047
0.3264193199446744
0.3615963533281514
0.41835828410164627
0.4452788441054301
0.4758099048614977
0.5303102317088028
0.5477763222323151
0.5687746136073818
0.6398750194916671
0.6346798480604301
0.6590437372042611
0.7171232983970812
0.7207614289847319
0.7194525780835763
0.7521144735307084
0.7815383833608719
0.7536893281963443
0.8271302592485472
0.7793643228137163
0.7636036632152731
0.7765951101822645
0.7842317340450372
0.768062210178948
0.7642096673065041
0.7480715396909653
0.7571429461048671
0.7152729613078148
0.691968338308109
0.6669992348259642
0.6279887081245478
0.5975266334494463
0.5306576695912866
0.4896473359397592
0.4728983887279797
0.4474507007602848
0.39181220969098507
0.3482184156293767
0.3007448436197748
0.2710182548149976
0.22203940004492045
0.1494908874548123
0.13010487710931715
0.04194887253011201
0.02719104779395599
-0.029306020850065208
-0.08219981936883133
-0.13598808423401698
-0.17031311049039363
-0.18738784859661425
-0.2799395154685607
-0.29741107052465604
-0.34838226524656696
-0.38211598173339506
-0.4325087410120884
-0.4984526748092199
-0.5018441557621172
-0.5462388924565394
-0.6198530858902203
-0.599098042661869
-0.6037168569564165
-0.6715640166789414
-0.683234728057548
-0.715250302512702
-0.7154408352138213
-0.7616709249005418
-0.7794546238187837
-0.8104126397115772
-0.8122246105633573
-0.789164616006046
-0.7681028225420912
-0.7430240432401274
-0.8052636622910831
-0.7912954251925717
-0.7593009937195738
-0.7538459120100749
-0.7201147600992202
-0.7192789150408135
-0.6574699089775013
-0.6423713564355453
-0.5829495264065264
-0.5779778692921147
-0.5631327364002502
-0.5386837207824112
-0.4651472495223496
-0.45224759086267086
-0.40677296829718107
-0.34329914478436685
-0.3084513529201771
-0.29811229222229435
-0.20480358466816018
-0.14293766902110397
-0.14409364031135663
-0.1174505715413951
-0.06950721848413427
0.024794368534259877
0.04464647432249506
0.13943339986180414
0.14405347009235264
0.23250260666463557
0.2579204764148319
0.2903772591241977
0.30713053319273365
0.4017762465332977
0.44434425421183893
0.49430135140269355
0.5554654979504039
0.5399459845495289
0.6349806235533223
0.6039546787563324
0.6398319984777008
0.6823264744609637
0.6859710462866737
0.6836395146055524
0.7639236755065801
0.7953829889004046
0.7270213840164259
0.7939262781645083
0.744873599765145
0.7679887195533368
0.7676183724082722
0.7793536644502445
0.7731464343732936
0.7520475836977893
0.7425127079409465
0.7081813733737778
0.7019104040146493
0.7189561765071768
0.6826735391266646
0.6425214438139735
0.6264734853461505
0.6064534031095052
0.5661382713307491
0.5483817701909423
0.5056623546387703
0.4574776047512418
0.43457792192059497
0.3655706470799224
0.34611712537057576
0.2941665050666214
0.2600657750923319
0.19062869593406076
0.1386635102085693
0.1094727053549697
0.03178398264598093
