-0.10869589614468127
-0.16913177788394457
-0.19923087717172083
-0.2381009895757763
-0.22254341361123145
-0.22916315347850236
-0.3055395189881333
-0.3218858485153128
-0.3539110583660162
-0.35115212519001576
-0.39545667048717004
-0.3816554741115985
-0.45744259949845967
-0.4777582729206614
-0.5295454459201534
-0.535708708263097
-0.5878384002217335
-0.57564682645232
-0.6379967072682435
-0.6449674020612687
-0.6999406068609682
-0.6905012969195246
-0.6896438145814068
-0.6727614377876531
-0.6486051930640689
-0.6028066630482242
-0.5437458626337929
-0.5556561854032763
-0.5166421324741924
-0.4934362815486424
-0.4826381265157829
-0.4160557311038443
-0.39198010358105934
-0.35065120622457635
-0.3600218592241531
-0.3218961497402982
-0.29857861908216904
-0.2797187089845944
-0.2074055133063984
-0.2244292622423571
-0.16408229634045773
-0.15858738494976235
-0.11595511740836352
-0.07922781415739774
-0.08752878599740384
-0.055269742111935555
-0.01687796382441842
0.010334981293924598
0.03787181252347176
0.03423815203117732
0.09539302411223582
0.10978729095016392
0.14353531235429925
0.17449249985297455
0.23101034065495465
0.2904077036195205
0.2754168457038591
0.29153253077974484
0.33596687732666003
0.3450809266699717
0.38427444274522665
0.3998855734787853
0.43773323845741796
0.5290163231978451
0.4771607319108395
0.5495188712050116
0.5557015327443392
0.5999996771592551
0.6100418472346877
0.6473087288134115
0.6550753591895907
0.7210823024802118
0.6787683907915212
0.6752141876374737
0.633480851869582
0.6006579481076889
0.596626818068686
0.5248894586015496
0.522693117919827
0.504196133656414
0.4693314994534565
0.44993778108295
0.3987565534956114
0.37444269533218844
0.37942114144347594
0.3182621978133881
0.2836694186566371
0.30120493714019037
0.22698933357125248
0.1945729361103517
0.17908511889507434
0.12735045998101463
0.09483496634868943
0.09131427885049154
0.07819096191476291
0.06940670098078075
-0.011666224262997259
-0.01938455162112579
-0.02850853903232842
-0.08965318772416747
-0.12729449312983224
-0.12518572465693587
-0.1790610340537373
-0.17965488635750598
-0.22303448717792573
-0.2704328173095415
-0.25707031509646905
-0.30973635614478445
-0.29447227260384184
-0.331434187442425
-0.38022390250373855
-0.4216020921096647
-0.4672075603087862
-0.4765226170313185
-0.4742155178218653
-0.5023505712094157
-0.5453582849775337
-0.5933559014737192
-0.6342358334968531
-0.5917573430595998
-0.6882485390238686
-0.7008721649654182
-0.7075944766594413
-0.7107782222514031
-0.6514420579269359
-0.5792000451065493
-0.5772516856519796
-0.5260259578371399
-0.5320398793344641
-0.5099171431582871
-0.5068900978747541
-0.4604617582654192
-0.3994644304342201
-0.3562820667098816
-0.34730638358816457
-0.32271926201818923
-0.30026219060468134
-0.2670649420239826
-0.25674627647715986
-0.17698746256631986
-0.16521645663773654
-0.166740776361701
-0.1343979713267969
-0.04813550320514489
-0.04848750947368581
-0.02508315367107171
-0.013338046677273344
-0.023997582125209502
0.022397775115458096
0.06585810662102738
0.11254580722864146
0.13112235450169185
0.1649700005096671
0.1764168112850006
0.19918499814436008
0.2638372787062453
0.2875100518807484
0.2962501790755913
0.3388551352508351
0.3455366537737924
0.42852814585531
0.41512227335579654
0.437341786204551
0.4766121459312113
0.48113705070385065
0.5379040987137303
0.560623489446221
0.5766750807407839
0.6272550865919019
0.6387342962872755
0.6466912179815169
0.6826980181954775
0.6886184855771451
0.6818926351161493
0.6786198320793577
0.607532324580609
0.5719836262981554
0.5792748719304042
0.49954969978136193
0.4786093510566265
0.4926691628013113
0.4614579259700581
0.40091484444412145
0.3919806575809388
0.35357129062260145
0.3355891717950465
0.3007590789423435
0.2851610014749294
0.27767653203593307
0.23560238641904507
0.20769543681485675
0.12618976287033642
0.12998042883010996
0.06826180099501543
0.0983911981555259
0.05259879689980495
0.0036885746029255238
-0.025447705164974507
-0.012190929450388615
-0.07050834572753252
-0.1336912398825366
-0.16562233820224248
-0.13813892308899076
-0.1750050248910585
-0.23642690091154933
-0.2580853929800497
-0.2963756746917006
-0.3111572105968303
-0.31807878751622026
-0.3629230720986195
-0.3789108783190066
-0.39908273912220654
-0.4424806901684767
-0.4644911150604404
-0.4878111205894284
-0.5093620418282548
-0.5778370066647964
-0.574339959986226
-0.6347740401383875
-0.6402759425015877
-0.6599438492082482
-0.6597748749223287
-0.7164947402104517
-0.6944768463970303
-0.6292355525688089
-0.5941735735321229
-0.5855565178082671
-0.5480013259583376
-0.5423833779257048
-0.5068742500811221
-0.452835158071728
-0.4425140756336917
-0.40527253876317865
-0.39798740185753456
-0.3661162283905292
-0.3348136719408764
-0.3064014473622221
-0.30840346977573635
-0.2460977230554924
-0.23236576905556633
-0.2089630223051837
-0.1795376583871186
-0.12084876697249257
-0.11018315032510159
-0.0480081222326357
-0.0624203459840028
-0.01238840917261312
0.01951351803763625
0.031289254657673564
0.07876488451473714
0.10322788799442455
0.1199487394268334
0.12913175620980744
0.18018290767747502
0.17098388103857015
0.22680780718872448
