-0.2286068428713767
-0.3031336167157383
-0.2985952234069272
-0.26503469561775167
0.30695742883721044
0.2911394158102657
0.26872491789522657
0.30699430604025063
0.2976858174964914
0.2674026050797308
0.2955897228391256
0.28460141053054944
0.2762789432673861
0.28630843657756844
0.2713173263143417
0.28091484447884646
0.27340018319626913
-0.2576322459691478
-0.2717953725143285
-0.2590362502562668
-0.297423881564869
-0.27974239345576624
-0.2728654124850777
-0.3062709454084977
-0.3121189694831168
-0.2904405888026742
-0.2828743048547893
-0.2764518506580511
-0.28125225467674564
0.26715900251087943
0.2881839414077804
0.24513399682901646
0.2582707019116929
0.2641964256320198
0.2964735167803949
0.24588004503339939
0.25023175653440904
0.25783182087443657
0.2672464677960704
0.2860910143957689
0.29063586648998996
0.26903023014442484
-0.2894425108807425
-0.2694470364134492
-0.2921979673573039
-0.2670450181919919
-0.2814804861994807
-0.2716039456679827
-0.261417326653014
-0.33116703436028994
-0.31123821360552656
-0.30505736489675583
-0.2730125909968553
-0.28565005297818946
0.2649800860654262
0.3048254429404547
0.2835407357623738
0.31048968077510963
0.32717409409626463
0.27121834911354137
0.29788119011269204
0.28225758250609145
0.2654688029772821
0.26020306907746865
0.2991515786326764
0.2602584856840207
0.29578239660756056
-0.279336472205625
-0.27675164726311724
-0.27907667319310187
-0.26896367466122234
-0.30643549958960103
-0.27146329064366587
-0.3041578429263103
-0.2762852743662677
-0.28849856770077975
-0.27879822571958274
-0.29945873722326954
-0.2876756034227949
0.28409272654856227
0.2506312215642517
0.27587695231444065
0.23616713311356013
0.2601076521935035
0.323007657081509
0.2860178215723115
0.2892676278205626
0.28364519987949793
0.309099328138508
0.2659751811072109
0.2850188628217466
0.2859099794898373
-0.28721666040801563
-0.25630403539275515
-0.260097981428244
-0.26135455936757107
-0.28525509160365664
-0.29779419862404133
-0.2890268330728345
-0.2897758208945627
-0.2733604950602473
-0.2951755896920399
-0.2924332500074922
-0.27844755946209365
0.304839428607636
0.29449218942302197
0.2587415394645994
0.28710421893043175
0.31299588516901866
0.28765649331325427
0.24696756453808377
0.2982925415753042
0.2704322646021419
0.30695431725792444
0.2810988734520847
0.27032954691294553
0.28724451063883777
-0.3160905301286935
-0.26916207813335247
-0.29645558689278434
-0.28544609825419265
-0.29782010221418265
-0.29459201078009434
-0.30108946372224654
-0.27096435946302716
-0.2929258493509213
-0.2716242271016392
-0.30337376483010314
-0.27204041455466593
0.2643730979645277
0.287311917783932
0.3135404599724172
0.2909888354400887
0.2538531996781884
0.2770210734945439
0.2719760754231333
0.3197531995500288
0.27954805955190076
0.29804395390834604
0.22766457978158688
0.2870076755922837
0.2804330415034591
-0.2824475350522163
-0.29180965213371907
-0.2762135842697762
-0.2558840131868413
-0.2675360297515892
-0.2854119767879056
-0.2563330530554785
-0.2880768144364302
-0.27762454981893175
-0.28047036717658236
-0.2831165062822587
-0.290193109798472
0.27478405222939367
0.2901067190897754
0.28798358177844474
0.3058309485273937
0.2913045547851552
0.2933078535276317
0.2931478966861466
0.25540355899045286
0.2968794236769648
0.3064918000620089
0.2536213547980871
0.27239069188278764
0.24340514202074387
-0.28626201600828743
-0.2837416751727366
-0.31191891748538136
-0.27812848226849235
-0.26575535177921233
-0.29214617132134896
-0.28460276897613335
-0.31589530394620247
-0.2958810394234914
-0.31283023791034004
-0.2662020902274481
-0.29496228241961386
0.31152226542253864
0.2596911206664579
0.27788373845157405
0.25459419985048454
0.26548484122984806
0.29922550652670643
0.2634493498298232
0.2817807833246516
0.3117111467611763
0.2718827894697335
0.2837114032460191
0.29776990863881436
0.2776198218084698
-0.29326103615391774
-0.28164709905345753
-0.2797255298502418
-0.2662248964005863
-0.30769600886823256
-0.2719309378995435
-0.25058390682801657
-0.2672928532352391
-0.281702436927324
-0.30463397151049615
-0.2823934870131788
-0.26910670473512344
0.28699699639590026
0.26762567074820287
0.33188675387634475
0.26779994861916745
0.23746322358676675
0.27145754023155794
0.30440329240955594
0.27560223329179273
0.26182089633318095
0.28087001153570135
0.29356284424468415
0.25865233374730456
0.2706971900141461
-0.28858693725876067
-0.2713187547762196
-0.28859365102583634
-0.2731121981054495
-0.2767664141653857
-0.3063776770545202
-0.3052269982030364
-0.2859657147945422
-0.2956387701849519
-0.2880475267503807
-0.23879621457937078
-0.2659266294455795
0.2995471057125214
0.3236085948654672
0.2702762367446213
0.2719859587894419
0.2813299954976548
0.32790051218615923
0.25904064131426086
0.32945914485218303
0.2564231755180976
0.2929387401821328
0.2845467943262253
0.27712330226004844
0.27443831873525365
-0.255962785244123
-0.24695142864665726
-0.2928972724989561
-0.27169245310982354
-0.29095886102959817
-0.26812749626098725
-0.30592603664588014
-0.2861529881753598
-0.26608504582704084
-0.2964867237494942
-0.2553990205288366
-0.26237090956734227
-0.2792788566839814
0.23978882259694098
