-0.6084155492727839
-0.1805517955271607
-0.697922042006784
-0.35900283745982964
-0.2819575130323147
-0.6258134272902842
-0.637734364194076
-0.7715617561067679
-0.3507251679206274
-0.1587770678714148
-0.4069678379311374
-0.45111363982059216
-0.48555687685539434
-0.04130474506130935
-0.5915504179041167
-0.10271038128175147
-0.1118750523159123
-0.8836768298345022
-0.3055756756429578
-0.30708088273608924
-0.16644574835214757
-0.6405837777150377
-0.5904971999912639
-0.2910874982215727
-0.7251124597733505
-0.7732555686666034
-0.8201639453111319
-0.34247950819303236
-0.364465185705733
-0.16936739165569
-0.17841618058557182
-0.7466123392624654
-0.5308822211999161
-0.2481330608034541
-0.19809128310914662
-0.5632643874804486
-0.8300991488904395
-0.602228294768489
-0.356891807384888
-0.8144847970529886
-0.37564131410951396
-0.05274640877637449
-0.3823011090059102
-0.4896449394048685
-0.4996717309758836
-0.6430375034777865
-0.5025999601481866
-0.2608793688804185
-0.11976137587557666
-0.8046332169490162
-0.528051707756999
-0.41357523475190583
-0.5350889631805438
-0.0754531448201794
-0.5277677948379379
-0.6564418888224447
-0.03350991719767728
-0.649044346010019
-0.16650535420788673
-0.05986669131336967
-0.6345625185758431
-0.8006166577094539
-0.3153938766425961
-0.6873492820199995
-0.2880703244615296
-0.5349331632183205
-0.8000793045006688
-0.3969784083379564
-0.7165033296394654
-0.2504791605917533
-0.12124653165380435
-0.04298216519698121
-0.16093717118406722
-0.15421209994121773
-0.6572805913755332
-0.5474862452379289
-0.45753403630218126
-0.6939470971478643
-0.28472793208017744
-0.7856691068532015
-0.4064178720097052
-0.3960515997588851
-0.38748121834184845
-0.07508280222736442
-0.5914055059906088
-0.25224788122222613
-0.7129433082793409
-0.7470391954831971
-0.14841468985190714
-0.2618679953829145
-0.8093153574310985
-0.13299100796722277
-0.22214903168142372
-0.4774607835123605
-0.0002279777043615594
-0.35176889905746883
-0.01689723458174555
-0.767560870210815
-0.33728983151127484
-0.6252685205500492
-0.6340478009549102
-0.3724549567636286
-0.5015317455752689
-0.5002855442945218
-0.09048848539366244
-0.7174895556413174
-0.6697834500476983
-0.7944922439157616
-0.18166220488806664
-0.1522433866116441
-0.5139589024111874
-0.6592423382283255
-0.4678603250212085
-0.6894643388069307
-0.8302105226870579
-0.19075405044339133
-0.7344796748629806
-0.5515270543358999
-0.8803533967558298
-0.6483761236972034
-0.7145820141092397
-0.5503479340086641
-0.25312618619222466
-0.7093651655934566
-0.6306621499549877
-0.2673165316093947
-0.2610758905526879
-0.757134272944566
-0.9083308385286317
-0.527091333812372
-0.5276112401335193
-0.09965118347933498
-0.16908750842253484
-0.010335201622004478
-0.29561737436307733
-0.5469794311882775
-0.0971773318626497
-0.88001076002292
-0.5488167654781018
-0.26884681564687485
-0.829366360099635
-0.09831054097813789
-0.476699134669852
-0.0941529876490968
-0.82641417050118
-0.08921380166036366
-0.32234069597087667
-0.753897800530321
-0.6278877485761596
-0.24503414724548445
-0.3440673275177149
-0.20416142034008844
-0.016241490341722557
-0.13845508844190585
-0.04949416592236251
-0.31637214912770656
-0.6552975106840324
-0.8589007145585694
-0.26204946959777103
-0.38551471429427153
-0.8242506389940257
-0.21235785044552571
-0.21176115451898272
-0.567097789927524
-0.5236477906732427
-0.07700554280631199
-0.6811120810946367
-0.15392716570030415
-0.22048355017427573
-0.6148840029542154
-0.6846456504978919
-0.5863547316745784
-0.22744971924382293
-0.47027115447214196
-0.32316689520323344
-0.10076442604752182
-0.7607859835813212
-0.7636045967478134
-0.3415688441509155
-0.8495666196321111
-0.5355332913206247
-0.4738925465647651
-0.8592301230489068
-0.32862755898105983
-0.1964937478951388
-0.3162499239942589
-0.6755823185677905
0.0024507357298031076
-0.7966613072812172
-0.8663918837437449
-0.03810306698133432
-0.14417184670401154
-0.45825219052190164
-0.09174016587932336
-0.7106021218424026
-0.8738137212030086
-0.25187882756928515
-0.6080086928242296
-0.061956304504849374
-0.757815396176958
-0.1107388714448715
-0.5389073038962757
-0.6603593525100594
-0.30294908325359615
-0.5583997571869508
-0.25576494593774507
-0.7183875061983446
-0.5330341699666892
-0.7041890352135401
-0.30349815282697395
-0.6348324296083605
-0.8581358495304785
-0.27221436089302126
-0.36621651778862685
-0.03704789756887393
-0.09713443790701984
-0.639667966238197
-0.4187150514728721
-0.15563063438287494
-0.7492681560759853
-0.1538159891106153
-0.4836829179487949
-0.11487788773494047
-0.4846426278124753
-0.2765202772155348
-0.38833522134141524
-0.4283118909489422
-0.5786311626022357
-0.7795560817058106
-0.26406647046295023
-0.7962377998210219
-0.27433967885293564
-0.55289633524838
-0.4662468121501232
-0.5819884396949936
-0.22123751871961317
-0.3601054495817696
-0.5483606430926914
-0.8202526484371406
-0.45914171345867966
-0.153828349546003
-0.8218888456508708
-0.6593685366493832
-0.5958461858415383
-0.09720773328679161
-0.700292279191948
-0.17417525693464883
-0.6342029840277855
-0.759359662658916
-0.5887232789055584
-0.15163951393281877
-0.5909465818203266
-0.837223829457349
-0.6866675902083796
-0.36393715526053616
-0.29082079700561486
