-0.47827989532988735
-0.46135487895127986
-0.4718396445019953
-0.4601030793105921
-0.46047336581965687
0.5142107171848498
0.47332414426528285
0.4683812059680819
0.4931443557927267
0.49168807275494164
0.4851966022561434
0.4740162960915373
0.4709212529620586
0.49312934578401824
0.5188349570764828
0.4953415150666509
0.42922820180077137
0.4984938058818865
0.4984891150421557
0.4885566277832702
0.46601051834005264
0.4757281999690912
0.5219875891223649
0.4937349587650731
0.488553141296944
0.47486732988728103
0.4791384866538702
0.46873821874196575
0.463721955463588
0.4765900399243279
-0.4675868735283142
-0.46389946956200817
-0.45798662346594676
-0.49803292789651943
-0.4309914517692931
-0.49600930691785083
-0.4787311678714029
-0.47039239541316785
-0.4905866871453458
-0.4986469278688202
-0.4747680869947822
-0.46528286049662515
-0.5152488115212117
-0.4580802879992455
-0.4879347024802204
-0.5061148960357438
-0.44974207972179253
-0.4700797215930477
-0.44212111619243555
-0.5058371801059101
-0.5439758342056189
-0.46620913607332304
-0.4997348247113898
-0.5023083190041021
-0.48612122990597456
0.46340997198105344
0.4828970928801067
0.48571819300784924
0.4238800371344867
0.4896761238644836
0.5006629149072546
0.47276651252871593
0.5230501716362418
0.5190454711675501
0.5217355320133455
0.5034632729480498
0.47922925977056396
0.4765085200503457
0.4832600078890531
0.48171946564069773
0.4672073756735044
0.4476457054384768
0.48816436073439906
0.4940355287914185
0.49004102946121786
0.5091672427608789
0.47342519910769765
0.4983933865482557
0.4471469649344889
0.5048181025001319
-0.43349322791768297
-0.4479611136705481
-0.5046528114365065
-0.5283963441835943
-0.5038308934948865
-0.5002250392389781
-0.5079313351786852
-0.44840502246208686
-0.48289947322686505
-0.46019566638297293
-0.4657842294385496
-0.4905852859721169
-0.5025476920815127
-0.4705385701319566
-0.44661993318734494
-0.5085743033490838
-0.4715915006747458
-0.4762946840632161
-0.49432594295890897
-0.44520899460805924
-0.4701402449322398
-0.4681368640603351
-0.5093401054245599
-0.46581261683244696
-0.48745600620404483
0.47273272391797166
0.4991249622252183
0.48603438026183576
0.46354455316855825
0.48536464674852886
0.4540612904154658
0.5175821935212531
0.44753822887237193
0.511512371031875
0.4795193327919179
0.4676299733140045
0.5063167500262846
0.4917943968032934
0.49193757026763
0.5475184599687144
0.45150231128394075
0.48429748318467936
0.47938140449351596
0.5066034471012638
0.5017940215253406
0.4920714697434029
0.44746716022237665
0.5491770438358925
0.4785303466172203
0.5134016746412732
0.5097545393987305
-0.47995885515944114
-0.47033844966780286
-0.4754919842952534
-0.46446512615134233
-0.5331561261059682
-0.5194697465061757
-0.5084322747684387
-0.4963289474097184
-0.4806877905711032
-0.487313298507454
-0.4836024909402154
-0.4689177795807268
-0.47573683841679953
-0.4605599249265997
-0.4977603969891611
-0.4547943254316327
-0.481125311031504
-0.4844358557279634
-0.4709497925734902
-0.48252756178175016
-0.4821930042505553
-0.44257370814667985
-0.49398376550495254
-0.45257699504771876
-0.46532984326672233
0.5030216061561711
0.5069250815506426
0.46597527943378036
0.4590619070707237
0.4680369718520099
0.5221292293599122
0.5002049784901984
0.48552510670003596
0.468597129096387
0.46621712045419667
0.46662199531515025
0.49063990722348827
0.506912789227688
0.4373411230442952
0.48664053741816765
0.4850129710596385
0.5254463798487403
0.4515335681484324
0.48379213024825973
0.4566101944713845
0.4432071227511657
0.4804914737172622
0.5076207294154832
0.460950601258429
0.48598108840749354
-0.45835488228717824
-0.4789067002790266
-0.4917689963341195
-0.48018113866539197
-0.4546188705739408
-0.47615849221561063
-0.47135005070746555
-0.47907813841486957
-0.4605827828006271
-0.4953261676357254
-0.47709122870392795
-0.4337175096147404
-0.46354310601638704
-0.477288252652311
-0.5106551642775206
-0.5143637206350383
-0.49529200184055705
-0.45838224602315686
-0.5161398992153141
-0.4518747696945118
-0.4592101741195641
-0.4820872586642948
-0.4622280656892369
-0.47502676513324144
-0.483248744046878
0.5062795310911689
0.469240421222088
0.4620792281023693
0.47597560874868305
0.4822671739293269
0.4629691296578503
0.485947685208374
0.49805044938441684
0.48993423678876347
0.47328409945351535
0.5030455203351185
0.4577526270828592
0.4709992564956443
0.5068857681775637
0.5056421751208857
0.4679384925722696
0.48755535403019534
0.47199747377475765
0.4891091929305715
0.4927378059784156
0.4983075412782971
0.46604806237660046
0.46994391252642165
0.48707329609335936
0.4967361714825264
-0.46844529155312253
-0.45812418232555546
-0.49066693083918295
-0.48186317978276383
-0.524388172712385
-0.4942926793372115
-0.5124462994509973
-0.48468895655618577
-0.45614590461423565
-0.4649470570060304
-0.45823768383871655
-0.4792988741787944
-0.4624697834404273
-0.46468881054280503
-0.4791699071516349
-0.4800312522541679
-0.4850359793762811
-0.46213024779449147
-0.50387166626969
-0.43528028093283233
-0.4855014741315226
-0.4844448181414584
-0.5019733820215241
-0.496787881326257
-0.49921652966887
