-0.49175722682702105
-0.7952458584326579
-0.05417269939577261
-0.10848439239359468
-0.025709689312171165
-0.46307601249673364
-0.15295598126344373
-0.8586521461517546
-0.45944038569655044
-0.3710769978901367
-0.12653922773718063
-0.17816804215000318
-0.21226197508736436
-0.5451035863193995
-0.47451239852805155
-0.14559699097311363
-0.5261791143542455
-0.8094152529256479
-0.7071939154919369
-0.6097354137241439
-0.179066389247781
-0.3942460491372716
-0.5560486048087355
-0.254357518427073
-0.042175303333847836
-0.09076196700235266
-0.6181913293438781
-0.9219477442828251
-0.6419082842665841
-0.20922507769239532
-0.1819986105616622
-0.26873136450590174
-0.9236451357575359
-0.835174999917498
-0.021568780626369195
-0.8452317238330931
-0.1249851551830773
-0.15374335254614407
-0.2289319824183709
0.013107309239463474
-0.2168633251421816
-0.21338023686812327
-0.7578009840268122
-0.4074180599266328
-0.45222762046277354
-0.8525571911470975
-0.2844668881204599
-0.4503127480831626
-0.10853260007432906
-0.7111611075097491
-0.01967014158828258
-0.426667191136839
-0.5273483928154273
-0.8643771123889807
-0.08879593027639225
-0.7606080851893124
-0.41523256710717726
-0.38701598429187745
-0.9009192612527752
-0.6652171288614235
-0.3509353845705129
-0.6307627124253158
-0.834181199183677
-0.9742032858434695
-0.379266050695064
-0.8607841525971464
-0.05251255473010885
-0.2690781652559932
-0.024169878788764282
-0.5829752597705679
-0.47567438385491656
-0.025187193173550927
-0.00887862537543182
-0.5664776880603262
-0.555492732610458
-0.4659945152168157
-0.9515990236831388
-0.15153519252631395
-0.995671024038425
-0.7917880635183348
-0.5645951989143358
-0.5246520353605838
-0.21541208152935354
-0.3566052155634964
-0.2835780062981282
-0.1309479243074423
-0.08657790148684921
-0.8283438002412882
-0.4141037739178231
-0.6836610436466107
-0.8615181674015272
-0.9691768841869923
-0.5150969996171325
-0.9554387234492882
-0.5288571915293792
-0.4962015281754151
-0.22322040873515783
0.0007141116892002176
-0.2696405040325592
-0.14618161443637434
-0.6751142542326755
-0.7965275499501518
-0.22069025487885968
-0.08019578711395044
-0.14674813130029302
-0.3357782683171353
-0.6061967137623359
-0.20898901423474028
-0.3966653533816228
-0.42316568083275735
-0.8976560290129053
-0.933834315067578
-0.6026671728458015
-0.2457418106957133
-0.8765463854576481
-0.5161994793254695
-0.3791660842655017
-0.3373943734062881
-0.6692987252933664
-0.35506537295714086
-0.7102787643419801
-0.4719641086074049
-0.688285699331652
-0.6669771897328401
-0.9855662831949835
-0.05503256792149619
-0.3144771305360842
-0.11333214666098576
-0.07342721547345983
-0.8315275617663327
-0.24039582223832281
-0.5209285163694557
-0.08743478140522586
-0.5371265797182517
-0.8856219735244693
-0.5235048148451259
-0.2880354785853372
-0.9325957777335315
-0.07718731251652655
-0.6744452900067606
-0.5655841116760261
-0.5162751675122789
-0.3895825432623157
-0.4578641438677537
-0.18037108884957048
-0.8448126390842363
-0.12208181613243373
-0.6872491079255091
0.023643840154508988
-0.19413327219076237
-0.20645988283375144
-0.1544039205737101
-0.5429063918533478
-0.41513325819226443
-0.8172109616941152
-0.5791187045265997
-0.021198814410992636
-0.5786318017822135
-0.3455327855663439
-0.2993208847541946
-0.6912847701138242
-0.5414227199007784
-0.45296002844162553
-0.9122363123577211
-0.6955733580455898
-0.4897224322885307
-0.15496683230367664
-0.7531347018312285
-0.027992174099912188
-0.4447387065755465
-0.6864411835639395
-0.7110060038506428
-0.10451770118630437
-0.5414141056434207
-0.8630228194313663
-0.918311845058811
-0.82612786298483
-0.8881882515399996
-0.9325705561767312
-0.16137046056107807
-0.13581041106211955
-0.9111646785545044
-0.34217716752170174
-0.8094108916682529
-0.9704766956326941
-0.4709165934372651
-0.03712112992339371
-0.4156361635046371
-0.6862986788402913
-0.8392980174204269
-0.4769471237969099
-0.18994538205875577
-0.4598346549127435
-0.3148894590485061
-0.5136050346335356
-0.17525511402703953
-0.8533275527810021
-0.15472563622006444
-0.7843657381833455
-0.08617155059851349
-0.3496792909219974
-0.029965937224509614
-0.5620118301969964
-0.48846667178514097
-0.09292220690047924
-0.1324046540834581
-0.1599311863217762
-0.40577158589336637
-0.2217088975352596
-0.4244162846393799
-0.2596144757273246
-0.42295267072369785
-0.5802812701280323
-0.10524514681765809
-0.09800601052691356
-0.41583994993271994
-0.6613849506808264
-0.9806810862194055
-0.7547014385955972
-0.6984643359009743
-0.07680280020650848
-0.021007710926779125
-0.8097214400221511
-0.5315615212517291
-0.7390953764275082
-0.6321515080989126
-0.7721002119224384
-0.746791922534482
-0.2463097544537089
-0.764942352548103
-0.3007232109786582
-0.46658443745032524
-0.7673402595258704
-0.7239795528036763
-0.75101243778244
-0.4494002019995688
-0.705612007519851
-0.5082963460381278
-0.6854408079573605
-0.9333632146747071
-0.8980148754273078
-0.6955273943268682
-0.2571365179325849
-0.753168162129683
-0.12259389628186695
-0.6455046842326571
-0.6921167382383747
-0.8345337722210789
-0.06563096423710443
-0.8049641321594937
-0.4412709301691351
-0.38287106919029207
-0.47431202265502087
-0.6464536187435796
-0.9095420372451958
-0.45498112114601164
