0.7035280325491873
0.7596236723447498
0.8343270461062018
0.8212925423058283
0.846116425177947
0.8361313090391604
0.8968260173568442
0.8573945807184061
0.8595859938613467
0.7974501120662191
0.818947213262636
0.7727428403854831
0.7200226655718069
0.6791771302118579
0.636127464977365
0.5527659364712961
0.5045131779319826
0.4563189097520775
0.38844067673004923
0.3323801941451276
0.22512849576503957
0.13947379768360305
0.08848738664767582
-0.04935149392908284
-0.11459795949045279
-0.20622657903877473
-0.24147533066445456
-0.3423345773901516
-0.4122680849309416
-0.4743739848814029
-0.5233292192428085
-0.5966186537904583
-0.6586954491455795
-0.7035472151604508
-0.7354402631816318
-0.7777906648172471
-0.8209949322862033
-0.8189243769604577
-0.8291743433318933
-0.8744402900871282
-0.8463101208159985
-0.8428221163340252
-0.8426191134513009
-0.8382860310753191
-0.7415038076976929
-0.7402214577215892
-0.685338903986385
-0.6232125358666272
-0.5938530421793191
-0.5938231755829493
-0.49304039701552005
-0.3796819027977903
-0.29997957896700084
-0.26552786629156266
-0.17208988178540255
-0.08707369784132328
-0.024217120748859414
0.01669986741041502
0.14000337880404456
0.20089799171411793
0.2673249717811461
0.38372684130216106
0.4165902077548491
0.5235252703571921
0.5930121393250829
0.5878750273252146
0.6549947183870451
0.7220618249901475
0.7663233034051181
0.7432397966171129
0.7762522358034561
0.8233185492235023
0.8851987168207883
0.8486462717907423
0.8624726909054031
0.8150579158706407
0.8194818280880223
0.7786019906289424
0.7790713528399784
0.7183808366319469
0.6788967741663354
0.6034863852384392
0.5616870830990057
0.5090829463997948
0.4306067748663766
0.37777089665500774
0.29403416797674703
0.25222455409923217
0.12392014617701443
0.05538750675537492
-0.026134855542593226
-0.10013915679018594
-0.16429059450571368
-0.26416802650921173
-0.3135225541228825
-0.4136753371346813
-0.46309410239455423
-0.5274805164237103
-0.5932118183312012
-0.6386858198184218
-0.707891930657765
-0.7167228318483141
-0.7784386834221326
-0.7850236622359642
-0.8402642610587889
-0.8957107444294934
-0.8547880772995249
-0.8573031201910515
-0.8525177144201698
-0.8257482647318843
-0.825481318514717
-0.7611119621110065
-0.7198299928621585
-0.682100522367837
-0.6598957252310361
-0.5774317756774583
-0.5567855886809022
-0.5052990155052098
-0.42218214068439286
-0.3132769910926825
-0.2813611861137383
-0.18303746202803953
-0.11005898996404351
-0.0030975265395650695
0.09779229543794188
0.15077123487554053
0.21789990486069666
0.32864735806276835
0.3852651051312314
0.44091000765799326
0.5137742664413603
0.5626920028248127
0.6220288027202561
0.7203841325522147
0.7378871185984397
0.7787763059091521
0.7883910387301062
0.7929359435412764
0.8188911975664414
0.8235224049015047
0.8668888468977046
0.8357775873320888
0.8367032956146704
0.7972231785485079
0.7946041709764256
0.7625866026732936
0.6916365908672161
0.695107216201147
0.5809829177668304
0.548497369105268
0.48368930640402924
0.43712012868072453
0.38139566605117664
0.3165393515975068
0.21303346506542725
0.1354612582424779
0.017124101386608102
-0.02605671779367239
-0.0996799691257128
-0.18178186476980682
-0.2748019386867606
-0.3565812002384012
-0.39365070892801196
-0.5070428713066983
-0.534333181522453
-0.5964739018636178
-0.6428659963361276
-0.667882221735031
-0.7614992262040928
-0.7629033416143302
-0.8307007780638707
-0.832393679419232
-0.8488078959165192
-0.8380734677894813
-0.8483540206940503
-0.8320019320461438
-0.8291521340418729
-0.7982855205586668
-0.7684025391153173
-0.7206741080301162
-0.6682549624441972
-0.6174835497215132
-0.6017545664963372
-0.5463595445195631
-0.4322227452443561
-0.3366783497794366
-0.3203371789323331
-0.26899588060556523
-0.1611174152815862
-0.09603595960165297
0.004230159725740201
0.057591900854621486
0.16851779547972806
0.25890317556049436
0.2953758874185802
0.3653364140743773
0.4615093913532373
0.4987981436727479
0.5760992591415895
0.6217392084442351
0.6898640535208588
0.7065283327215098
0.7542542046341472
0.8043497239230964
0.8397179507872468
0.8291680211873614
0.8174706080123456
0.833810501143286
0.862201085935414
0.8315587799505779
0.8304902767385083
0.7897478038840686
0.7308044984975406
0.7524405018396234
0.6730186840252724
0.596219557225685
0.5643789756315312
0.49267824978012126
0.40219362101653033
0.3432823712156727
0.29054484073292286
0.18067464384068865
0.09799200758392332
0.021805026116039655
-0.04536741363930259
-0.11865943847671444
-0.21543814616294021
-0.24374815788088036
-0.35275956415145227
-0.3692783942824967
-0.5165833704009005
-0.5426332539521861
-0.6341520323407601
-0.6901016275872229
-0.6523416438825516
-0.7663163936118162
-0.8041085834477183
-0.8135358365037939
-0.8169877808102448
-0.8609647423641157
-0.8373984247841272
-0.8844385161686237
-0.8555929739130341
-0.818544641827205
-0.7658017300328241
-0.7603915262545657
-0.7439510247131224
-0.6824064789527187
-0.661403506617493
-0.5803369083325475
-0.5437958527350022
-0.47742474970631016
-0.3670617189624683
-0.3147366073913989
-0.2164974461926771
-0.14670854184115595
