0.15537152191539197
0.13319820164062834
0.16628169441384583
0.17400119966528835
0.20288104704690085
0.12765986692279413
0.17241974972780677
0.1540321532326674
0.1397284018302532
0.13854456928620745
0.14052871090604202
0.11566141855890966
0.14157829550914652
0.08573260430473889
0.1374067346527975
0.13127152493419794
0.1413537595412636
0.1442489957163719
0.09376877225140214
0.10022033967769443
0.08146147378748507
0.06233136797124277
0.021177646658536872
0.060395344730997266
0.05018818862080997
0.04490907579734605
0.015491234939563548
0.023582281592140073
-0.030407999021924738
-0.014417848965299664
-0.012947832870967943
-0.02278530837150996
-0.06394878530815484
-0.04819928772767181
-0.06838514108324578
-0.0744194088215633
-0.06209098772884908
-0.09745383450263975
-0.10174925677046595
-0.1355601557560118
-0.14749901258163772
-0.09775369458616659
-0.16433361830011348
-0.1356418643652116
-0.14087886858184875
-0.14841470117527508
-0.17117603502011625
-0.10042605357408307
-0.12041238847862895
-0.151706397023565
-0.167764810315178
-0.17746760013389593
-0.20023261673355636
-0.18532799228088676
-0.15440442740855886
-0.15547497305111727
-0.17062331323379773
-0.16911963329916122
-0.10069235746994529
-0.11866866967715009
-0.1732599522572987
-0.16415158957884038
-0.13423105443530287
-0.14580536281656156
-0.14290901389971114
-0.13171017239868013
-0.08950435864353454
-0.1272851541085699
-0.10587932511730887
-0.0686883794602866
-0.0710042960913908
-0.07547707734117241
-0.08889184017851556
-0.03377784327682094
-0.04413470041382835
-0.006034347692789335
-0.042605058905018964
-0.016688896010621665
-0.0325277491333621
-0.03788244343959881
0.020306514083082174
0.03257083054900969
0.016765278728498333
0.06251509072561105
0.06305706115520221
0.07499493008583095
0.07705821529498949
0.08364653994400588
0.10821436730697714
0.09882197134227616
0.12035923409079193
0.11534408519285548
0.12363570564392848
0.16286834444928047
0.11735967225393906
0.1326410281365159
0.1257276993930166
0.10681962133670962
0.13784684697667504
0.16853416156305998
0.17861837734525454
0.19779949428040317
0.15066734029056028
0.1642694196262918
0.1600372622939327
0.13944000172366308
0.1313743222013855
0.21726498889751591
0.142308798372605
0.13554548196475094
0.1333082366911141
0.1023887637843813
0.15025364967722382
0.11866365178404954
0.13351476305311305
0.10314640304185317
0.13947159679899035
0.11290303112633514
0.09899500923022281
0.08242475406488668
0.062073054762188995
0.10316555729634586
0.07074519297732232
0.023662747586917825
-0.010542052732308412
0.015559507651845963
0.051445725030701175
-0.022081810568705295
-0.0009841481779068913
-0.013369424760185369
0.009886699758357424
-0.04736368081707623
-0.05173243452399052
-0.05015436119930401
-0.08843195703658702
-0.06353385616042366
-0.07128395545609206
-0.05587958953050058
-0.11470866201361846
-0.12009333465390436
-0.1259320081606745
-0.10915777603655857
-0.11101763871189363
-0.14828288247877627
-0.1567834602512773
-0.18011760059846826
-0.12878552203290553
-0.12900698028167637
-0.1696375092547015
-0.18050976632997606
-0.18362162579364574
-0.16618832868807215
-0.1732956633578991
-0.15700124779484984
-0.16295859244179603
-0.15873794677178701
-0.15477596931153642
-0.1606235667142721
-0.16836527046875946
-0.16816918457682037
-0.12390784579039135
-0.1481749106562565
-0.13877006170663275
-0.10682993005811445
-0.14410360997303262
-0.12176559119914515
-0.10121084364425262
-0.09250140574607257
-0.0873754086757611
-0.09139813595285762
-0.0686391774325827
-0.08991054514126261
-0.05664387117505088
-0.058554061255913684
-0.01281291233067286
-0.03948693358992126
-0.04930272452464039
-0.027043572286732494
-0.01419715745188286
-0.009799810777636555
0.03187477234249331
0.027506432175987913
0.034484093910948754
0.03427797581992759
0.07244923865292066
0.06048064453411904
0.10859540492895708
0.07451239365593824
0.08299881403207168
0.12319600964159058
0.09617403477253893
0.09901833159288523
0.1261468474572227
0.1812514958410499
0.1313201599014705
0.1198332177903101
0.1128700546730052
0.14174880422384104
0.15542091124381435
0.1643885478417753
0.15265668782607364
0.14819577292390435
0.17338919024242788
0.16787607467067484
0.16042744936691627
0.17356632408676975
0.19520833367129176
0.1952891649731052
0.1397106756627604
0.14646142037123291
0.15341281445657837
0.1467593761747415
0.13214352637410828
0.11916987966085199
0.14037986008962386
0.09999724628708809
0.07406876404985116
0.10105383679842696
0.12060944710124366
0.08626314999892287
0.11941983765846828
0.06854722058940056
0.06535991486074424
0.03437794161456543
0.04580793478611556
0.058240403435674534
0.02194109051069916
0.0420118690426492
0.05025261061319532
-0.026343748033770813
-0.011667123231543584
0.0038735062075402824
-0.04008939779827871
-0.031437678778311946
-0.02793580727033896
-0.09306436846286277
-0.062313850888580345
-0.051897704392633505
-0.11901584756265907
-0.10172512777041824
-0.12323173279560345
-0.10226821577313802
-0.12259216870344061
-0.11028641636307963
-0.10057837622975502
-0.12494998806671895
-0.13401942650667564
-0.18309089154808705
-0.13160876661484786
-0.12225035146424681
-0.1777635775795739
-0.18378218516511846
-0.15637097052437174
-0.14366753035729005
-0.17433115510115843
-0.15982540300023945
