-0.11225322299692944
-0.17604527046108084
-0.4725684997353712
-0.34694605628129416
-0.4023481554924382
-0.20861916577939055
-0.05873981937825251
-0.5751378280077251
-0.20315776203108166
-0.11276774469713824
-0.07909755720074947
-0.14142540695359856
-0.04140464389563347
-0.0736377607099286
-0.5346106509885464
-0.05967575726672836
-0.051871336835062745
-0.46919401347160444
-0.4157410424639635
-0.55612529081789
-0.1737395714585062
-0.187629804121018
-0.16108967392925286
-0.049408336289468134
-0.1811136307782723
-0.5991090251678484
-0.2936919941394707
-0.36894624814325183
-0.04867717989315819
-0.15336672405816262
-0.2733003255032241
-0.10851254408117847
-0.044361710466947035
-0.13573692700451087
-0.43045929647054354
-0.053517207175969944
-0.1265436976934577
-0.4796355875744651
-0.5796566977787206
-0.38771860028017857
-0.0716196540564031
-0.4706891584629929
-0.32907059244904685
-0.12702059709586397
-0.32736233460035863
-0.5248757120150934
-0.29864903809454896
-0.3832142886811317
-0.19179734402713708
-0.31518211526846185
-0.5078104453072394
-0.26099034950208405
-0.14703787695417792
-0.2116596402893071
-0.5396902849042547
-0.06691138266181022
-0.033495236488906927
-0.011638588698653278
-0.5964694238310575
-0.48466848318271505
-0.5596586058331416
-0.13783120483304373
-0.4072463108437491
-0.0001887890376181525
-0.25215696692558454
0.001181244667375948
-0.15667386292744112
-0.392307135170435
-0.2446366146263013
-0.5213416128737803
-0.34716527102643663
-0.24309385526687805
-0.34775528556210833
-0.45094144476159737
-0.2881930874097754
-0.21405527607290997
-0.21032589261007803
-0.4203852538116336
-0.12525953405783372
-0.035253575772215155
-0.10178615819323066
-0.25598809625268865
-0.29103166143128223
-0.5306177819173203
-0.3879011048339537
-0.5382063038007348
-0.07383659179324065
-0.09626200901839335
-0.2814496633126103
-0.3157156441102851
-0.11362101251879748
-0.286722163730263
-0.4214990315219058
-0.1585918027330522
-0.07775939188904514
-0.325957231633153
-0.3944320262181849
-0.29100627323007555
-0.5992608493903117
-0.5417387013822993
-0.08522574948884923
-0.34267960555007615
-0.38449855531070665
-0.0282391054379763
-0.23929626178880062
-0.5825601603375754
-0.5075495777882097
-0.2490964857103903
-0.49366813260819253
-0.5698216648208001
-0.0975721677655003
-0.11842030788811451
-0.03559534807598791
-0.18321040382651985
-0.05076280260722327
-0.47060243453155104
-0.05088132153505594
-0.1948201699136885
-0.34590272308632947
-0.5518591089494829
-0.5421961734425333
-0.32053490472108787
-0.23334828609395358
-0.08319186166660351
-0.17113566527384877
-0.2612887935150695
-0.5606003483906589
-0.07016552914395228
-0.06782091293937606
-0.13926868003736897
-0.25842093334831445
-0.24573449115910914
-0.23294346075724034
-0.06911690939612476
-0.4561202012554573
-0.339364038708455
-0.2291411804461897
-0.22566977168040964
-0.3377966075798271
-0.3897016276283344
-0.16677615670725834
-0.06989264445871665
-0.4268378566979148
-0.09381565724907509
-0.12919835981077293
-0.25860698222177164
-0.37294871476709607
-0.36245696728319826
-0.23864236145624698
-0.10364110211776721
-0.31521547536056205
-0.5693732966953955
-0.36959632348354665
-0.3861232271348757
-0.5856756897700234
-0.5316642809608637
-0.2517048540808102
-0.18476117366344216
-0.278469662225117
-0.11886801167648699
-0.19376708522660557
-0.10915915360802142
-0.2161012184011454
-0.4556899457942658
-0.5337108043260388
-0.04784577814100293
-0.5192297789491618
-0.24924285237313937
-0.16567077717964224
-0.3340178186921674
-0.2514000938194612
-0.07488937531362821
-0.32426392043805385
-0.1546460817226145
-0.29426524658326264
-0.3112802524161034
-0.1839438532091343
-0.04513840250241177
-0.2419816168964361
-0.5805135857504328
-0.47934002324042835
-0.2102411817534264
-0.14350382234762474
-0.3753598301784104
-0.4000755608159899
-0.18534188810804597
-0.37535464773652555
-0.2553588135520609
-0.5697652384481003
-0.45417988347764604
-0.4457189508864022
-0.1378912610232685
-0.15531698282488052
-0.1947737515564728
-0.3059001374482738
-0.09941586487480017
-0.11533121702826898
-0.226236212293708
-0.3289480081353954
-0.27702201567970747
-0.24749270841562926
-0.3237164756655673
-0.44712518208742097
-0.32176230136026523
-0.5221059973356751
-0.20595742585569776
-0.11664756549544725
-0.20375932740847086
-0.41516482515903114
-0.16595932062146215
-0.20999194273333857
-0.1549938670233229
-0.5420301087023536
-0.4816029158309429
-0.030443146840655976
-0.08138242966766787
-0.49774189244436756
-0.2964589166443369
-0.08136601172619093
-0.5150762566516007
-0.5058542795005926
-0.5117921954817097
-0.25884470709942903
-0.44432034207296706
-0.44959132372341876
-0.42494991134102567
-0.5042164841954409
-0.3059984548291231
-0.3140203800280711
-0.21056716139176698
-0.1328286019796697
-0.5189037063191231
-0.6037715748717991
-0.5110377168444601
-0.12553091856030021
-0.4187572986680965
-0.14175261235258854
-0.3607359557380944
-0.26358836406333014
-0.24292235578110158
-0.15875503409138625
-0.09301944564436801
-0.10149769768511543
-0.45946998644233583
-0.3353633965185369
-0.5019904295125396
-0.24556039655817533
-0.09300431254838246
-0.4144267364418579
-0.5004039708801555
-0.40965328690570557
-0.10509807017544835
-0.018251715152662877
-0.2143902123314123
-0.3346143471793176
-0.23594831621202209
