0.17555810988467263
0.24436583878570783
0.2692901797028809
0.30777116677774174
0.3079263763688155
0.28556396402427436
0.2621850883820956
0.2721269378659455
0.21767275446801157
0.21741158924377796
0.13501770086992096
0.0899744214451469
0.04101870618133548
-0.024395764336513946
-0.0505506371134274
-0.05853121156255334
-0.15163173694808313
-0.1834929542917903
-0.25483296670138356
-0.24472840011860922
-0.3078787185422992
-0.26021842762049113
-0.28129045258970065
-0.2722848156767279
-0.26671931671066745
-0.221450196924388
-0.16805680799578296
-0.11431077016240666
-0.10328949894772269
-0.0043903248711765035
0.009263602829357388
0.04997859980210709
0.11732549520812438
0.16517639212850582
0.20952238642759596
0.26544086560556485
0.2922317461808165
0.32994339223355706
0.3167010993107011
0.29445648923842394
0.2912756616190634
0.2711353544316762
0.2072194239131133
0.1672413438895415
0.11406177422998523
0.04028588335218766
0.029702481265335746
0.0037661746249277803
-0.10169287143296009
-0.16391571606879823
-0.1929928719779588
-0.21305020968368243
-0.2548723983953281
-0.26291856114089224
-0.3286536588901716
-0.2906267847620756
-0.2606143357178184
-0.30877162658344737
-0.2474606560209856
-0.18280509263391523
-0.1418610323230812
-0.12374336625152604
-0.05176245183164151
-0.010600339467886312
0.06378986121272057
0.07307580769291348
0.1758993135474876
0.21159326737333567
0.25076121637701665
0.21937373013413086
0.29124437125476194
0.2802632129032865
0.29922510634595273
0.2875489374228889
0.26958488087277155
0.23437711898606264
0.18739499644478944
0.10782167354177864
0.11111721998484313
0.03400728058928017
-0.004143709050235877
-0.07050548279427402
-0.13981479514013706
-0.14878221778482062
-0.20785491918240775
-0.2539857072460262
-0.23851489398152662
-0.2860157028085956
-0.3031971396949468
-0.26674535042994924
-0.27155462153598214
-0.25266741537277476
-0.2082342394672724
-0.19976699079990132
-0.11045104266605946
-0.09150193514765588
-0.018494919505522577
0.03731384708095855
0.12758072559283465
0.1234191719837065
0.16131233564891706
0.22312035851708706
0.24202083069127767
0.28859186356481875
0.28289932484368396
0.2697384351553174
0.2841988800723107
0.27878733683727913
0.2433257668601784
0.20894039073142673
0.1660480107885228
0.08874383952040663
0.03914972722912162
0.059297001773671656
-0.01592697074812541
-0.06294915023428549
-0.16009572941141156
-0.22005020915025122
-0.23773398143789742
-0.2689247557788047
-0.3030730348297406
-0.26603519861113634
-0.3036364099405692
-0.27960480601207566
-0.23572093385949128
-0.24406420523547454
-0.2302215232694666
-0.12857481127410203
-0.06748454356204671
-0.0520891545774236
0.0075715429764900465
0.07492945779130641
0.12868981764298087
0.17540075667665203
0.20761214523003552
0.25096239721081315
0.3109528103752904
0.2883370803900731
0.2902436327482477
0.2873128740926238
0.28665022589570954
0.22738038760560209
0.2615124499188057
0.2151088726633422
0.16588060755675
0.08788074602201403
0.002010320837984747
0.0070426023203209315
-0.04661028995506841
-0.06501576860775332
-0.17952094742021096
-0.19412074860835699
-0.2513599330520649
-0.24242309574562151
-0.3031315160380321
-0.28933140972703875
-0.29926541025012926
-0.2910048358130436
-0.24636537534019837
-0.2345280905445215
-0.1649229630538733
-0.09472565114474005
-0.1054107301173273
-0.04149405126376606
0.042205582748926496
0.08835420910395603
0.0858850354999625
0.17158626105695945
0.18132972679113887
0.22147669061707564
0.28112840593265975
0.2902435925846565
0.288120379021368
0.28243574341987193
0.2900368243689417
0.23021649595551946
0.21285140826893229
0.14971508433873595
0.12765529021914884
0.013567360759819826
-0.022799236354951576
-0.0761960461717986
-0.09897877675494388
-0.12916199237644163
-0.1892737795152279
-0.2546346036044361
-0.28667613984655793
-0.29711455446581025
-0.2835112138403442
-0.27238539758107616
-0.27687509920322356
-0.2544323600634233
-0.2132093737979546
-0.18342093263082693
-0.14041748620724015
-0.10027087678802227
-0.011217830081942375
0.030820929525317536
0.04187489409472969
0.13783832610429295
0.16208443617037743
0.23020873903618377
0.26965470410566944
0.27439517678883585
0.2836043613717698
0.2766093817245001
0.2887428846216476
0.23059013675879816
0.25598469762006526
0.1993495384630896
0.17710743269668067
0.12397107589568461
0.10467684035201633
0.007412676549715374
-0.023126105360814924
-0.0682407533467238
-0.10714272302072494
-0.18227377783554316
-0.18129533105648624
-0.27008674780819253
-0.24846615275288447
-0.2676879347870719
-0.2601778730441921
-0.27095329821808073
-0.27883188347915233
-0.22769735155839765
-0.20630744463541467
-0.16017088693955672
-0.15469401536581934
-0.07460620936267562
-0.03134842048219342
0.05517253616820759
0.07744398725278245
0.16622502578873613
0.1791744799737377
0.23407907218068008
0.2697921082148083
0.29315584384414395
0.307075438469368
0.29601629536483964
0.29892974873743516
0.2604430456982133
0.19628302416613824
0.1857033432891552
0.153775265794349
0.1024871672249733
0.06625608885911055
-0.007268283949697406
-0.02898597212044919
-0.10899296216700821
-0.15000674806968878
-0.21160690997124096
-0.2233135568918167
-0.23626593119348013
-0.2446338065438424
-0.2789072100679005
