0.031813978836502756
0.04418999493885205
0.0014871308174613448
0.04985416801440685
0.04702682821493704
0.06636168486703588
0.046746578662606834
0.012219690387351184
0.031583607048675647
0.019326667814761368
0.012947427882074643
0.04236028849882016
0.04171536619350664
0.005354237414226214
0.06869096589903637
0.03644057950040299
0.046980390816815834
0.0692549134840611
-0.0011379256524954758
0.03061416190562883
0.03961374064999755
0.012766643705532585
0.010449867293579301
0.003841082965655462
-0.01721354721500122
-0.0016382887741675529
-0.028835614791072366
0.040421931118583866
0.023561095716384553
-0.011824986770838018
-0.004478387388705955
0.011288879170139772
-0.02764618359547611
-0.05050866298088129
0.004256421974962482
-0.006687772608918303
0.019174773432132072
-0.044260164689551074
-0.02251663877885455
-0.008282565508874962
-0.09546749988321959
-0.008280494833241413
-0.02418841464015542
-0.053825879837968424
-0.020231271652995552
-0.05308661865115445
-0.003875149810307104
-0.03006738191647586
-0.0417576329946618
0.013853184580981465
-0.010148393029768436
-0.02615030857311543
-0.02768706602101353
-0.030616343096964357
-0.014402018114495334
0.021538253029062433
-0.023724391117517927
-0.027991882460911645
-0.029503726991014553
-0.01831371769787044
0.012085430392438406
0.03636186071748409
-0.011348243410655164
-0.0010318148131165418
-0.012644343078661222
0.023595130344253295
-0.0030631017184069576
-0.00922447399397746
0.014328461206695883
-0.010158833067662805
0.027380777150169393
0.0479628859806749
0.03418887697088149
0.027688612384189834
0.07134375249624442
0.03254738131617185
0.05300102182340724
0.057913329522427455
0.025053016227328858
0.0471044724906117
0.03704714648872415
0.01702398050536065
0.014961489750292106
0.017185461213345826
0.02635374203975897
0.02600885007226407
0.018458677108112536
0.0015207561662838771
0.047135582474402735
0.01446463225490454
0.019972671024696388
0.00994900235145809
0.010877482195953091
-0.012856383544089856
-0.004365874597050073
-0.0002834993332728906
-0.018723201206244038
-0.02827698664276796
-0.011915897660248663
-0.005553777569237108
0.0024874823827509933
-0.021357707728233595
-0.010989910935146646
-0.023372395128278198
-0.006057700169703119
-0.05186891665623774
-0.050977379912478096
-0.04654193491949747
-0.024422124148496052
-0.05178835250440316
-0.016095706890646964
-0.03227308986645955
-0.013537213170823074
-0.015522283539895328
-0.03066576865945987
-0.05742118375572858
-0.03573897215602389
-0.03604964082552284
-0.025161740984853093
-0.02635502048474866
-0.05839473524138276
-0.04009147781341663
-0.015504125330388745
0.011533164693629439
-0.016814205248668217
0.0169775288634167
-0.034259451501115916
-0.0018994419625347992
0.021136399032293807
0.014774698718238374
-0.008193166663774848
0.02517070341219279
0.048708394145531686
0.01699029324512387
0.007915409754623614
0.06648930416560904
-0.0014290896465290574
0.004783230952181337
0.03232529159775976
-0.0018346530777013856
0.04134821792018392
0.015198048938521336
-0.017241588873302696
0.08877860367515783
0.005340982513323322
0.006924612187840323
0.039215138589700924
0.046641941564028254
0.019036380162337288
-0.0031854760112930147
0.04930235703017674
0.025794107062669536
9.174549238578564e-05
0.04140432144301242
0.02701318202830203
0.00860704161103918
0.004291961102020864
0.03046780363046829
0.005170119745372695
-0.014915886071462816
-0.0004866607383941164
0.008638166000405297
-0.007205430272441394
-0.03133205048316511
-0.032050852287157296
-0.008971862766757844
-0.021915257877982836
-0.017357050829496356
-0.021897828079754537
-0.06271938945549257
-0.03869059587913174
-0.029179030763592274
0.003591525480414283
-0.062286954754293036
-0.03054736078634997
-0.03356989338877505
-0.010961368921274427
-0.008334062119919064
-0.020354601463435186
-0.042810291816607476
-0.020893340665281222
-0.030374074036746843
-0.010683613556615984
0.023281037670286008
-0.04295088461965861
-0.020185170556149743
-0.020661493322682287
-0.02872707605010439
-0.004089331850540877
-0.012291526415111234
-0.022099124190835297
-0.01496816034916676
0.008036910085785602
-0.0033971273617158983
0.015778817092987264
-0.0033729502905330217
0.007808268156115647
0.019195895743524236
-0.017885150748935034
0.005910814635915746
0.031599738657406166
0.022109244482404408
0.0049467154501927
0.04493565281362958
-0.02091478259558014
0.04529620255347216
0.017971671536231686
0.03351704854093132
0.007971736551573152
0.0363652395922268
0.05275284989612487
0.04407597541085157
0.030171918958110784
0.06223632728225929
0.026268618268067003
0.0548162833062472
0.03482475608995732
0.014210142439169043
0.01895380412928411
-0.011939922444038041
-0.003956206043490621
0.03806029264388844
0.042493036295479424
-0.01953909084114859
-0.005745260716420869
0.02621553530194951
-0.0012711852350675455
0.021752588425675193
0.014476837312134321
-0.019981501489235276
0.004472166147032551
0.015567347367091899
-0.042036256817114606
-0.048886336107029346
-0.0662719561195034
-0.022617370964766893
-0.005184946440507637
-0.04781368489658358
-0.02030326078603032
-0.07589306795532974
-0.0237695766160022
-0.026293951613583593
-0.005184766782050567
-0.04567190207292449
-0.060245596403212885
-0.014092287138350298
-0.04094972703005169
-0.07014578108195932
-0.00036904361209777817
-0.04608459150929598
-0.03872065927043264
-0.00983463546071216
-0.058884197747233455
-0.025677843042877943
-0.010532746054580587
0.029982254928600134
