0.8580990200302261
0.8810057240988315
0.8787993840172653
0.9121638952749288
0.9035550965115432
0.9033970350517327
0.8993248368065364
0.888239497800061
0.8945177289124274
0.9056018156312029
0.8814007167322618
0.8409448819836962
0.8958449088947319
0.9303345670633858
0.8715736881436706
0.8699737340855651
0.880687569165282
0.8780995549366004
-0.9103106404258906
-0.8762664083313564
-0.893251582126858
-0.8958742549150499
-0.8814060720385997
-0.8731136223362259
-0.8790053617377613
-0.8894967844712336
-0.8757670303752159
-0.9324757843707651
-0.8680098881143034
-0.8424368676369748
-0.9046042724413795
-0.8856020551850019
-0.8952436461697694
-0.8654864022073353
-0.8512630042688838
-0.8608263037335133
-0.8977440548372475
-0.8588871818348237
-0.882370019483215
-0.8964054979581502
-0.8819830530553167
-0.8894501959327075
-0.8560171206911941
-0.8659819517004691
-0.9240307797447941
-0.8981040421706532
-0.8954915130848469
-0.8999115714972604
-0.9012948388991072
-0.8774544268465544
-0.909079310121533
0.8981848093194298
0.893041749556574
0.8957893537732657
0.840439410649676
0.8670280222902689
0.8999052817327111
0.8961791091143309
0.8718950437462213
0.885818722389045
0.8769823440138013
0.8943202039146514
0.8863890623306103
0.8650772313705304
0.8763955385875702
0.8877165179721351
0.9030845573335704
0.8613130149467981
0.8796139008377418
0.8918398537353627
0.8684267346164749
0.8995593994822167
0.9329022575531545
0.8875416793075062
0.8712666966621555
0.8810850182098231
0.8484151273757663
0.8409048732235818
0.8825895612713243
0.8672646869839081
0.9234257185296788
0.868866649619882
0.894270261572725
0.8901130707254357
0.8652892166860446
-0.8798288791262001
-0.8605059953211515
-0.8976525903776741
-0.8911230513654168
-0.8803175055770132
-0.8824225397058887
-0.8687826065839163
-0.8788850382307781
-0.8853445912919817
-0.8639442145535013
-0.8601791070529949
-0.8715764634139749
-0.8888910112007321
-0.8948565683290699
-0.8849633446060992
-0.8730017145119422
-0.8722618689437699
-0.9040041334631913
-0.9139410977317663
-0.8713646187757815
-0.909517690683067
-0.8820049787393317
-0.8847034517741306
-0.8662685829492272
-0.9010913118387506
-0.8830753865073714
-0.8835904247719419
-0.8619607612708753
-0.8814928009927782
-0.8676443069224764
-0.9010975694623479
-0.8527223375005024
-0.9047322802009248
0.9148208801691222
0.8982374642382941
0.8922797450732992
0.8602936236986867
0.86995920087008
0.8940623210481493
0.8753791050310976
0.9003208282406201
0.8916867965332094
0.9050626853035003
0.91357822106291
0.9056901296541527
0.8832538530871106
0.8688834533901894
0.9085537396549335
0.8998257232113931
0.893051302111116
0.8653010601955341
0.8633092664258508
0.8711427394170151
0.8740492547512424
0.8807683176977201
0.8799439935305241
0.8815542298024592
0.9006209416254377
0.8795138541502968
0.9075727674738927
0.8750720676574183
0.9060650992277864
0.8715710878964941
0.845383559572414
0.9199728329659063
0.876056720848534
0.912340788326399
-0.8757790499339119
-0.8816847872967268
-0.8623978048068511
-0.844131847617243
-0.8887964570881995
-0.8875628395794505
-0.8695082394830964
-0.889969939068244
-0.9043617555344157
-0.8511165597154536
-0.8996012816842418
-0.8661320262113518
-0.9006748102981211
-0.8760064846236314
-0.8718075799985407
-0.9041391728229738
-0.9094595575157064
-0.8875809710238782
-0.876138692295738
-0.8727019693677117
-0.897474156825217
-0.8408304275913532
-0.87959030630617
-0.8895607984562988
-0.9018152908271452
-0.8570241523590105
-0.8802477062632628
-0.9071905989734179
-0.8882162434946071
-0.8982410616800776
-0.8809835778847717
-0.8806731665496763
-0.8835391512501939
0.9016785843109784
0.9311207587171423
0.8822520637668789
0.8992225561145748
0.8342867282960832
0.9361739301858906
0.8683367020220228
0.8624040989078913
0.8938235527451993
0.8942875408122436
0.8533169552485502
0.8630615442846654
0.8689774134730022
0.8947025769886037
0.8758544274435367
0.8919894009700902
0.8766199420053253
0.9258630081289656
0.882544264518132
0.899603040626685
0.860810593067698
0.883182893587541
0.861889712383749
0.8829369015914142
0.889645048874023
0.8910866192216053
0.8621958537333346
0.8939116751810131
0.8771704810736141
0.8755834285874584
0.8752190054815028
0.8580666669780064
0.8933783359057677
-0.9231439828049892
-0.8889082479523189
-0.8517090975423288
-0.8894280503520972
-0.874790782715125
-0.85455628133214
-0.9038920086465024
-0.8945534189222416
-0.8876107536480351
-0.8940077255644532
-0.8794656016898446
-0.9084387059967921
-0.8832355930034578
-0.9088184107223302
-0.8622226770285949
-0.8948228066198102
-0.8984795566392378
-0.9005028104745769
-0.8537492505985852
-0.8373900013071298
-0.8865856740220652
-0.901460320645359
-0.8969359466932361
-0.8645785764554158
-0.8902841937230304
-0.8569549359849646
-0.8627602148406452
-0.8677424130159572
-0.8894997968709468
-0.8388484640750633
-0.8909741067707306
-0.9134434122552454
-0.9063501112947666
-0.8883557134609822
0.8541104234598392
0.8700780854215165
0.8789113458102529
0.874876258679994
