-0.3309281711355579
-0.32587083394117555
-0.34006393673851487
-0.35840828422657506
-0.37649121695974647
-0.3886215473954686
-0.37535919110231813
-0.39827585270808286
-0.3710872736510932
-0.4617194977547801
-0.41018590932913623
-0.4140937430204483
-0.41009781045979915
-0.4176415247378784
-0.43991257982105897
-0.39111894246302137
-0.41355139723250295
-0.4505332252724446
-0.38340895637038114
-0.33423850034915525
-0.35721029805223325
-0.31852367730459913
-0.29136706828837267
-0.2887458086868646
-0.28522152486785424
-0.23600696874305077
-0.24367087499560028
-0.2422034870318912
-0.1873085122288421
-0.1798702285138398
-0.15848227922488817
-0.15520189722547786
-0.12883478389074804
-0.05190914817307464
-0.07981515636210698
-0.013966292760569824
0.02307871125558381
0.00536758984793493
0.0732347968415262
0.09657419566898857
0.0935944486064289
0.10862401251586254
0.1301534788069133
0.19338669978853143
0.212465757417879
0.2123876979561846
0.23967200505880004
0.2895692899628861
0.3148115170634793
0.3073025862950352
0.33623663466692455
0.3418329265673558
0.3532110161381942
0.36643512529410444
0.3981403149477405
0.39908051165987496
0.3972830706288773
0.37884251683378256
0.4267096575178593
0.4208889108422176
0.4198172988237088
0.39566166530273716
0.3950206758975054
0.3919749904745915
0.4027275503327172
0.4208321786604204
0.3785513627365035
0.4266073018961276
0.37921844642205876
0.340022286264958
0.3276333419177926
0.33920109234323037
0.31597420243065377
0.2997755542644956
0.28531413264037137
0.2683005427977327
0.2765591564644257
0.23062398969546663
0.19355468755764366
0.19861667520464932
0.1320822065090786
0.1531534852683747
0.11743815024295823
0.08628354659319024
0.06777198842664095
0.029226494294131815
0.010380931821919171
-0.0019435921926195185
-0.05234301093513834
-0.053831488384551374
-0.1203258443766066
-0.12337169877298723
-0.14330728065967588
-0.1500667393676558
-0.17646553745342897
-0.174034090033945
-0.23490120590154842
-0.24290628929336724
-0.25093535979688697
-0.29749616174292676
-0.2972697442245223
-0.2938480306091265
-0.3412629200024199
-0.3583529027056667
-0.39047219551632395
-0.3993674579680913
-0.40899051436303896
-0.41614978015145604
-0.3786453434153094
-0.42177555618959595
-0.35757859434442885
-0.4198658746468864
-0.3811285554502977
-0.37930487865482865
-0.4224161700912731
-0.4266162018532245
-0.3843391971022206
-0.3534612598168837
-0.4015472585518448
-0.38432503546544455
-0.35364498753601475
-0.3349586644810546
-0.33554028941192243
-0.3136430501001262
-0.3293376268967148
-0.2444714387879004
-0.2954217246465041
-0.21444908140990854
-0.2109658150063048
-0.1707444059962718
-0.17417606057583052
-0.13029394875181896
-0.12026449700249722
-0.10059154129646128
-0.06793467614469469
-0.021406476997096455
0.005068303883807407
0.019842259521119232
0.06735420891827974
0.05832163461872625
0.0830284013251007
0.1303695714479113
0.13146211242558872
0.20837257672222675
0.19237927149660458
0.2539646209216511
0.22552338974405106
0.28626035426681673
0.2961184172081947
0.3214785175737514
0.3158545971298283
0.33102613148512255
0.33707237562568354
0.3684221704953878
0.32248112641132737
0.3723937341599961
0.3980665711394981
0.4076913350486879
0.4374348921506039
0.41083356950530764
0.42163199123434814
0.41117411824343225
0.4411038224463327
0.3977769100905561
0.4419270912631116
0.3726526351667522
0.3959129762196894
0.39407981770108624
0.3560242965999698
0.35862697698801527
0.3745102099140888
0.3231339977505842
0.3303882310866321
0.3323132420109115
0.2990702866660163
0.2617162868310161
0.29750067083262083
0.263878990003997
0.2325749874332802
0.14451582405545654
0.16969393184674428
0.15572141318322782
0.12473326518897498
0.09916611222505137
0.08784516209862095
0.03832216073848654
0.004117292650111564
0.008521211912861123
-0.018517919933530223
-0.06608653501482857
-0.09700663452940401
-0.10884379692340541
-0.13766270182011914
-0.16515825333040668
-0.21625279838790087
-0.1883973788842376
-0.24612693315977036
-0.2551695569424786
-0.27964317231444935
-0.263169048107024
-0.3122170841854218
-0.3256699475947817
-0.353484665792368
-0.3458562463929979
-0.3810252948772247
-0.39319820057832083
-0.37153300130000394
-0.39166886423485736
-0.3895611789391855
-0.41057434831072637
-0.4648056796173469
-0.3839458431701096
-0.3909937155803976
-0.45164137096924595
-0.44218003419113705
-0.408480401635335
-0.419883795515412
-0.42449676068923925
-0.40412605010277003
-0.35217640570815906
-0.3540761025514313
-0.3673286625601678
-0.35750553478721203
-0.3127061007189352
-0.2916360909858422
-0.3182112832064697
-0.24592414108805552
-0.2365433890747477
-0.2188507587975651
-0.16090716161331198
-0.15923851500460603
-0.12179825892664803
-0.1453997071508965
-0.09456983499789853
-0.05297276841423363
-0.03687249777582035
-0.011644532611336548
0.005773968014919942
0.035154205341014884
0.04797179099907846
0.09883855225917343
0.12575693786624012
0.11140676576495315
0.16501937755895713
0.20422440086814328
0.18092467628683792
0.22954466409176988
0.22864062677136573
0.2864500634776256
0.2974142796200625
0.33276508330980603
0.34542222670381784
0.3544013870273496
0.37294147942687755
0.3437540236640714
0.36764540769322274
