-0.03216091342439405
0.0015630262492202958
-0.014244425633210435
-0.014602186991361728
0.008335481046526788
-0.07313596588381238
-0.0515896046187902
-0.036433748555621176
-0.07638620870264305
-0.08102723744990942
-0.07880924562908583
-0.134239449468955
-0.12990947616996876
-0.15350249159258014
-0.15540664446033592
-0.14462243216676213
-0.1436765800724188
-0.17407659309435294
-0.16107420124998176
-0.1283819243302048
-0.19199253799873597
-0.18965324832042704
-0.17898488914418234
-0.16267626558915327
0.19774520168324602
0.21031719267822266
0.2117277635386792
0.1837955125242592
0.19837787843023064
0.16234092958091284
0.16243059871818888
0.13617807421725137
0.14681053964258764
0.15872184591103514
0.09208809001794735
0.1236342069950934
0.06857304305499037
0.07993368672551739
0.10615261576127846
0.10578078111273419
0.07200640355111305
0.0856584973670073
0.050195317013655476
0.06778369669114455
0.0808246199966164
0.053961883343819725
0.03188910162464581
0.004593546806666788
-0.0031811825345521277
-0.0007388234176160015
-0.014962350649466626
-0.031241556978605537
-0.0469155729375762
-0.046656518618135676
-0.04195425025045654
-0.0958182714106447
-0.06329741585856008
-0.086771424312357
-0.110510467959959
-0.06768247513484874
-0.08584836555511874
-0.07619622975781999
-0.0553212829137257
-0.10872654733830114
-0.12958172920230987
-0.14017060056736852
-0.15051005475076754
-0.16591742173879445
-0.1659498022090622
-0.17069127440587534
-0.207053936146614
-0.1985089165187992
-0.19056470817489107
-0.21037604167608215
0.229937291429992
0.21204226786856112
0.24342950273631472
0.15280042490384857
0.18456202615754436
0.16724356069777074
0.13834887296655524
0.12109188406115448
0.1279296852318353
0.16620635817116955
0.10071569469217465
0.12571583758024335
0.09948579793566928
0.06665567803242442
0.10086295990176766
0.09277597176702126
0.08254211986972924
0.08999561786909704
0.08401525390690691
0.05160849406474642
0.04177359669767756
0.039431898358070885
0.04245145792646608
0.028325109331185795
0.016046291595717698
0.013450381423042865
-0.01299549464388997
-0.016851565880081895
-0.038993577769788255
-0.04204660984982719
-0.05021015839343965
-0.05099473507854686
-0.05195728874938402
-0.07152412494958765
-0.058871814943225804
-0.11538599460827798
-0.08214818138565376
-0.09476679683848944
-0.12011510258526524
-0.1487027048911858
-0.12030277687553895
-0.1503142703799575
-0.14908880500295585
-0.13616163176524193
-0.14294942632164953
-0.1608619793838414
-0.15803917856191352
-0.19311120529998493
-0.2009781965984202
-0.2075245734229164
0.21299339967209543
0.1974207936821667
0.21518783676155948
0.22627614937338852
0.1719996387346205
0.17502107578404638
0.16215440959527105
0.164334829397991
0.15569096920427664
0.15500565318288897
0.11351363677631901
0.12802754210732675
0.1387163729777527
0.07582474746284333
0.12088249373591542
0.09014580069483312
0.052758776500075696
0.08544692334487225
0.0679815347566759
0.09995251739862854
0.03556574060316983
0.06706958124409959
0.01286075351620627
0.019835811355924007
-0.027448591512533194
0.0074933736833737285
-0.021183948768634976
-0.01382833502996372
-0.03925109187790314
-0.05089239591305039
-0.0679572305565577
-0.0491754525979799
-0.03936349155520988
-0.06169825964610128
-0.03430200202748581
-0.10529254881883168
-0.10749827566600112
-0.10191625281489967
-0.1147564937090464
-0.1114449706742187
-0.1051335185888309
-0.14583881516801026
-0.13559107387408856
-0.17895613148188277
-0.12765120375267824
-0.18651219091734378
-0.1833188914981883
-0.18630949783879172
-0.199455927200204
-0.17823841000039461
0.19789565398670206
0.1758887652812094
0.22597984139108268
0.17282948641893917
0.221009162374864
0.18935258797853152
0.17221865625126026
0.1645778883469131
0.17317782318303285
0.12829444248038613
0.11766178738503878
0.12316660197902542
0.10126166819001373
0.14023124052558736
0.07543989512081452
0.10754487647097809
0.11418149640130543
0.05475604539014744
0.05586660418851642
0.053326867354795415
0.06873773173404939
0.01465791881647573
0.04566805278165911
0.04107162207078539
-0.022385496855845503
0.0033055534863722594
-0.01141314248173622
0.01189561169177275
0.006102211614233355
-0.04910345087209818
-0.0514617282226334
-0.05170945459783108
-0.07562414758246991
-0.08172846119570991
-0.07440723326891067
-0.08840800770407783
-0.08229001654190965
-0.08124182050975703
-0.126901100229751
-0.10741470629232008
-0.14339206798717724
-0.11357920077980589
-0.12721953189464877
-0.15616776826843168
-0.14807727454801434
-0.1481984089976519
-0.15049217906519843
-0.1478596656705046
-0.19374097175968702
-0.19761748388030195
-0.2361259966872231
0.190619415332483
0.172199654596814
0.17729000622729457
0.2003861173670911
0.1391155599794586
0.1454657282173192
0.1562675024231574
0.16155154993383475
0.13185061702620635
0.12823600868124715
0.09662052067421838
0.08880841612177906
0.11277409135915978
0.06233983190581079
0.10166261379566142
0.12952075754493667
0.0533058990457187
0.06767999771374954
0.07071528498244108
0.04194763314908817
0.029578938930395798
0.05309333860440349
0.01769821964629959
-0.011683003488503332
-0.0033800607622633864
0.0021692241600747616
-0.02414086541736913
-0.016681964717777675
-0.06003403020626458
-0.03133617922163338
-0.03230812381818768
