-0.004382798091526455
-0.055559168058813856
-0.07197595003382015
-0.08075430784855875
-0.09694037061259096
-0.1059042109705946
-0.13004197576389373
-0.15411002181339917
-0.21201827845234175
-0.2139387876740378
-0.27563674620218676
-0.24414065337157018
-0.24550595736220795
-0.30631726740750126
-0.2452393064378281
-0.22903916412285485
-0.2795172256587862
-0.2998201270828541
-0.31557688501567643
-0.27914631117604705
-0.255689052248034
-0.2479817336221304
-0.22887955120292464
-0.25751754737455984
-0.21811645004975577
-0.20816684078832406
-0.1547365430017116
-0.14074810957356185
-0.12371463606505702
-0.09825269831784864
-0.09604712973490694
-0.027690306521744774
-0.08483639497726002
-0.024495290964391556
-0.007768962883487628
0.030009831952220935
0.09094970392987041
0.0944944816118298
0.12191638100829696
0.13639646989667467
0.1594188326507323
0.17556415610255666
0.19993874516420707
0.19279085810084512
0.25607943862052895
0.21629433484404986
0.25702815760612197
0.2462068587127256
0.26257054294651555
0.2657490321007795
0.24748638127456263
0.25819783426486775
0.27333863334464376
0.30050808325903366
0.2538659031409214
0.2508067998261117
0.19312416793333648
0.20030643192445005
0.23374097135053956
0.14636763267552708
0.16529851934107564
0.11139168825961171
0.12185086965805425
0.13626498877426965
0.07356646101788475
0.07524725792355587
0.011856088376647981
0.020060203780902747
0.00188872014017933
-0.04896942288766349
-0.09277957020713556
-0.11119078386162151
-0.15782987312671157
-0.15349391315701402
-0.1805492633412367
-0.16853182903351313
-0.19720198761942975
-0.24408918704118804
-0.24791376936553247
-0.25741604399593093
-0.2711839855537967
-0.28660694480327215
-0.29611475178569174
-0.2897098846909435
-0.29811254693920436
-0.23838185033329665
-0.265744986294422
-0.2786398217799564
-0.2919862775386627
-0.2450462422001812
-0.20393077934187276
-0.22326128813723484
-0.17321732595726053
-0.15147356969266965
-0.14524951410985676
-0.10228093237193532
-0.12843372251424579
-0.0819014257504585
-0.023065891231106046
-0.015119152885222711
0.007309710545578389
-0.0011096001402317868
0.06150148454084961
0.10334157343987617
0.09780512602679525
0.13450753167384477
0.15219667773964235
0.1745478434566041
0.18870505208240967
0.20679069635610395
0.20903110726884913
0.23727791051811492
0.2443327523218408
0.25660455674963134
0.25763273365051065
0.23462144394814105
0.2809175437055735
0.2787049124791551
0.28692645172516207
0.2516237007984102
0.2801443592029676
0.2444637519105396
0.24298472292705073
0.2348570883500405
0.18995694932062124
0.18901959750737174
0.1607789978495398
0.1748849423343439
0.13367008732394378
0.12835511336810365
0.0955097401331197
0.0803342268033804
0.02785363556349242
0.017341503461666984
-0.0012050261633104343
-0.05433346261547338
-0.0619460986493078
-0.11650477177716002
-0.09192565125078
-0.12148951437804548
-0.18209952859779388
-0.1868301046453282
-0.19781109788076245
-0.2359335114046328
-0.23138465012542314
-0.2545230954035782
-0.24967272518721012
-0.23475386169636742
-0.24226235313938055
-0.2501970442533551
-0.24531014743324045
-0.2804284710723341
-0.28664560655137833
-0.24704235152361204
-0.27270810624257397
-0.23769020300681068
-0.24812190104109536
-0.23928793522048963
-0.2177359447641853
-0.16759458553712023
-0.13384289657885234
-0.15909164684720237
-0.09376434876095562
-0.08443597951774631
-0.05029220743722303
-0.05156104171213231
-0.03631325730086103
0.0236522288940216
0.00010902713047829596
0.030098008672651576
0.09192796791613654
0.10620521478361705
0.12164395290652352
0.17517674390524793
0.16495376053146177
0.19186040989336467
0.22463170202131763
0.2271740269127212
0.2537276614343202
0.25812772374344956
0.24060249659859873
0.2639631840143814
0.2708369173987594
0.2626338025442815
0.2607889243109151
0.30171042613351595
0.24389517228576446
0.24705805273159737
0.22192090700805123
0.2655565420324178
0.22682050502578613
0.2254709137098815
0.18935172688916838
0.1569873228905676
0.16409622470792615
0.1427072299746358
0.12117423581419834
0.08039876759952903
0.08258501314219108
0.036994409106712964
0.004928063675832233
-0.01865560139863417
-0.045209402162792046
-0.09337786234376472
-0.10916702626088166
-0.11170111719867346
-0.13956556020902064
-0.18500798106754518
-0.17256977474872964
-0.20712456357565528
-0.22467275917150098
-0.20652184871851553
-0.22991912261305536
-0.2636079332736949
-0.26703815778285905
-0.24276947802994675
-0.28249589583787554
-0.24861438287216503
-0.24214076035165757
-0.2752255283716174
-0.23661710571693179
-0.2799719803286567
-0.2150218724813453
-0.2444254474455333
-0.24464049679397284
-0.187521137368346
-0.21623593691106746
-0.19520810455847049
-0.12723563967394846
-0.1187390948177846
-0.10374802083251293
-0.08023908163549226
-0.05916228151019243
-0.009657256433392056
0.011372223316688293
0.03012510683855721
0.08608969071646001
0.057286855536840625
0.07325541233586993
0.138552479930319
0.12292158482860238
0.17518276138088018
0.20171226186725416
0.18642087210734307
0.2299774253592604
0.2602385781909558
0.2469501025851252
0.28123803497693267
0.22038207446757282
0.24333313880111576
0.2703286285264741
0.22807151429384803
0.27371905815887326
0.2877502990265921
0.2790353425662111
0.25763916834010403
