-0.8180298336152183
-0.7066786301445365
-0.6806859721278902
-0.576445671899396
-0.5264757360316569
-0.45742928130840477
-0.3911938834997608
-0.34834155262015726
-0.2440556897873033
-0.20053182793343372
-0.14222905176236297
-0.05667432404299492
0.004361742628669621
0.07436670185811668
0.20074572544387764
0.2184579757749859
0.2833208447410351
0.3330454252899794
0.38556496316141264
0.4596282389959716
0.5787961478718721
0.592157970614041
0.6600664977032853
0.749233632495777
0.7858462166253041
0.7570373911772812
0.734073869727651
0.6825975974672789
0.5854941600001149
0.5002959381279622
0.4704969080250243
0.4138289619732913
0.3294288649989851
0.2657179213782088
0.2122137013569086
0.1264976630218863
0.06844159495901189
-0.02694767448054622
-0.04169497028872593
-0.1526078966359845
-0.20485874380223235
-0.241304951342512
-0.35356360426712535
-0.39125114961322166
-0.4735833182296416
-0.4966932554651364
-0.5903515576754634
-0.689275475828296
-0.7219450145816833
-0.8106874188942047
-0.799329418588195
-0.7142148224022349
-0.656923938287323
-0.5802919147134008
-0.5352775496480536
-0.4819438607136725
-0.41323512293357495
-0.3400376653687745
-0.26245885212875225
-0.19067524823116952
-0.16072261855379222
-0.03584499541634578
0.005097308438714168
0.08242836950038629
0.14485760703663642
0.1894797708809078
0.2446985947142341
0.29858343631780176
0.38324454992687135
0.46230924302817683
0.5039453057715512
0.6191758050365284
0.6461966509062262
0.728960366751926
0.7876960380130262
0.7720641292459539
0.707390600954848
0.6665389017031537
0.602648507712895
0.5095852970210177
0.43536323364833873
0.41193303631514194
0.3522046023434083
0.2683520297237156
0.20491237366740211
0.12631511536285506
0.06579660460653891
-0.020653442605960144
-0.07192292489244992
-0.1229750524127424
-0.19557355797824622
-0.23893537084838598
-0.3172649311179739
-0.3949366150775139
-0.44301798214742144
-0.4962676247560755
-0.6058902335392355
-0.6554875396595368
-0.7381574984835879
-0.7941368830751743
-0.8150108008359968
-0.7532997437089768
-0.6596027215314185
-0.5990234260057783
-0.5461148607260737
-0.4806432546095678
-0.3458831782202709
-0.37759334056718946
-0.2949541546606796
-0.18897131143762408
-0.15018459339475926
-0.05328990937013316
0.0035949508121129337
0.022605166635853886
0.10498194629341623
0.21025148882396366
0.25866102487456866
0.3398884193539857
0.37953710882140623
0.43357322289515454
0.5508290303553898
0.554726391433042
0.6171751548625222
0.7101363088717504
0.7560249491327283
0.8073826586651107
0.7412278917371401
0.699349888752389
0.6020444022752431
0.5330432610022021
0.47283161493099307
0.4070090620191043
0.3304424055033122
0.24185769550748387
0.19160746904818143
0.18633123386700326
0.059880769212899504
-0.0226452209969188
-0.026048645611258633
-0.10645943823047044
-0.2531440713382302
-0.2712375106546536
-0.2748617686867676
-0.3761431704401689
-0.48466558834173584
-0.5158380137004331
-0.6052124449155013
-0.6190117561888747
-0.7126254776570717
-0.7576571184494935
-0.7964805279586336
-0.7567180462292058
-0.6885909490188777
-0.589077902722252
-0.5325823292283013
-0.4686068043486447
-0.42238525370247904
-0.35673071510194826
-0.2775191288258552
-0.19093628109643435
-0.15386242072947195
-0.07432959260067083
-0.02337999435566305
0.04296931532103327
0.12593400781346106
0.18585108828857883
0.2347952261626732
0.30732918774108114
0.40230088398898844
0.43173341883817407
0.49146239452057394
0.5928055122485658
0.6656695998075591
0.6993927712644344
0.7791980679648955
0.8258985655733367
0.7405108430849859
0.6852692035117529
0.6169525679083608
0.5547137878351198
0.492637112739547
0.4080587075283791
0.368042313492123
0.29643566774637464
0.21083193328679173
0.16016544596405044
0.09118790988567423
0.02746403874991944
-0.023824637725391853
-0.10254890301111447
-0.19553924456906968
-0.24988742646951367
-0.2789983230308181
-0.35093640393027314
-0.4162619504859097
-0.5240097710386945
-0.587991864229952
-0.629730766783804
-0.7156790032756061
-0.759779830783078
-0.7942248035826144
-0.7549331425498541
-0.7176025360209763
-0.6164168927653374
-0.5451899771089939
-0.49702747082294746
-0.4124834957421048
-0.3203287578380205
-0.2935560078626434
-0.22684804344047732
-0.14986335932631772
-0.10189885405608598
-0.04541420631763801
0.041495456000421205
0.11978522043521615
0.17214389957820267
0.2529276082701474
0.27506962525158224
0.34746904909897053
0.4097848825916061
0.4907380234852856
0.5664591734861243
0.6279704046710907
0.686237499046788
0.798341912127678
0.7907553392128558
0.780888563601944
0.7029078566937672
0.6285586039330319
0.5152758064738644
0.48790755604216834
0.4236908416945176
0.3830065422687673
0.2569565772781
0.22745107342634663
0.16629460644764224
0.08841837919612387
0.034563728007189834
0.02029665257272366
-0.09840446470973599
-0.19424740220906045
-0.230584165738566
-0.3151390600657584
-0.3776325852636662
-0.4318933405490256
-0.4718901074404211
-0.5421168958363053
-0.6693979896049971
-0.6910911906747713
-0.7707175873491157
-0.789224278142229
-0.7434551624523904
-0.707695837927902
-0.6139924113706594
-0.5558611828117376
-0.49851439212397086
