0.8077447044759933
0.7070032071913366
0.5726986817532134
0.464080013140496
0.33703893809068836
0.23278968794490762
0.0882400218529965
-0.08651623738145042
-0.20234617720523798
-0.331380403718522
-0.47223335799576543
-0.6016339320625718
-0.7413679917216358
-0.7820869510262264
-0.6747008002990663
-0.5149266459110075
-0.37819614065046925
-0.25551107723034583
-0.09524327158676649
-0.03393870746360994
0.11303378875820322
0.25975661673930966
0.3857440878204231
0.5456823561292948
0.6553269968043006
0.8218943545661002
0.7104150535289954
0.5838849653852494
0.48807259604895337
0.31210068508997907
0.20574165672270647
0.073030285968113
-0.06423233602008094
-0.2038610934917959
-0.34351627307819127
-0.4541812141693121
-0.5978655424784577
-0.7516233587238765
-0.7777494364450013
-0.683804687445471
-0.4869962862725576
-0.4023468862931234
-0.21638631362369234
-0.14649586343353874
-0.024358039044318013
0.09457724284589565
0.22826695225951166
0.4170918425120419
0.5348002472680755
0.664847625985606
0.7727514592954323
0.7403925736732352
0.5949229770348614
0.4772855406239192
0.34166039526542774
0.23299363756356478
0.06850222107698536
-0.07036163315075632
-0.2075529649065868
-0.30285475395102646
-0.4312292693137576
-0.6189687866801487
-0.7068520118332305
-0.7910317375875273
-0.6631252055496571
-0.5220522379684602
-0.41389585401583545
-0.27691927429102575
-0.15109468183555164
0.009804033645784986
0.10833390656663065
0.20584941350689062
0.40792042798348555
0.5186124725825941
0.632635726504969
0.8126013359851435
0.7497240475750533
0.5986729612140282
0.47726343854063646
0.32894874597503093
0.2214198259306803
0.08645861736638147
-0.07193223014597602
-0.20648292332556814
-0.32286766285111707
-0.45844105914873334
-0.5588413021554
-0.7265266781118759
-0.7862067600587591
-0.6931901478208633
-0.5554125268091181
-0.4252798349166411
-0.2806637336063032
-0.1511391854700616
-0.010073595186430305
0.08981204701428583
0.27528318413009556
0.4005108655492691
0.5038587771554508
0.6259984094139484
0.7781464308416889
0.7856496869026643
0.6129556096295514
0.467236562628201
0.3632873663239564
0.23967162003082337
0.11243809855764138
-0.05421298252243051
-0.17007670021730398
-0.2847719241891362
-0.4266212937220798
-0.5505424062019271
-0.6986660856201766
-0.8479057122809178
-0.6905431425342119
-0.5464721939426797
-0.4131684934077694
-0.2930445925290174
-0.17208521877622746
-0.004547922915583067
0.0923884925335863
0.21298988776245648
0.3889442774573409
0.47284598562982827
0.6316455690971635
0.7845268121087224
0.810092192024993
0.6418983160811146
0.5277953529703049
0.3347286229480014
0.25568767203114895
0.10048684790886608
-0.0067439846210831725
-0.15883951280594072
-0.3006929770562492
-0.459938056914091
-0.5547418209007158
-0.6984579139050215
-0.849277211040909
-0.7030839139830121
-0.5636958256023661
-0.447914202480833
-0.31276942608660324
-0.21055736587509852
-0.07125658799496212
0.10073101951621385
0.21508908739168942
0.405454826099385
0.4632225360160394
0.6237129844885191
0.7682940192811277
0.7560148444374674
0.5966481447709511
0.5033931958381
0.39387715890005986
0.2244401020704918
0.10495066596923684
-0.010760582665768181
-0.14938077612631007
-0.28499172695022634
-0.40592860682117454
-0.5710080190060536
-0.7038213609646152
-0.8341357352207945
-0.7172488163655767
-0.588944981044208
-0.4285341015462178
-0.29258644957408325
-0.14374371037703498
-0.049297613453052835
0.09884782481490134
0.23003962176835893
0.3813677410886816
0.4702389476424141
0.6049175657802165
0.7596547668870287
0.7905995469608389
0.6417530452151503
0.5055484638200117
0.34749520302623516
0.2055468862951757
0.09698417555997271
-0.04162551751044005
-0.139684739546622
-0.24648471216483397
-0.4275224235041414
-0.5339387801337915
-0.68016065338681
-0.8062131069813498
-0.727955513569895
-0.5645036793626121
-0.4600307861294373
-0.30662834099101033
-0.15414229007896885
-0.046438453395668836
0.048314802737203774
0.19366254689819243
0.35404395659493265
0.46515852487338627
0.6354828665931966
0.7420777738648722
0.7604761992749354
0.6289195629979439
0.5314044927120115
0.37564593197459833
0.23323028352823474
0.11999030064769535
-0.012826555515570014
-0.15015219091370113
-0.23706241979219522
-0.42153477225057506
-0.5266241950261539
-0.6530933070000916
-0.8088916588804427
-0.7361635235333559
-0.6183069508923628
-0.4767758728867187
-0.276070198129328
-0.20138870277824072
-0.06839710236371911
0.06754920885916381
0.2036085521271529
0.29499563785155913
0.5082176285990807
0.6345939188349949
0.7375811772710482
0.7938806859372699
0.6440528086623701
0.5572431330702966
0.4218620709643411
0.264804463006763
0.0981050609899852
0.012871070183819744
-0.18069063851678657
-0.24439597482487355
-0.39337348931888877
-0.5765840339024809
-0.6460151629412545
-0.8035826270803077
-0.7170822880303971
-0.5850935619245153
-0.44933571198009015
-0.38794884624453196
-0.18034248986961585
-0.0550810060352241
0.047773437303707436
0.21980618670202318
0.34275929063283356
0.46415841152126885
0.5834442198368814
0.7226529109888107
0.7859611597233143
0.64552434087854
0.5253133207558379
0.41108767185061146
0.2645707821389881
