0.0175198610936627
-0.03112302771897076
-0.018748479185657932
-0.03984405633813204
-0.07864080454055421
-0.06763613931095896
-0.10774302159444397
-0.09495567376254278
-0.1505651883875282
-0.17231903189322462
-0.16945208753274948
-0.17488597993299437
-0.22746968579436505
-0.2339817252708335
-0.2569192399738465
-0.24925867387738132
-0.2695497168629697
-0.31303082908124946
-0.32864840875370477
-0.32725419110236426
-0.36910103912397424
-0.3928452478549127
-0.3630626436781537
-0.387477059598272
-0.44535021673573155
-0.4286145766570252
-0.47676970851284656
-0.45146374135744743
-0.4918626129163101
-0.5246565269178429
-0.5345807847924724
-0.5937435608043191
-0.5678296339099494
-0.595682541806577
0.5778787183082001
0.5635611155656534
0.5122375117525765
0.5304795349223933
0.5209696147982191
0.5328822065164626
0.46821208438069073
0.46658913120356976
0.4765674306415582
0.4283674974760404
0.3938473803778763
0.3813773473303786
0.3749824133292127
0.3586663845474004
0.3725461527858215
0.3386478546463816
0.3329827141981257
0.3030396245760326
0.2639594990072152
0.2166000209011309
0.2509298937840643
0.20569441122615664
0.20699356922025208
0.14930480133312313
0.14310199258705367
0.13206487454322838
0.1406326038042909
0.11836575597764476
0.09089160865399475
0.09947978781422778
0.05206132218834476
0.05369103310771923
0.037125603646475325
-0.01684857915492086
-0.009163514404302724
-0.0017687026720752848
-0.02617532355454082
-0.04169576697605512
-0.06190459121955194
-0.09694790535757791
-0.12300164907029039
-0.14874365417722835
-0.14503568964260144
-0.13004744189550768
-0.1879885337009713
-0.18184079020948837
-0.2558596732666267
-0.2386955129316409
-0.2696027351337209
-0.2672163813994837
-0.32052952763103193
-0.2607146666978867
-0.3618251071001772
-0.3533523287026202
-0.3417039866053481
-0.3627172567533687
-0.40237648970908796
-0.42748094251541213
-0.40949815879796564
-0.44596206538851946
-0.48415646918930766
-0.4698561888313268
-0.4995414572328991
-0.5755568950758496
-0.5579917857877369
-0.542922167031037
-0.5437996543455509
0.5787524366978009
0.5643461913573407
0.5595024952756925
0.5202151176942496
0.48396312497112276
0.49293350924113877
0.4504575866744584
0.48974613076258683
0.4497530984456994
0.43090913900104705
0.40905611094940797
0.39685639954218205
0.418226497314962
0.3767264347804064
0.3269328487509575
0.339430075731958
0.29811518071063503
0.2854559402080132
0.27288608056220315
0.24510476656254243
0.21662242427001996
0.17606789763078268
0.19843109932894454
0.22795223306976578
0.17668132975855158
0.14849610303360863
0.14695020724717506
0.0794124635521293
0.10395334158721957
0.07932758360953486
0.0812021149576766
0.026672859427165022
0.02981882593815304
0.014397771299889695
-0.03437236250958996
-0.029282185955380655
-0.06291831988323152
-0.07696863041424432
-0.0755196010298376
-0.08253677293829868
-0.12206607467656402
-0.14969748438714092
-0.13303376504990078
-0.1829886449295279
-0.20942976929865917
-0.20339329746233142
-0.21732048570632218
-0.26561009800237356
-0.257775165484174
-0.3064481215992055
-0.32403631643354674
-0.32328837885227074
-0.3488674958124715
-0.3676908519513043
-0.37784201176577703
-0.38874312149065116
-0.4250334447523951
-0.4206091429525834
-0.4704874808687982
-0.41807841126575435
-0.46285175119498134
-0.4887629437823015
-0.5032348594434284
-0.5123742548203607
-0.5707875920337345
-0.5701599288228307
-0.5575497024316237
0.5729034070309317
0.5162319856718667
0.5408244653183605
0.5130769850021294
0.548001928395713
0.5226245475731586
0.45631628979997985
0.4633290448616456
0.4551551876652156
0.4456880050208066
0.42784345268223745
0.39568906636001266
0.3611781894807678
0.3485025529435058
0.36535648033673856
0.3330694946858037
0.2966814898529635
0.31768227798926973
0.24834335545515868
0.26086865048672164
0.2360901881985329
0.26910986910769547
0.1981335401565559
0.16658344992028717
0.1420122286226431
0.13096652327365804
0.14112498470342064
0.1192719595980277
0.10223245750143663
0.08638148230498875
0.04892971289003017
0.03439411005401205
0.018278379273507298
0.021987989488272207
-0.01872028414446148
-0.061770572455254996
-0.05565922899872745
-0.0799479639300549
-0.07396212863831847
-0.055296654255718614
-0.12863523829097462
-0.1613730320769722
-0.14689793200604467
-0.16866056731043727
-0.19409091696973949
-0.21978194150720345
-0.22147904720102585
-0.22523194828854198
-0.2544887043073234
-0.29190311831607707
-0.33501985350548247
-0.31392604096862997
-0.3345006498349974
-0.3341249905279668
-0.357146511209924
-0.3857348869989827
-0.4315401146931598
-0.4202671236847894
-0.454597700413904
-0.4861957498562985
-0.5214665948037197
-0.471556103731263
-0.5099074934331972
-0.5162541207306796
-0.5577275694041774
-0.5509012657490876
-0.5933475644316265
0.5870784345143134
0.5709835316507649
0.548715228717681
0.5498713158781784
0.5245875871360021
0.5108878140933089
0.48566619662457344
0.4657386082618824
0.47092732140459914
0.449681273488929
0.4087848607566157
0.38747290235751264
0.39416226564837437
0.37709651178880965
0.3115270250932823
0.3248169878947753
0.3163288882889096
0.2892701559863161
0.23917272999506967
0.23344352267876953
0.21410755905020046
