-0.42906386398253527
-0.40425961899681145
-0.4400225331251094
-0.4144577691626598
-0.4287527192229409
-0.4335973918671525
-0.41926956902604723
-0.44082964852721285
-0.41914115563406523
-0.4194717615544658
-0.4537710068245491
-0.42780620639046313
-0.43070242687994487
-0.39491636897295856
-0.4211873683111534
-0.4236635512748061
0.4223363489099621
0.41669894575598776
0.4547334714113034
0.43437712550319335
0.47206356000985733
0.429749548110903
0.43946914191316383
0.4138768017298418
0.4309088799744835
0.3795365433049751
0.4213459491000832
0.41411534304104913
0.43117318161628837
0.4365688051629904
0.4358431816362228
0.39340259816199125
0.40967620336982946
0.4675066091918575
0.45560195383160335
0.4413245056907425
0.42208548329650614
0.40997625602436194
0.43426330102666255
0.42989469051463586
0.4508133104820936
0.47038508149874075
0.4546899343293448
0.4269106196999179
0.4541118958331717
0.4706530520256349
0.3917633350534626
0.46162462829736073
0.4410774233137796
0.4104917640315287
0.44038268100688643
0.4202227112349048
0.4526581286421197
0.4537800375004977
0.39520557880409896
0.4396065144116758
0.45679149362646954
0.4189894368679538
0.4418036769123895
0.43602637205359385
0.4523794422843688
0.4002127672862838
0.45115380430047713
0.38016344190381945
0.42341926522207346
0.4227479487295595
-0.4088773143611501
-0.44640880890403606
-0.41278977101766423
-0.42739303658980005
-0.45566232099184656
-0.4506139714565308
-0.39250054193098505
-0.437532388883039
-0.4074833816542278
-0.4276045634561699
-0.3864540988729994
-0.4446034326499597
-0.47050872759281315
-0.4187793770780098
-0.3996703605659063
-0.42533199098571267
-0.4359185010269436
-0.44829930906740084
-0.42318145315785666
-0.38854516052550936
-0.39217098471384054
-0.45747758801367394
-0.4148225091163147
-0.46401297733150915
-0.4154046773138022
-0.4364844029169079
-0.44911696417401276
-0.41384644713279745
-0.41711213409272246
-0.41836420192141044
-0.4143100362008366
-0.4143991674718115
-0.3935430960321365
-0.4512349576023621
-0.39193885373018444
-0.47852488440501856
-0.4501342649193876
-0.42422703735037753
-0.41785471417581344
-0.38974560609730946
-0.38867606775572333
-0.4431131913843388
-0.40407800170841385
-0.4294637186400084
-0.41911314279796086
-0.4469567921406956
-0.3932856847897063
-0.4610373109513139
-0.43085140038263225
-0.41470827468741983
0.4314657297499484
0.42403485474356645
0.4223234973623957
0.42905252556003914
0.3679601162869223
0.41524910137694016
0.44279466665765504
0.41021440372759693
0.4076102141643151
0.38845725128497177
0.4462290660942658
0.4220351644596134
0.3975487514235032
0.43346521370188085
0.41462958457284327
0.39417731305345033
0.4262686326775506
0.44895298380294535
0.45672243320671757
0.4365569536198727
0.437042589657858
0.4145650756055082
0.43192216293801444
0.44820267264204827
0.4110954172747045
0.4208472911818787
0.378284366686242
0.4396911349566507
0.38966084064155904
0.45987416091793953
0.422770861633607
0.38560479893416877
0.4062517089788111
0.41308368236140836
0.3856527074616538
0.4065532663854689
0.426631957252008
0.3748358244149817
0.434322851075133
0.4281925415736171
0.3667194187149526
0.4182817639091209
0.41577685803942815
0.4209953002372474
0.4440446416229934
0.4310768915483186
0.4383959098232521
0.44707888662324147
0.40187235072086114
0.4355375020742602
0.4371883159848832
-0.41280426211617516
-0.3737979220078437
-0.44792014266309016
-0.41770629039740564
-0.4308521887955063
-0.4281096347081801
-0.4485291333311759
-0.3967457304623249
-0.38129617597725574
-0.4337757183279147
-0.404583038761045
-0.4333698367932407
-0.41942822355766946
-0.43372857640738954
-0.4645928194792785
-0.40394026338810535
-0.3847952408145878
-0.45302301986517507
-0.4360423903032084
-0.4639851067211066
-0.4163930504765912
-0.4248401006684205
-0.4432676320312542
-0.426555796306659
-0.4369462650912455
-0.42727609268480593
-0.4043013712959937
-0.4313138739169763
-0.43953207652242704
-0.44337034370220507
-0.4511432431102311
-0.44955510384726216
-0.40057165548099566
-0.4459152799384645
-0.4177341113484087
-0.38606120223222984
-0.4137412006693142
-0.41292211659829475
-0.4254164432392984
-0.42353973534493944
-0.38207393660149774
-0.43576596494206554
-0.4114769494868917
-0.40792600851898
-0.40780728960381485
-0.44574905147986144
-0.42912102693640425
-0.4053729977314074
-0.42461064532392323
-0.43156696597555727
0.4107705433949251
0.468661151865829
0.4308695679254929
0.43344694680574736
0.4261779781151129
0.4162001963392891
0.3934926704892242
0.40526703045188256
0.4509533088230527
0.39273422469635544
0.4154222706165975
0.4141418576604663
0.4375595859167698
0.4241124431180544
0.4304224765925968
0.41728515460081433
0.46356777596071685
0.4335370698825023
0.4281761449208391
0.39665317644786224
0.4238406419044255
0.42991016115942277
0.40608097827956885
0.4478760178254321
0.4088719272967632
0.4235006457875656
0.40878591716770574
0.40421457582644665
0.43629388720336765
0.41628950368313633
0.38617251896484955
0.42007018858885886
0.41112677162108613
0.4279947537712557
0.38946739197808183
0.42818285268455036
0.42765646436871335
0.4302782984646363
0.41523795210338016
