0.07143033752273746
0.08002151155762273
0.028279820711760266
0.021436294367807883
-0.0022125634806277
-0.008415629045869136
-0.056840652633753194
-0.02412975868396824
-0.05636964746478562
-0.060089712563610155
-0.05626141468058375
-0.1618817450644787
-0.12043865833764918
-0.12196723871115586
-0.16150698100052227
-0.1769370785878015
-0.198593506099682
-0.2035617327303825
-0.21875308918040934
-0.22317414773783145
-0.2556752230903611
-0.24173686819575807
0.3026000858313956
0.2400852511775171
0.21594371815809335
0.26761544655155856
0.22778382577699058
0.1563151085981363
0.16680131184953903
0.16781411640189936
0.14288699927664716
0.11407847125092549
0.12528528685383758
0.10605097031408278
0.0443693321990777
0.059947463772118056
0.014886923170616725
0.010258347926581167
0.032855497320543985
-0.028939528553116836
-0.0481645372498915
-0.10591145021088058
-0.09438897468921124
-0.10092454864113982
-0.04674636346930031
-0.09231537406428181
-0.14612299526957473
-0.1696224185943676
-0.17012945321815973
-0.18915666444153248
-0.23555996513033825
-0.19295158330188655
-0.24007423568986325
-0.2537529802097625
-0.27384351080760533
0.2742635003129721
0.2858182945716988
0.23106107963455247
0.23157018682802344
0.21457803015627488
0.17175261168587724
0.13884863097481515
0.14082981791270888
0.13610336344190307
0.06534200550676991
0.11268445060245816
0.09404410056825878
0.04190351167801649
0.08263390623199778
0.05270656406397474
0.055352938588236034
-0.012050137770108896
0.013850515879600444
-0.04098520369489434
-0.07501184353731669
-0.06735183496698564
-0.05724167771742316
-0.1340031118305775
-0.13373765545602923
-0.14512645561550203
-0.13940513456584902
-0.17622020383448464
-0.2135064569970438
-0.215949391664641
-0.2666953738541851
-0.24967174591516514
-0.2673840871956879
-0.2737281691881685
-0.2838343172739191
0.2602430772965858
0.2422407854977927
0.24492623189965082
0.1976459957637023
0.17086979870859748
0.1656810282987114
0.15155083601381392
0.15058774354117266
0.12500519673289906
0.11874777378634487
0.11621160799571338
0.08738422069836509
0.06816916023922158
0.03821626689459691
0.04066704651040474
0.008048980871773376
-0.005902599501786773
-0.005651011642006968
-0.05980824437550057
-0.06426295314288526
-0.05594253991578372
-0.060262251600454064
-0.12096008058095684
-0.10428421577735852
-0.1517267651944285
-0.17930801384871484
-0.19237681221728148
-0.22326861942720458
-0.22376753338392555
-0.2612473349854837
-0.25067353137074766
-0.2559008329671728
-0.29681579553395754
0.2705568716668615
0.25935458012229073
0.257778445760904
0.2124709768845728
0.18396607267582868
0.19736074322233005
0.15981277223623552
0.14194819973966813
0.1402150558933726
0.14004778979037266
0.12938628672350275
0.10196263748303994
0.04600647269570041
0.06879858739658254
0.045132037297627395
0.04067299043596179
-0.022407860647675
-0.046667422847199914
-0.029948078491944228
-0.053846698618554144
-0.03723534393010447
-0.0801545763429466
-0.06791656224948489
-0.12232458853016251
-0.14672022393400302
-0.16215862482297083
-0.13744681636559086
-0.18943228282869248
-0.18416349061740053
-0.21497107802770604
-0.23522648005373706
-0.2506523060348422
-0.235358199173473
0.28490587621326996
0.27918261126449684
0.2918910813030455
0.25536085085746557
0.2063296973912882
0.23910061287516643
0.1751803339154573
0.19086068560676225
0.15518244011129018
0.11699811898267526
0.12186177684999834
0.08891015502844533
0.09943342170682187
0.040680378485087765
0.040715814116044705
0.02195847616975901
0.012995231643181109
-0.00910697538422318
-0.008679960417159235
-0.008699988148375876
-0.05163718450445997
-0.04540548994254426
-0.10906604746998788
-0.1268591033336069
-0.11550939618440371
-0.14237349295652355
-0.15730246927058253
-0.1463383719744564
-0.18556546108543834
-0.23317077624353788
-0.21815973712322945
-0.22487934611211016
-0.2742626011271206
-0.29020032116438327
0.28002949622081447
0.25923424689169955
0.22699910647675786
0.20588132394972924
0.22723806932692484
0.18260172471798192
0.19653269571258283
0.15571881495734757
0.11484929407375433
0.12598117337990414
0.10406646941610632
0.09362278860854853
0.0770375197946422
0.07435854979787847
0.010992879094928729
0.03328243413813632
0.008886521407452053
-0.034218246169257935
-0.024528583123258677
-0.01720819077660698
-0.09267939102435975
-0.04913407399906061
-0.09021765513494003
-0.13787613434340953
-0.11971335016019378
-0.15761081482389902
-0.17641662248110546
-0.19812525432839678
-0.21000757638395734
-0.2295312687538162
-0.24838804325619612
-0.27369223039117546
-0.28941589340888996
0.33784483509494667
0.23952520560064505
0.25065853267295846
0.22760447338271647
0.22142476794767652
0.2583394782660259
0.22332528503910504
0.20608031710696897
0.16086337049792626
0.1200824123474376
0.1252118431312769
0.08823958516786248
0.0861945951935083
0.08766854607030014
0.09421893913633958
0.0439186115205958
0.005548083977463223
-0.01831242950221653
-0.0018662088493399814
-0.055526603966155705
-0.09176607372706111
-0.05247957441963098
-0.1025174995341298
-0.07269065147170341
-0.13044982804693167
-0.144034615347514
-0.15185279160608833
-0.14130667859484652
-0.1871727312296897
-0.1962848813464198
-0.19442996304496862
-0.2482742927421316
-0.26024137986966217
-0.2829690338994225
