-0.5912224569891956
-0.6719858127106518
-0.6746044200300965
-0.6684982059896858
-0.6759130208029114
-0.7183817899452686
-0.7411207420478891
-0.7432573676574549
-0.7398645675470199
-0.7899375720618411
0.8181935203242546
0.7935038448686087
0.7561022314583689
0.7011503257936552
0.7243215117809291
0.6870493947267041
0.6429384209842718
0.6004718814415063
0.566200043876309
0.5518378191017084
0.5547610499492914
0.5057059081620481
0.5164081069601033
0.46606654239520134
0.42194989983120135
0.4375477795454302
0.39932143908181916
0.3769047660318886
0.3591994413327829
0.3211498016432644
0.32860799898542686
0.275966530342534
0.2279519647510264
0.22275005726545918
0.23851011098426592
0.1470467580101849
0.15078442676980452
0.13295068101666657
0.14613725499170743
0.08272782302893558
0.058034897509871
0.03933234338245106
0.027451041459411976
-0.006460037812676841
-0.014575354653114062
-0.056134550937662106
-0.09629099423196255
-0.12947148425902602
-0.14928619269740517
-0.14587584911105075
-0.1824904059065862
-0.24379538583972443
-0.23552811308266489
-0.2766689116385446
-0.2751214671897524
-0.2837921046421515
-0.32382703574589694
-0.3606520520357884
-0.384895047608753
-0.4033708934070965
-0.45251116712199063
-0.44854370737210936
-0.4645746208078254
-0.4733681838288061
-0.5038697198311093
-0.5224906392014225
-0.5769616070838002
-0.5990238944694235
-0.6134200878616539
-0.6369196774328931
-0.6414988569446521
-0.6659673711176486
-0.7037374171627343
-0.7421353658237317
-0.7879791903833238
-0.8141496536388853
-0.7985957106440549
0.8136751155624263
0.7279087439192258
0.7180747709611421
0.7315564476747812
0.6690431929099443
0.682352292356374
0.6437583767374778
0.6217309342929271
0.6135122969506888
0.5605506418205095
0.5548784007281756
0.5322284024002195
0.5137234316881977
0.46802120899785
0.43786095553709
0.43039639900081084
0.40804420959799087
0.3787425815052762
0.3868703851767745
0.3193050544245563
0.31305816633835265
0.27513694968781505
0.19110055624341207
0.23998320347356925
0.21650014288594965
0.17321898733744376
0.19751331983342924
0.12101809102665714
0.09338986011501556
0.06238406392598929
0.04519082170471067
0.03774431500025583
0.039540419081197695
-0.02646411573017618
-0.03650303879044166
-0.06604040758899452
-0.11132565109986416
-0.1289074774068479
-0.14662369201965192
-0.15755603221213724
-0.20002513813754375
-0.20978148628715876
-0.22565308029827905
-0.27952588121922906
-0.32660339903468966
-0.31990982475776575
-0.3632242184599183
-0.3526684049310659
-0.36488216603635293
-0.3933318129109147
-0.4125388106735892
-0.4604238984970966
-0.49344604842755335
-0.478191375209736
-0.5266236810351542
-0.5471276391055693
-0.5652791200325441
-0.5708152915393871
-0.6329282561295508
-0.6349059139470776
-0.666871446026659
-0.6973340435210365
-0.7179338248993314
-0.7225112017258574
-0.7345918070661592
-0.7789317678296094
0.8093747020549479
0.7818407045401348
0.7989708922992984
0.7532333316170653
0.7075150936727563
0.6576697727343556
0.6835572570902099
0.6490117043325789
0.6094915515218745
0.6022054226187838
0.5615372056050612
0.541946690592976
0.5295336386575188
0.48499432005514453
0.48093309461206735
0.44610388531982903
0.4369501001591448
0.4008703896035179
0.37613397229355783
0.33487857829579953
0.34689057981835864
0.2677684538188487
0.24154699383418632
0.2827971042774685
0.21902014645448645
0.20881369495270782
0.17244399745593955
0.17120367189517938
0.08374496037751292
0.07472662618598885
0.09439496664440995
0.04972652302294484
-0.013944628922130838
0.03456255259316691
-0.011780623557105655
-0.0368877075102799
-0.06456716836892534
-0.08360801723683645
-0.12091043247855372
-0.15612417302929388
-0.15390830241309603
-0.1911967839512974
-0.21168758187498893
-0.2438496898687046
-0.2659206163265084
-0.26578060376251034
-0.3185111071279049
-0.31318949862219114
-0.348695671478887
-0.3652965388242824
-0.4109768950136868
-0.42579627354384747
-0.4361285480950674
-0.4816024995332822
-0.49141146014901926
-0.53796774902876
-0.5905418095424834
-0.5893771005353156
-0.5988721115086412
-0.6516086061645111
-0.6482186666438399
-0.6762494874402383
-0.6710547301449631
-0.6898862790545771
-0.7117460788364353
-0.7706567041203252
-0.7917722102087104
0.8177743804759235
0.7844796450335435
0.7177799938655974
0.7096720477214342
0.7073764009813656
0.7128601192498724
0.6689690771277554
0.6183423922426918
0.6281807937271022
0.5856862077383503
0.5657003259597629
0.569545587615976
0.4968741449031987
0.50659092389549
0.47168661858382316
0.4128161254455472
0.3980023572354986
0.39692737365805536
0.3769794242038611
0.3471866601113994
0.32723775537649324
0.26639954724350773
0.24424558581767403
0.23974379098677465
0.22579848824350682
0.20168395954705295
0.1844866855096606
0.13971410196377015
0.13589064487667485
0.09307024740470476
0.07784887261433765
0.03623872790532265
-0.0351793222523428
0.007436138146914008
-0.024972358948764418
-0.03295954878949376
-0.08236036021553511
-0.10486567837144048
-0.14320265417984732
-0.155595416581046
-0.18022018637769618
-0.18418744186913708
-0.19889804958384188
-0.25846820583170527
-0.2974079192562489
-0.2954464884332802
