-0.36588038265151496
-0.0670105609964399
-0.14342044952712016
-0.09684314913656242
-0.25337476485441535
-0.12149215976927379
-0.2873700133902998
-0.2768824351895266
-0.12068744553703568
-0.4369442855477055
-0.22602283681177887
-0.17377251529526858
-0.09375322926676016
-0.26271376912020933
-0.44512792951249036
-0.15165427840462714
-0.2999018308706632
-0.04884631712995382
-0.246055077213559
0.008382956820698742
-0.33984928074160997
-0.3743869868285504
-0.2718159923391391
-0.11473307649724283
-0.37896498423011105
-0.19864375021195219
-0.09461399138700369
-0.23061752607199426
-0.20006838343908603
-0.04723933062399452
-0.23819081380969032
-0.1952019383963797
-0.21987387821602028
-0.2885856016453873
-0.4012893577127238
-0.1587262882005895
-0.25649834578154407
-0.03230331057266687
-0.2853239414505272
-0.16903672440869819
-0.0042586677510265646
-0.05308305738072443
-0.32474887070662906
-0.40411833174230577
-0.32561691629859263
-0.27716975366970426
-0.08649820502601455
-0.31389103669834717
-0.036079782342561546
-0.3034669312313675
-0.007457002107394528
-0.10672704967131923
-0.2007093413705145
-0.13507359671369187
-0.3658187885867452
-0.18771506232604512
-0.24503212741291494
-0.1029751889597878
-0.05222532765800305
-0.43247705175282153
-0.12201454404895337
0.0015666734970891712
-0.052480679566334454
0.013771594237539316
-0.41450720558115334
-0.016849231281706758
-0.39819433153780825
-0.4363679712344061
-0.28717095004031634
-0.34244001678554925
-0.07503167629590257
-0.2804802339202328
-0.44805960238925496
-0.07953682149012353
-0.36716679198668867
-0.2374863570640759
-0.01862357681365686
-0.2631375998098645
-0.2698293497996522
-0.2676838328410266
-0.0010763925949796305
-0.31277711615310533
-0.009322112480882442
-0.26636539937295994
-0.09888413529942512
-0.3682875136660535
-0.1212336149636429
-0.2767443083710733
-0.17738233773181286
-0.0011587838635081938
-0.44196085136369473
-0.10205311342160313
-0.12647016698322913
-0.2632883643270669
-0.30827264924736025
-0.3120098627003017
-0.1826011192348179
-0.2723866213685198
-0.27153511100619565
-0.40728251750868516
-0.35293672226564693
0.034562854097002174
-0.3577484670626213
-0.14452557224002968
-0.14605278637171495
-0.13178302737010275
-0.19986966062496314
-0.21257014940877766
-0.34120695797693323
-0.24166708332420186
-0.1774933884914139
-0.4355659976417423
-0.4160196788547231
-0.20302281663319802
-0.01088840330408968
-0.4176268678074268
-0.12456264372424238
-0.4199971159303215
-0.3256741126862562
-0.2889478841610406
-0.0356770976387962
-0.20184530007687423
-0.25167350544353595
-0.2652366772613981
-0.3914218687929615
-0.04335651866536354
-0.3136065021997389
-0.12549509507421516
-0.2789867544011244
-0.2425258697437612
-0.38881118147816107
-0.204024632140253
-0.10037932217712528
-0.26466682114859497
-0.3282134730070525
-0.11127794834162488
-0.21086594514783608
0.03724727478912114
-0.3151535179998936
-0.098197903086397
-0.33664481109368566
-0.16737407777096863
-0.2007243968972532
-0.17911918625471654
-0.32551925618524613
-0.36267623510666996
-0.038736313282771676
0.013045385097672071
-0.42024274263684946
-0.044617517414860294
-0.3361069082257338
-0.22098682921074753
-0.1298824334693186
-0.35499804665005175
-0.4089875598644008
-0.34761403964233595
-0.1500944956824369
-0.26462811126648633
-0.12626843278007135
-0.3331381455099638
-0.33197763469192754
-0.3780990437738277
-0.38267417947190246
-0.4051544645321954
-0.24429606730801648
-0.16806502909409798
-0.22350657776709204
-0.0968257441075487
-0.24276624088539625
-0.2982999500820206
-0.06820928888759036
-0.18683361025986597
-0.3214949858349705
-0.3786085705051038
-0.25979146391095514
-0.3820653412437215
-0.19029669520400996
-0.3741308615944647
-0.09462512114319967
-0.1555762622440106
-0.04381338309900891
-0.39746648298222265
-0.22845759005753918
-0.3276106127697926
-0.027673078254247082
-0.3003168239589059
-0.13581499588523788
-0.36651819775538913
-0.4278267482718165
-0.32570962229063954
-0.2966376451983055
-0.29788180327208313
-0.19343080484524502
-0.21433020736702352
-0.28114060874325963
-0.24502012077978044
-0.18039924432380153
-0.12034514679486755
-0.18231518477306957
-0.4397305644353035
-0.24468344140574566
-0.24818007909044443
-0.14962755046170553
-0.4574477369620492
-0.4798244183322695
-0.03575454109261421
-0.33242108823133737
-0.24856705852796465
-0.2302503553816177
-0.2716003497456559
-0.3893098569976448
-0.1815666281968308
-0.40687407013836396
-0.24608672760620798
-0.09753982248113499
-0.3170500475727096
-0.2974479074550401
-0.20989731053085073
-0.382675025409046
-0.06085676338397885
-0.24439515857134145
-0.11137919035589758
-0.3638574808663012
-0.01614616576841753
-0.12660369546949657
-0.08114879103618838
-0.16450681978821297
-0.025094127095969393
-0.42633885663081866
-0.15096666163379674
-0.30533106671495286
-0.0631673834919432
-0.3173684217410019
-0.39305142992479464
-0.3205433184694948
-0.16382983647936245
-0.32070292429966424
-0.32897032770720014
-0.43451364926722497
-0.21889568852103933
-0.005757223933425459
-0.01625413748488266
-0.33884086661825524
-0.07841708377602517
-0.12600935814726977
-0.23200914676973383
-0.0879792739965507
-0.42623715405391277
-0.37358641332545034
-0.4299297581446518
-0.37915760982215474
-0.1254165982427249
-0.33578143724223075
-0.2882577169175673
-0.24346151430158747
-0.07169294862071147
