-0.24162550071165334
-0.3096208883459241
-0.32978060297729644
-0.3785815330808242
-0.458230334101295
-0.448036609095783
-0.5024078634354133
-0.5810210587724732
-0.5893125101672652
-0.6018091048699107
-0.7104072627182285
-0.6927433420281779
-0.6247829226523689
-0.5939212325125262
-0.5226907930563093
-0.4685832220112128
-0.45071836065019844
-0.39411256556953567
-0.3458942005199928
-0.3453660626933263
-0.2953047004681219
-0.23108531335207272
-0.18121592398581338
-0.1388319305960807
-0.14177610553832942
-0.0793384654180846
-0.08136860447509181
-0.024312922902933465
0.04739398307888211
0.11739114695302244
0.11701453913799413
0.13780257934717727
0.17642590744601852
0.26944478963537644
0.3051133565457386
0.32384132265514537
0.36470940883816877
0.4049800976318347
0.4655172587412481
0.5022745507208388
0.5369688086786459
0.5607285873213831
0.6236279476535154
0.6696126088566682
0.6970054887607913
0.6240851345048599
0.61137883792834
0.5943951642698745
0.5128010426686368
0.44156731926440185
0.44352781880584996
0.39926956063902286
0.3589693624980092
0.3063395751827226
0.24802813490028736
0.23352592933910488
0.20424871698684074
0.13136644511921627
0.11607547703013839
0.07862217303878992
0.029186564460331983
-0.01635704804154693
-0.07392136989369429
-0.12543996705716431
-0.16188393397152542
-0.23525687205015094
-0.2277542056449397
-0.2718451705546954
-0.31236653030950473
-0.3341685280892967
-0.4278000309666563
-0.3986925330317359
-0.48391070257476826
-0.537801858682323
-0.5465544556470279
-0.6144646679588697
-0.6109147703976002
-0.7159425903144991
-0.6576784898381015
-0.5916142647108917
-0.5501323202403926
-0.517224773309389
-0.5120041400394753
-0.5044596950003752
-0.4109445211965932
-0.34664174490276994
-0.303624847351119
-0.256184601408192
-0.23132428887673806
-0.20695731094089403
-0.16064884237900387
-0.09898227252355048
-0.08008686653843917
-0.027813886573548337
-0.001120380171039226
0.05001270893349118
0.09446566128551878
0.10120293290985746
0.1459471541490708
0.20241090115836852
0.2548908651402252
0.28645015146579134
0.33102318250289836
0.36678040832341174
0.4080423671016666
0.481037502124339
0.5426923714245432
0.5424342870693023
0.5800637416659431
0.6188655921614029
0.6619022139545496
0.6637332390342641
0.6154232141025032
0.6085421714300856
0.5707223668249888
0.5312477929718612
0.4432258722894704
0.4308723127820671
0.36779757891489756
0.3217102635699132
0.29033160228977895
0.23811752585598156
0.1777281438707666
0.19695680506357113
0.14137705819847854
0.0743921724359699
0.07150053200161856
0.007083273352463167
-0.048019790699712545
-0.047102671242749534
-0.09204479366595533
-0.1506442782598929
-0.19176200888296938
-0.25828942125950466
-0.29693125135852044
-0.2801572413301566
-0.36238612291586714
-0.34809719684513063
-0.44573808575963436
-0.5044486043416168
-0.49842225497705533
-0.5723624790610439
-0.6212051397696063
-0.6320012952748425
-0.6564632468006868
-0.5914984162335006
-0.6461107781574589
-0.5614585555985254
-0.5169956543598356
-0.49349047920977546
-0.43363927245359446
-0.42872565693240383
-0.3594568120125679
-0.3376511856426194
-0.2955082766712361
-0.22391717146291953
-0.21178551654344396
-0.16158453381999846
-0.13876084313147838
-0.0677891429547094
-0.03498461454632017
0.04214104068411388
0.04698968544463664
0.09634083901070811
0.10245683436214044
0.18944970538754652
0.21003366404238508
0.24463988057125327
0.27393935093657545
0.336016735654505
0.4129493055674749
0.3971280562345986
0.46626864020241054
0.5226030527898976
0.5551417717836841
0.581522933244283
0.6093970969416491
0.6800326423711458
0.6614489471174827
0.6230029211668804
0.5732785990878244
0.5375751441630857
0.5069953075079603
0.4307268536193628
0.4310673097367122
0.35221094129195735
0.36664889939490175
0.3040905979542617
0.2783437892409364
0.2022253945651501
0.18188292933051725
0.13990661964561418
0.04553303965365818
0.04332523820300623
0.005798838734558488
3.018018355035318e-05
-0.0753453996873889
-0.06926726868725212
-0.1313986788411224
-0.22177257863648134
-0.26454988030238163
-0.2928547204560996
-0.3603671523784989
-0.36035703411973785
-0.4355849118685407
-0.449887187231635
-0.45376784541147985
-0.5419198328678078
-0.5389021187049846
-0.6273103204936556
-0.6435882480193518
-0.6348806592981641
-0.6271547443688845
-0.619333304118034
-0.5518211068751333
-0.5173582447785712
-0.4205262700980742
-0.40420197153845633
-0.367836125520533
-0.3298985791271174
-0.3388888740539283
-0.3514231289086303
-0.2125051012693297
-0.2109552142287814
-0.1970107040441545
-0.10560634906899549
-0.06365249026359864
-0.02445325175598317
0.04961741393981601
0.019165934488366697
0.12566790213551726
0.14488563794510306
0.18590552865696874
0.21884154628028674
0.2888799490076162
0.2979432072552155
0.3615545362213584
0.3487808890754081
0.41006088784028377
0.48267611781341946
0.5315008128322601
0.544372158422224
0.6007352510585836
0.6243795875559432
0.6945325855720889
0.6823059691050676
0.6415879140179626
0.5745618244258475
0.5527446784213198
0.47290130810407216
0.4439917213473361
0.40794512631467245
0.3869800757203877
0.3400803078678524
0.2926789993013569
0.2610689178203817
