-0.019807676380401932
-0.02231358272542136
-0.05485057464199773
-0.01954712598863504
-0.08012041518071024
-0.01818339556230967
-0.01961884588084821
-0.04812535426595604
0.016563240221104707
0.007769780084423767
-0.030060633063226188
-0.036717775809601484
0.03374890565024971
-0.03431448945314615
-0.00631879405159138
0.022969666019148273
-0.016601169721017866
-0.03679447484876037
0.020854796557054186
0.0005505914754008918
-0.008158118037863801
-0.009037249558989073
-0.02734601147183051
-0.01176162733846814
0.012787866807810695
-0.023323321264314016
0.0020987984942259985
0.022872142377653615
0.016604692992962772
-0.006700475885426092
-0.013252425420091585
0.008715076810890609
0.027392343903052587
-0.02634607730899846
0.02404343222922365
0.0394416249806961
0.027886320511686716
0.027379647365767496
0.0037946039196025336
0.019256463552249158
0.03158918089318308
0.047861346508334
0.07267361571106533
0.03196772023724938
0.02805419970067305
0.015408637053543667
-0.0009233330992183472
0.051929837088423685
0.041051207406327214
0.02719663863902984
0.051245767277976965
0.04060139680355717
0.04243037073556253
0.009261926799805666
0.014871967853853564
0.05212342175721456
0.01818549314913879
0.024463601321424285
-0.0063763254517387215
0.04561971482608937
0.005976597691167308
0.014676727563366326
0.022243383240242998
0.04652429374577392
0.034389978894840675
0.0008191827873396656
-0.02494832615281236
0.010065413929061455
-0.008094128802861917
0.02477755715806813
0.04874401354522181
-0.002746667614994352
0.01839344849887782
-0.028676215711391985
0.028951376716080744
-0.009103849960648199
-0.00750447735100121
-0.02073510778476703
-0.0052444853607970104
0.007283385826638322
-0.021620456591367514
-0.015781234513424888
-0.009425304754042593
-0.03784255197298669
-0.027590383191376036
-0.008841755765287083
0.010437136573310813
-0.0292325909766928
-0.05513900341154828
0.008256942454734208
-0.058189712282781234
-0.03338990677185499
-0.021404328956540816
-0.04386275295814358
-0.014679744937230952
-0.03459484240857384
-0.03041044662130538
-0.0679424454960599
-0.03522498544894312
-0.047289017907702686
-0.0576447592283067
-0.04815751959099306
-0.014321940363903617
-0.025640668550771368
-0.005068395474245532
-0.0256719327635492
-0.022135717395054023
-0.017981939841406766
-0.023265372997101044
-0.01686217232242207
-0.02832687481238224
-0.019220590822155423
-0.0047339927082006
-0.017920193831011337
-0.009067631546543865
-0.010471958260470364
-0.03952479797046422
0.013846280592812872
0.006242682618761028
-0.00784520188047189
-0.020609822285845805
0.021569922447945984
0.00985786071373666
0.011133588496030678
0.012823324626104407
-0.01712540895487951
-0.005566746221637223
0.01987074112256741
-0.018719214950311275
0.028581651346273426
-0.021522032650531053
-0.002154847366649934
-0.03174369199175084
0.023722944960276486
-0.011238866962394864
0.029334919487426017
0.016787372446410032
0.0035070472778162658
0.020280691817263843
0.03813175617894483
0.013701038682841962
0.0315342945051777
-0.001939477276843727
0.01670631344069329
0.0047578959441449895
-0.0054499234052040844
0.043125955128986315
-0.011236454426846138
0.02234798879602839
0.0024312074444396738
0.038708299295583025
0.03668195606997569
0.01359631905677382
0.027326071439496016
0.024872653286492206
0.011978618177138103
0.031062110257620717
0.01409141350877482
0.05275415819149394
0.02586402747900953
0.03430714073899398
0.025843685452091626
0.010935483596965372
0.01922705641941034
0.03353286854233574
0.019721851583056546
-0.021682713420342226
0.03554760280638958
0.02631289721727402
0.0132244143739033
-0.0002854527052285512
0.053008786657670545
-0.0061848241700964415
0.009196649045744631
0.0009150812205009607
0.004035986782241431
0.0007957658759473307
0.008208243966100837
-0.024617931597588967
0.022827544423895885
0.009283668711279445
0.00929947692543121
-0.005126464091880792
-0.01763704242576259
0.023260998064865018
-0.003680147506837027
-0.05019763756745051
-0.0432760325502089
-0.002232169102023826
0.0004837969017744276
-0.03562377684847935
-0.04756332268512845
0.003856951411401941
-0.028284222130818926
-0.033337202935243865
-0.03213482741940962
-0.01918269986406776
-0.02109925548346659
-0.01375710111337531
-0.012541387319025276
-0.04281209254745895
-0.003046652761101762
-0.03258913482652799
-0.023219084959957944
-0.017688503453297436
-0.02666801862227453
-0.01796623192809013
-0.022260930142632994
-0.03649635920357072
-0.0650516627314581
-0.024841566761056637
0.0011285409064120122
-0.023315075786424038
-0.033086847733843565
-0.05678079294661415
-0.03957128852799739
-0.009623202513258353
-0.015308376954513203
-0.025534733632108224
-0.000968880946861329
0.028465654697063417
-0.02205863554454089
-0.001936611763213138
-0.018090713597836868
0.0010346599774489341
0.012184291103192895
-0.011245778396292908
0.014220941626203812
0.048141602605020345
-0.0006211756038492825
0.005064635480230274
0.02471081600439824
-0.0042638110505471855
0.00920664226686094
0.0024362030683065354
-0.005086843032204098
0.04198836857925593
0.005309392657675584
-0.007179770568556419
-0.014190764211363647
0.01836273171735471
0.03052150289975231
0.05423961320885741
0.041251545100077655
0.01975273088460552
-0.011715573988027361
0.028420327261689273
0.012078552492287356
0.05774256036176076
-0.012069201701828083
0.03486413712555147
0.05757142058035364
0.06530812871864305
0.0812226216497989
-0.0002816704689945146
0.06822482113656322
