-0.038027991532334986
-0.23299872408073816
-0.28177711142592016
-0.1402802543415616
-0.2629675828795427
-0.14435809254418958
-0.02761166019773165
-0.056321663323360124
-0.12273683494164579
-0.20511427687588124
-0.1733772907415534
-0.20393803508489802
-0.23090333186376363
-0.29246403290717965
-0.10037443999274213
-0.3384667019743527
-0.2717738755545706
-0.2860160132718038
0.004766338661959926
-0.21075529896792744
-0.025526256783317783
-0.2943604904424149
-0.1434789148447669
-0.2123937114367049
-0.2468880623976533
-0.27559396444377604
-0.11008306148152874
-0.15450122855877405
-0.20637512546193604
-0.16840852534865539
-0.27094402039868826
-0.06415245770059466
-0.02661907981273548
-0.3169415355616728
-0.23441220892406728
-0.19944783027699828
-0.2762717095679526
-0.0948063277728868
-0.03518750903312005
-0.08804418545132357
-0.09710952173983478
-0.26386515622566376
-0.17487878166203658
-0.0769722209922773
-0.23941079181441685
-0.018267092383093944
-0.06191495581663027
0.005501997158485938
-0.25653402781205276
-0.3422674832536515
-0.169134883398852
-0.08789067370185258
-0.09589832961138708
-0.09356929942507851
-0.03297844983660463
-0.24185880609440308
-0.1690697155487984
-0.2591307260299916
-0.04924337381721607
-0.12179224706683166
-0.13846370182875162
-0.022938513883192145
-0.1038289737265013
-0.2715497110217027
-0.3001749909191236
-0.08076796456035416
-0.2930511861624888
-0.2966694810619193
-0.3240328287352791
-0.11105207357964014
-0.1372076563100031
-0.3232206660583468
-0.08696114569374117
-0.23171666176656672
-0.23211618756311084
-0.14947895171067602
-0.04961830856125558
-0.20413277849638883
-0.21364003910120913
-0.011526518543912883
-0.09000328068130739
-0.126624609946384
-0.1309145002393541
-0.07851806775724646
-0.07206114908355438
-0.2519699726022949
-0.2221876471736504
-0.15923585813668373
-0.03251256962110562
-0.07601682072473721
-0.3257687672765165
-0.27838015454753173
-0.11587403942428864
-0.28555060805178545
-0.3195043601510147
-0.07585109035541962
-0.11455703472652307
-0.19497373412385413
-0.29282702202456673
-0.26992191541986965
-0.05640011614545126
-0.14615870100368233
-0.022909847976877902
-0.1579378088684967
-0.19030318073027233
0.007496665680568081
-0.1754252384452642
-0.20251742796688144
-0.24955816291615385
-0.07516284144062092
-0.2644057843355499
-0.10199212964425454
-0.01205406003250701
-0.051893997530360975
-0.26703925503916526
-0.01798045166724937
-0.274584535237001
-0.13715416504335523
-0.13683738765281817
-0.33300959606789665
0.011194230596486762
-0.2881551764922216
0.0027843174074856578
-0.12731762375473207
-0.03403245789363176
-0.31941615428751746
-0.03729436183099771
-0.13943363386270521
-0.25695254484134894
-0.09104560373643772
-0.11626493596816502
-0.05205180553552361
-0.01083237218942458
-0.0004577153289554922
-0.05422101080190171
-0.294462198917661
-0.2935058300222121
-0.04111464113016674
-0.14100248674905727
-0.0664617064670238
-0.26290359379186834
-0.11388298787241541
-0.18669497095759088
-0.011522053324804882
-0.25162560873535184
-0.026750362548523334
-0.09978594917853648
-0.2782445626067108
-0.19236595169324522
-0.14258575343754934
-0.1882457021104032
-0.05901691853581516
-0.19654952654731944
-0.014448701759947558
-0.027209592222661873
-0.009928346976427232
-0.14626198087350345
-0.009441751238834567
-0.07299390968638675
-0.0648892801216062
-0.2307125850995714
-0.2208523113854134
-0.07505942331366822
-0.21757791530596243
-0.016593111681224192
-0.3147193477373823
-0.23308854670431667
-0.2988280998480168
-0.24244817589164658
-0.18945521775495872
-0.2607218232459515
-0.08056182526311989
-0.2263591058865208
-0.17156506545865186
-0.11152917269390339
-0.1341791462360012
0.04432915034727487
-0.18980836530599116
-0.1954046223906757
-0.18820802307564163
-0.09246066348638876
-0.28761033673803166
-0.3343718671418265
-0.10170729577235602
-0.24223133107012734
-0.184429519320494
-0.2503033381728841
-0.10701105961093628
-0.12016906301524286
-0.10740157535695036
-0.211675863115982
-0.19375641616918376
-0.13642006665744855
-0.16561124002701774
-0.3253492828200748
-0.21030157095344468
-0.12796040635961436
0.017405437797910286
-0.12557349130522474
-0.12329702353980883
-0.28294634566920207
-0.22428210864657
-0.2038460091147408
-0.33962053686635
-0.0912551579609921
-0.1986055270832469
-0.24242838531774918
-0.2917796870275518
-0.1305778751892054
-0.3202953035579364
-0.10656698716327867
-0.1276846395098798
-0.27820346725591866
-0.17847741491801647
-0.0293288034749795
-0.08998223621072458
-0.21556979081814207
-0.16343114330659736
-0.1893374440241063
-0.07211719710565856
-0.10895580982738026
-0.05597073800331349
-0.30312448123964336
-0.2887548500876973
-0.024245968876407495
-0.27310436356938583
-0.15665083346238706
-0.14514415426420388
-0.20165552855474336
-0.06319131188990366
-0.16901834491855428
-0.24728952964945633
-0.1508789316330668
-0.32308560132535846
-0.1241973458106112
-0.27183337495892745
-0.26868394941370477
-0.3044952745020923
-0.19338107525942233
-0.2530797717683097
-0.24907567516747212
-0.23904852311492006
-0.28665471327785164
-0.20342013267314724
-0.09917823253047253
-0.18811346167434026
-0.1500972451997607
-0.10232907986613309
-0.005229656589462155
-0.15610062467224517
-0.05251448175649025
-0.05432441258013914
-0.32393437417145565
-0.28603861696666766
-0.32101618965038037
-0.01929517024162855
