-0.28595721077867464
-0.32287207836968124
-0.36009287891327835
-0.3648843270179139
-0.370911434481276
-0.42727682485314905
-0.48003012624555663
-0.47681977282964133
-0.5232807798388998
-0.5725405908236719
-0.550316268928637
-0.5884790003628687
-0.6044988508227701
-0.6509532634645225
-0.5964407241549514
-0.5926878820326514
-0.5497774691819564
-0.550276525868934
-0.5573842561007961
-0.5137618395653414
-0.49501210878652774
-0.4591131139948764
-0.42936978874565945
-0.4095792324540719
-0.3617158077756449
-0.3936937873124319
-0.3042419509186302
-0.30086957879582005
-0.26609254515111436
-0.23084291809650045
-0.22834869076760098
-0.1747695919885575
-0.16031145719469655
-0.11125925175991001
-0.10972641096756938
-0.05427473486938525
-0.04526891560407318
-0.04003104463391255
-0.017930134161899647
0.011312607068908164
0.03478118433107633
0.07394331788233932
0.06625102067580313
0.07339375611794491
0.1663170226363409
0.19041542166775938
0.1752268626593404
0.2726348327388569
0.22897152079498279
0.2503591622896565
0.2942577466054449
0.3219063382810035
0.3722006924516365
0.3195287766857446
0.42270327905211164
0.4204675631548069
0.43164094505403305
0.46897044119229164
0.5251035807663581
0.5025911618831371
0.5609888193218774
0.5528708309562439
0.6370026375768364
0.6421309904883041
0.5964757288270025
0.60730471061056
0.5751461364537184
0.5769698482883853
0.5622389668141976
0.4972584584184896
0.4598387202031086
0.4400247342522649
0.4545572140578194
0.4191396039982904
0.36788792589302277
0.3448775011779939
0.2626560227723041
0.29117178845217745
0.28535202794509934
0.23120224293759956
0.22743578782735865
0.16767491991847744
0.1918969460195753
0.13138666915720587
0.16282858781997578
0.09324675115462762
0.05730991058534939
0.029462311681608642
0.029910519120155334
0.0013066747872911098
-0.04459571820830912
-0.07330798424203618
-0.13368136221130553
-0.121691774273497
-0.14214048942315463
-0.1642404877255647
-0.1935140219242408
-0.19555429659187418
-0.25977878555378053
-0.23539934649663505
-0.30935052416930287
-0.33202695331691023
-0.3725343303573689
-0.40258489521993157
-0.4004826064271307
-0.4157487309149578
-0.43718104279494446
-0.48866684777705044
-0.5131810069162172
-0.568550361326712
-0.5353821962338784
-0.5756576568468805
-0.6240980338764803
-0.6082759912135371
-0.6376028973718332
-0.5842630763912766
-0.6097959573898597
-0.5245921339388541
-0.5189635522122412
-0.5032168886419102
-0.5050119656167964
-0.4403550856555554
-0.46142384513286583
-0.42557466015151146
-0.4003738587585338
-0.31373520005010014
-0.30599276422059923
-0.3009751634380092
-0.3024393290392921
-0.26217635106827575
-0.25671333707392624
-0.20114141054111592
-0.20581319327566142
-0.15940593167539108
-0.11371847955552017
-0.11802654158717044
-0.01988795105010687
-0.03004168578766131
-0.015423955928379496
0.05756220639612286
0.04681206583292934
0.0746621302934514
0.11198835225009898
0.09667826355872794
0.13070571403446649
0.16924146926288136
0.19400959207086751
0.2161950032384381
0.29440628411747816
0.27232866163685987
0.29256085686693795
0.31335653678128605
0.3160807485861341
0.362554113168067
0.3519213674077222
0.42193630849516656
0.43955389915525717
0.5066462014743089
0.458795707467735
0.535077361495793
0.5511166344694836
0.5852590851715176
0.6418964065041967
0.6240562526857569
0.6489496743306064
0.5801971889672196
0.5932591755624588
0.5665991550009933
0.5596855661398369
0.5240344109507811
0.496865799085816
0.4675677879910969
0.44564856871010916
0.4027815306117532
0.3697780459449067
0.3225041535695233
0.3333076760074581
0.2899541102987161
0.2885312274541045
0.23836540142583226
0.22811936385721113
0.1986125906762617
0.1587976960895227
0.1775423946065552
0.14184379755117757
0.1081705321410798
0.07520951862949675
0.07069809765123064
0.03519717380098996
0.006751770858270048
-0.03194171413596678
-0.053270807254455856
-0.10118966093148586
-0.15229326293218187
-0.1215947418645956
-0.13497415916023553
-0.18352556272408968
-0.21781230866773024
-0.21448511714294594
-0.25821081569754667
-0.3038703231377609
-0.3067926378358075
-0.3386345776624267
-0.37083262566591735
-0.3820213653041732
-0.3915960843343457
-0.46590361879713904
-0.4469821120234732
-0.49118718305052594
-0.5235675851343473
-0.5663950937238108
-0.5557506845292216
-0.6039054743954535
-0.6024086304096863
-0.6478034032754608
-0.6014727293952831
-0.5906523200481762
-0.5480143344120852
-0.5410376734008968
-0.5189621707302291
-0.5038401771236717
-0.4785387957558728
-0.4501585741461616
-0.38668973174461146
-0.39228329964693737
-0.3751396032898266
-0.3130194817855766
-0.30692982453331413
-0.29358722053186465
-0.2883895915585859
-0.22125336760701184
-0.22748475477044955
-0.17310127185914267
-0.1413295793007376
-0.12279761549588236
-0.08076465458342294
-0.03631861763043591
-0.0536749740266834
0.025109581446783685
0.01350010988790155
0.010612678781592035
0.05783473023460651
0.07017775125125443
0.12166932469126616
0.12404120790293119
0.18030301656648423
0.2011589956959259
0.18765570004609383
0.2157697089389099
0.238207099753911
0.2734446071613259
0.349167980646656
0.3567979957015318
0.3402678156162356
0.3921037330421058
0.45747631090570107
