0.10540833429701674
0.2399020616600725
0.38172955333265557
0.5931127152210443
0.6828889247683644
0.8325254037842647
0.9030470931979251
0.924009327555807
0.9473708071654314
0.9298046483776149
0.8721343137644954
0.7948939649928858
0.7048347688414731
0.5170541331995392
0.38410495331627365
0.2081958481847203
0.06784841617080402
-0.15504762829296423
-0.32414825004179043
-0.510551524681761
-0.639487927489868
-0.7608786846352034
-0.8346330292644432
-0.9013435843465087
-0.924992141543866
-0.9991784523823767
-0.9064929922434274
-0.8882402234578686
-0.7756003983522055
-0.6153883677930699
-0.4656203690810793
-0.2810442097887045
-0.16424104055833488
0.02153726814332299
0.20046368865364642
0.37046066560569924
0.539628169828098
0.6695739323746592
0.7985194862917351
0.9016523656844375
0.9439383030791112
0.9699399487794557
0.9716047444957996
0.8970770878788665
0.8422904986488654
0.7489045998453854
0.6047683372253168
0.46079085415892085
0.29587590202447533
0.10001169492137506
-0.06438160598710625
-0.22257576580176452
-0.4277202846865948
-0.5820670170410499
-0.6983726679330016
-0.8093978118491997
-0.9227916527227665
-0.9330420030074359
-1.0076762522163287
-0.915648291580776
-0.905786672563047
-0.7999759524659494
-0.7263579592120781
-0.5525152032965757
-0.3773762730801497
-0.19694452623550784
-0.032826019742689325
0.085602945840205
0.2810070076075822
0.4825148360767614
0.6256442775895732
0.7350694345651653
0.8374560820133324
0.8949971187214705
0.9400292949052765
0.9559737274281831
0.9632001601053368
0.8259528665321458
0.762616410964901
0.6948299348580689
0.5108052478812795
0.39610134425893156
0.17298268003491576
0.02376724374584229
-0.17372078316049838
-0.3400294576094503
-0.5017558388017327
-0.6538147811853294
-0.7641520787559888
-0.8706346028088205
-0.9108491029629693
-0.9770125540560692
-0.9450454153217611
-0.8972947003088075
-0.8165114173205624
-0.7963632645880007
-0.6435366248960399
-0.47073838159766257
-0.29289139093667654
-0.12637141683465877
0.028425136669462503
0.1980344669908607
0.3792250126581725
0.5219466493580344
0.6799560122773977
0.8083346795085231
0.8594858524604749
0.9082477878182746
0.9627388819636123
0.9458450561118666
0.8931647209403947
0.8143054749578503
0.724447203923872
0.5599903232079781
0.4111220008160411
0.24235135502543792
0.07966227060139369
-0.05710456279759944
-0.26881025292479066
-0.4460149081770121
-0.5821849500163343
-0.7179006278814473
-0.8289155892905298
-0.8936497147185161
-0.9239913927242276
-0.9646244637336627
-0.9578517922230209
-0.8592498482814014
-0.7604915260196259
-0.7095291363465783
-0.5489757922133354
-0.38254770093932533
-0.23548316443731912
-0.04275437277999566
0.17226780671434874
0.30538224453213475
0.4839775175180646
0.6014102540694808
0.7769185438835031
0.86101776348678
0.9000949691985284
0.9603057471909897
0.9429763397031939
0.9223207467259886
0.8898316174280962
0.8165005613072461
0.6195320841311521
0.4926980004965526
0.3515345330874539
0.20019418896824795
0.06986079835656359
-0.18233608276994898
-0.36272333538165974
-0.5248165754250983
-0.6457844374141395
-0.7613807159553669
-0.8577679200737727
-0.9185426036159617
-0.9396391770293347
-0.9307193235517732
-0.9372975462672469
-0.8266865826845317
-0.7307686983619287
-0.6666667776733277
-0.49950352737336856
-0.3145128812316781
-0.1311850413787184
0.015250313878884363
0.23836878351651453
0.3572205623798883
0.5624159328584
0.6723678163726409
0.7867511612311077
0.8855872915378352
0.9353604828032677
0.9551292947105938
0.9321805377349797
0.9146247111205406
0.8412881370481076
0.7331911143595518
0.5749933050125353
0.3910208600693453
0.2793821469088049
0.09855455915587737
-0.09645550477155021
-0.2826190840654489
-0.4408209411610336
-0.5947108650732866
-0.779656774237692
-0.840456006004863
-0.8912937811760244
-0.942264819457626
-0.9821127084290839
-0.9388002969525836
-0.8401376140825579
-0.7801373705646572
-0.6716041301795527
-0.5705106770075795
-0.3280481611631577
-0.20068240225339928
-0.019389109428242866
0.15305313707997237
0.3396425397496457
0.4951759917045609
0.6060857979901856
0.7272769145503715
0.8646762742071498
0.926645626973226
0.9680828715327955
0.9774605375139604
0.9269531179513774
0.8764713362084479
0.7734992475310729
0.6238205664440559
0.454213800745844
0.3460799780180008
0.15847011669526082
-0.01135903370885935
-0.19066183311986598
-0.35462961966240414
-0.5256998639220969
-0.6289880447226376
-0.7724411674312585
-0.862399663591185
-0.9473832822045897
-0.9522536001911681
-0.9360913271434439
-0.8987410427761685
-0.8493193584483099
-0.7293894248684674
-0.6008185105992312
-0.4391679911216111
-0.2853892200965956
-0.12477379432254626
0.0583878329444535
0.22710593482381686
0.4264990313687697
0.5811896211057126
0.674668344034959
0.8237859576132627
0.8793387849901672
0.9526124708878441
0.940191121934351
0.9509225370992792
0.8805126030364975
0.7935321051849329
0.6923651225457677
0.5404330346646254
0.38645087792048405
0.24064722779042308
0.08942002496483115
-0.11225894535870218
-0.31136725558800743
-0.45739317119818695
-0.6302878574033656
-0.7293739651818995
