0.3270363560215652
0.3723550710324563
0.3803887958901579
0.27701124931244153
0.24148993278971798
0.18745401520767238
0.10902582601530826
0.05394267568554668
-0.06760389140999502
-0.056311877719170976
-0.14543808627802476
-0.1924446441459674
-0.29965251528824893
-0.38125582543239045
-0.40480588310693066
-0.3619600784838471
-0.28748235262054206
-0.22221743475414846
-0.14448526042245657
-0.06614814319921451
-0.005499659543661877
0.01649657971784354
0.11088788373503636
0.19979563248448354
0.28812111043587374
0.3280250132750069
0.4034822191124144
0.3465373867504332
0.3186845893179734
0.22357659905469507
0.19189177305097938
0.1303317339084719
0.0386999214495552
-0.00041867371753237514
-0.10941649075963619
-0.15640355397190467
-0.2511515121611485
-0.30693021969536977
-0.36129080618045845
-0.41261524439111696
-0.3378128293173523
-0.2977794302615243
-0.242138548435972
-0.09082313261383754
-0.05614919771855785
-0.014503472232690235
0.04020725782666256
0.12578692603016753
0.16475103987880127
0.2414034583594537
0.33396116150131416
0.37083707615729217
0.39466059458638764
0.31531850752530177
0.2595838580030142
0.16346384389562107
0.13619348487773092
0.048031347064587525
-0.03843801508303359
-0.09687081150559877
-0.1488284533171746
-0.2162287278973763
-0.25681960731461134
-0.3808332187457902
-0.42487143706301644
-0.33338183851191344
-0.29512990669713274
-0.1924678782258864
-0.14411365978297686
-0.08108359327915567
0.010233274563923794
0.05444243272269441
0.07250397164090346
0.19794383964846352
0.2591259962624529
0.3246775904024905
0.3614193491616844
0.3625357145839183
0.3552382336591046
0.24383785647403966
0.22351155396630454
0.1571919336282924
0.07716748938858711
-0.005275208661563535
-0.07891053385596895
-0.13296866461896364
-0.20323705873005923
-0.2698331755112432
-0.34570999076203396
-0.375789873973553
-0.34549257863486876
-0.27533994694096564
-0.20283499560824145
-0.13242528127275585
-0.07896747281222795
-0.047204063605837274
0.028087320180417097
0.13185047508578224
0.1861478705709124
0.2548615905480822
0.3286336684914293
0.3880896076615272
0.38419045346720343
0.32411533238070217
0.27450454232931276
0.18154884087071885
0.09709177270844623
0.05867676621155341
-0.04557044449189063
-0.0865687900759092
-0.17831679276764434
-0.2232102290055028
-0.27381049638482097
-0.3188480117250427
-0.40442738379884435
-0.3478230471472025
-0.30048845140194586
-0.2401578219190214
-0.1834470771327121
-0.08155816393500812
0.019649108300905133
0.06121466268443837
0.09304018459920609
0.18954998893349806
0.22441940965529938
0.2979165127852684
0.3792875811134057
0.38577460804004476
0.33028986287853374
0.2742928705020947
0.1904746167456947
0.14548471545350783
0.06291478467504674
0.026073701430481204
-0.08570485387719233
-0.11960038206638811
-0.21503706105067716
-0.2608463224406174
-0.2810501850636944
-0.40036048333915225
-0.3494504926723611
-0.2994705083751472
-0.2602079560816699
-0.12430671147472021
-0.08201115639243461
-0.06731681912423987
0.04827310408834988
0.10878423870318685
0.1502831330924409
0.2554422737327566
0.28443087181784377
0.3502374227577531
0.40293610533122104
0.36165137512989504
0.249826704180065
0.18986987757689502
0.10480911089535389
0.08994576148144175
-0.020236473062726527
-0.07004365569297254
-0.11479749804005962
-0.19488103988607494
-0.26286084900161727
-0.340079264173589
-0.4211489765735802
-0.34160536615404674
-0.3141967260705293
-0.20781600322697935
-0.10903813448205739
-0.09119350661073629
-0.016621726624469424
0.04211358205906214
0.08275305381683735
0.15499724627492809
0.22255507356956877
0.26441519784480483
0.38266466419323836
0.37091523053048786
0.3134454436644173
0.27105494118752405
0.23147711435034954
0.11727355423884406
0.05847877540969726
0.011767994634990144
-0.09497153030132185
-0.14873156329497744
-0.22275810767432158
-0.26456227734339377
-0.3538872367069995
-0.3840789185323769
-0.36099345964892543
-0.26943086219457935
-0.2554369791587805
-0.1472862512171844
-0.09441527788832393
-0.025138872504845207
0.044346979083683555
0.10381277485853059
0.16411894965730417
0.23875010074018685
0.29533408109405124
0.3093723649584014
0.4034024231276417
0.32252284842489476
0.2523732593013239
0.22172523863919377
0.13563463466422987
0.06546817011697913
0.03667214218479948
-0.12284091839628347
-0.15533164378211933
-0.17544653007315067
-0.2669202341757097
-0.3674908560317494
-0.4080490481555937
-0.3497552287117506
-0.3176271249012022
-0.21911643909485423
-0.1843144413165746
-0.12226012870988505
-0.031040129494031746
0.02119606021266958
0.08368631054661325
0.14698874911232515
0.23548865951342837
0.3204112871532656
0.3692773203205151
0.40656929443510126
0.35397350933754446
0.25875489843317473
0.23363123815250697
0.14476545214108608
0.061490700666858134
0.01459181997053334
-0.05865845007148158
-0.12770451003614244
-0.18311043053539186
-0.2547601493148878
-0.3214507279996025
-0.3617012274851575
-0.3474796414465197
-0.29815537169286
-0.24029762117261327
-0.15977570706944424
-0.0921986505273826
-0.02611334464169644
0.018200254506564456
0.06704439411581507
0.14032799227242068
0.211523797114128
0.2783478236918157
0.3536004958122127
0.4140536033587996
0.3445494570455336
0.2586425590449266
0.21592683809917754
