0.21302485480374259
0.15266894377581974
0.06674603335611969
0.07648458626609403
0.020213410219547374
-0.010344227448353933
-0.058425183804613944
-0.06028831964828612
-0.15875642496233508
-0.1445170819451487
-0.24952426307055658
-0.2836209318082435
-0.3326052399639096
-0.35150137982584834
-0.41354325666523933
-0.39724242951250666
-0.49177384193702034
-0.49466447438848393
-0.5661669600830461
-0.57855875222932
-0.631385769849859
-0.6324376863422996
-0.6234114834205567
-0.6796794604590327
-0.6628798867087737
-0.6559000276534397
-0.6928181558943499
-0.730105764525657
-0.6910025907599572
-0.6851354440926337
-0.7302142737142717
-0.7340082861480937
-0.7211845334190484
-0.6877852983299568
-0.6729734926600892
-0.6996182353818226
-0.665670210481469
-0.6566446950471586
-0.630229357949066
-0.6033588602992488
-0.5680411760777628
-0.5454811775722084
-0.5177961467526092
-0.47286607686356363
-0.4555656152070488
-0.4235590272636197
-0.37981731312161865
-0.3191600591962298
-0.29560754896721253
-0.252485019095056
-0.17367514276848395
-0.1612247200296886
-0.11514802654229994
-0.06875372711741909
-0.061614206413160795
0.020769390607479274
0.039265066565915774
0.08401531658231118
0.10476703408123397
0.1899752174199216
0.24713688252714094
0.2893904603257368
0.31674717129657265
0.3499573252331422
0.36358171973262066
0.4259637185559907
0.45268159508818184
0.49386611144415826
0.5398501784611837
0.5764593658729288
0.5927227423314684
0.6201026729221825
0.6153300004470289
0.659424742557329
0.6749606142216168
0.6783998780648669
0.6666709364979699
0.6624760275751335
0.6821335269029196
0.6630892221310536
0.7180747276409698
0.6971714802103186
0.65612246718104
0.7206935399587464
0.6834216820927896
0.6333374379900114
0.6239856934833392
0.6038705040685259
0.6103339357552671
0.588123283662298
0.5591899921932181
0.546904667602439
0.5339976889797498
0.46397826998896763
0.4308673135831097
0.41096965495443316
0.3639303698495999
0.3199201544203607
0.2827466245541201
0.25654495960304746
0.2153215597864763
0.1556494593828322
0.12675717866148983
0.045403112960262636
0.038136213042101255
-0.04752228987802687
-0.058924917054993524
-0.12232614992973062
-0.14776461776235142
-0.1706623484380998
-0.25824624637418014
-0.2519781116732283
-0.2949542433428446
-0.34503895824071057
-0.408706711259798
-0.4132184270257647
-0.48157361844121915
-0.4972636344661138
-0.4998869488313889
-0.5472747998403406
-0.5845905166684472
-0.5921666337685024
-0.6471022053048576
-0.6230771687999983
-0.6622394703939066
-0.659067614065528
-0.7064769612337463
-0.7111789510342464
-0.7137760990329298
-0.7019071715092147
-0.6930786779308193
-0.6918912253428207
-0.6731946516328444
-0.6855736037413319
-0.6815396882803643
-0.6985100290387041
-0.6725433824313395
-0.661832079880199
-0.625456568018407
-0.5927280016640203
-0.5776034958251068
-0.5263530933217222
-0.5327807234742018
-0.49568959770668464
-0.44463357664081327
-0.43632473506377206
-0.3860590383807915
-0.3491008294301942
-0.29283562050210293
-0.24537966416244222
-0.17288904925578863
-0.14874730004659512
-0.14006503247450766
-0.11012670008142353
-0.08157202017685922
-0.034759508596088014
0.0060181730987894574
0.06368316097493007
0.1547518056388279
0.18609805497582524
0.24907341334958802
0.24305094660466814
0.29511800167401886
0.32368776110572783
0.40760857568572706
0.4186920148161053
0.4463750729470085
0.47565476830805525
0.5107086587402007
0.5541793728030443
0.5900449307669919
0.5958667538192932
0.6365325985804586
0.6620176352698879
0.6501178093985635
0.6737265290335778
0.6930284781557736
0.7031808592897325
0.7005438558233327
0.696742640131158
0.6887728990050302
0.6971911727506691
0.6854194249718155
0.6928364570165221
0.6842449035588144
0.6536258364256784
0.6480632671297104
0.677593382633996
0.6369261142068499
0.5905321786235442
0.5307526124482626
0.5630715653771048
0.5241455696832475
0.49853600339688753
0.43700218319079365
0.40087296203465894
0.3881405591987994
0.33823803524344914
0.2924538869414488
0.257729759423809
0.2388673175749625
0.21689953624203906
0.12634463229713616
0.09707845552174182
0.06429262824768181
0.007346259971385653
-0.016860806284812374
-0.09658229543905474
-0.17043574416325666
-0.17450835217957808
-0.23095237195261464
-0.24946460173836085
-0.31560079987366807
-0.3464766792710687
-0.3752515469151996
-0.4131326491935828
-0.48311144236751213
-0.49677037138252644
-0.5196768711683614
-0.5586581029254046
-0.5941295797620438
-0.6134554329154053
-0.6543508538025916
-0.6490946591357125
-0.647157897845483
-0.6711548779899885
-0.7034020776381635
-0.6964809520743621
-0.6836164809307749
-0.7531823765021409
-0.7360144091006956
-0.7174717739590045
-0.6847477906729613
-0.6987931232669214
-0.7043871354626617
-0.7138651183050109
-0.6739463944226052
-0.6540470672396493
-0.686762275087452
-0.6234364543757439
-0.5781142673382536
-0.5684113025872789
-0.5415726883084456
-0.48967622996443305
-0.46275457794407526
-0.42481306654179285
-0.3943498366096116
-0.39523126884739357
-0.32044657829834705
-0.2516296318694974
-0.17069197014941154
-0.19007716936711314
-0.1427586420754255
-0.10397887893082305
-0.06520534603658092
-0.014099412224871283
