0.6096587033631254
0.6007800369093398
0.6152112275183922
0.5849830713103824
0.5874131705871364
0.5658765176004648
0.59106804837615
0.617262277000336
0.6241926235612014
-0.6176134408086741
-0.631677948078325
-0.5803859406918124
-0.6068500514609166
-0.594393022555958
-0.5671306067182857
-0.5765501264578629
-0.59539559383642
-0.5854438868431668
-0.6125081294500136
-0.5636408030920151
-0.608310108559353
-0.5935387933783105
-0.6068773452515305
-0.5542181644858315
-0.5997685674787554
-0.5900265644479805
-0.5832322892682991
-0.5833074380148049
-0.6124886878001253
-0.6089147625865021
-0.6030853440084212
-0.5602080137421489
-0.6037026955636636
-0.5575115497134597
-0.5959023708476773
-0.5788240192368013
-0.5942648163543885
-0.6192982276667912
-0.550036740481833
-0.5713325367139273
-0.5786326815479106
-0.5923405812885227
0.6069924772233799
0.6163538564600894
0.5771284659989618
0.5770901615059776
0.6324361828698586
0.5897802499575964
0.598390597165611
0.5979175972066316
0.6328675422998202
0.5692272982250544
0.6211261156822369
0.6090992667594921
0.5791524458504725
0.5984310585826511
0.5868956586468695
0.611890338176959
0.6349451055188234
0.5874963525059415
0.5680359408671493
0.5702510494137983
0.5768355872712754
0.5629636987984001
0.5874148499881368
0.6280809225278542
0.6081737947380482
0.5731842762727086
0.6219283525195342
0.6057485996090204
0.5775537080036441
0.5974922169925787
0.575909691959836
0.6026182926183148
0.5742000219440399
0.5938893968771343
-0.5705572836574272
-0.5900544572940798
-0.5829147738080879
-0.5745443991702553
-0.633529017875347
-0.5864517698444899
-0.6370227800553672
-0.572949392577243
-0.5874558835040261
-0.6110010692220592
-0.6110994596277214
-0.5619740926745787
-0.5747707178952387
-0.6029327206498937
-0.5769015522748762
-0.5852755595452789
-0.5620240560681167
-0.5816638356583811
-0.5837276234831015
-0.5754751436995594
-0.6265307821335137
-0.5872203534844159
-0.5897822935013538
-0.606689192615677
-0.6088436775204558
-0.5999882394849577
-0.5925532482096922
-0.590919228630013
-0.5974881851298305
-0.5974911365190153
-0.6142514568984063
-0.5616759369671454
-0.5874603985083443
0.6170318469585635
0.6087280951778072
0.622119536494776
0.6107506627485777
0.5916948513082909
0.5751145502860222
0.5844844971168335
0.5700014127592964
0.6039920539214562
0.6289597831290203
0.6104929659922477
0.6106872070023897
0.5593927338394433
0.608816138867191
0.6134548075778277
0.5997803568791551
0.584912772108702
0.6035133812197814
0.5971909175505619
0.6108378164728164
0.6308588204832493
0.5862904199284454
0.6108227419618466
0.5760762975334561
0.5947314275399588
0.5826270078354853
0.6042927782611404
0.6060083569695939
0.5741130409057268
0.5705885157240911
0.6132529103725686
0.5594308606611538
0.5920753873651758
-0.6057476357354459
-0.6030504404219861
-0.5446566761621184
-0.577862359799024
-0.605509326275483
-0.5817220533224152
-0.589760797531493
-0.5883042234790592
-0.6163785894260455
-0.569571560914467
-0.6048699381253968
-0.5953528415656248
-0.59379328150709
-0.5778575701746629
-0.6134293832869855
-0.5893358480588006
-0.5688555370487601
-0.5660522436059606
-0.5833104549074878
-0.5675397146746712
-0.5937221525080643
-0.572137569970819
-0.614230496162014
-0.6249528416513798
-0.6117328198245415
-0.5776531737402013
-0.5891341032359276
-0.6139077659628119
-0.6021068115284379
-0.6141935022951744
-0.6249039313450382
-0.5906259669754478
-0.637478077456634
-0.5720751470044204
0.604436071300729
0.6203133679367614
0.6092060832072079
0.6157704456415855
0.611560340903745
0.5923527609196261
0.6129498817829221
0.5677140125313431
0.5812318852151457
0.5983902628529068
0.5966088071527658
0.5827272165288548
0.6312841272749988
0.605238453590321
0.6145348213399582
0.5928695695392963
0.6129323021914086
0.6078378386747907
0.5968844656344787
0.6350117304510177
0.6294254113465845
0.5911525224509222
0.5959395096644685
0.6077152546127438
0.5951894612417991
0.5975266673516116
0.5955374332773187
0.6086973221820355
0.632838177204999
0.5768168306208081
0.6170368842280991
0.582900640034034
0.5815578344081052
-0.5815245990376341
-0.591784511228883
-0.5834256567882982
-0.5793726796808637
-0.6361690168509376
-0.5961452450214751
-0.5868198289428576
-0.5745817666729194
-0.5952043067304358
-0.6026205959974349
-0.6272966171862315
-0.6061841781211444
-0.5746058016834191
-0.5836104494107428
-0.6033485393483566
-0.5810666666818666
-0.5992607592496829
-0.5719156676455065
-0.5896391254308597
-0.6247239681379402
-0.5640633321627491
-0.6084770560422827
-0.6007203603663905
-0.5964054706371543
-0.594570124808164
-0.5931413117742658
-0.5475617053476826
-0.6063407163413178
-0.6244512390328314
-0.6045369870764272
-0.5931684796379978
-0.5949975182259399
-0.6125577914849222
-0.5744588315403372
0.5848580416124662
0.5981757267266108
0.6112335230814583
0.5765236072924861
0.591535159198078
0.6146330296876303
0.6120822953643783
0.5878733298286851
0.5674184098193656
0.6241217663504259
0.6123880768107527
0.5958880169073225
0.5636502501151104
