-0.11297881745163346
-0.06349975804645323
-0.008711385236097007
0.02661228904289375
0.11062591729369622
0.16663093134319482
0.186781743650679
0.24869690740715486
0.30774842380993667
0.32478072373239836
0.34507741879434894
0.42997115936385477
0.4571143207451819
0.4629674846829222
0.5776075306486517
0.6079255101829247
0.6444051350029965
0.6482220684813387
0.6838530695572312
0.7046552136806016
0.7273970358065599
0.7110577568744756
0.7968481293583399
0.7941577016499436
0.7682476020330002
0.8162213129687143
0.7939846077928944
0.7906435551511738
0.8049644969466759
0.8461547178482004
0.8139099614312573
0.8156918193914512
0.7718748680251714
0.7844424561350972
0.7429177920065657
0.714400520165705
0.694372133852078
0.66884846300094
0.6152477801747209
0.626929072426179
0.5743730672457744
0.5178155491369758
0.5006254887696945
0.44622456059425303
0.3826599153489074
0.3928689482797036
0.32693417465842245
0.27846991030309504
0.22555055456985612
0.12779763306978242
0.11413731793985503
0.08063825089415533
-0.006551999494024231
-0.04283936987124448
-0.1033115589913085
-0.12776985783661338
-0.2245079629197837
-0.23460306616166798
-0.2853985255384081
-0.3329101987461839
-0.3671394171280777
-0.42221757152454026
-0.4702188068016864
-0.5114840385780286
-0.541458890056424
-0.6063616352627803
-0.5959472841493888
-0.6669623927152069
-0.6686929398321834
-0.7279412534583851
-0.7523258991071937
-0.7101796537640096
-0.7368077215569571
-0.7751091021789149
-0.7606029127593521
-0.8268689160928
-0.838756921544068
-0.8209150707697346
-0.8530460045123532
-0.803677663211584
-0.8067429971343323
-0.8081359402053132
-0.8036287068765418
-0.775062975191343
-0.7471341576368248
-0.7222888015930669
-0.6977668299817853
-0.6825104175753248
-0.6397436822496159
-0.5890655686287923
-0.573582223867641
-0.5434908412469778
-0.5121931517244042
-0.4696713824021522
-0.43710377459668726
-0.3965331078365047
-0.33236817258692375
-0.28253723249759244
-0.2301318020628337
-0.1671752503220568
-0.1119408293495619
-0.08582985749085993
-0.050032701521910625
0.05793897511262355
0.09226103958360629
0.13036788692197873
0.20087503749497557
0.25384356643485684
0.259827852010245
0.2980334832342829
0.3945010345027374
0.39957164489886304
0.423620706029185
0.49882367206717043
0.5446348170567323
0.5411569541116295
0.6234281803263149
0.6636343986837563
0.6741699009562391
0.6889293783090775
0.7199412042017617
0.7280179226732711
0.7956432542508215
0.792762346028583
0.7917498470793483
0.8165505689405734
0.8041052012257505
0.8603964670909159
0.8497461547755534
0.8054047972021714
0.7810329400964
0.7786929528438153
0.7774668247570481
0.7581420338848112
0.8003620261128195
0.7091386972836111
0.7115000076169233
0.677917864587958
0.6409104360187298
0.6057768136534355
0.5503037043171565
0.5319550616555937
0.49612955349941035
0.47166228679545064
0.4286576991150305
0.3759015548397061
0.31900936646617956
0.2778964028693268
0.2586679419014084
0.19528025963216708
0.13127415889226113
0.03807709723524189
0.029922155268595582
-0.0026871933078565363
-0.08205193878620114
-0.1353343243428981
-0.18165196672894282
-0.24356841960551245
-0.26001537513611456
-0.32913998394093047
-0.38679284551576865
-0.38864814194956576
-0.46845939054787183
-0.4978565947697257
-0.5335272417804274
-0.5516100082687837
-0.630741767197734
-0.661940229467736
-0.6469044698324959
-0.7082239639907596
-0.7182687347963377
-0.7671013238923565
-0.7466857514890155
-0.761020386264296
-0.8335557260249077
-0.7933520674767207
-0.8312733998328505
-0.8493399390060978
-0.8096717152122476
-0.8165965698300949
-0.8136438630759002
-0.8138814328004367
-0.8151657799328922
-0.7507012021663232
-0.7433715095265955
-0.7135387077295212
-0.7132173021520037
-0.6916948681425725
-0.6429970347791581
-0.5866704692918455
-0.5542258651326087
-0.5350639968057737
-0.4589444699945253
-0.4688067668958948
-0.4367365842697268
-0.38950333392547315
-0.343442586384468
-0.24419157424307872
-0.2220366941707923
-0.1946273710939302
-0.13733815876640224
-0.06572444919151105
0.0027119569978261704
0.012349943282195587
0.08761918782844638
0.11679359792342708
0.14224551115238107
0.24002878328841268
0.2783835676596017
0.3061605695558979
0.38670851426808495
0.3954030834843404
0.4579489735434097
0.5044107691853701
0.5593493854051831
0.5499420890762433
0.6225481941751961
0.6688281285396027
0.6838925583752945
0.6982698939272445
0.7462022725765004
0.714746044716811
0.7891391541877687
0.7766111714831799
0.8193691119852048
0.7990634366554005
0.7972733341495164
0.8445191483386697
0.8365929815216624
0.8288658411511438
0.7731878468782649
0.7848072088286365
0.79732588018001
0.7791911321852236
0.7795165682652047
0.7737748054418658
0.6957787525191043
0.688291568219331
0.6874794486409422
0.61435949956253
0.591803014670336
0.5148739947440907
0.4982236648835573
0.4660348778377896
0.4238503881613841
0.4087911983021277
0.3346255643361633
0.3114765264146217
0.2455498323397529
0.19118792256312325
0.16960005098008094
0.08400357725250451
0.07413697655558987
-0.025960145405868405
-0.0458978967039057
-0.13229064443272887
