-0.19785208974846355
-0.24976291831283914
-0.2381417928928028
-0.28270491817531523
-0.2878190238877526
-0.31742454142366444
-0.3883997655023946
-0.4097221709318298
-0.4576257780704282
-0.4799198545449336
-0.5274230037992136
-0.5548598864695709
-0.5286935419026464
-0.4791792297325707
-0.4866828365815319
-0.4360608859351056
-0.40325945714820854
-0.35149679948481377
-0.3583148812354854
-0.30793413609203346
-0.2424496167552358
-0.18123133146357695
-0.19313606950084175
-0.16588248310591344
-0.10919635439465519
-0.09450859966726793
-0.07000197688271986
-0.020335116563713288
-0.027385754434216755
0.04715619279093568
0.07373682499257576
0.08488477592486726
0.09566269192713675
0.16252366705615848
0.21937262864459156
0.23126091213184274
0.27894002871040574
0.28771105201100017
0.3356000863537657
0.3701391146902241
0.40808794521224023
0.4235804732556743
0.4393513552936144
0.5043789397372526
0.5202817852265201
0.5293776161561912
0.5065778692789723
0.4875190068204904
0.4613747106754671
0.4649698740722252
0.40549869604089445
0.36657211392905287
0.2897465967917936
0.3008443415607817
0.24843483938572777
0.18941517601581342
0.2099735867579379
0.15281113710679273
0.10623080650554788
0.0715509714373075
0.0034624120411097872
0.0349881422166521
-0.01966761853049476
-0.01722372851979738
-0.1055818404189932
-0.08915316991213021
-0.18464762766103912
-0.21001023325116697
-0.22237497357979571
-0.2504981378944913
-0.303522429357436
-0.3438068270866952
-0.34385069668332546
-0.380742462055089
-0.40563949267219407
-0.43964279616319324
-0.4954404626071982
-0.5487603769182859
-0.5714382188211047
-0.5174854283110862
-0.5130870346968512
-0.44148464130559595
-0.4651791294011911
-0.3765272471909424
-0.3709994440023156
-0.32817745702224815
-0.2742518233095903
-0.2435756774868022
-0.2163533443689524
-0.21549545119611332
-0.12015400492203174
-0.14568231537820403
-0.11449526030272687
-0.03276768620681437
-0.04452221390537577
-0.012967257746919935
0.0493648994078654
0.031107300638203307
0.10500853826880699
0.13764796684003733
0.1328095480629021
0.17605648266316737
0.19480885034801243
0.23193913073373057
0.33907678276469905
0.3215067197791423
0.3940181685626709
0.39402875459993547
0.4223110357457229
0.4507023808977115
0.46389087287982345
0.5083069991436551
0.5336636347603008
0.4719423911563756
0.4726309863338971
0.4816149260125825
0.45207776152206525
0.3731285722709475
0.3644045052750648
0.35325966034175754
0.2766600880253984
0.190051382082276
0.17668629559962606
0.19530528364654334
0.15300354492777923
0.13149671542984295
0.07173231736482251
0.06650372185899958
-0.018746317134200954
0.018168316218271363
-0.06937211387950994
-0.07403634867666921
-0.10823943110082347
-0.17780537844186378
-0.19846811931217512
-0.2447278809141555
-0.26436517235475054
-0.2735192426848375
-0.3503311953407745
-0.3631139738766678
-0.3592774067465072
-0.4018253633865263
-0.4478158285332746
-0.48395700013267867
-0.5289408111014885
-0.5152322573034401
-0.5138972539831527
-0.46801274781812513
-0.44396415907770154
-0.4053500058650835
-0.37785332331741867
-0.3668990246096934
-0.2821124738158317
-0.29844249340274914
-0.23793573835501886
-0.22662824492380326
-0.2195677823404979
-0.17150287596768812
-0.13503987775518883
-0.053114311034146613
-0.06774661065647496
-0.017413421543710852
0.03215835439539426
0.03339575471468127
0.10032463553169767
0.12067577224136282
0.15390517611448123
0.17554321330594727
0.21995336747125047
0.2255944147627778
0.2931414664637991
0.3100371911490569
0.3421704822997847
0.38526596131662033
0.39550684817744763
0.46675294817982654
0.47902042316716376
0.4966118808384676
0.5318798761115102
0.526878930815532
0.48718257984818686
0.45645150194944517
0.4108528812156065
0.4432262789692552
0.4101672506751446
0.3468564073988833
0.3353606183983944
0.29031641117955553
0.2436214459700817
0.21083893328588568
0.19963877315403306
0.17279281227284843
0.09220850752916615
0.06327877305164906
0.02941968127723318
-0.03207681266968818
-0.027265936540757804
-0.027952860192891397
-0.09095682917694005
-0.1201048264891586
-0.19548098550895082
-0.1890442594221371
-0.19874178192474445
-0.24970434844496084
-0.2383664391788797
-0.3516326410010351
-0.3449762579174821
-0.41788802886113907
-0.3969296896503904
-0.4353583075821206
-0.48215845605299285
-0.5128237982815078
-0.577124275705764
-0.5344003845025518
-0.4791661750746695
-0.473661983528163
-0.4350652968985166
-0.42354503095112644
-0.41036702209554393
-0.309804575309817
-0.307433124251361
-0.2523510227714924
-0.19637577792469632
-0.17579828529733216
-0.13451853231667824
-0.12578831896978274
-0.09431491945339564
-0.042103847296647345
-0.03915232421409533
0.017879314851487207
0.03575506664042796
0.07291538866058173
0.13295905591641166
0.1507933542508633
0.1629619916767395
0.17926211744204265
0.23288116890037336
0.2715816920686412
0.298168448378216
0.34755871683438927
0.36919863168122236
0.3877506947801441
0.44442059448986515
0.4648585729437444
0.4920203698216371
0.5630324932557685
0.5123050043806866
0.5137530077063699
0.46968962748349274
0.44876109023030375
0.4221408001158602
0.37198491034005526
0.34897853649744637
0.3279019303372215
0.2595166527633155
0.21430173305632222
