-0.6609356042406939
-0.5184980340254903
-0.43094814744474513
-0.2743381468447896
-0.5268243568868517
-0.3264346700941272
-0.14567018085572433
-0.47670416169257546
-0.03708606299364931
-0.18016045538976294
-0.49223136379623816
-0.150254434990253
-0.12797970859384228
-0.7288354304654024
-0.5170390632799715
-0.7494695828004628
-0.1275739357476443
-0.12703107637884786
-0.70388404137586
-0.36305710936655655
-0.1587515661336819
-0.45567188164952876
-0.3261116918609601
-0.2585284828988214
-0.46831315340736873
-0.3590136035472976
-0.6837516280717297
-0.13552163658202077
-0.43364067995178196
-0.5074430448800645
-0.5551670654645595
-0.3272665540681637
-0.08014779020130296
-0.6890618609185135
0.00324857329832157
-0.04079944009166497
-0.6822795562615788
-0.5852620952823956
-0.3249976579846417
-0.11192147527102919
-0.5404088685524259
-0.2494847954396022
-0.28054700610672023
-0.23700067909604317
-0.2569375850430437
-0.08188734333645284
-0.445329135767673
-0.7147454406761746
-0.08032127660961685
-0.7729490754385414
-0.5717812893222847
-0.1385183313623657
-0.46182761401423233
-0.783062753906109
-0.46037255611018024
-0.19964632382611483
-0.17826942687535532
-0.38624322464572014
-0.06392597095555923
-0.6072373815226437
-0.3243904845672755
-0.24038677162117522
-0.6708211250144295
-0.10555326539175391
-0.4492197511473348
-0.15733902481165743
-0.0018353086317301655
-0.03249245491930963
-0.47623480717793626
-0.42375471842716467
-0.6527149812481037
-0.28412833538361904
-0.6705749972300523
-0.3051740855370523
-0.33252668341743924
-0.4608638332230187
-0.37717990514858646
-0.07392565325017621
-0.4468800680545073
-0.5667242970916312
-0.4225698730315635
-0.20085329755116496
-0.32439038700729056
-0.20877894223484927
-0.5176643304204002
-0.7462496235120147
-0.50303503915637
-0.7124209727112846
-0.5690923757444276
-0.19784494456874838
-0.669788485529655
-0.4295262592560701
-0.18077717552444791
-0.49197889899301217
-0.32627799479928427
-0.2623419198920319
-0.5778947471132075
-0.7136224769005023
-0.5936906895391915
-0.12125013272298193
-0.18138895797547003
-0.3193919589962295
-0.6306407001209251
-0.19966613902680602
-0.24311733670320662
-0.3911533685497168
-0.7807822791181172
-0.41259372909394226
-0.5957152649035532
-0.35740629558503684
-0.4848275747908528
-0.26038763699904044
-0.23108896879475485
-0.08568636337351926
-0.05503822183687068
-0.7289845535807233
-0.620884236572738
-0.5006436035644791
-0.5066149769913624
-0.38564006830154707
-0.3794510895454132
-0.36787951024289967
-0.5672718486561968
-0.19423199224291787
-0.16835896102271547
-0.12962337451526668
-0.5221228187866989
-0.32006801137773916
-0.35872232563851614
-0.6516121891877003
-0.6485238333327394
-0.6031469892803103
-0.32142828769696286
-0.7777577533269787
-0.5245669663184943
-0.3303805379124244
-0.20570817430201851
-0.4863485009306341
-0.1686371020583576
-0.7213232445523702
-0.14727319622644539
-0.5914945882788686
-0.4927012224886492
-0.28995366804513883
-0.10102284119081292
-0.015342672241399891
-0.12042325860843395
-0.7323179314834768
-0.14797471388865213
-0.3217266528662419
-0.24537422715772447
-0.7574134812033376
-0.35805315372690866
-0.38442815389818263
-0.7179060010558435
-0.014116971550583283
-0.3707071102599004
-0.12254134158160546
-0.49182050725627846
-0.3561774509946804
-0.6757956450592749
-0.039580350882728085
-0.11323236161862697
-0.2900605629102851
-0.10075743266422074
-0.11702629088532161
-0.14861038391438247
-0.3331897451976538
-0.7882604286744539
-0.4766973595884787
-0.4471678477888968
-0.16063676153940526
-0.07046080888422515
-0.2669416288706794
-0.5757121406095715
-0.06837549636004524
-0.3107620962748297
-0.7288975410150049
-0.2363693561720941
-0.08141296537324258
-0.22404928843081948
-0.7912143400814289
-0.13038474364209202
-0.028237260559878713
-0.7671682646259508
-0.5109995616341063
-0.6969959645883804
-0.6520943820492348
-0.7729200952300571
-0.3612773588318945
-0.3232905476298087
-0.6522370547674802
-0.4940134590858278
-0.2205849247633104
-0.47604168891254506
-0.7011801547331395
-0.46893482723770313
-0.08230148574000187
-0.05484030988035838
-0.816683532611861
-0.5703691172986957
-0.18878991036888773
-0.00593053531211006
-0.10919327801773608
-0.6813596903306613
-0.17323479678627715
-0.4903117453873262
-0.010860992725818799
-0.2126193361314441
-0.6692623630332682
-0.7681355294227913
-0.773730526758015
-0.00627710144351476
-0.7091749381878389
-0.5644588901784329
-0.4954062996350908
-0.7675548494449026
0.0061162456690739
-0.0856633359057719
-0.1502743521470224
-0.2842294584440929
-0.36560903505213016
-0.782312887427135
-0.1804612190591059
-0.5344436178794082
-0.48315789155948413
-0.4804792349043359
-0.7697043974910286
-0.6452949733389169
-0.47119237232487055
-0.6888126967710926
-0.1482488765922862
-0.587772085164891
-0.057756230032789124
-0.5592447039265552
-0.22335682788504452
-0.12235945194646003
-0.07321821529016193
-0.5779494639686971
-0.08493906208464518
-0.7768881638144625
-0.11325380688407248
-0.5232429897276643
-0.04180096808488725
-0.6575042061017955
-0.6381989060536958
-0.25904102142905056
-0.16630575583823795
-0.6357549201575755
-0.7051437034655121
-0.30406999149602415
-0.473532596091284
-0.190961360925582
-0.33043936890984316
-0.6060010677099442
-0.6733729765790486
