-0.5359431474290575
-0.48360004253605837
-0.4637243743317112
-0.4789181098049393
-0.5114841499637819
-0.5008395859298408
-0.5238335407882369
-0.49087875536895054
-0.47089738333336023
-0.5178853112635466
-0.48451753674573916
-0.4934596860326165
-0.5474024568932285
-0.4865305277601208
0.4965082210999021
0.4951975792698715
0.5254756998800738
0.5477225217088102
0.4997505523552633
0.46963104271429423
0.5001204208602786
0.48322809817734674
0.5228838463490431
0.4792347695390724
0.5254863843932277
0.4740956513956279
0.4716845656590313
0.5185981311614308
0.507635846359686
0.4982265503250158
0.45935562216467446
-0.5012245932463201
-0.5071744389524205
-0.5163464965828548
-0.4778481232008915
-0.519531090565118
-0.5020891453587045
-0.5294281070741309
-0.5029365146995296
-0.5137390277621223
-0.5223183118011301
-0.4686422263382352
-0.49155854593562376
-0.5069846599518427
-0.5082072128063652
-0.48841874186086165
-0.4853380078782108
0.5048850607261253
0.49104217427384317
0.5190554011074894
0.5385560264569969
0.4761208662993166
0.49645525092305864
0.4761072901213207
0.465364580046989
0.5016092887714851
0.5036378848237172
0.5172503709028158
0.47321649769601837
0.5147420716714662
0.47645724594684175
0.5132586490053618
0.4935187125380018
0.48431868724314747
-0.524758174677559
-0.5208853545948122
-0.47620656868133554
-0.4996335071875113
-0.49839223003475525
-0.48483429016252455
-0.5031461262989391
-0.5235265158840631
-0.48778190646258646
-0.5087702095175731
-0.5234972974099273
-0.5354283808746301
-0.4933625630151097
-0.4871321888611541
-0.4866492643000292
-0.5329382616977664
-0.5234234602812032
0.48732952002371466
0.4718258228255507
0.5216668907806183
0.4603045877033689
0.5126452068073984
0.47322710186050154
0.500266636198948
0.5110727576864177
0.5090565557987019
0.5011970661590763
0.49598137067402737
0.48945857594642733
0.4911722382101661
0.5058553549552307
0.5159384186860172
0.4747749013883831
-0.4953554076507517
-0.5004589624785021
-0.5049947649740544
-0.46941824289033557
-0.5039696804199291
-0.45523074734278224
-0.4619801662385999
-0.46585520470532243
-0.49630605658594706
-0.4991704316308471
-0.48366893422376417
-0.521007844727099
-0.5218818699966841
-0.501464020735823
-0.5468770208390462
-0.49651808406180964
-0.5081429321250733
0.5274452796435053
0.4891270057874586
0.47916860513155457
0.5056244795426664
0.48737968651527985
0.5025113571192701
0.48180758133905915
0.46834083580120117
0.4830380754731928
0.53298030765181
0.527605168562963
0.4950833181796797
0.518672989547093
0.5013623189457617
0.5128381477172044
0.4921225581014453
0.48108757313673817
-0.5111797707655297
-0.48112454077702427
-0.4723585435907562
-0.4761102683098755
-0.5018090103234712
-0.4653178771943549
-0.517899266534565
-0.4944682410485024
-0.49654557432356744
-0.49502074478227825
-0.5056218590310297
-0.49540781043298704
-0.5272635307846406
-0.5454192433723727
-0.5008359245527193
-0.5038601221531095
-0.5030520385800482
0.5072635390904819
0.5050205261905659
0.4904045489171062
0.526177109801836
0.5176832461118483
0.45969574260947577
0.4888751571990208
0.49583841364926706
0.5075950978401165
0.49001145352189557
0.49180876397874185
0.5314394233079027
0.5407918853697493
0.4925039022163495
0.49246850753700033
0.4660925340258656
-0.4846239006455351
-0.48640072797183326
-0.49664931837140064
-0.48800593366405554
-0.4976967156404143
-0.48855147223608225
-0.5193370317369483
-0.4602494325269589
-0.5100757836458844
-0.484576073685319
-0.4894127961180306
-0.5437338369770393
-0.48718422628053065
-0.5268681281469044
-0.5133553113592108
-0.4864640765099164
-0.5088582935721214
0.5080475169982227
0.5280072569605845
0.4901328688559123
0.4793673433727763
0.4765397255761712
0.5324891277970805
0.5091970876236838
0.5152318587305385
0.4916624380217649
0.5036443174362935
0.4973629275743184
0.5319505016153218
0.47310344745244776
0.4998011582754611
0.477280788613669
0.49178051219014257
0.5158180768933531
-0.4513847239041781
-0.5000969035905838
-0.4753435985407835
-0.47545171988698115
-0.4920902318146493
-0.5062704924676331
-0.5340851334538227
-0.48882780340091003
-0.4980851246128895
-0.46448437403078574
-0.5210938998381792
-0.513703871812812
-0.5173809571691587
-0.5555514977597957
-0.503637449676269
-0.49672187007339025
-0.48625614283936713
0.5014728628981706
0.4682369232688772
0.47633980282467514
0.5021433190690697
0.48481593749948565
0.5223376310554045
0.49164626041960563
0.4943027687619831
0.537315501143442
0.5384974522693449
0.49726981951140675
0.4986503186405079
0.4874588818466298
0.5112745632484182
0.4836807652408745
0.4745486959885832
-0.48122965730329
-0.4847127751173041
-0.552188208853152
-0.5000763135177603
-0.5295426244475441
-0.5075222081112631
-0.46693018714460854
-0.47860167974376777
-0.5074104318718098
-0.46895104357031586
-0.5327688253242656
-0.5213639678478125
-0.4641142662485654
-0.513731731314916
-0.5102998468828305
-0.5050567742067334
-0.5279116378260927
0.4851205057910806
0.5163073170762247
0.5275051903196173
0.5126327303771189
0.5409849645787571
0.505715418893689
0.5227707160959432
0.5053287303359072
