0.0522709751453526
0.03844447934572458
0.04737253599088076
0.02808146723681283
-0.023785145914705798
0.005422571879509654
-0.04252883952374324
0.021645958758394885
0.0027628598622163533
0.011211241601760472
-0.02346684680124321
-0.02393585907653117
-0.028656142602876033
-0.008694060110725241
0.017649123416207307
-0.011244056056997638
-0.047039921084192894
-0.0286972740874157
-0.027306305009427163
-0.014948967560040011
-0.04433850586207272
-0.041544657979605236
-0.041034537754426004
-0.0722591420140674
-0.07734476003266662
-0.07324921192559121
-0.08393009740876749
-0.08177692384484272
-0.06356244485992105
-0.07379969867273453
-0.06639378109476615
-0.09147229877838614
-0.10028794692120364
-0.07178922218203379
-0.11193773648148024
-0.13108305403392573
-0.1033681575934485
-0.07887807059022198
-0.12870859351085553
-0.10028199731367134
-0.13000988407354705
-0.14934325667014145
-0.12556803072349756
-0.1201840911201765
-0.1744992598835222
-0.1552516159044779
-0.1398286390655606
-0.14040012605089125
-0.17009812106013236
-0.16372094388698075
-0.18988757133613757
-0.19195833379459387
-0.1695503436140084
-0.21894225634408654
-0.21537188426067788
-0.1945249485737996
-0.1822503553974682
-0.1912762978503716
-0.22275924905643413
-0.23555573084782613
0.21779711317748604
0.24996960743467406
0.2184547414963799
0.2128499221546423
0.1682060581301288
0.19178711202498086
0.19766426227032013
0.17443038860982546
0.18322056927074687
0.17849137199333023
0.181123156564076
0.16103313787237364
0.1539790570890109
0.16405302698649837
0.16727213736847968
0.11608418072496382
0.1318315542479963
0.09188735829621629
0.110059604105091
0.12968630571191028
0.1674256994041633
0.11078469611529476
0.12998510033783386
0.1317327014353986
0.13286922487923666
0.11018211239820346
0.09690579498717476
0.09326026775247874
0.10036447969317698
0.0876688755344328
0.04946438048925457
0.0261689152157878
0.08553910386299843
0.06806898900278312
0.05739960238835119
0.0980173196324595
0.06604855051505712
0.07580775005508833
0.06280614743461226
0.052871032821243245
0.02937188165017903
0.01676047125850959
0.0370503608405573
0.025666872177628877
0.017578812166853575
0.002063129399988043
0.043605511181529805
0.03741765575442885
0.05414706565225852
0.03797002799694006
-0.011949691087989977
0.013292305539141486
0.011856849577931476
-0.04188446313710688
-0.03960699861241457
-0.016742147269494592
-0.0005930321422132866
-0.025840550807698887
-0.050898209074783714
-0.04949382608089263
-0.04680274466101602
-0.0601067091677464
-0.04803365229660908
-0.07218470137802895
-0.056702054994887015
-0.04612151968116093
-0.07767435500410107
-0.06696807218825203
-0.06652080436887947
-0.09125256810457193
-0.059836728218945645
-0.120464686163399
-0.10728771155713063
-0.10086366595279157
-0.07724014390706756
-0.11143397775665984
-0.06938064624054463
-0.11920750321091245
-0.1387360168826437
-0.12275282418145636
-0.10138771649744933
-0.14148866597113074
-0.13374685466675668
-0.15709165034256872
-0.15760988743027413
-0.15078174015541745
-0.12684407288486407
-0.15646736623923727
-0.18520879017945746
-0.14612004579440524
-0.19876157187069923
-0.17483613614268492
-0.1769545722442353
-0.17523771286533896
-0.20468353667426167
-0.19465161369487036
-0.21667243228373112
-0.21350118829661238
-0.2074945256606277
-0.19563643608221762
0.1869237794177786
0.1927579524654469
0.1844785124951016
0.20221663967137946
0.19276266581973303
0.15084215711695734
0.1575346036040789
0.16212626042680298
0.17459074431232882
0.19397503575720412
0.1700285909841335
0.15959183157061246
0.1832458777595302
0.13425029892297635
0.16043729108536303
0.14264286716295804
0.1580692402263353
0.1783862308380028
0.11500939244789135
0.14043512330064853
0.11564610387569635
0.11187951174337771
0.1529739113777213
0.08610804588395503
0.1223663673913578
0.08906344825843741
0.11987867499887919
0.10388002118478645
0.07837304676066184
0.061751108736792557
0.08314667322753243
0.050302184008427814
0.09043081233831751
0.08317637254028634
0.08296758628360144
0.0919744457750446
0.04738383619341445
0.05770698346612351
0.031429443770159285
0.04569274185995731
0.03852707186972474
0.039627023144689744
0.015707815252741276
0.023358574348151882
0.03227363470958309
0.026880594630499785
-0.014955836398013529
-0.0013166457982605427
-0.026516180863627864
-0.01099946011091768
0.044719759310432955
0.005809398440399438
0.018014597650606257
-0.02467071645282606
-0.034298216029402445
-0.004959999609365655
0.0019673612188239632
-0.04838859627920997
-0.08756799946532218
-0.05707983179235995
-0.03360931563556965
-0.045054839689301206
-0.059036153486261234
-0.06389106081337106
-0.03798277114943435
-0.054325266155894836
-0.06267629943723102
-0.11877102371382792
-0.07891086340317072
-0.08688997557786404
-0.09608065469645614
-0.10457482710698524
-0.10229715104468651
-0.08838293850600198
-0.11400814451618024
-0.12825883829060541
-0.1317080680064264
-0.11946573546197257
-0.11555235075170633
-0.1280304724418741
-0.15459889888483208
-0.09763475576225007
-0.13091666162720764
-0.12613609859966593
-0.1168883516674016
-0.17994715970323227
-0.14964955359607154
-0.16646553145072063
-0.15270716108339588
-0.1945455389193397
-0.1753424053833931
-0.18990455024379133
-0.19040433879656082
-0.20490376086458106
-0.19500058088120237
-0.18693471912898263
