-0.3205016786159864
-0.3604928565472083
-0.433198450595547
-0.4212550826704246
-0.4037823930285835
-0.42953037738233313
-0.44575115513536673
-0.5045158864622104
-0.49323124222531944
-0.49915120488685266
-0.5337652954440406
-0.5274739732376904
-0.6304318151824702
-0.5948290191678256
-0.6032560299864975
-0.6369403892192192
-0.6660089213766721
-0.6855374266649231
0.7024792265799037
0.6672190134042943
0.6333045929808797
0.5955700371170198
0.6451240781939211
0.5935362628836792
0.5617162585768636
0.5567716404110566
0.533261843310912
0.5218685276694708
0.46506513621833523
0.4969836284433312
0.4415604896683994
0.45706762215701957
0.4542610684038182
0.37548609916480946
0.355915792615053
0.32979436221306957
0.3073266274921638
0.2996669426176226
0.2663488282363965
0.2746054858214445
0.24491612302104857
0.20564834411646005
0.22026721437042499
0.1514879858573007
0.1409720418265405
0.1406428119456212
0.14846222374223123
0.12105768035427454
0.0721991905737303
0.04465262340390096
0.045631619293553013
0.03117363536355071
-0.014549135520730777
-0.04692140035632274
-0.030448026344346426
-0.06676222002726981
-0.11279628531630913
-0.1393604525895585
-0.16293436014378748
-0.1922622750339232
-0.20833030586333948
-0.2333263366635392
-0.24151166389574905
-0.2568704543489323
-0.2469992475222639
-0.24359814260669752
-0.30447190416701364
-0.3221967475717238
-0.38480338176223694
-0.37899492042782024
-0.4162497436292733
-0.41076021690452913
-0.4490744793887101
-0.450006606130966
-0.47793484071377823
-0.5178416865411323
-0.49439939323887994
-0.5269754117912454
-0.5467897701908692
-0.614842352255661
-0.6117170616563491
-0.6100690147610491
-0.6259789458125687
-0.6593941775999062
-0.6808278861744036
0.7708757123859444
0.6726200114455765
0.6717599579994824
0.6358925360440635
0.6240305486062097
0.625493642179584
0.6044727026341167
0.5552859835243398
0.5616418928539766
0.5066449299239613
0.45373533185790615
0.45347985107320854
0.4878785487562666
0.4549028917516184
0.39436854755125467
0.4144910275388229
0.3968718414978666
0.34058799481933505
0.35861118064093084
0.2925421177059538
0.27875011340910677
0.268341166517475
0.22219629533588875
0.2260585908660489
0.17844605629760024
0.17642352841476688
0.15993023929706984
0.11705670413379157
0.10326937306382397
0.12603167629756667
0.0902560344963686
0.062032081441140446
0.03266669539260286
0.03355191316048665
0.017652946780195432
-0.08143994806671265
-0.03525354258100337
-0.07234503227707678
-0.11394313789083087
-0.115845563351178
-0.15561492107222608
-0.1721620630195723
-0.17957345981408504
-0.1866432562641174
-0.20799813826932473
-0.2513781888299934
-0.2651963074575358
-0.2768860358640477
-0.30213754417682487
-0.3547521456428363
-0.32586533392587685
-0.3966500293177507
-0.37768400316560824
-0.38947746443166015
-0.41938805271914625
-0.48415022601933594
-0.45785538508750967
-0.5078396757539692
-0.4939946549666707
-0.5304890028813837
-0.570341655413691
-0.5771149013864906
-0.5833976891919266
-0.6399326450734708
-0.6499742037965859
-0.6513856646903233
-0.6949083224386206
0.6980842213591683
0.680148106800483
0.6449541129375488
0.6445944074901301
0.5784826128065392
0.5834945385882868
0.5463666971081832
0.5699782020554355
0.5055552905478491
0.5106680942102994
0.5022208334239774
0.4825235004729912
0.45276170726090714
0.4390723839765081
0.42465513643332264
0.4013291598955056
0.35972318002483916
0.3549081576526308
0.3097379213118497
0.33048760814309375
0.2978631302793604
0.2593056511323342
0.256984514322021
0.2256115605118721
0.2285895421581197
0.14209479213560372
0.1601303325449881
0.13018377587030244
0.11802028531526751
0.11279616536413656
0.05563001275511852
0.031679876192236556
0.017415402483705617
-0.009504556870959212
0.03518234528732286
-0.026302246678590012
-0.07550203287284413
-0.04546939228302154
-0.10424735811917582
-0.12136777200343994
-0.17951148819168453
-0.13534346215794765
-0.21580831710716136
-0.18321785481824374
-0.19970187973853873
-0.2272613347560579
-0.27693095467440143
-0.28846481052994116
-0.3300679232435384
-0.35218137838394653
-0.34580282333258205
-0.40431221547241564
-0.39840668909742566
-0.4425788938914208
-0.44732458936730257
-0.4537038780864634
-0.45690083041705104
-0.47936321544381094
-0.5621226077010527
-0.5466808744706115
-0.5586056836831079
-0.561643813558491
-0.6078589616144459
-0.6397921171867669
-0.6225445473548958
-0.6412453212527665
-0.687956718613839
0.6991585227916847
0.6369579724834743
0.6250729039307422
0.6417618447045115
0.600764225672813
0.607908316808436
0.5591027276878012
0.5556787783562259
0.5075945325005341
0.518335451326866
0.4707867823544208
0.47018693408231016
0.4502104129477584
0.42977502345685775
0.3746252129196961
0.38480793558144866
0.35957090426931865
0.32350768859657536
0.2936931740164701
0.269949632003602
0.2551153168732859
0.27500397137121924
0.18910248483999537
0.2033926777667618
0.17844279225725296
0.21886516405655632
0.13731604187442903
0.15974948959133445
0.06511736581890455
0.044422339086891395
0.058385987498572135
0.10198011912457056
0.03579594682651233
-0.025545465793829537
0.011644514769384738
-0.02432591947775006
-0.08067879814360161
