0.10317518887953106
0.12167202971255556
0.09961241600309718
0.07424044072087152
0.12429104572769975
0.13780395283095512
0.1362077850250822
0.16382796386981824
0.13127391917121195
0.1417044879238551
0.16202793212846356
0.14000477226119537
0.1280562902053996
0.1587971552911762
0.16880464013718646
0.16750753483925007
0.1610653681274824
0.16181239379290213
0.14736900146075604
0.1351085455482794
0.16694260994494514
0.16864757443461906
0.14735327590265468
0.15918394084458837
0.1360465898241163
0.12554807074781563
0.1056179721496368
0.11922495555493245
0.08990877841457699
0.09003812415489704
0.10307540972471552
0.08351320238409383
0.05055653882538162
0.0656295105067033
0.062409121414928596
0.04180046818170285
0.06006361150258432
0.024485941255400132
-0.014569915985412702
0.006815737716199919
-0.007113549404326261
-0.01990827181450228
-0.02236819101223642
-0.05726386235079188
-0.0357798139706491
-0.07070654585736465
-0.06380565523169125
-0.08731725746846257
-0.06500116382659861
-0.055214336662375345
-0.08376959464267018
-0.08576114944925674
-0.1204985645502322
-0.13037487124060393
-0.13625773719824755
-0.11859657753400958
-0.12263605659079559
-0.12397689990767086
-0.11638027363574081
-0.15359644089119756
-0.14753842852080096
-0.15796273484449563
-0.1377841677296298
-0.19628918686711214
-0.13821001566982377
-0.16163125147542898
-0.1624064856019726
-0.17148515022792188
-0.17496330075722658
-0.12042225900437256
-0.13271949473069716
-0.16119819243546304
-0.12596467247903304
-0.16101819323228483
-0.15272954365083485
-0.11775747185877648
-0.13127014416185157
-0.1195715268446913
-0.09475198893360055
-0.08227979211584578
-0.07340232349353808
-0.061095508480174546
-0.09624560655449109
-0.08399577662446059
-0.03858323521925161
-0.019852833228831447
-0.01489811968454887
-0.0030186768949213155
-0.011143386162810073
-0.012666912220975095
0.03140841105838648
-0.014907560207909476
0.04274127037677765
0.0537935350574229
0.029394583303553254
0.05118822537905473
0.03903708884474286
0.05816530036225283
0.07134893521247684
0.08006096324058923
0.09796794603222717
0.13050506752198307
0.10343132462415155
0.11016555927343187
0.11940343442754983
0.1373906360015596
0.14966246699076102
0.14213586026134412
0.14738321087887918
0.12471965996520841
0.12271785870062471
0.19447226763615172
0.16049036433016964
0.1430560496550142
0.1436338499993382
0.145295406124237
0.12155073345793696
0.17030224576013164
0.1411854891602964
0.1689199914364561
0.13042396706167356
0.1422370633301098
0.11152807736090235
0.1668400803961347
0.13628773314311748
0.15202835346477997
0.1100090882476758
0.12478794051737828
0.10084178451455936
0.09467382925728217
0.022858477206639
0.06697373060154427
0.05051807261321882
0.05694742903020979
0.07714520571165025
0.048890217171794814
0.03208054485400221
0.05818845342064944
0.024336585475783382
-0.008991532950327822
0.013999628057476846
-0.034024646636142464
-0.008312572139204662
-0.011462896276861628
-0.058454218989120746
-0.05864472504071063
-0.06939661322755945
-0.09095435784980785
-0.060614566868890045
-0.08417719053090392
-0.1286230492207638
-0.14069566635546316
-0.08064550416981793
-0.12744070513595918
-0.1212800261450593
-0.10424544902284508
-0.12059044389242182
-0.1379946151474621
-0.1439853825157221
-0.1395744291525902
-0.15394379867345684
-0.18239773104252532
-0.1772047883699942
-0.18116290640668026
-0.1506322699216215
-0.15398523354338436
-0.15244484987020337
-0.1589156240283221
-0.1444370902651549
-0.139072601507897
-0.14561514600294942
-0.1551102115888719
-0.14571108791673915
-0.12253647965187826
-0.10912347529864704
-0.1381008524292607
-0.12458832749017204
-0.1322615771373079
-0.09410071362209044
-0.07345487866103802
-0.08220643358726128
-0.11469215089523893
-0.10139220460861552
-0.07103274394937734
-0.062091972900405835
-0.022239517098396604
-0.036350994876249244
-0.02697992430310708
-0.03626771397111565
-0.008956119512092003
-0.013237010808368596
0.01558795590531132
0.04925719980704406
0.07102947566633538
0.003308411033757494
0.045766345873744015
0.018444507249200805
0.04716616182450945
0.1018853701178779
0.08236812637435345
0.08455152791219778
0.09021738342372647
0.11718174794443474
0.09099839902585012
0.11084282896526709
0.15577266852201926
0.1192413806697176
0.11886607978374085
0.1680028889562487
0.2132165201391072
0.17008411922688232
0.14272619313386506
0.135202886982776
0.191201839689026
0.15958484695017225
0.12238872645153287
0.11659105638215556
0.19071634892086742
0.14724680422542044
0.15049746714716453
0.15137164595916536
0.11548576682800382
0.15052262040265374
0.13503689581351916
0.15237558189833245
0.10495152233544663
0.11127025069000285
0.12005387041134159
0.0992875959872978
0.09318036949469434
0.12336163737395742
0.08948349938932706
0.07727769376602872
0.0772618770416695
0.06646043913561368
0.02983152582710471
0.05932518926033842
0.0434976151119978
0.01450704355305263
-0.003984960502196686
0.026483768952082494
0.027450036528326713
-0.00841497155924451
-0.021216055605888053
-0.04745480808852187
-0.009289698923049504
-0.05929368633295927
-0.09437899893444651
-0.051900701122715075
-0.08348577593797328
-0.06983411939502879
-0.0784379706987225
-0.13239046120070863
-0.08902187872884196
-0.11835526903546618
-0.14104869622714603
