0.3471462824164016
0.28160959278210085
0.22839193037996422
0.19411526442538074
0.13485482057512138
0.07403625079640055
0.02887856761401117
0.003629248326183802
-0.07188299446195581
-0.11091250933675048
-0.1918527518018819
-0.18468377230746252
-0.2642190252143514
-0.317552315034701
-0.33643577736334573
-0.3832411570667333
-0.38352014909816595
-0.4330658840185654
-0.4801743431511086
-0.5125049087755564
-0.5131496652235471
-0.5130056391607005
-0.5379437429966001
-0.5363753276965956
-0.5175471673796286
-0.5769732392096713
-0.5598084316308164
-0.5260384388172812
-0.49669545946131627
-0.44859070631880676
-0.42284103921679134
-0.4000591725004199
-0.35847871756930155
-0.3310568229771584
-0.30420458598051003
-0.21531614956833905
-0.21888886632289095
-0.1467366457658121
-0.12599921996836164
-0.06577276612792403
-0.007759308093279285
0.04957154998828179
0.04886848550619393
0.09277396437215432
0.208087487758907
0.2220767019442696
0.23646729359598861
0.30515382079513637
0.35236931057284226
0.41728680232104337
0.45721671505618217
0.42384964265860975
0.46755518220209835
0.5116106097493683
0.4791177861114129
0.5320312606202225
0.556316004594367
0.537255172759196
0.5265038985971369
0.5438594005109677
0.4999700182413636
0.47555306405001624
0.4680487288893248
0.4354713660498071
0.4317032728024723
0.38652785841280324
0.3429605259223889
0.3216220291957083
0.2722567493735974
0.2499764697545967
0.15577218055568065
0.14834929860058627
0.06928810260396913
0.019659009584729305
-0.028477911177006036
-0.08089338309775587
-0.12374117470161666
-0.13745263303776176
-0.18412585478409407
-0.2648631403512514
-0.28685477266804954
-0.32439623204371865
-0.3538414440804587
-0.41266448546023166
-0.42950107209850463
-0.4670563519858199
-0.5118551091844752
-0.5274300912269885
-0.5025735810174424
-0.5187837243196398
-0.5162208633588493
-0.5451205969939295
-0.5594467665744098
-0.524911394053019
-0.5003496992190893
-0.4603183972627026
-0.4164509446736299
-0.41737478169546677
-0.42715397761987833
-0.355816425368456
-0.2910135693527378
-0.2855961459478228
-0.24135289169286958
-0.2100590365887479
-0.14578452449487764
-0.08740494909401209
-0.03844775302873907
0.004402377415262915
0.07190255780983255
0.06871738922049456
0.1341884760782852
0.18036717255667614
0.2692029782903249
0.24776267481613995
0.3137974711662026
0.33719918924715553
0.3850082305016947
0.42940121775294465
0.4310735669175182
0.4912780390314459
0.515456611626318
0.5408342362046189
0.5245275572422652
0.46430727141904937
0.5075563847407684
0.49889170995937854
0.5032720879747106
0.5036575751046215
0.48358993788547494
0.45297254802505355
0.4644595411715653
0.4131733706962833
0.3669058116433018
0.33306748101386624
0.3145757924133759
0.2628423103699346
0.23367693912357826
0.17325436983934375
0.12126589166286707
0.07292917872132137
0.011045780899451702
-0.005204045191398408
-0.0539483583988562
-0.171360551194504
-0.16440051181811427
-0.23521142184291363
-0.25299386971007787
-0.3277396530541784
-0.35198082291276717
-0.3914730832140511
-0.3901762007491252
-0.43386431180418983
-0.5049470512670524
-0.4963690095781727
-0.48901469993992025
-0.5658006639962626
-0.5336466721730345
-0.5599057124291278
-0.5310672382355079
-0.49911285050684934
-0.5112980796814456
-0.5203392991770515
-0.4500416426560684
-0.4551506206223444
-0.4344420100684337
-0.38569604808199304
-0.3210081745630045
-0.34479801501968677
-0.28262627526479245
-0.2736481074918672
-0.19276859407780317
-0.16097475316660892
-0.09706374717512471
-0.051383931635557836
-0.033224916855531764
0.031016923053905906
0.10491874972788807
0.14460937028147308
0.17399977937532138
0.24084695257840624
0.2992010785848678
0.332544288849853
0.39058551441273354
0.3600039120204902
0.4275108540184449
0.46289530657594435
0.5340377594977824
0.46711572027364906
0.5253376448670791
0.5020524983343349
0.5313829188809479
0.5242746731012253
0.47595246650193324
0.5101924160075336
0.5029841167389612
0.4747930371711026
0.5014231257377362
0.4209759637754397
0.3917389122922945
0.36844810131965877
0.3596660822541128
0.2699379068137916
0.2775784669184049
0.18397199980426276
0.15173968813246647
0.10229680164910218
0.06919081926745575
0.026281269462214398
-0.0015531565967216304
-0.046323722864862
-0.11491041818297813
-0.17758766094406148
-0.1933250159608466
-0.25345062909371996
-0.36306454183519316
-0.36284469707315353
-0.41234602599985687
-0.4258240599365089
-0.437827429171371
-0.4538908267889388
-0.4852833311759744
-0.5356297433902774
-0.5368283415345039
-0.5209706957051844
-0.5556677259954176
-0.5380142911108524
-0.538535593070862
-0.515948009801911
-0.5063688989617814
-0.490687781268191
-0.48820121351994616
-0.3995511336827576
-0.4314642300402216
-0.34183915328664394
-0.31500574091265915
-0.27996731572613665
-0.2708006839300615
-0.18444526666133496
-0.1483243151611855
-0.12759581480168022
-0.04146978582573751
-0.00842584297639961
0.04307966499698004
0.12439580392105337
0.11673203855174272
0.2040724558200701
0.2556371742936713
0.2906741788128946
0.33789915145442473
0.383649684020877
0.40749311613869293
0.42356132705298294
0.46506178423103745
0.5038833348683672
0.5034200722111181
0.523551177070359
