0.714338549672189
0.7104888916206541
0.7177597207569588
0.7247300810981527
0.7182770685402597
0.7083618903235078
0.7372176948939667
0.7560403018949369
0.7285757860443745
0.7118543604029361
0.7417411639543174
0.722836111446935
0.7078409752395826
0.686794879768993
0.7146752410436306
-0.7299799197289838
-0.7024903805041635
-0.7278743031340367
-0.7031350689959105
-0.7151986386253252
-0.7283034487637748
-0.6866802080090041
-0.737396201611813
-0.7070769787573291
-0.7538757657997335
-0.7241972259560818
-0.7143756747458097
-0.7132009354901041
-0.7098246942518233
-0.6976209225006539
-0.765880436186285
-0.7042301896898353
0.7188677464469192
0.7238133693511466
0.6975448886141115
0.7379232942474256
0.7338720089456684
0.7144634142889401
0.7155928106587408
0.7002421155155595
0.731882021353995
0.713281548391666
0.7073658938123224
0.7155229809033525
0.7077070103959292
0.7291316827061375
0.7415181880922882
0.7687136580789343
-0.7191849383146794
-0.7338479849435896
-0.7004170083394692
-0.6950785147996806
-0.7225348768239307
-0.6774701791470992
-0.7129424194628848
-0.7098177911059952
-0.7553576843652396
-0.7283482129492937
-0.7565581560308099
-0.7118678668026133
-0.7030036254867489
-0.7340822003635599
-0.720986222764042
-0.7279960400133488
-0.7206775158386789
0.7239511176137614
0.7524065246000269
0.6894260767369814
0.695003391192882
0.7013008327730041
0.7276266480316431
0.6948884924113796
0.7306288168859214
0.7533884654408941
0.72435261025662
0.7307381987936269
0.6963034167545272
0.7418296915767094
0.7147040980218848
0.7225143721627082
0.7342393011358291
0.7622231120689822
-0.7232760750177673
-0.7306058503819688
-0.711235335347525
-0.736588640963073
-0.7138463016182512
-0.6938145180166599
-0.7172862789565917
-0.7214029092418539
-0.7276447480122492
-0.7045309910691583
-0.7531618061295594
-0.7375156269675991
-0.7118490156714932
-0.7086914961621343
-0.7068485757300609
-0.7426359414744796
-0.7325438458087574
0.7348909004137945
0.6970548173253467
0.7485386051416106
0.7269187746563327
0.7105047329851676
0.6715850078273476
0.705813012384785
0.7394161367704579
0.7472153075400769
0.7025487848878337
0.7304445591403355
0.7405553969638895
0.7104236158379044
0.7403814409106954
0.7612508489419892
0.7670857862393455
-0.7481687521242338
-0.7277665486330648
-0.7326909388026135
-0.6641074722698493
-0.7002724687153656
-0.6934851859233451
-0.7583604103442424
-0.7298272227052836
-0.7290342634731278
-0.6995219935343364
-0.7751291546232435
-0.7179135623814464
-0.7250468143128018
-0.7213949553308444
-0.7384898541123118
-0.7069824644205713
-0.7348348874468413
0.7104503853247508
0.7536435807894263
0.7064660588985693
0.7014687067758126
0.7369399739665955
0.7237975762276571
0.7163217812381476
0.7491795659670648
0.6625979854331046
0.7300284108434254
0.7276903777607743
0.6791562372342288
0.7081182713184802
0.7156314022317818
0.7518549966910836
0.7274621968916583
0.7198305874518668
-0.7211603950320451
-0.7796320297446816
-0.7353821384256548
-0.6840199981016803
-0.7017954051740758
-0.7328391047843356
-0.7096348683266973
-0.7142640304421161
-0.7013516709031558
-0.7282289739714327
-0.7072535379021685
-0.722574970676539
-0.7236645957861926
-0.6899386495061544
-0.7065422359548967
-0.7535543730365312
0.7403377216056687
0.7071871949585263
0.7274307858955534
0.7247656648096541
0.7394355341185787
0.7119268790432358
0.712071687329164
0.7001313644915222
0.7050703360922403
0.747532792845161
0.758936857847043
0.712037980201751
0.6859880660870195
0.7249392734460199
0.7173542250808171
0.7242012952067227
0.7237567033047392
-0.7248217459480949
-0.6988519797426779
-0.6672857689456264
-0.7291846960290814
-0.7339346147311567
-0.7222361122494512
-0.7173780137892808
-0.7219275678284702
-0.7052308086516893
-0.7363145046582115
-0.7320824505351997
-0.7690410532961888
-0.7133131313117539
-0.7114988150004686
-0.7217065219742492
-0.7004944597523387
-0.732637296594395
0.7316713716504932
0.7190970036570672
0.7186787736040653
0.7103685883028935
0.7340790466273969
0.7286031455847481
0.6784231917788932
0.7451907143791214
0.7132954195817535
0.706101853028769
0.6903674943518318
0.7232819055602129
0.7395059395946546
0.7133931190114474
0.7177696921455344
0.6929833773410651
0.7115056408189285
-0.7164085175803518
-0.6900968265285797
-0.7034670229410602
-0.7299072816578623
-0.7332238709055925
-0.7121476004431883
-0.6825928218198247
-0.7061641984994426
-0.7336605524751861
-0.7193932296376893
-0.6979034867897668
-0.7241543172325092
-0.736823141522269
-0.7126154346807897
-0.7408001339443493
-0.6975368744360713
0.7368286129843106
0.7127298594518857
0.7257858062693909
0.7170854049604625
0.7697268913348699
0.7141304591323335
0.7438735329888414
0.7276104221019004
0.7326956001438264
0.7203627047389453
0.683884214964409
0.7097416989082247
0.7301583685092201
0.7056730508129808
0.7024690649400335
0.7283077051279234
0.7258325853221764
-0.7196342132161195
-0.7230756700984617
-0.7283381319740106
-0.704095172658035
-0.7285810543052159
-0.7489503107698092
-0.7191619482740177
