-0.06813816693664643
-0.14095082300958647
-0.13605638319050622
-0.18421490841369517
-0.2134705264348786
-0.2809657318926142
-0.29071978110796787
-0.28088646562686764
-0.33343370693425034
-0.3443109083741835
-0.3816544806750864
-0.3661125169294282
-0.31627884603491696
-0.2654130216967694
-0.2493758372223076
-0.22093165937883796
-0.1751589869977301
-0.1476051250610443
-0.08532627387244066
-0.09377265545267954
-0.07423647193032568
-0.03755196670845414
-0.04176748193275297
0.01582526543409661
0.054499302176871454
0.05439100065057435
0.1650374828279622
0.14078616687566295
0.11893895174430147
0.1904930578234128
0.24454212854569077
0.24495468811872703
0.28290045914646333
0.33019167705222663
0.3904510185850835
0.37287418560966984
0.3815361467663576
0.35048653518272915
0.27371104587353134
0.2589163350231169
0.22055232349852988
0.19293668932476787
0.1556942204978648
0.1366704907977128
0.11083568436683867
0.08301640127754518
0.02760139498183985
0.004224511403557113
-0.022675497817939733
-0.07027022976851013
-0.08207690888907641
-0.1852464609970771
-0.12412501295904649
-0.20321605442128488
-0.23803698512800947
-0.21304039365171956
-0.26595590933246394
-0.2803183933998651
-0.35002307598806753
-0.3471591551565062
-0.346030134599959
-0.3409318782938971
-0.3010830471920377
-0.2663731342753984
-0.2017876840076125
-0.24107398132125438
-0.20666901191307788
-0.18408582295359333
-0.13467241509747951
-0.08428799269904579
-0.057425930771528494
-0.057699312264842435
0.0017004411138363262
0.019471977230503538
0.006163982747946259
0.10010364190578318
0.12198775006377612
0.1432807699210793
0.19807498660974115
0.1940086807039345
0.23476875031267666
0.2912078596876542
0.3430093464604309
0.33579433818558874
0.36341930308940834
0.3623366209354155
0.33839591500761634
0.35745329451795643
0.2732302462730154
0.25698606027655724
0.21900114250057726
0.17560243810714107
0.1968574250755804
0.1253480277391671
0.09199301547211841
0.06553838471723793
0.06444562035165967
0.03490973129248281
-0.01118863242189118
-0.02484899373618429
-0.0744995503699661
-0.1093637724191683
-0.13589985950589487
-0.14462293923950734
-0.21386330714426494
-0.2532544313490363
-0.20240361373110957
-0.28877789629718476
-0.31055711639362676
-0.33248524479516406
-0.35088943279222345
-0.37080310488542084
-0.31470914944014633
-0.27128893604275384
-0.2745539000062836
-0.233644367189675
-0.2059574638596712
-0.15472109672745454
-0.1480677465154563
-0.10038866325262817
-0.11172338277793284
-0.07364465195387074
0.01028816052830161
-0.009908157225714122
0.028454225492037168
0.068670263132
0.08721345564357291
0.1422912524853107
0.16507298057081338
0.185972251904359
0.20850121705715868
0.24631503838477944
0.32432630945014457
0.3470810849471329
0.3519420776277197
0.4322993864942761
0.33417789111578605
0.3258161721084806
0.26248306965647017
0.28396050317430666
0.25807395936301825
0.18417935369725136
0.1576552328924422
0.1514881256572053
0.15817099495218845
0.09145053656906768
0.059608217834633714
0.011512796051066244
-0.009407820955805123
-0.04882048895910379
-0.10068819683706023
-0.08615225888777622
-0.1495474014029892
-0.20839475355271037
-0.22773361224849575
-0.234244972108651
-0.19296262910559686
-0.2710998461518161
-0.33667683954541305
-0.3698722320764314
-0.32728194613321354
-0.37579235106839776
-0.33520805620097044
-0.306947733069399
-0.25986899751587095
-0.2462843931493172
-0.1926450727079596
-0.1889724293855186
-0.12801028520878407
-0.08550550278407842
-0.07747663613310847
-0.049553254632199714
-0.0015169353998430377
-0.007032953002490794
0.022028752021598257
0.07884409658540922
0.09686292618991477
0.17893042105212595
0.13812758224680108
0.18348570837262154
0.2254585623790104
0.25524876930648405
0.31450583579231584
0.29990464757721735
0.3274618684831082
0.3782170860137403
0.3681119132082219
0.35261361010605646
0.31474961041188826
0.27834093316734343
0.22230315225569494
0.2071728751542704
0.16857317106482334
0.14302949331949652
0.11200700666914942
0.09748578571662819
0.06904069192470318
-0.015512368653441345
-0.00981917970203807
-0.039843155545418875
-0.10279212800724592
-0.09539651310502283
-0.13330433263148003
-0.17662003403376728
-0.17087756181415878
-0.21263004102846456
-0.26599085433176173
-0.3295678324042823
-0.30783285460561155
-0.3677027780969523
-0.4252475011064822
-0.3609883560270691
-0.32587466649613883
-0.3108075596905563
-0.3134781771278217
-0.22033852483564909
-0.19221410591129212
-0.20359275254386805
-0.13940903224203266
-0.10722585408170975
-0.08411189309601669
-0.06202833350796267
-0.0457519952138909
-0.026590435869203635
0.04737713258371421
0.0373845408857136
0.10000064613245933
0.14387344058003643
0.16277615612304672
0.18633166832319822
0.208349854698918
0.28748251275698483
0.28399475209096925
0.30642337699771477
0.34329570114246166
0.3845021851156947
0.35009877531616646
0.3088215259231894
0.2865988232929017
0.260382375373086
0.229687076215653
0.23866028431665373
0.12988942644673857
0.14805925233693093
0.09546460210762381
0.07554454949871442
0.049618215873513886
0.06381159148601423
-0.04291610706909489
-0.07055066984317088
-0.1088005174781962
-0.12771443731824716
-0.11997896098050206
-0.16349258207288822
-0.23048881468448068
-0.2267841358512879
