0.39161893951421534
0.37093556488727436
0.3685273512148396
0.3981597059018779
0.3843211968315097
0.41750819719855853
0.37907517582635575
0.40203372721521247
0.42237542983492943
0.37971701434871297
0.3844489187580178
0.37428408575047906
-0.3351896682499019
-0.3812504414136401
-0.3869356492779244
-0.3889598985959817
-0.4034869762732294
-0.39914996675267217
-0.39048337722302634
-0.39068906608229254
-0.36861725830403225
-0.3747175691271231
-0.35717949761833023
-0.33090388378587715
-0.3515037635642778
-0.40619609435795934
-0.3445840734894278
-0.3864874417520095
-0.4081770330040309
-0.3951179399149236
-0.4058185616224758
-0.3646636362442104
-0.3850236317480149
-0.36485494648901134
-0.36632372305009936
-0.37849523270482616
-0.36320281775447977
-0.37303155186727627
-0.3661400534006745
-0.3687623478699226
-0.3743494410437332
-0.37115653264456044
-0.36960869594483936
-0.3933659313813817
-0.3767488894943477
-0.39632178342166235
-0.3827184353890572
-0.3801482843431984
-0.4064431986438086
-0.3771149374447632
-0.41679479656807855
-0.3790567275165055
-0.3912406224475474
-0.3876429002123627
-0.38930315129720006
-0.38107596503609664
-0.40201322435928405
-0.4057440715481652
-0.3638396068287088
-0.4344860074079549
-0.3887848763979115
-0.370960928519693
0.3913043077061202
0.377779238072909
0.42433606387890865
0.3684072368954554
0.3825459171719595
0.3661947255112376
0.3989258999903678
0.36800593485137884
0.37458240962925826
0.3384782038839001
0.38462843425448984
0.3726795742486914
0.39711850568523577
0.3727936233618528
0.4075931133393886
0.38593756350842684
0.39853207489458375
0.39149063596567485
0.3843683308214067
0.40033217860322534
0.40101256671265495
0.37269415152075763
0.34113583594841074
0.39156088203617334
0.40355913977886565
0.3908919717363784
0.4051754516040394
0.38392123600688843
0.3881774004948299
0.368776133915982
0.38028521187407127
0.3951004332999184
0.39427782382122506
0.4048826010319627
0.4002695976623792
0.35769862329940594
0.3691750356858977
0.38249253638001135
0.40892910683310085
0.4231043826367681
0.4064132878194311
0.37028249190641993
0.3789468797477605
0.40749397070942206
0.40544896991426965
0.3688507051610337
0.3815291502070926
0.4029323563521315
0.3255207610125307
0.4038108654797511
-0.38018835566838804
-0.3593697629768369
-0.4074480780023649
-0.36978581557079226
-0.4114830124120197
-0.3955642197026153
-0.3769049737434383
-0.3582672986228582
-0.4044784715503371
-0.3759157444887414
-0.3977424428144108
-0.40901019474211014
-0.3979380595596054
-0.3976451721352866
-0.375630463332701
-0.3902733568091366
-0.37539861140449676
-0.4252053674353158
-0.37528512545675946
-0.3823567773612318
-0.387791154149693
-0.3734522594668054
-0.3772511009886858
-0.39228909443840004
-0.37653248866824945
-0.3909056120333752
-0.3833660651900833
-0.3773510628456478
-0.3699887071268213
-0.3741150581700391
-0.3615989660366944
-0.3776152824640721
-0.3621592096048732
-0.3707310370084282
-0.39203810165219793
-0.3497474186268937
-0.40955788634172213
-0.3899987362734453
-0.4086925341936755
-0.38720011201955856
-0.4285454140673429
-0.3653607351977701
-0.42577481026547076
-0.37478599795538287
-0.4183898058859786
-0.38064273151362105
-0.3844697705765263
-0.3774283172645405
-0.36328596871718877
-0.3836786867452523
0.39670829509441907
0.4312187378581195
0.40553161248885783
0.3870265647401955
0.39028007579560886
0.41635441558397074
0.37630737847671614
0.37657279674109545
0.42446978565694155
0.4121796373299038
0.4084095772171624
0.4128559696334137
0.3855900362154819
0.39654627225822214
0.3659691381482784
0.3612567920243037
0.40183799403435083
0.3999826036751684
0.4054971457977589
0.39025299444673384
0.3712940791212791
0.3642384523230765
0.412316118003562
0.40851115075860656
0.39948498844939845
0.3886227003546212
0.35607324279846786
0.3851244995296547
0.3848341981074955
0.407306851341958
0.4017131560264861
0.37269707526292994
0.3461654172644302
0.3995757869325345
0.38372057194211184
0.39302733283072866
0.3628940672772948
0.41592887248136495
0.4195706074635912
0.3654416470086607
0.38913068497164455
0.3641424206998894
0.4034711132895729
0.3976603022636856
0.3922542284644412
0.3882017533405107
0.3691062824856876
0.40750409724558834
0.368939074228477
0.4083409808982369
0.4258295812103435
-0.3636832729137936
-0.3798240485460103
-0.400426499403043
-0.39218491140421274
-0.3981685106239584
-0.4106215708512248
-0.39752127611037064
-0.3825504952655068
-0.38967049837456696
-0.3820245751455671
-0.3578617103524922
-0.3709485620406618
-0.34768422752128775
-0.38505377754567305
-0.40081835580094083
-0.3944436768720017
-0.3706924753948159
-0.3706458587083881
-0.3830719871926886
-0.37499922903235305
-0.3895196447802046
-0.3806145270656789
-0.3775405573430253
-0.39035921175939126
-0.37859207662025096
-0.3863048701821253
-0.3849768357259138
-0.36445461441024396
-0.35718830213908914
-0.4006854319308147
-0.4441253076719119
-0.39090382786238187
-0.40373997684008617
-0.4054847255473512
-0.361159506877364
-0.38724986944923634
-0.4070524264163678
-0.38895390975134225
-0.4140498745395475
-0.3951425909099007
-0.4071427531474112
-0.38946586216322576
-0.39603717877430056
