0.84338322990108
0.036115573572325484
0.4204354858576433
0.6234383227045608
0.06835436802040497
0.4402999361066804
0.723162981700268
0.8171048727135667
0.1632470731500945
0.3149959107688727
0.7498370500510867
0.5214364108931199
0.015519057159996916
0.41938292294356705
0.4077175932766539
0.16349718792381301
0.4674466933615813
0.49258467193332794
0.16154499599447214
0.40970718074855983
0.31876888141223114
0.5177009266499732
0.41026475287184794
0.5700125530111463
0.28494384639589615
0.9084673746892497
0.5379944684712861
0.4691526005890911
0.7857000395595193
0.2649338337696958
0.5938210731614163
0.20449311418028704
0.6837015412201968
-0.009935954824259463
0.13397637379066588
0.09409974787333084
0.7135831214735109
0.48099039201808386
0.7438980558516562
0.5723970304034243
0.5170101653324525
0.7588028025905384
0.06281586686230844
0.7164866231522571
0.8702643740432772
0.6602699260667104
0.7475249684418654
0.06316165131508461
0.5150592488529873
0.5827971773523924
0.16147516003511928
0.7605853326914032
0.5273579527775586
0.3372571188781323
0.6336618526882634
0.5823425372475602
0.7707219948366648
0.3365838665983736
0.18313295741828226
0.45976511087709143
0.5379442886680722
0.46138676898234543
0.043247684210097934
0.45759649686821596
0.3340009978493164
0.14363557373538166
0.64222938135093
0.3623118010210183
0.7398204028378214
0.17510660545559845
0.2633205087482273
0.327203160918725
0.2370158828177019
0.39499447441591395
0.006692156702598787
0.7531994162941512
0.199068040505913
0.15724226202910754
0.17095563390871685
0.6906694903726749
0.5142021565174036
-0.008425751100071852
0.5969791820087501
0.5146378200317566
0.5648158690943026
0.24933446722500582
0.8631169977244205
0.7250503821960878
0.5015561749130659
0.10861369276164518
0.6240483622846664
0.12455742901372485
0.5795597917775628
0.1434801528821666
0.017758679480048334
0.5560605657188322
0.44284114986336914
0.4842723687162026
0.461957011881832
0.3201175553331766
0.466756628643589
0.23556607389388248
0.6691938319120886
0.22868363834240252
0.8276363281014183
0.19723580652759387
0.66791601209089
0.6358684433760271
0.3746295894139413
0.3462804057084273
0.059803246255892985
0.449718178875834
0.8648007794946355
0.5471137468159597
0.7922406155709403
0.6565454555136832
0.1822178516310236
0.5885894215024612
0.5534839986752771
0.6218334258639782
0.6315715121737706
0.48511776474043394
0.31405545700738074
0.4441276128069472
0.8628030892566292
0.7544174570810376
0.00043908707327032677
0.587550825166371
0.583020925924297
0.5306973599380433
0.5512415469582055
0.054592894135952585
0.5317739204156702
0.24196672825869164
0.5129091955686839
0.5366911262035937
0.5285270052729029
0.3936075400639892
0.430929429360538
0.810374041745442
0.08757096766510092
0.36491916482937997
0.6275359417504788
0.44273555101376927
0.5920621031645877
0.37398263083139527
0.6714278242374844
0.7560258889494624
0.8339701110672622
0.3896269890004979
0.8500345504502781
0.23082320458890593
0.5053540847720623
0.07450055752961518
0.5949443116929308
0.5124143475584413
0.4626975385769873
0.00798976352564307
0.8345763910505216
0.17903197752059113
0.6283564739139029
0.43562301390636504
0.09329492816467061
0.5508478325493819
0.3352270833775931
0.2628791760225607
0.06780162140445437
0.5163534205045452
0.7499170355840817
0.5391566153062111
0.8418178900115869
0.4082306234040904
0.4663322137379061
0.6192787089210736
0.49146372681442285
0.44263228018322576
0.2931115613250192
0.24715412992087768
0.033344948479103936
0.24778586522010226
0.7291598796451041
0.02315925723873986
0.7291970899299316
0.5106648488425999
0.08082183921027143
0.29020627385753067
0.2809354344162694
0.2823202251589885
0.3773102216839187
0.6795073193912499
0.10912193069518356
0.5871018371002126
0.5180355886975601
0.2071341378705372
0.8828321562523751
0.5505435276639887
0.4098695680195935
0.1329111022729542
0.5644609183164413
0.1256512872205368
0.3670582602965999
0.18603036992606853
0.7342225311527711
0.5882469720174559
0.2687475626593999
0.12908493431331786
0.11378480157040717
0.07111579495623499
0.016108169616746798
0.04175113840248022
0.7164718335813381
0.11156184417859132
0.8453735562986864
0.1969572870956662
0.49480885986980244
0.415502116522232
0.295941846343315
0.01619319867956826
0.10876010671655048
0.1232089091755231
0.3050497371912088
0.7722201019146223
0.18502158102790023
0.5217080336931491
0.8129754346982188
0.4020256343583709
0.2654995712666619
0.3137848576672248
0.3305308192351257
0.11297319707276386
0.20221317862232405
0.7416593853855225
0.2001040396906263
0.8215249457598501
0.7148287929578014
0.3180121760770064
0.8125054667284518
0.4420712881241419
0.20887539749238582
0.25331532867218404
0.47581842736899393
0.1939347283384671
0.09311228175672302
0.09769429467831567
0.1656696811650914
0.07495962702778208
0.16570399329478175
0.1562346286008039
0.24617425598298945
0.4858314355998002
0.7604367730096051
0.02664953779938252
0.4241036205701268
0.842262362025737
0.8546360540645344
0.8511626110121079
