0.5447643461824847
0.5355178267801383
0.5183178027066331
0.5462951788444913
0.5175627731941468
0.46970102975439265
0.5285732452159985
0.5445592557973499
0.5584438005282304
0.5354623438044877
0.5563177833275925
0.5233567384099744
0.5217753470613905
0.5124139919795208
0.5259135045418232
0.5436017684469018
0.5227047716829939
0.5038949816098902
0.4972619225640003
0.517841876902179
0.5640261859583207
0.532382684146832
-0.5236950191697157
-0.5207876227318544
-0.527046797177275
-0.523572068921135
-0.5273384514009464
-0.5242529477861292
-0.5188275781867481
-0.5400241992133941
-0.5134534013775299
-0.4970943013574408
-0.530977831404523
-0.5212080690037104
-0.5395928010081347
-0.5609520744860771
-0.4722719993571528
-0.5420062126148926
-0.5175087443607689
-0.5239443507741632
-0.48703231589381873
-0.549779016609173
-0.5251231984094867
-0.5316853016789794
-0.5088495979509281
-0.5229585982201418
-0.5203677571556952
0.5324602573535824
0.515768663807777
0.5040220196538163
0.5252637172095035
0.5189164586517773
0.5482442709101941
0.4830876378365641
0.5419091343653926
0.5141901980951153
0.5336516305440999
0.530020431285132
0.530022369184144
0.5063214258957656
0.5289126930744491
0.5334185057271976
0.5374170978523912
0.5159156150203577
0.5099391680917869
0.53971876931493
0.5537872931810722
0.5339614032634871
0.5014007693646069
0.5363580756828725
0.5277913283169201
0.4908057466373356
-0.5566415200362794
-0.5589436693275824
-0.543236655883246
-0.5344527066837563
-0.540301630291112
-0.5120076489700408
-0.5322556390267633
-0.531623488436926
-0.5187441184194977
-0.502408122502938
-0.5542520463392455
-0.5251157410991308
-0.5709681283523957
-0.5218613643782642
-0.552576247443692
-0.5262116955113118
-0.4957111683430864
-0.565571269602286
-0.5125240396457594
-0.5358592425395543
-0.4962934568479989
-0.5345924632699299
-0.5608042580027319
-0.5248707483696444
-0.4784579456348488
0.5196610035159982
0.5237685565094791
0.5432947081668463
0.533521224896385
0.5088127146039981
0.5193070946778643
0.5540983063960305
0.5519643294729871
0.560390784873301
0.5095659497843456
0.5265225358333596
0.512100902122095
0.53531282563349
0.5297242610461822
0.5153332821575426
0.5478335552114263
0.5073725087245152
0.5545720808234623
0.5272360088926492
0.5178037260081068
0.5526182260933874
0.5533932261787179
0.5080848829192011
0.5586562885108695
0.5380990217969789
-0.5094118215645744
-0.5184830464426176
-0.5050467267105901
-0.5496370277879707
-0.5309276696895453
-0.5359632033362259
-0.5154826817284021
-0.5240896834841527
-0.5280015966473754
-0.5654281796561423
-0.5438120691302114
-0.5185648266322934
-0.5424650076977602
-0.5416248405149028
-0.5497180756179909
-0.5098208346705728
-0.5223565534708815
-0.5559135313258105
-0.5420061014037133
-0.4989326054923108
-0.5207164222363421
-0.5332447510825697
-0.5165660732734513
-0.5363132075821567
-0.5419289511692703
0.5044502986212512
0.5574243974975419
0.5173901043879482
0.5048291723497008
0.5661013077574334
0.5293468599792525
0.5616905467993414
0.5590288835656048
0.5092152685288005
0.5090869891113383
0.5292601362465132
0.5176603921582714
0.528639017656771
0.515104281817063
0.5152157484835923
0.49634874555011643
0.49575317808793273
0.5449691907464466
0.5341188728963686
0.5155608932197906
0.4847519723114002
0.5406676679987845
0.5129294330897926
0.5360923316678979
0.536596645791694
-0.553233870496952
-0.49882848244503897
-0.527305735204714
-0.5459588518311403
-0.5392303675050956
-0.5143024315266894
-0.5276167438919116
-0.5407908326653768
-0.539437195546789
-0.49782110780802724
-0.546254219119071
-0.5442461311250525
-0.48811777757763114
-0.5278616869700433
-0.5459237148182173
-0.5212147948205512
-0.5284657469337923
-0.540142883089303
-0.5533727294287399
-0.5237438985441765
-0.5188824290423878
-0.5446689349714405
-0.5221964225765567
-0.5464876642875602
-0.5554648836061191
0.5091517955255659
0.51690106803942
0.5275261071930285
0.5149310705590485
0.5421877833698093
0.5405243308826481
0.5094351642460724
0.5065537304658919
0.5370237429781305
0.5806488293027424
0.5458736951398223
0.559211146241112
0.5388351676462826
0.5196665944220681
0.5244606227662646
0.5233021375610569
0.5172566114402196
0.49358436133131345
0.5032207409616001
0.47900764516525796
0.5335564488573062
0.575544108793615
0.5481062503188974
0.530806299124191
0.49593915738904226
-0.5562407830475987
-0.48981538400367797
-0.5814265831773179
-0.5000782693361656
-0.5084712569660408
-0.5218934783673324
-0.5505933064871412
-0.5384780795035906
-0.5589233876041901
-0.5437908069592003
-0.512544081987344
-0.5031743306743216
-0.5146482516498698
-0.5173391047094457
-0.5257904197668949
-0.5204989869805285
-0.5347486748640694
-0.5284220444527846
-0.5008405454638818
-0.5034729557720361
-0.5506656652636827
-0.49582649945664914
-0.5694399727638825
-0.5593947163624908
-0.5413618495271458
0.5220275900874767
0.5236289425537541
0.5655619215102166
0.5239518847225425
0.49983649269741787
0.49567695725234345
0.5482659070789696
0.5687578271626126
0.5574093667139941
