0.2379052160233168
-0.2425202423513968
-0.2181712386545922
-0.14506974431498057
-0.21001894822624748
-0.15333272804952183
-0.13361274410393292
-0.0873636886255166
-0.10775499830811222
-0.09435156763653318
-0.04816013658775846
-0.04389335083671292
-0.02780247698002154
0.01646132345445547
0.048069379607400826
0.03493670736414266
0.09543884261834037
0.0989484213085815
0.12405238529227074
0.10228290832837046
0.14185835071111866
0.18660923666970927
0.18281171876713945
0.17809769790512625
0.2232309354527768
0.2562501938691836
-0.24140854694020702
-0.24116894784506485
-0.22348479298130444
-0.18211166723885902
-0.15014407846089925
-0.12612216903353388
-0.1275404323657216
-0.15173498463803314
-0.04587309414918238
-0.02210528469888872
-0.01797829580899175
-0.026305530453975174
-0.033539598121356894
-0.004941384697132664
0.03080216057759965
0.08533887513834255
0.07357107315242427
0.11412663992726028
0.07279236014955487
0.14471894405313201
0.18662434910997036
0.1803950401715846
0.22842856306131723
0.18891631949500656
0.2754270613244529
-0.25243692837850795
-0.22167378196317175
-0.2078759748533544
-0.1590962669298072
-0.16994021068143608
-0.1404950747897027
-0.15289787544270958
-0.10018030418554605
-0.07141926060355054
-0.06090086236669929
-0.060740927436850084
-0.029913834635502373
-0.02650013705346628
0.021286663798141172
0.06215446998544279
0.06472080739973629
0.117876009863425
0.12272153162063289
0.1617607587502072
0.15848037568884393
0.16021046609054534
0.16816087209029618
0.2267372971421274
0.2198141864231271
0.2191151580955068
-0.2664854972180031
-0.22173778832190086
-0.22449934466724997
-0.1845689972310675
-0.18588709245297264
-0.14616578654477247
-0.12294673308478042
-0.09523214442457154
-0.12811537766155834
-0.06582859493632205
-0.02147832274109747
0.004963697412936931
-0.04384826118773229
-0.007501201448215086
0.04847121780324307
0.07782018911250366
0.10021876464261952
0.08216229870347849
0.07609451484746563
0.11805706304848884
0.15925066773055288
0.19863495217590266
0.19844284491088793
0.20936578749474516
0.24928426657171
-0.251391215897262
-0.23712923524744972
-0.19366526467241757
-0.15160368584568262
-0.1751099183737229
-0.14711066888857943
-0.15903294864715953
-0.10453540850058893
-0.07206431813241373
-0.09551909995725062
-0.07068468402290619
-0.055321242144566775
-0.013374046433816195
0.008851292720205491
0.04959007906118721
0.05657831818370008
0.06618883669471258
0.10339104314435811
0.14376357122606404
0.12208194447701269
0.1729481537598445
0.1622000985815889
0.18267610117030025
0.2285231609638374
0.25217951560835233
-0.2353458394033221
-0.2669267968256984
-0.2161301613404348
-0.21468150500969083
-0.17746478905205157
-0.1508115177384121
-0.1267277403986596
-0.13774077392972545
-0.09815660329826914
-0.03919509976480877
-0.04382390875935442
-0.025057015863681534
0.0257831065024855
0.01854514755812783
0.008382633502828325
0.03398053364080848
0.07379188775022129
0.11817844027424246
0.12250126054536897
0.12048053213628837
0.1252977354260885
0.1979393808143477
0.17277470426821492
0.22290021863019102
0.2142728176995216
-0.23618914004982275
-0.2276439885805606
-0.2428643644588535
-0.2126131514870234
-0.19409828099186724
-0.17030186013448814
-0.14292989776141207
-0.13120219130261387
-0.08368555298061632
-0.057209418540970794
-0.046668132657462794
-0.020008551738819155
-0.007694508902006446
0.02582415325829985
0.04285035976205859
0.049821603420561994
0.05006295183358407
0.09217314579047713
0.08090851012367095
0.12559449048702806
0.1278940274466639
0.18423519050117682
0.19483122482262674
0.2114612244939661
0.24537052676477003
-0.202283145638086
-0.25801060781435714
-0.18830717412201253
-0.2044394389011519
-0.165039145786275
-0.18188174561813683
-0.1054267465389805
-0.0889621044032138
-0.09212462826581942
-0.05094897470219763
-0.07390149219882003
-0.022495986429166896
-0.02697940917144257
-0.0011962387664340053
0.03382613287062569
0.04904664806885317
0.04942365467442431
0.07601306108573617
0.15270107285862541
0.13454192270789136
0.1320284210444455
0.15014732786588342
0.2037325797758438
0.20332125756583772
0.2124779372468684
-0.26433871555797644
-0.23097477355460289
-0.19175518085253376
-0.16797547006055746
-0.17623504067606743
-0.1688879674238155
-0.13612380053789355
-0.0777774753923055
-0.11962734824385161
-0.06008504060680597
-0.050125856237244484
-0.0435643320257066
-0.019910017878538
0.011958415623368742
0.01608649235255874
0.04810008359549771
0.0725180986025494
0.07752435229782895
0.09761247454097051
0.12132499352970043
0.122346743138909
0.18234961747730036
0.1978989937668385
0.19745809544321433
0.21320570235241199
0.22549310327065264
-0.22699355859382295
-0.16615869561633223
-0.17054494524945485
-0.17004288802101308
-0.12847649760365826
-0.11139170136343991
-0.14907832213020486
-0.07089118844136066
-0.11525522381455164
-0.061334715384512364
-0.047265493452532455
0.0010205842073084687
0.028395900449684992
0.00011975303195516443
0.05686434344481666
0.11379587175939722
0.07867734966117643
0.10582637795376482
0.13659635976408946
0.14643649525975086
0.15563060540005783
0.2030922178678849
0.1921515833842183
0.24576707757345237
0.27872621958484883
-0.24985319725509061
-0.1859450856913315
-0.20216913715094342
-0.20708651804172373
