-0.9106610262488263
-0.9153092340054142
-0.9074177863317727
-0.9072579875358731
-0.923646069379696
-0.9203390788213477
-0.9383397228603543
-0.9095037951294958
-0.9134706900503048
0.9131758067395722
0.9254132682683289
0.9215170846589289
0.9366393549795402
0.9087016023015588
0.9391061184422919
0.9189856054331802
0.9169908828549402
0.9308985725383253
0.9692262694187636
0.9317954844617179
0.9086019767282404
0.9351949905831466
0.9035746669460812
0.9601341861318675
0.9098450101698801
0.9117618527718429
0.9241002329555505
0.9235526741877069
0.9059912038169293
0.8986616354036511
0.9307295664986142
0.9277885625648394
0.9156572923068699
0.9430857988480088
0.9089118787929378
0.8953769648559683
0.9284554339117144
0.9186728740019493
0.9396101161852949
0.8968284409141215
0.9235825423712873
0.9228065834239702
-0.9222091081619804
-0.9115894233398668
-0.887886918779116
-0.9413546532316253
-0.9092809195539888
-0.9227245302316763
-0.9093506848195966
-0.9252672986795532
-0.9530900803275091
-0.916045107051622
-0.8760755729456842
-0.9000098603941462
-0.9057658279099317
-0.9043924082463948
-0.933457249882645
-0.9560721224521866
-0.9131688291305132
-0.9134729003404057
-0.9132253124966092
-0.9098015728521197
-0.9059368300567031
-0.9057970135836274
-0.918574276093628
-0.9355845591998262
-0.8992071686385306
-0.8739260226563073
-0.9356021228898309
-0.9687518721217544
-0.9446731971394571
-0.9474263917466959
-0.9305567839121821
-0.9094384046998575
-0.905156151563813
-0.9373184068094608
0.9287774834454877
0.9240446527472344
0.9152591165982227
0.9266945985909053
0.9296800263926988
0.9019984267606374
0.9176148405717526
0.94010456826378
0.9109831105739807
0.9235074418868451
0.9416602590272315
0.9049755223600168
0.9017456074313134
0.91890386758232
0.9045821181745602
0.8676241457294452
0.9062327484397332
0.9061005648823006
0.9398982274325369
0.9298463808182742
0.9397299079416292
0.9264513946683178
0.9272464544751654
0.9282488621743221
0.9223799674938995
0.9175926290863521
0.9222663495708714
0.9047128864216957
0.8920718269074295
0.9112731099960829
0.9540195263126507
0.9416253602061004
0.9056420937771136
-0.9197326029450698
-0.9245113000350543
-0.9106004077703345
-0.9028731507379495
-0.9145073206182815
-0.9073557066842938
-0.8771921700441382
-0.9157979694369617
-0.9369395739744535
-0.8972959954380408
-0.9672189104667437
-0.9232002072173237
-0.90388490574739
-0.9529542920171895
-0.9273045828434241
-0.9097761388409804
-0.9493348486680995
-0.9123941112578924
-0.8928126553271577
-0.9369712166067371
-0.937707486319269
-0.9285966526584294
-0.8851639104280227
-0.9121252122400367
-0.9174158793948236
-0.9220336070316661
-0.92700685917138
-0.9024966026633529
-0.9001350336161849
-0.927595117807986
-0.9124827147826244
-0.9269431217906371
-0.8686987046424844
-0.9136440591122097
0.942307172876072
0.9008905231115306
0.907934514213714
0.9503235265877114
0.9395222141753237
0.897408188035703
0.8953076299855363
0.9341653915472016
0.9428168690406888
0.9334504722738665
0.8785627892038286
0.8951864075186657
0.9173367638911691
0.884472842322169
0.898030405377553
0.9358295864429057
0.8815356691817323
0.9057666704784585
0.9339227512721264
0.985831155937827
0.9304664793765905
0.9168330928044585
0.9228313516693816
0.9060910579313813
0.900560627999687
0.9378655029665182
0.8957927528128927
0.9413614232294257
0.890148406259872
0.9131199227112584
0.9232337002036279
0.8898699462150295
0.9028259058299104
-0.9058687202555987
-0.9495583354440863
-0.8870657959873992
-0.8855259356595321
-0.9251040837138447
-0.9435018904233059
-0.910328869483721
-0.8909448587350914
-0.8888551106166772
-0.9224431173269368
-0.9065014007931927
-0.9161189553542701
-0.9026073339666585
-0.9057760853219896
-0.9124867878354941
-0.9039483738093923
-0.8873367002224148
-0.9320541306942527
-0.9347975268650466
-0.9053313063770954
-0.9509199220618322
-0.9181723405828364
-0.9068522610897348
-0.9204601821066362
-0.9058324964744927
-0.9257425978745873
-0.9575274533637849
-0.9221957318476157
-0.8977157518148549
-0.9234546257742818
-0.9085051373339317
-0.8925342095686379
-0.8867428682223223
-0.9081661503176135
0.8944579880336434
0.8853016267938563
0.9097666551277535
0.9158958691446388
0.90067034655397
0.8996201793264197
0.898165771192548
0.9233138433132733
0.921812359719897
0.8880588637835178
0.9059999644148948
0.8937383931033219
0.9286127132050137
0.9169819606529185
0.9250873404775559
0.8763322328272599
0.8981454718585595
0.9073485603008793
0.913323662685756
0.9116139831633275
0.9081155145635255
0.9174061740408032
0.9047867230538764
0.9352937111567886
0.9303332342814535
0.9537146224650321
0.921046896331874
0.9191946163995004
0.925153143368434
0.9046048779728746
0.9162537706585865
0.9347418229917193
0.9112643447204128
-0.9031122005255156
-0.8961334070035564
-0.921490292725422
-0.8706531412356681
-0.9209357854691509
-0.9088659955823336
-0.8965528929703102
-0.9203127884738608
-0.9125449470801711
-0.9593774653692769
-0.92037452157182
-0.9029106206362861
-0.9111495834568989
