0.1973719542291263
0.22121260578749638
0.18741493964994066
0.1905719617042885
0.23426776620773637
0.1500975029150787
0.1553899955939636
0.15574111745095418
0.1558348624495151
0.15038427766329443
0.13049086362173087
0.1630787729625636
0.1497954595771204
0.14019351759135198
0.12397887061933115
0.10857485300260264
0.12577278224109745
0.10254459414121665
0.058044387410084365
0.10057280247839995
0.06407578629438852
0.07844188258471571
0.03372720026710753
0.0612849631271854
0.07337922816724926
0.01603420818348582
-0.03658768318599163
-0.003999660993517765
-0.011324507017897292
-0.012954369120898743
-0.048531443145961965
-0.05620462277533429
-0.083271443156948
-0.07224124347121161
-0.08828007516921065
-0.12064945325752963
-0.1171756891163216
-0.12454572463001033
-0.07798740535988975
-0.12387664267122898
-0.14674265087197208
-0.15181109064634052
-0.15975538658464658
-0.1764147019507484
-0.18058384937031072
-0.1980258497952457
-0.1628465295524035
-0.17462170951658926
-0.21886176615845615
-0.1993989057063094
-0.21716157124026064
-0.15943741814266438
-0.2309360040725971
-0.22914697765694508
-0.18984797368130046
-0.20844340182026633
-0.20215541478227073
-0.15546128747552593
-0.1771534315492634
-0.14341613528204525
-0.1871807733610839
-0.1395447760984521
-0.18526303753921786
-0.12912262281788547
-0.13303721650107506
-0.16370354109151536
-0.15692132319294852
-0.11435823537405806
-0.0937731999995301
-0.06781887252050967
-0.0572430512160268
-0.0726892325831485
-0.06971522467985666
-0.04789804009169398
-0.00034098505349924174
-0.008505590342874332
-0.010950995030816169
-0.007950071524820235
0.02490615260045436
0.015365650617273017
0.04817503769971319
0.06807203882856867
0.07583472034339883
0.0869382941254406
0.07452771844211975
0.08459222615354067
0.10184711870682939
0.10830973139742342
0.1342199867132723
0.15698485316284358
0.15497792737916988
0.12400909401512135
0.15429807721280064
0.14249820864169338
0.12512906645774174
0.18227387725352315
0.18664088700842857
0.1819336517173289
0.2005662447768112
0.19363468531924627
0.21666490446276923
0.18467071954465816
0.1903715059632905
0.20965539866735133
0.19182398481571986
0.20594837404747834
0.14891929111220967
0.2183989775935148
0.16687454667179633
0.1986644199743246
0.15283103513105023
0.13378191094168548
0.16733028698332952
0.17506893444376412
0.11416957301119746
0.10154845875205315
0.11064669192721231
0.10421471644821356
0.09251789340408285
0.10016823432089397
0.08848780536053465
0.06316027624503892
0.07059083647235177
0.042886603389398495
0.025471805572287308
0.005126956228208067
0.010766322544411632
0.01481123759975181
-0.007221583115314399
0.00166267819115231
-0.03859744729991775
-0.10757891767210151
-0.08155066460798273
-0.08333804494619944
-0.05693018011393898
-0.06313091842941192
-0.13612149330548784
-0.14863264646758179
-0.09754749495432123
-0.08965973664722476
-0.11464915091486194
-0.1237541689721046
-0.1483610304324533
-0.18338509525327473
-0.21669278402625095
-0.1741667942650965
-0.18122303795598116
-0.1785480030472412
-0.1684307828976505
-0.2173899108749721
-0.19022024573538054
-0.17714121362265245
-0.1657003916715307
-0.19828939601840848
-0.20353240660535307
-0.18627911837737748
-0.19657471030285062
-0.1750242196089324
-0.17352337342539753
-0.20016886726242045
-0.21130932000269625
-0.12384481584465609
-0.13860741988870018
-0.12299793152244662
-0.11995527687535146
-0.13624641739813156
-0.1360183965631807
-0.14307309905929882
-0.10119765170818183
-0.08001837455787313
-0.0772138951936549
-0.06441697154317994
-0.06547860734086804
-0.06667277474657629
-0.036095931082685814
-0.04276723884383308
-0.02272325110005078
0.020526652637194213
-0.010958104762533973
0.03294757542507362
0.005467058111439979
0.05543344798724856
0.05362430989955004
0.057752638057432554
0.08041666936627248
0.1168044689515281
0.1376694956310244
0.10764609863526622
0.12333443079889655
0.17154609186357656
0.13931802911858376
0.11585211176155809
0.1728534848856494
0.16903628110945287
0.16626178383386864
0.19050717180449692
0.19346173072592834
0.16785756895711101
0.1979995543769583
0.19117616272049345
0.207917080337434
0.16880006027239802
0.20603993012413083
0.22508338924462742
0.21246954881750343
0.14230029653136667
0.1666013776044124
0.1913114120396087
0.15405513348585229
0.17452118136151537
0.21713473935137897
0.17584884332108797
0.16507577213019956
0.1118147692827384
0.15037332459053798
0.11808576919645859
0.1469255885660171
0.09721441091680699
0.09913958007732954
0.06776438212225763
0.05417279067426774
0.09085167334843415
0.07038133283815781
0.0224682600599763
0.03843574452825775
-0.010778826265938513
0.04256449284817051
-0.01626200369032675
-0.05054208382291593
-0.05333734667467495
-0.03070028379096993
-0.03105209762745023
-0.033328001718579296
-0.0488610676978176
-0.06381282792128046
-0.09655099222456592
-0.11655222764898386
-0.13773971709595348
-0.13270966658080982
-0.13595871088094258
-0.11873877529906664
-0.15300807539523104
-0.15660989267729544
-0.16814518579218599
-0.14274462649959185
-0.18024413588203456
-0.17443346311856975
-0.18734343860838798
-0.21417195259230914
-0.19504467728959998
-0.19873970864045853
-0.19327739685644169
-0.23406990943866465
-0.19744904440001892
-0.200164550557733
-0.20956872063676119
