0.08254920843386954
0.08792573384370503
0.021501378306085603
-0.08296834938834283
-0.1465370843250687
-0.2244950537129658
-0.24670232970326653
-0.37569495036494516
-0.4275502495405809
-0.48037552694993757
-0.5545644284892897
-0.5938790825537398
-0.6319206794161275
-0.7021718149637249
-0.8247085004764404
-0.7650066264498611
-0.737274024503722
-0.6492804461628114
-0.5955014386179562
-0.5304527978360135
-0.468441125490541
-0.35983406816202573
-0.2926759181812683
-0.27074275170428724
-0.23717976800249402
-0.1518351012259527
-0.10563188884889414
-0.04229631908742128
0.0697369572873554
0.17695780413484197
0.20920045711975793
0.27811285281453235
0.30336261126894626
0.37242656492020687
0.4354203801875784
0.5295897461571726
0.5685108922107476
0.6652195292726348
0.7199625349211889
0.7583876303795234
0.7870332521478676
0.6985411890863618
0.6655802208685112
0.5741619252120157
0.560475798920378
0.4474689173703705
0.37740968720820534
0.30925819896997797
0.2600138556205336
0.242757438858457
0.136313811776389
0.041483187359547924
-0.0022426890398742462
-0.06544704627545019
-0.11395258087308556
-0.18502357168413558
-0.2501238104816085
-0.2892886378117333
-0.38504188127670447
-0.4561410974504989
-0.48674017758830646
-0.5750112334660491
-0.6700529695415129
-0.6913603382110267
-0.8291443417456748
-0.7840704094980915
-0.6810027663694415
-0.6450502239925331
-0.6243412073036302
-0.571106967082849
-0.47285525551591256
-0.3737352183329581
-0.31360120119397883
-0.24009462426302086
-0.18725289413961918
-0.11892426984663079
-0.09620394802012633
-0.033005979274549964
0.06613348110651233
0.10135082648988791
0.22380179629486244
0.2740518605171688
0.35572908288265426
0.3904010820545908
0.45795908087309073
0.5080531880715
0.5939644947983573
0.6615464064107013
0.6816417355808623
0.7623429902331265
0.8155832084678851
0.7676381788087618
0.6655019916931951
0.6158844707998704
0.5520174458135674
0.44483566423675774
0.4152782684691996
0.30612503818496134
0.3271521366770226
0.20454904561648615
0.1352500326749667
0.06815526440137004
0.05714269687530946
-0.043270923095846826
-0.11625334068037055
-0.15546133507319312
-0.26053081147109874
-0.2998056342424582
-0.35993009019268307
-0.4318342432729078
-0.5103650483856164
-0.5646693824194071
-0.6595075818846141
-0.6973817479755916
-0.7384960298726683
-0.7886255300752282
-0.7374669960113779
-0.6739797502052438
-0.5955598859752282
-0.5121791233201902
-0.475429618641276
-0.3953404302221602
-0.3089650665150787
-0.2636994339164108
-0.21974985332752778
-0.17745207929489226
-0.09099857035565367
-0.06903725336461951
0.05675561567729385
0.13389001924002042
0.20595054128999934
0.2686313350322424
0.32851219104167545
0.3954353609344512
0.42230757129030966
0.5106234491160248
0.5532681957665527
0.6108371125842083
0.710745553103609
0.7650211394618933
0.8091807861896766
0.7123285340257203
0.6499748577041228
0.5958635664601463
0.5529881704899079
0.47021966721075015
0.39618897583161633
0.4029604028892741
0.2928760641550585
0.21307292181691528
0.13990117346625627
0.11316551928553115
0.009742216304564993
-0.07379340272131055
-0.08758168160095434
-0.1850894107733483
-0.20880754510154304
-0.32728316231716037
-0.420696971261689
-0.40862522887173125
-0.5203047920250027
-0.5701511480033773
-0.6167779925282153
-0.6793347002488956
-0.7735902002376465
-0.7621591726515734
-0.7909972516428125
-0.6729699010919892
-0.5803217861771246
-0.5426509672755745
-0.4617535848748782
-0.4088836859717294
-0.37882740104352497
-0.2800636204209344
-0.21442503177354283
-0.12314836798218454
-0.1156072040665271
-0.009546205932941844
0.05396755238074844
0.0777927296205316
0.17540119171302596
0.2565068424066898
0.30735278615298117
0.33129169430440464
0.48659152861789173
0.5176923910369408
0.594741610532512
0.626842194759731
0.6998249993023088
0.7367686292918973
0.7990961940790637
0.7599591874217
0.7054130447189098
0.6179094378416258
0.526045530934594
0.48001591209011313
0.41634694297136554
0.3606411175161961
0.32682907690782
0.23708840031913123
0.15735249386931227
0.08136372950750212
0.02496139330719766
-0.04797138862462208
-0.10851977460309596
-0.1617363936341854
-0.23863334283318946
-0.3297021013752294
-0.39259903703532323
-0.4217461838114143
-0.46331857260776305
-0.5659278001696562
-0.6481720507343847
-0.6943995730200571
-0.7479822387737621
-0.8318890843817834
-0.7748987090306602
-0.6910893803289431
-0.6236406222774256
-0.5090557700582652
-0.501280684267124
-0.45711697024535564
-0.36219050169740846
-0.2830662871892354
-0.21415280706776507
-0.16339355275699735
-0.044104087897147884
-0.036184968900477864
0.06341572950768747
0.09905420327646075
0.16558322753322688
0.21240617530885875
0.33125702110430394
0.3756173313990425
0.3993605408702941
0.5220685104192195
0.5622706872547274
0.6133622794343774
0.6894217290171553
0.7334475939379335
0.8091257020835239
0.7433899075032474
0.6892101726185434
0.648323990322772
0.5284020604451581
0.49567829187552104
0.398497159618965
0.32615562098759554
0.3180279378953706
0.2533682362694273
0.18627115823853424
0.1137220395089618
0.08273940416973213
-0.016870236065649434
-0.09370758264434764
-0.18322867477641336
