0.02087079849773332
0.06880229914980701
0.025945551890282945
0.07532531218026434
0.07863998909310464
0.07500432675575565
0.033365478405066915
0.09144864268293831
0.11276862481393946
0.10204318120604441
0.10975741839181227
0.09799663359937211
0.11650879976778358
0.1292356936828634
0.12211667857745234
0.08897923340824296
0.06663633281071982
0.07118218842335479
0.06354861433741961
0.054477044772037256
0.05280901397764813
0.045155700300925854
-0.013515397818839781
0.0034080883384147945
-0.022474639414237406
-0.03471124057677612
-0.021784431953093795
-0.05607396828343586
-0.035684867950733196
-0.08129979220203384
-0.06728610368060754
-0.08850422087959324
-0.10012258405243318
-0.1361231428611434
-0.08265177518654049
-0.14032246785621255
-0.15368278844000036
-0.12177588483308498
-0.14968367003075544
-0.10391339921163563
-0.10794391676786258
-0.08069857956140862
-0.06242755072440255
-0.08752898759093575
-0.06317461942891824
-0.026659896574039593
-0.008206531231552579
-0.0037634266974878455
0.03305405505188262
0.0403408163183738
0.03502551386868612
0.03060830321601249
0.03461405511671849
0.07255020114742125
0.05316258476570972
0.06288721575540981
0.07638863054801852
0.07547130110266151
0.09819663443040559
0.13554865334212876
0.11985438553708302
0.09154043648611962
0.135440823381488
0.09407775393457518
0.06549962098974099
0.07462329710381706
0.07072437463811944
0.044080941661940536
0.051259487192556914
0.04878756251451955
0.06547895622730918
0.01758221498915185
-0.004437257873265177
-0.022668547386031315
-0.016264652757847303
-0.01719306247088915
-0.015559844518191913
-0.0635110973602602
-0.02853590952728401
-0.092028532860779
-0.0908460744479586
-0.08382940053728921
-0.07908551708833786
-0.08780744430557381
-0.12575504604528212
-0.11683670040668004
-0.1385437704539813
-0.11697307911310192
-0.14007507583939297
-0.10244582636899921
-0.07638349582491571
-0.07330713469060132
-0.033829517356436696
-0.05142488969921509
-0.024017524630600605
-0.04605693032382023
-0.005487580861802548
-0.013512281080051994
-0.022212246071652238
0.002618824929329427
0.052704903994908806
0.014220815902585658
0.035320043440522204
0.041149215659097745
0.06530609077333509
0.05911967765228332
0.07234952061697003
0.11603437452817499
0.09863113774670443
0.11307091304466702
0.14137216511647055
0.1245637203583327
0.11819851982969297
0.15337993146228815
0.11074358207428879
0.09304971649616486
0.09760087479968932
0.07679436937348645
0.053498234398218686
0.07682285781162967
0.020372552073083767
0.035651800502694606
0.01583074970301999
0.015982845813747024
-0.07750282751359312
-0.035285295981252005
-0.026497760191685996
-0.03714134650819712
-0.026542535339141436
-0.04858073767405805
-0.08244360261072607
-0.08679422171670635
-0.11600514254404212
-0.14063214366522886
-0.12908037866866523
-0.11602228883112667
-0.1330590317379073
-0.12457071672459775
-0.10906554227158907
-0.08747359289187007
-0.07613476451142798
-0.12474423025958359
-0.06636819121757917
-0.02277641150514574
-0.0569775579738531
-0.022931585085545343
-0.05258021720097383
0.008471988579306082
-0.030403041398767764
0.04287032306775069
-0.021864248606160076
0.004287716659329789
-0.0020587782319325953
0.06257838574416374
0.05550793586743431
0.0956774775335206
0.06851236282393203
0.09733333817992883
0.1322020881444824
0.08277850062562139
0.11182538422511769
0.1444425698867576
0.1374873618450996
0.13035905626151856
0.06122892175790273
0.0967219241049085
0.07926068221125498
0.1177219021238435
0.05333666249623083
0.07851144928897325
0.033861535488774075
0.031129917055531496
0.03602287549147339
-0.0060511037469971095
-0.006080047534178215
0.006631989354909374
-0.036935437954575275
-0.009387807836872184
-0.032633657170462474
-0.04355519909606863
-0.06669640937068787
-0.14701744842528133
-0.09892740317125853
-0.06064410974623182
-0.12003749599744894
-0.12759196324349203
-0.14523033215710282
-0.13575970897988876
-0.14656508981259941
-0.10954104228497387
-0.08718640940721224
-0.0937788851146527
-0.086093918803078
-0.06000596039950083
-0.017329231722806357
-0.024759640884227288
-0.03989624450078823
-0.02345380953837612
-0.006650577358630046
0.01157529186171356
-0.012616779926027185
0.016249658879323746
0.013364748664202106
0.01010466784397484
0.03244317225124353
0.07054234523390077
0.047253711920919185
0.09766463710712615
0.06666513556960768
0.11983427683382357
0.11016309310642691
0.12848899062674257
0.11267795764582199
0.1255362696721384
0.09592543291105639
0.09642275955258307
0.061730793590747714
0.05532036681413802
0.019775849065274444
0.06732363739422832
0.07038469538222504
0.05270872581050787
0.0038629948023677294
0.002294305504509494
0.021381760061310814
-0.017987855195915545
-0.03130300998936118
-0.04980345813528873
-0.02117047271940701
-0.06946455811735622
-0.06421428676851744
-0.05876543568695608
-0.0811098498416411
-0.07370923666568693
-0.0971595397901238
-0.11122578694316165
-0.137118273069067
-0.17309877455690853
-0.1300779369009369
-0.12343698378582639
-0.09727373260841832
-0.07747670994300948
-0.04793802560906181
-0.057506559386101025
-0.01527419172638362
-0.033433282031166044
-0.0461063658432456
-0.01855275437130451
-0.029456297119585063
0.0010154846242079706
0.00782627188670331
-0.00250898046281247
0.011740389665593952
0.02629581717713181
0.044364783947966044
0.05612701829764298
