-0.25252848893339813
0.30229964257107766
0.24161566286662345
0.2965072087337076
0.26293683168130855
0.27748699003575505
0.25618686632634535
0.2679706484319991
0.3045121733519795
0.29154234626607806
0.2990553400068611
0.25600624474314365
0.29123084996445914
0.28993683816772764
0.253190687333803
0.26738271748752096
0.2563885758682849
0.2861420039017879
-0.29568970615985274
-0.29197895203646396
-0.24143279087903907
-0.2932663500238648
-0.284983821166243
-0.29908071378668427
-0.29293213784228045
-0.25960331276937576
-0.28397660551341525
-0.24222136693580992
-0.2861666537170247
-0.2960644384889873
-0.25381575100480397
-0.2242220644569424
-0.3379678277379241
-0.2813193294364471
0.27788541837202985
0.28058916175868953
0.25691877363796806
0.27986512515528206
0.2607216428615369
0.2883048029661973
0.3010101587173587
0.3228050007560627
0.3204201727117894
0.2545906109609839
0.27777892968073253
0.28249442649314516
0.3019813022808825
0.2319019492368085
0.27625805466777287
0.2592146298627256
0.2835356939218123
-0.21701447270138863
-0.2779060734841902
-0.28431308920661136
-0.2724782343881104
-0.2739350588356785
-0.29495346976169906
-0.2848106234941199
-0.2642668500221234
-0.243710860755656
-0.2913724040815638
-0.2757562560593913
-0.2522341717010252
-0.2931991360584944
-0.2745799129705316
-0.24496160364597058
-0.2531003421490615
-0.26284879061219696
0.2977220714864375
0.2717262705570326
0.2692058367032768
0.2884092223962593
0.2960739880813
0.2960577974929673
0.2809955085531161
0.2759842680838262
0.2811288315011529
0.2710056033417026
0.27994952382629
0.273090195435698
0.2965856986767681
0.2425643430948021
0.28252421783935366
0.2694401984503378
-0.2685028582979477
-0.2554340257009483
-0.2871490430938189
-0.274861495864483
-0.2712233202693185
-0.2689394666307555
-0.2653127014790132
-0.27414100046297946
-0.276509058132351
-0.25278545152145704
-0.24393721927173515
-0.3258515411833702
-0.24951281140316417
-0.2445139132347926
-0.28025423256778714
-0.28951794822811766
-0.3190899880198895
0.3040343650931001
0.27366683035949985
0.3029935287283603
0.2630299443228581
0.24900413083719541
0.26600848112274766
0.29401227182356837
0.31236085206846576
0.2602493080883411
0.2657329493214118
0.2521043705928351
0.25311059901014005
0.2667854073824817
0.2682104565385754
0.2952240659431071
0.25633382178070346
0.29518832293658487
-0.2381134067378271
-0.2759786522076
-0.27986547554295527
-0.30225842271704684
-0.2974751005978641
-0.26834431847490403
-0.2840628397334502
-0.2766624282718849
-0.24892359712259518
-0.2665121251589797
-0.2725711229640733
-0.2968500922686119
-0.29077821854552804
-0.3169978346188818
-0.25325073688644206
-0.2556775584232029
-0.29608166543652814
0.26561162403706906
0.2938055407638123
0.3197810753293059
0.28192768116101274
0.28408678462433407
0.28922330295089044
0.3022886292054549
0.2890611834213742
0.27690386947479656
0.266294197404955
0.2519478561986674
0.26515451933939016
0.2627469879826613
0.24828387315219752
0.3247866549322278
0.28883642601969406
-0.30592855402641234
-0.2879632842111649
-0.25979061252295527
-0.2746913069930937
-0.27764626243564317
-0.2759193868915191
-0.2354666361062475
-0.2436570112635132
-0.26047471734468497
-0.28096843107842145
-0.24844942368790968
-0.290548204760776
-0.27768906032227975
-0.28693597389116476
-0.29270439733426923
-0.2834866983785569
-0.29106411477474836
0.3212037672399602
0.2508241760779162
0.24541694969945696
0.28360456228362785
0.3020921029619642
0.2693256608550146
0.3032525253370413
0.24670514299612076
0.2926019368089367
0.25298858905481564
0.3045939134768474
0.28153446516686664
0.2737156617621134
0.27101604380418265
0.291584026649212
0.2564480469756115
0.2692494055714576
-0.2879105974807729
-0.269438045374223
-0.26278061807329206
-0.2555525285897135
-0.2922016823673711
-0.2936114760002025
-0.24572465880460312
-0.28214665772270575
-0.30766585216402903
-0.2684811534869298
-0.29789756905736703
-0.2572275454361256
-0.3043090881554444
-0.30488523188546734
-0.2548280510274015
-0.28107496018163924
-0.2784890492792182
0.26990115880488397
0.2606524447241914
0.2960532059039474
0.27205154717795105
0.24328538472874528
0.24979029811885156
0.28007116246384295
0.2574522164376641
0.25136935048820974
0.312198664878912
0.2693264329177923
0.2719133027238062
0.257047600598497
0.25581708949506216
0.28816747344399446
0.26841710857057494
-0.2849767648259398
-0.2806150587440423
-0.2604250776246316
-0.2653923405573413
-0.28338316539286235
-0.23126065755909742
-0.27263790714151953
-0.299055010090379
-0.2687650795610236
-0.2952017751441867
-0.2846201329572229
-0.2641425433603892
-0.2860145367173226
-0.3063581485062417
-0.2795717912548085
-0.29716675355747135
-0.2738727376985236
0.2885696428068654
0.29824772363122426
0.2742942927715615
0.29288866191772084
0.2936668312923526
0.2529818115536448
0.2759961141175305
0.30489994526311304
0.261663718185333
0.31164697430091504
0.2881116025246144
0.2792782285855776
0.2725655742536572
0.25282848944574027
0.2533362457101366
0.26250924281897187
0.28778591589871916
-0.28922086466864244
-0.2759759220537503
-0.2704749164689438
-0.28913799560978615
