-0.7693568312224559
-0.7345060587684688
-0.7576552352039669
-0.7561498983130079
-0.731954796857775
-0.7532201398258426
-0.7138512176704106
-0.7664885419034911
-0.7624277195876967
-0.7418380748007242
-0.7651104753527503
-0.7286175384440937
-0.725278172848696
-0.7463060428175494
-0.7442177302824664
0.7390784477459313
0.7172895027607014
0.7627228749863586
0.778536786264622
0.7550416880883792
0.7874918578678187
0.7622377555725278
0.7375873253076751
0.7925311737361499
0.765462837337735
0.7522219385210329
0.7392994534469887
0.7322732053115297
0.744035321385942
0.7287596010731185
0.723316306219466
0.7306574745181681
0.752637424774659
0.7609003953692984
0.7395816714629697
0.7252919765692034
0.7950879694661442
0.7867105914961486
0.7291551652722803
0.7740050192905337
0.6850560290682796
0.7520957515572315
0.7339364641153562
0.723804588010249
0.7754897750412532
0.766103265425615
0.7827944906886768
0.7760438635185638
-0.7440917579675438
-0.7844627317943202
-0.7672020953244003
-0.7612015910782771
-0.7636538367555052
-0.711798677213925
-0.7368337002698669
-0.7420210011742694
-0.7859717025600478
-0.7844319219804143
-0.748179551772905
-0.7296584847783661
-0.7747080085451503
-0.7712765750418277
-0.7434212617365702
-0.7611688742812525
-0.722159842057123
-0.736548403028861
-0.7600967578523252
-0.7526215362518401
-0.7940556011544687
-0.7234523652763837
-0.7216743980170192
-0.7417666605803507
-0.7286783312035873
-0.7661281037252301
-0.7531254762840894
-0.7321311053276773
-0.7612150352359865
-0.7636402646663397
-0.7684466428588573
-0.7328204295333622
-0.7355444524534499
-0.7456381514585881
0.7313037676251805
0.7236809593228403
0.7045908099872341
0.7540208508421092
0.7338007202898037
0.7159299077237482
0.7504121042719599
0.7306217811818345
0.7302076825584618
0.7314625343170422
0.7097956817097438
0.7592371083883511
0.7501590744711595
0.7354748483007642
0.7549055252874457
0.7266200988061772
0.7612560008285588
0.7709937943335097
0.7173054225219055
0.7792251585303702
0.7857007985292344
0.7647914667113872
0.7502720842693548
0.7381568877975642
0.7534528437008133
0.7352064749881825
0.7295162387365153
0.7759188925656835
0.7667890201176187
0.7398432011008137
0.7503645696981976
0.7674751005859995
0.7686499260737711
-0.7755603970954219
-0.7286670558969374
-0.7500013977997307
-0.733006348167082
-0.7456400441116667
-0.7198068528340142
-0.7360398216308703
-0.7299178695282678
-0.7966400867717011
-0.759843548012901
-0.745010495659095
-0.7425754415237374
-0.7577018465908825
-0.7322321383032071
-0.7488008476158576
-0.7460512043643417
-0.7629726625746647
-0.7506040540411638
-0.775659807122582
-0.7583977271901685
-0.7453339682742318
-0.7593155260151703
-0.7277735946551395
-0.739105958311431
-0.7292422288676286
-0.7358213862527253
-0.7574383682714801
-0.7041136921445856
-0.7194551773785745
-0.7521902152397014
-0.7357336827520966
-0.6961621628933458
-0.7998340323211258
-0.7741993417532966
0.7391025232610411
0.7311697742139699
0.7504505307081812
0.7383491664264437
0.737384965073544
0.7553197729482919
0.7547222031827079
0.7227277261013532
0.7584546349404884
0.7277806478989627
0.7556284001330589
0.740955745052426
0.7530197562729543
0.7525079699414334
0.7240140328405249
0.7675891338745569
0.7434084492985978
0.75640188822786
0.7401022526874481
0.7684432567385294
0.7352052905906434
0.7533082698186909
0.7552033991831884
0.7790053481451364
0.7574961922577974
0.7745405050974086
0.7750244384281547
0.7688282395709537
0.7513671415855208
0.7445031015639942
0.7657561941771327
0.7399342865223648
0.7651142011128099
-0.7847349812109204
-0.7782861703022843
-0.731978779029974
-0.7603324816236281
-0.7614066898340177
-0.7519429087843054
-0.7431051117408743
-0.7726653176190206
-0.7695512998956754
-0.7265059893902125
-0.7205713541653792
-0.7915421862239295
-0.7603734605860194
-0.7600861755118541
-0.7533326826888047
-0.7689162067983919
-0.7542775791002355
-0.7564888982174826
-0.739338970585387
-0.771065590928786
-0.7684710681887857
-0.7452193505700716
-0.717684811433947
-0.7351481220583007
-0.7417675707930762
-0.7261092633088667
-0.7198653820660884
-0.7254560187443274
-0.784454371070433
-0.7642696334227399
-0.7836694354521062
-0.7700942285080805
-0.7463151624364215
-0.7605357473304124
0.7629147012318569
0.734143839900569
0.7342409521105233
0.7391819421039207
0.7355657506025899
0.7398985140901532
0.7017356689027578
0.7595650605793984
0.7187633205389827
0.7592661151763203
0.7309170226864244
0.7546282551562518
0.7577957929881728
0.7728952679823908
0.7510083773778456
0.6944506974688636
0.7410487700419884
0.7616916963782251
0.7380467619702241
0.7634600474727253
0.7428231049915545
0.7581074056042023
0.7192653604403294
0.7924377291340022
0.7326552478055065
0.7615199004340308
0.7887475351179186
0.7588657503267101
0.7524054053598349
0.7594774926221823
0.7593585730083172
0.7362680800547371
0.759351160164413
-0.7623259223376548
-0.7534606197029036
-0.7469863899693843
-0.7385463193595421
-0.6940358711318323
-0.711162947655583
-0.7198427844493419
