-0.4094983838497875
-0.4069875053602347
-0.3573809821178219
-0.3388972742831684
-0.352324226362093
-0.33164132599449403
-0.3373671158658178
-0.34242943939930587
-0.3593559945110786
-0.35707168773384684
-0.3342345423875225
-0.32691086381685847
-0.33697398781070176
-0.32118913353747064
-0.3557941563698355
-0.3898269272520501
-0.3649138700397903
-0.3858510241738744
-0.3810185615332758
-0.36844168423032836
-0.33218400883968396
-0.32851968884358307
-0.34458676720339515
-0.38879477808268115
0.37852233130765345
0.35033925814878725
0.3337322873465419
0.36713732084954565
0.34328415163543136
0.378584769514716
0.35891865508610754
0.3586549270568741
0.36952616653108183
0.3915705043652133
0.3396317492754881
0.3402960633547527
0.3612794607677903
0.386924978602758
0.37295785656870983
0.3318473375339946
0.3299750272586692
0.348535506661651
0.35267750947519133
0.37194101482286424
0.3450629940580709
0.36357476359840174
0.3511582410382321
0.3406486868221599
0.35343064958779385
0.3700243656979772
-0.3729218877020772
-0.3837162204535588
-0.33438681201654824
-0.38344878505714136
-0.356983754502861
-0.36261775443415883
-0.3685334796024191
-0.3067791443598711
-0.3513390103734903
-0.3589956170198669
-0.3562731146280259
-0.35663488486742234
-0.3633222092405285
-0.3406775591015755
-0.3524053354583229
-0.38098571639256784
-0.38286100016639857
-0.36069192829669366
-0.4000369519148107
-0.3493847471540649
-0.34391661756713915
-0.3187406745907724
-0.3650317139582365
-0.35821779734367554
-0.3648754221855657
0.3467158903480755
0.3608352547418323
0.3940596205733599
0.32674570269426617
0.35687700385837723
0.37039231651637716
0.3510023614283396
0.33111879915644193
0.36581151369158776
0.3924619292393208
0.35797336604320135
0.32949587778084677
0.350948854078867
0.3843328595257865
0.37128337164179653
0.3411159191429026
0.36767416367217776
0.36383341623769416
0.3774779023924324
0.3924066789266515
0.3870806863870572
0.3507115178093302
0.3502770702489692
0.3516774065178496
0.31566342289832333
-0.36399958593121273
-0.3259693352741005
-0.3385179499102842
-0.36218803405370675
-0.3975821790704129
-0.36495130233016393
-0.36695587618081804
-0.35519342379078217
-0.3525820219061504
-0.3582069995223111
-0.3372615162042997
-0.3564809368284469
-0.36001859719421764
-0.3347809404663516
-0.3779732112879544
-0.3732183225105825
-0.37382535517026
-0.3349146795495601
-0.36001269042024514
-0.3591024769203376
-0.3809306734412864
-0.3626259895879566
-0.32395956706781986
-0.3512218619162065
-0.3489746935177925
0.3643795892842943
0.34157847491741206
0.3709859413528013
0.3291602702887802
0.35111433553901067
0.357104766865116
0.3295625369300859
0.37771764229002636
0.3589547261851757
0.29016068684012786
0.3563317506684498
0.3932599574863152
0.3457277157462327
0.3877434944512516
0.37778249389525587
0.37111562586818886
0.36113673023337817
0.3809906915551772
0.3340089163829783
0.32554873677110685
0.3620906755913752
0.3591945073032058
0.3458539623021161
0.34188125863843316
0.3344909562250243
-0.33129189255148056
-0.35547885047274874
-0.3611303203377163
-0.3599065445377889
-0.3320480223971014
-0.34118252754886025
-0.36224673813230146
-0.3415430269000691
-0.3266734817872218
-0.3423697840913533
-0.3879567782348156
-0.3608284909910782
-0.33298467871744797
-0.3170030421684124
-0.3571178113365884
-0.3063546943809643
-0.3609879225856913
-0.36658136560529847
-0.40425253626462115
-0.3361336332271057
-0.34504667488554436
-0.364645590018979
-0.3711037167611996
-0.3586911143476137
-0.37669465162881194
0.3583993480623282
0.35369532197717096
0.3667082285703261
0.38195629736961306
0.3597762197337889
0.32263231247442153
0.36499583232476757
0.3572338192226437
0.3765937278515926
0.375240214821219
0.31541337353341126
0.3501038855651359
0.35625679662379073
0.3604592117915246
0.34867952931782364
0.36179834819041584
0.3340494745970226
0.3532170661283886
0.34024206750405384
0.3601758601392542
0.3659734343282185
0.3840358655369927
0.3427700192527503
0.36142613255283185
0.3353879963735409
-0.3637465907720964
-0.3759541294198921
-0.3731631419812385
-0.36494096732569614
-0.3139561316746339
-0.37205956020996583
-0.30615366124066623
-0.3768919432912901
-0.3661302003301223
-0.35267010394289877
-0.3942963964247182
-0.36544903081631325
-0.34334546914969
-0.3714674430127005
-0.35869951986680865
-0.35935868859232734
-0.352199274667523
-0.33597921469477415
-0.3587886697432836
-0.3625275410932836
-0.377427564388447
-0.3357829622563798
-0.3483992444126298
-0.36584379749736096
-0.33214184410803377
0.385903081413242
0.3744889216730508
0.36116487131615704
0.37962441962614996
0.34781392895330204
0.3353579202408032
0.35789421076927663
0.3565754684105357
0.3448028714105461
0.3534765599714294
0.347931370463146
0.36665832641611584
0.33961816124585187
0.30992918776408573
0.3583388244964723
0.3613724020072758
0.3785000734438473
0.34841300051490753
0.35791383517462483
0.3385678918416455
0.3769468628318106
0.34834985245900746
0.3648288683393695
0.34642575593093766
0.3477724135102077
-0.36502159786900223
-0.3412657092186283
-0.3741953507420246
-0.34542304272620156
-0.3606999499348973
-0.35170296381983734
