0.9349437079345101
-0.9597064940225343
-0.9006730104224991
-0.8684801640391081
-0.7784175516047249
-0.7225336492107397
-0.6916514733115934
-0.6286651661974884
-0.5750044181398947
-0.5133889479966957
-0.44135724852086033
-0.38830502905158965
-0.3426481728323679
-0.2838463862467353
-0.255151306125383
-0.1561438588602962
-0.07429534900521942
-0.07805644207438384
0.034110687538861005
0.10456696864228433
0.13629592928460224
0.18605120971040506
0.2649308660369888
0.2914326742351668
0.3172094217988086
0.42013692975582306
0.563148419545245
0.5696596515812727
0.5888807750637299
0.6460087179824001
0.7364586570968267
0.7632304947027343
0.8228350727438485
0.865348007882004
0.9198616495735373
-0.9298515303212878
-0.8817309706766957
-0.8118104044064944
-0.755306780891983
-0.7104014732766092
-0.650045125193716
-0.6153312409409298
-0.538144410118429
-0.47562092706395176
-0.4111908081161263
-0.3415802108515929
-0.3345644853178747
-0.2518798916891842
-0.1881943989399131
-0.11470611025529316
-0.04381235624235102
-0.020489551085913143
0.05866805276472993
0.11295410774163567
0.1671135448311686
0.20164497312549087
0.2703618334775019
0.3227977916565929
0.3743295004701285
0.4601167634621172
0.5009469477245316
0.6023194343080011
0.6368047384544464
0.6965345135434516
0.7511090304753332
0.821413195415187
0.8565220893266491
0.9241706993974392
-0.9789354966228693
-0.9192263843515254
-0.8495446161570739
-0.8567650143256016
-0.7372822569785615
-0.6746778851607402
-0.6095312587797586
-0.5728830761203524
-0.5371595618244513
-0.45425099974387934
-0.37375687075225944
-0.3279988996678468
-0.28700319667630764
-0.21139854202078665
-0.12292033976220607
-0.10009870486640476
-0.019947176551193872
0.025030780125142198
0.09955800191566908
0.13836337475608865
0.19487920835353395
0.24775178840783232
0.3279022024217422
0.36270395233203573
0.42985823922745203
0.5046813265981429
0.557470101506019
0.6286653355643342
0.6619106701524526
0.6751595728216438
0.7493468189181589
0.8584985904393473
0.9370311339278237
0.948028402458531
-0.9289344246390039
-0.882877909576361
-0.8409772139004684
-0.7589991298378321
-0.7630326925142107
-0.6371200088815818
-0.5665423835226945
-0.5381678113353328
-0.46134507187506546
-0.4022143264551581
-0.3674301697156299
-0.29273721765846417
-0.2085518505075346
-0.1704199849124579
-0.1266649309254626
-0.022077987627648565
-0.038644328560231415
0.06098090813269666
0.12023516775103509
0.16382743454333004
0.23924033970066405
0.3106071400457519
0.35685676081147083
0.4311691358208238
0.46664072757564395
0.502989567262348
0.5471849746763278
0.6622650448127917
0.6819161162078031
0.7188773359203386
0.8466011111042268
0.8644748218164124
0.9203153992176192
-0.9455124925486952
-0.9127382712269463
-0.8289285620267627
-0.7921500549113085
-0.7217145336550439
-0.6632887118618223
-0.6240756735807759
-0.5496541245760541
-0.48605675706559776
-0.4629208507566101
-0.3716297191315919
-0.27755287963817343
-0.2575665608292385
-0.1941141299561847
-0.12279404757956047
-0.08985414155483287
-0.035502654551262225
0.03430351641388437
0.0902041949210941
0.16966272943922758
0.2254173619636705
0.25379223456667976
0.29277972534461333
0.36853395019588714
0.44679099519358634
0.4783098229766096
0.5390287763551282
0.6177994362271145
0.6615934947596566
0.7013495164619606
0.7895901900385891
0.8582296827994275
0.9066643573363096
0.9365266462734425
-0.9385090512171728
-0.886147717697351
-0.7884235980787839
-0.7290391513491882
-0.739626526797792
-0.6016959919928189
-0.5546835660065776
-0.5267011285200486
-0.4748389823671874
-0.4030558170387833
-0.351387467305506
-0.31424656186755945
-0.22352734285738926
-0.1979166559160791
-0.11258695042854142
-0.054226964147477255
0.003947109287571172
0.05779133508477724
0.1259195440382412
0.17189587922448282
0.24237280262269367
0.31166844847764785
0.36028786849930855
0.45102405036222815
0.484418418994213
0.5533350493122545
0.608847646651172
0.6218921160594816
0.7182775778373149
0.7719979772425382
0.8253309059285223
0.8523985755031751
0.9355551245833316
-0.8990734673028915
-0.9247685040124148
-0.8633277101275267
-0.7882016587943839
-0.7646067217495001
-0.6659208971062757
-0.6596961183759819
-0.566899867791158
-0.48151364599596175
-0.4519135517450315
-0.398914841492419
-0.27429603660611623
-0.2820976954011855
-0.19664715084141277
-0.1378738933029646
-0.062084510363394865
-0.04309751972961902
0.020834846792696968
0.08561427902044765
0.15698256913531297
0.19759705495888863
0.2824477300221238
0.3222292933201058
0.39097064119717223
0.4610869018263969
0.4824701687993804
0.5638577410721204
0.5726238456664551
0.6298389939459542
0.711628812420636
0.8076804380226374
0.851702239457461
0.9431462910844763
0.946241679441321
-0.9132834211614386
-0.8337537802597657
-0.7907947438349233
-0.7621997935998311
-0.6882935375653467
-0.6184834431147219
-0.5710182301329885
-0.5473948203153675
-0.43426233838516426
-0.385455309522469
-0.32381775971202487
-0.2647460380940757
-0.2300926607017176
-0.1494637282977572
-0.11421537869762449
-0.04991728606743934
0.05189139459128924
0.07939375840235363
0.1377546679666533
0.16135294885915602
