-0.290783179791603
-0.3090432566849858
-0.31512780900103415
-0.3067674294356402
-0.2661847100762749
-0.32737963695471717
-0.28620635218333706
-0.32057350725974476
-0.3188377170274144
-0.3014026443847755
-0.2541527500731437
-0.31221187203914547
-0.2765769556435674
-0.2664875898568907
-0.2850727465832967
-0.29275998837069467
-0.27482275822675434
-0.28928816069047497
-0.2978405008915399
-0.2581633387266668
-0.25947781382034985
-0.2992386800484293
-0.2742433521275055
-0.2898312519226308
-0.2576053961565599
-0.26505340979378184
-0.2638603355743949
-0.24772791509147513
-0.2745236586214541
-0.2702405579663101
0.2548896892922053
0.27798973492686757
0.28560223528414297
0.27274301905547677
0.2843302681755965
0.27346965676855933
0.2497170981685889
0.3013218412924817
0.26905628728074243
0.2644053739699014
0.25499541164407646
0.25320945218775764
0.2833088916294389
0.28896110630764144
0.30288647175446337
0.25537413425104566
0.3001456477759405
0.2976504294364101
0.2667136791395154
0.2765681353867819
0.2683550110066317
0.29040729945257115
0.2724895820949105
0.2990960280893155
0.2934025766604077
0.2718796316254212
0.279613711079067
0.28545371881854714
0.24678158421977175
0.30419693072855886
0.24009360070796124
0.3010632467979071
0.29438483905107454
0.2852835781604722
0.284372675195671
0.264025539744517
0.2721434708694011
0.2645837660946744
0.27371243185442307
0.2893741584687181
0.30855873587357163
0.2921108798145915
0.26260133242807226
0.2939854660828
0.24847788602787138
0.31383081165139365
0.27616190093117693
0.277838049721899
0.29637380976552974
0.29708069536660425
-0.281354883683499
-0.25906214913255854
-0.2851740301643792
-0.30447222717216854
-0.26781837426606414
-0.2829940968585526
-0.24531550107144723
-0.30261237439296484
-0.3034497682883125
-0.28112287872748604
-0.2535211841687537
-0.32250442777520666
-0.29816817876587304
-0.2752997607612786
-0.2819223465329655
-0.28316650574124225
-0.2637936931850373
-0.2930322610723741
-0.2791414173707326
-0.28857793762193534
-0.3006129081901074
-0.26615693900800846
-0.25300145376744154
-0.2692189704676793
-0.2756317437599071
-0.290136314874818
-0.27448140254422493
-0.2625587970545342
-0.2908306200247819
-0.2886230876338533
-0.3228565032339313
-0.2785744567354889
-0.2738093523371564
-0.2639861555270263
-0.26864240102925757
-0.24875867554814118
-0.29663551304136976
-0.31581997096932274
-0.24569502164770154
-0.2918664831420347
-0.24414218340869248
-0.25258779490722927
-0.2613433109804063
-0.2994132550817957
-0.27935267507708655
-0.26538809282362763
-0.2744408748603997
-0.2739379714290118
-0.3023313307954043
-0.2722435362458689
0.2860521579304033
0.3064099264561346
0.2883671284177848
0.24618959564478116
0.25552625457437866
0.27591509296105354
0.28306445457752916
0.2928174817956027
0.2964794359370227
0.2685662017715138
0.2654735839282661
0.2970242208224669
0.2773142891768859
0.2833027904080562
0.2949264177082301
0.2867149986761684
0.2802035961926776
0.26289281288275446
0.29315001440985716
0.29798425478661617
0.29993064594558083
0.2539913441084002
0.2754493703937524
0.27750430862937514
0.32726068304652456
0.29076518234470433
0.30284767263391993
0.2632766968984929
0.28777698330837787
0.28113446159619815
0.2876964569031415
0.30318219462617807
0.28649886407095104
0.2769761915012417
0.29768738795213007
0.26743690923749497
0.2771319730975256
0.2793981004754859
0.28603266539217415
0.27537763851755503
0.2716170662184045
0.29709387959366457
0.26056944198095133
0.24448501555456614
0.2524049047525232
0.2974685181342397
0.2688491620751173
0.27549941981383474
0.2833811634118805
0.29174308641833063
-0.29345660454929623
-0.2856972022689571
-0.2552946549373343
-0.2941104705999496
-0.28779691824731374
-0.2974575316313139
-0.2949602833429862
-0.2906500668811428
-0.271284231407699
-0.3000157781447129
-0.30929030074171526
-0.27356464108962275
-0.28305950358933635
-0.2609043022367668
-0.2779896378059296
-0.2991466832945594
-0.2706340587935795
-0.28508798730812474
-0.284118239407974
-0.2888979944282654
-0.2756393310731673
-0.2639472448270169
-0.3018466308528043
-0.2754943534055371
-0.3002247754404151
-0.27091627185286704
-0.2864017921793726
-0.28211975705566433
-0.30073320652307417
-0.28763038635183424
-0.2795496567107429
-0.29533605060241525
-0.2878693352255874
-0.30939130265988324
-0.24936781530855373
-0.2702550986537344
-0.2708068862602586
-0.28179883013393026
-0.26519680641382526
-0.2819118296294732
-0.29042145442071476
-0.2528625514106293
-0.3022852925041817
-0.28459898303792197
-0.2701252461423414
-0.297404280828711
-0.27841664107639225
-0.2543441817822575
-0.2558725076356149
-0.3032034458678336
0.271685206298199
0.28320497979846904
0.29136115567037546
0.277033100342195
0.276384710036844
0.2907089127909425
0.3258193345330705
0.29343590616161114
0.2513271955701758
0.28055233453288136
0.2651748793893328
0.27201072541146826
0.2843023420853639
0.2710826301561903
0.2811856789282388
0.2921393519606072
0.2796217599539288
0.28789366252526116
0.2552326398353702
0.3125305469255144
0.2680164917040688
0.2901683539045287
0.27102424373077805
0.25424343497578383
0.30485811602271057
0.27436045665987036
