0.8366953949024097
0.8098832864431822
0.8455663007491312
0.7526110571747208
0.7084698649767595
0.6146646445212252
0.5210953647251476
0.41087218948236465
0.1651714572300693
0.06197986557807943
-0.1112445031577173
-0.2555582869105571
-0.37247354782441155
-0.5334936691773592
-0.6302046472969681
-0.7330991232269513
-0.7989361818924544
-0.8247153371778422
-0.8463142902842758
-0.8410533556857671
-0.7807771057963346
-0.6608512349089832
-0.6147649096581883
-0.43353535721751496
-0.31393739764319206
-0.1324925977078228
-0.008929780847271713
0.13825789185773987
0.29520728150522724
0.4756411993086138
0.5426220689793297
0.6536287773182095
0.7610381909246811
0.8115773399359212
0.81882360730429
0.8542590054019868
0.7880188411505762
0.762453099342099
0.6477630405081
0.530575956900275
0.42829296978482506
0.270335205613184
0.1476613959200328
-0.034422635677174726
-0.15326093059893528
-0.3324968423780053
-0.504203838391173
-0.5530513507114312
-0.7247181827161066
-0.7542895316210558
-0.8175752613683718
-0.7990318067086576
-0.811904403126216
-0.7816329748649973
-0.7444257202604067
-0.6254622976890514
-0.5273858567696332
-0.3784067431743531
-0.1779516395816756
-0.09238802060116766
0.04942905937673253
0.19873396785578645
0.3838399067293385
0.5102934082886029
0.6209201856759472
0.7258428697819038
0.7922239893292972
0.8412913254417536
0.8272353928143646
0.8529376917071412
0.7952380934747203
0.7189942962655136
0.6005732315850384
0.46536098148943267
0.36786959094386096
0.167873998788931
0.01816016032750521
-0.11980203937972554
-0.27551593770335137
-0.40826972124340355
-0.5283328290590867
-0.6379686920538208
-0.7143027473402745
-0.8188755691153765
-0.83893187146627
-0.8218531124261521
-0.8118050535470133
-0.7485045677593908
-0.6414869017875441
-0.5731223900158301
-0.4372231350867425
-0.27357042307785695
-0.13207797820527034
-0.0038367477416579613
0.1834388777636287
0.28895044540307957
0.4638224916819558
0.5789318340997397
0.704703870534592
0.7720106073656762
0.8252868180058459
0.825649626409511
0.8582488519253463
0.7934979867302089
0.7269897201022888
0.6412285161220097
0.5267928665536158
0.3996804189277225
0.26699770648137416
0.14961539383879105
-0.08413234123764474
-0.21444527910390776
-0.3550965553312124
-0.4925853845777789
-0.5596314741601477
-0.6744917245261391
-0.785490998944497
-0.8145128515067255
-0.831899138682408
-0.7963793100707691
-0.7578888235139667
-0.6821582737620414
-0.6228552250637379
-0.458519131889505
-0.34916119338520035
-0.2136056584602255
-0.03842162510095416
0.11461929915366305
0.25359262545228656
0.40546461259610705
0.5526976901163797
0.6494300358919213
0.7273006203700646
0.8008232446028448
0.8579104969780115
0.809443206586188
0.826081080564613
0.7625670758533707
0.6772238708377174
0.5929948813213284
0.4791902120371998
0.32127249626590754
0.16704697833393306
0.004342317925808536
-0.15205892150370062
-0.31151304992329554
-0.4188877636240991
-0.5616260004597217
-0.6639088724803024
-0.7728711866010153
-0.8138627063315862
-0.8223421310149926
-0.8284352712372901
-0.8251058117730595
-0.7516258310296398
-0.6514578301662213
-0.5353786733668884
-0.4174792748890491
-0.3103204311356544
-0.14691545442211615
-0.016783934580007445
0.16244893581943928
0.3014033516349444
0.4719466880259206
0.5686478182450968
0.6888379897678595
0.7621177426528981
0.8194976702203256
0.8535093246752609
0.8042078944610453
0.7582855761746348
0.7279552756549366
0.6762437770101474
0.5314409030364056
0.36792106497101773
0.23391798519507903
0.10358504998945164
-0.11072083234421484
-0.22406200279235616
-0.3999688891589401
-0.48779689471107696
-0.640779589682444
-0.7136880899984236
-0.799158706223158
-0.8178495655462397
-0.8629120693592547
-0.8689005689690386
-0.7510640210476744
-0.6825900189960966
-0.6292812824470508
-0.4953304175126906
-0.33774186064791967
-0.208299083263959
-0.003568530419092747
0.0563832540636652
0.25758880596505207
0.394092924230755
0.5176436267358718
0.6651099984155453
0.7474958159099319
0.7865012438194512
0.8544816182153284
0.8216850547912066
0.8050147257904929
0.7832387177495812
0.6768941200671429
0.5755184829921542
0.43812178968991755
0.29816381620701976
0.17447683792909371
0.01926174064217789
-0.14469591049753885
-0.2796328560726606
-0.44021309331780933
-0.605580186595065
-0.6677139026000336
-0.7638956100819553
-0.8532000058027325
-0.8389335613740098
-0.798166040327832
-0.7879454484969899
-0.7138644759224322
-0.6740276231041394
-0.5470347221616397
-0.4348607029039239
-0.297747413368671
-0.13369712104073994
0.015539431984318963
0.21461685399705477
0.3153600974584261
0.47602602589625015
0.582412014517907
0.7094021451783843
0.7668490158346286
0.8513062443914305
0.8627538337902728
0.8734282854398082
0.7572245163475121
0.7121918921172901
0.6273088167306001
0.4890636457414893
0.3836893038570878
0.24373284890268626
0.09234910359891596
-0.0576500303004272
-0.26141465108572925
-0.3734153936811789
-0.5363973248090352
-0.6298721168587202
-0.7486277370002729
-0.7991445153553687
-0.8492668740848252
-0.8685293654488173
-0.7998405727416742
-0.8008140944387541
-0.6636992707784176
