0.0030924179430402345
-0.012024406422572732
-0.01892695163317234
-0.036387675131011314
-0.018660815652174065
-0.04572188207415662
0.03568714775861606
-0.025847296224698255
-0.01368080466853886
-0.014163060042564584
-0.014043150585665472
-0.005873289049686781
-0.004314006959713127
-0.054505665284129694
-0.011362596179090408
0.021111832537853824
-0.005100917208328734
-0.04475776480266543
-0.0014623652158074702
0.012033185959284442
-0.01713593535181018
0.007642248787236062
-0.025994813399972047
-0.040971074121768813
-0.017093819194843235
-0.028236122114582166
0.02188602813714672
-0.015514030210998286
-0.007936100864833314
-0.02213651752937381
0.022937483272551632
0.0025629478588782353
0.008300583898477607
-0.005910004200216164
-0.048857485834852235
-0.04634035648763106
-0.037349527463262824
-0.026157842789367287
-0.01686287310908924
0.008875836454852522
-0.01957067027291499
-0.02294169742044254
-0.031278406360708395
-0.02291947752757842
0.014445249157420757
-0.00738464021676999
-0.0015413009502514125
-0.021013296432780933
-0.0008685259162873708
-0.033249286552376564
-0.02185368183941533
-0.008674060236048891
0.008837209052711598
-0.021480614079180234
-0.01587655931184895
0.012151786796488062
-0.021786002165517064
-0.020228314027555837
-0.001948748583370609
0.003737180329378565
0.01098286690339515
-0.022173231482140808
-0.025222459433321884
-0.04614868712052875
-0.04631849753250701
0.002119204701797349
0.004086293382793756
-0.02498008124724253
0.01277558946897744
-0.03137188011325042
-0.014698137603829058
-0.015841139601530708
-0.03170951460760653
0.002216910160587137
-0.013043752753386309
0.0231704377688173
-0.003798225243850201
-0.004107539975398887
-0.0002828874029610056
-0.02113258616279562
-0.009565798039743065
0.007580649083099836
-0.026853559656284814
-0.02482555978769102
0.0058846905402867855
-0.02880288638710704
0.012653217594857063
0.009927115934148835
-0.03296231118216058
-0.009630194823876406
0.040047484270219785
0.0014863120475286174
-0.018038955390034847
-0.0010654577601509636
-0.017618230209411882
-0.03980639931431804
0.01879642712701885
-0.018327167026709022
-0.004256006532647759
-0.003226579550858372
0.016783270340752537
-0.021452035473810718
-0.023935465237130676
0.0023933157885658828
-0.002478611752615299
0.017285324860967524
-0.0013727859812733656
-0.001772603475721125
-0.005372505182104361
-0.0026494682390476813
-0.007245781642898526
-0.021550883781266558
-0.0014091072272169915
0.016944290939596825
-0.017348426373108756
-0.018786322379562775
-0.03963193041686938
0.000474959944648589
0.003092270142748587
0.012503245585282976
0.00886907971233605
0.0006161400350398784
0.009000198430561355
-0.02617170084592589
0.009921351746668023
-0.0024234419681010647
-0.005983306312989979
0.00816427718062176
0.007904192450023214
0.004448186444163862
0.009854880958841045
-0.01917601736622998
-0.028589321246021253
-0.00814469629721907
0.012119530925115776
0.026598207582337927
-0.022903242703497098
0.03358419169597929
-0.004898191242060295
-0.024169595774767866
-0.021317614113804586
-0.006732742538048316
-0.01141227284357418
-0.04942866845851305
-0.031034637447755465
-0.055417765194426725
0.004271316682234443
-0.0018489157209117851
-0.011006693314016564
0.004216644537797883
-0.026327154702709993
0.009321028791963941
-0.020103904998429484
-0.014907184472415121
-0.03590081333607772
-0.03727892154130104
-0.021144696116199187
-0.012862543169631318
-0.011012519005763237
-0.007428866088939164
-0.051569284938850254
0.033923032942155276
-0.01233730364308495
-0.03236897879454254
0.01052607809449159
0.016643018990988405
-0.01142323319492354
0.02676243807495669
0.019838000710009237
-0.025997147201739866
-0.006640041511791045
-0.025547104872814846
-0.0004552108131394457
0.011015786472721964
-0.010461356664345257
-0.004276556636617745
-0.032739177681650584
0.0016003786726992326
-0.03294922181272076
-0.02379921727264126
-0.03535617223585724
0.029906457415484294
-0.03336077013491899
-0.005905047249344566
-0.014002422037461854
0.0013742697723417505
0.01376911656058682
0.01016735280196416
-0.00037751753325140826
-0.056686955559199746
-0.01801305387345429
0.00395008366601407
-0.03156890760056735
-0.010704435626382507
0.03089577394814431
-0.029158962216622702
-0.01072493131452286
0.016185647388388236
-0.00963006777696284
-0.015176552886178536
-0.010206886882760178
-0.0024340784893905404
-0.02050639566933931
0.003755666099170902
-0.023074155582488355
0.0023739937368717143
0.009861996847839394
-0.004155093195114359
0.006580883721821827
0.00837203888421586
0.01797911002714042
-0.0058646913297914225
0.014671144892387428
0.005419383533358997
0.006565511104052798
-0.03782070685219996
-0.03103519486416733
-0.014667200535697993
-0.04410965912304157
0.0020192091335599453
0.00943984896688541
-0.0062971854613916925
-0.010432963674421824
-0.003945761391243962
-0.02262370965579761
0.007236071795319295
-0.009104093574372973
-0.03848302382619488
0.013064764055692762
0.01637724538675387
-0.015526524833110742
-0.013076212726077384
0.022613894875387057
-0.005018752583864103
-0.015188023314778348
-0.02054068700439935
-0.06259131816314016
-0.024750621449351865
0.005410241538527005
0.0023666022210431037
0.004532700743159661
-0.031469536672363484
-0.022386669414234384
0.012711496497670822
-0.022764984229332184
0.0036965582302096282
-0.028640843240529422
-0.013945537232026102
-0.02895784235903183
-9.497078324298587e-05
-0.02943889486859507
-0.026797673171528355
-0.01918675931749371
-0.000574577080690091
-0.03662000876808348
-0.023777720399109626
