-0.10198415052291673
-0.10341264194630174
-0.07739530877367912
-0.06588423440444843
-0.09493869464980183
-0.06287561947384938
-0.05095342972763514
-0.09487745278670293
-0.09475789308545986
-0.0577227684943737
-0.04937207297715678
-0.0600489368837493
-0.0481014869296899
-0.01532855639821031
-0.00394518489171122
-0.013233313994955722
0.022624938933023052
0.0160566462780152
0.03784797095028301
-0.003422363092681343
0.022346984853906637
0.0037751508663051644
0.0528347082541105
0.03463532504557293
0.06244822280171622
0.09032260398691841
0.07304645036387211
0.05769294559792555
0.04299659211561383
0.05891899770573875
0.08644297556832699
0.1082007338977059
0.12965138878388016
0.09136423034618557
0.08297134463140353
0.08865892849216622
0.07953191696112841
0.062394640978177845
0.051621332045100624
0.04878087615759524
0.08217758431989661
0.07164652788668899
0.07684053126746514
0.041907367730833714
0.022167611986945918
0.03128438389846525
0.013931159896335232
0.023764100543834578
0.027386734436203236
0.03197578818237562
-0.03385548533859189
-0.008712153567083327
-0.009186022815789643
-0.014077497677284511
-0.023019926978579117
-0.01969185571855575
-0.041692494800494015
-0.049559723754768484
-0.06411237332479519
-0.04196669802402053
-0.05633018050008155
-0.08708681589791557
-0.08179987694575375
-0.10975206574403379
-0.08635330844831311
-0.08091389580361229
-0.11477702497838152
-0.06974396185942643
-0.09791304660076046
-0.0788629643248783
-0.10519153078398819
-0.08401395101381816
-0.0359105877862341
-0.05874631696488915
-0.07230098564663413
-0.05458978697824523
-0.009775546326078549
-0.052456825731797205
-0.060044165885578316
-0.04098370949125796
-0.0379667665849773
0.0004821715337537148
-0.010293538211242586
-0.009478641625713814
0.014812591243678595
0.02683648497097158
0.03983072967917798
0.026160830182261216
-0.005612566454120144
0.05935076217289245
0.03953867719119125
0.06213584109554191
0.0759041772778833
0.06170246258574108
0.07591021975186159
0.09248224877658928
0.1331267943035207
0.08503531719532545
0.03861315328842069
0.08302435147391792
0.0686623126890553
0.07436313840377147
0.07319420056926942
0.10098599982260592
0.03973756340432596
0.10441901283524824
0.0716923228361362
0.056933970368778626
0.048209105616088335
0.06627011667335563
0.01878928850249939
0.05429922910278873
0.022897204556836546
0.015765538385122832
0.014576149102723064
0.01882954595864228
0.002843601248236424
0.004448258951945717
-0.032382497732540184
-0.046005771460389464
-0.026867727830185237
-0.03643913636656143
-0.057842682292275745
-0.05296912927407251
-0.08398376741038423
-0.06148750759912356
-0.07206878728221827
-0.0779288993849538
-0.056695160591901286
-0.04854696922774313
-0.09147253539061909
-0.06571399182259888
-0.08565831044625327
-0.11950153429946236
-0.06817015716703037
-0.08499246260063975
-0.050794208272199964
-0.10285951737400936
-0.09016808470326369
-0.08826329057493801
-0.08368089599358589
-0.06346830217111575
-0.05121095076046743
-0.06781022552210261
-0.04460148240185342
-0.07535593553144448
-0.041883578889283304
-0.04748950704778777
-0.014539608832988512
-0.058435688426788375
0.008488810919931505
0.012936986830411803
0.01406402079892275
0.00484988767299728
0.03973666959251575
0.013491653544957762
0.05110822735922275
0.061273484378308915
0.06790243730345655
0.08383533652143835
0.04113655220919067
0.06509496965246733
0.0710082560705771
0.08099373007675831
0.1031685570878898
0.07381478927943666
0.07092664215641291
0.06957500859067278
0.08446111716387658
0.08941392725352681
0.08932764903045601
0.08659410686139639
0.09414897765019237
0.08339431161237021
0.05725907975966074
0.07695577138345006
0.03511010281529292
0.06629931098297867
0.02863203455686813
0.05188207846151109
0.0411829167890316
0.031222323416331167
-0.001729513487356945
-0.029650303724239283
-0.0012845607742234394
-0.00907484057711884
0.011029566279374261
-0.024817531383551607
-0.05810281869522432
-0.05218494348254042
-0.0009919000192433192
-0.05633246715740048
-0.06360245412812351
-0.06369319454410995
-0.08332680869235949
-0.048314579948340305
-0.10783822946757485
-0.08215981280564957
-0.058849270588293354
-0.07032087887681734
-0.11456754054333355
-0.0643530310751855
-0.09409526410347123
-0.11570384046101853
-0.09476236872341857
-0.06639196737114404
-0.10075725898217465
-0.0803398239635315
-0.04088636431425405
-0.039964521312987764
-0.05230428609122755
-0.08135138398443403
-0.08433825255047597
-0.008248137161171256
-0.03887926939647063
-0.04161173165031633
-0.0075683844153840146
0.029377511789577905
0.02629937293870798
0.018082271049262688
0.003422613146689967
0.05476648216253081
0.055098312498315066
0.022922909116157127
0.033151697071023147
0.02602628339523929
0.10283446640326925
0.05332873178265243
0.0813549306706332
0.10588158191732316
0.08866683435159985
0.05869265185450742
0.07278271405403584
0.11148057086714686
0.09373048745234425
0.1107635046768751
0.09630022303025773
0.07756250256762694
0.09653692446235898
0.038235997729459244
0.07013023620155899
0.08114498580417233
0.068822441710576
0.07852862086408148
0.04339575600744041
0.0006553289047525473
0.03024644105055874
0.03138379302916625
0.011949156788264578
0.00755505055095811
-0.006301835131144046
0.02077552582923395
-0.024970360445707947
0.00393508827272333
0.01513687197857027
-0.044941516651152064
