0.18536176599737175
0.1359021038144529
0.14322195407459773
0.1624266545829674
0.1273612787210714
0.12394082359401634
0.12311903229510908
0.08759313241134152
0.09899668110189555
0.06262012148722863
0.053092648840344626
0.04524440640655296
0.01888051385717894
-0.00545390618423404
-0.04056207357170297
-0.03157644067584159
-0.043809571233023356
-0.07353018367155223
-0.10819141374425187
-0.0790556331343441
-0.16049045151271407
-0.12027614196130434
-0.15360118624671862
-0.18523101451043375
-0.1815867649947785
-0.1355070969853398
-0.1649764715175594
-0.17117596516416178
-0.18222870229823454
-0.21469049480919475
-0.21529195271120463
-0.20654222076079673
-0.22962867101070242
-0.19601860830853163
-0.19788623077741826
-0.14805661343827473
-0.19463392797281495
-0.15441213490935277
-0.11629089978847765
-0.1516625017154323
-0.12168535923862114
-0.07969629847638661
-0.10492278890148854
-0.09085975157831012
-0.00035485114157104286
-0.002137237571536367
-0.00837783541565423
-0.015232612399300915
0.021093904713923767
0.08760239441750127
0.06586034716805862
0.04894004738383422
0.09467470009078555
0.12214097895456447
0.1394534018333165
0.11497244891830262
0.15058127825711776
0.17568658169968576
0.18793412838300091
0.17907746134014838
0.1695906728641892
0.18205229752707255
0.19841025982461855
0.2108271933848713
0.2056830528737469
0.20605127695440742
0.23008722492246614
0.19144842161108006
0.13475383333645663
0.16339489952335176
0.17947373095896568
0.14609749000417946
0.1331052767607811
0.11948271815662058
0.12719589605747517
0.09590325158072963
0.06003815808116328
0.06167316372694939
0.07741956639599289
0.0163351215506647
-0.015916952805280587
-0.012881949409941553
-0.0738844900894012
-0.03208527694815699
-0.08582890037210703
-0.08227814448383225
-0.13999416327923336
-0.08632981833219533
-0.1234362107528106
-0.14104160927992077
-0.1521756531247748
-0.16198566072126994
-0.18002423196704043
-0.21142883500687884
-0.17719730742629483
-0.20052392622523257
-0.19240187105613007
-0.19058745988049297
-0.1968254593668664
-0.19288295014906498
-0.188866239363843
-0.20505925050306475
-0.16045085389344715
-0.14232248234990288
-0.1652327478188105
-0.15171673329115618
-0.1302559904506071
-0.15379368478960495
-0.1299630163177145
-0.059246544717578606
-0.07539204456233095
-0.07089394229121354
-0.06411222916792819
-0.004098953669905261
-0.01606029821513144
0.0268458938407024
0.009314254749255263
0.05933197363666594
0.08125438108965503
0.10044013099043599
0.1299362323597772
0.16594440111597358
0.15877633117091716
0.18398303364466187
0.170815197748667
0.2044537025451705
0.18470266438019708
0.18630891293808566
0.18304927689040537
0.20501215383628785
0.21301730269385827
0.18458274738536326
0.175021088205902
0.2096109570293557
0.18966385893193421
0.15104396140562218
0.15688456246546914
0.14473970435159417
0.1260293949285435
0.10695389647355917
0.11921238730348174
0.0974357101020344
0.06929667032588449
0.07293142941186491
0.029132128398751237
0.04402515256041401
0.014984889817166194
0.022650623846562714
-0.006000027927661409
-0.022189469568521053
-0.05563853645114744
-0.09260991786160219
-0.08057537836875835
-0.10729155975194027
-0.12878968580136685
-0.143242542010798
-0.1489425084023706
-0.199247244001023
-0.1766266208208024
-0.1847546962314048
-0.18110827756286796
-0.1743570898454291
-0.17404436885141694
-0.20792217919634726
-0.20488794408176084
-0.19319588843447097
-0.18201909326917495
-0.17306369750352024
-0.21201903553539284
-0.2019927599994817
-0.16239600415037583
-0.165117259631045
-0.0845096089700954
-0.12967566838521
-0.1024181004273865
-0.07543685266097631
-0.08360867255748601
-0.07518601108049441
-0.04464373186926245
-0.05495825230371196
-0.03041388994096087
0.010163807051174133
0.028742628566785545
0.019189183273108333
0.04921160425846342
0.08270040985285823
0.07265058591273944
0.13291202232350707
0.11376732544242808
0.1222310962733252
0.154398209897042
0.14518418002054675
0.17101435251438662
0.16928110947865127
0.19368237843964334
0.18417365492525936
0.2414316380863884
0.20102567427728715
0.2020967417035004
0.22865983245524138
0.21247170723074
0.18826806903715326
0.17611030664536798
0.19987830634867396
0.1856653921904671
0.14459642752030405
0.18793782669355436
0.11037068847841514
0.13286237044196866
0.10445636545662729
0.08975688074287276
0.025724739600730975
0.07645329835306025
-0.014946014472065183
-0.019879603718608793
-0.0505173427134353
-0.05242164134428582
-0.05041208038755648
-0.11484263969725889
-0.13321124177202148
-0.12232347937205446
-0.1330016907238221
-0.16195318391300653
-0.14603782137424423
-0.1742306580246209
-0.2058566089029924
-0.19915644188477052
-0.18674307778400293
-0.1882751800297873
-0.20648723003983008
-0.1711779347243861
-0.19978393758477123
-0.2189110266674885
-0.22463517015641996
-0.19107773527454894
-0.1946469298599048
-0.1985268124754328
-0.19178976608218212
-0.13177221011774884
-0.13213920554972042
-0.15666090650392892
-0.1226463202284134
-0.057406148341247305
-0.05378168768427332
-0.05348189809622309
-0.061880653210188534
-0.02093134226498982
0.007438027223166162
0.033618033349227305
0.022596905519422825
0.08634983192131551
0.09422186604949354
0.10253016175113609
0.13411245400718141
0.13047082454402062
0.13726712946558192
