0.09668627856382732
0.08448380069906197
0.092398270532627
0.13263187925615588
0.10407186023856302
0.14578441997687938
0.09319830041376648
0.09186066503998205
0.09824228113322223
0.09363147089356882
0.09139988656615093
0.11062556972226682
0.08698342963521545
0.08962128588963426
0.10464129699745532
0.12570941208624356
0.10640668353841305
0.09341937080389079
0.1326393819492195
0.11502439523543317
0.07845586516206744
0.11791670578883875
0.08845870193307481
0.12060902524989717
0.09378356332092151
0.10882377721545265
0.11441294328393115
0.08283276973339815
0.0789703392534075
0.1412592787993931
-0.09269522960542029
-0.0768761468681137
-0.1241191525972582
-0.11199002754330609
-0.12127536794592088
-0.12723570445325144
-0.09565561120285046
-0.0882579611682632
-0.12445498486836795
-0.11088929741614434
-0.09058701315406502
-0.09735293804139229
-0.09144282842729647
-0.11806433815624474
-0.08350076344764962
-0.10333014889116515
-0.10513394045318278
-0.08372127739362976
-0.07055507566150782
-0.10508698860290494
-0.11523170314521676
-0.0847849462972621
-0.10241065777464245
-0.09524182490698621
-0.12985377873746407
-0.08357569384307952
-0.05970235550275906
-0.044207717279801675
-0.08530373049566299
-0.09298542698647778
-0.07676267892667193
-0.09141816901745672
-0.06672145554332573
-0.10023681129675263
-0.12757752634601707
-0.07688443709274788
-0.13088531588468255
-0.09617001739564808
-0.14494821725188684
-0.11439009474282451
-0.11228512278851521
-0.0911242721319514
-0.11817678899908973
-0.0941758465650455
-0.09328544175556161
-0.10980825498511762
-0.09920969485199678
-0.07387413229563854
-0.101551506703406
-0.1054438969612779
0.12025403035201088
0.06422946515754221
0.11739071083571265
0.11263471631133849
0.11087027052114223
0.11291381909170647
0.06243848297494641
0.09241466868474724
0.09986202503234078
0.07686670966312352
0.09508613920109221
0.14788580022301168
0.09277380696674974
0.1022171431449241
0.10137144145573122
0.09775525512243877
0.09289560053037593
0.09225290491120716
0.09152657947006701
0.11310198743069093
0.08810104274979547
0.09589259909517682
0.13827997949125348
0.08737663619791819
0.10671585719166626
0.10912182042853902
0.10037622039117786
0.12703286056520285
0.10703218926539243
0.0753986257673448
0.12735017926029799
0.10551912571925179
0.09536067044792365
0.08817227278837068
0.11672229761567945
0.12307567554897247
0.11955704585893967
0.11808114994254298
0.09473363408772832
0.07452085880255734
0.0950832203413923
0.09451396075064114
0.11617596411285072
0.07381054934682066
0.07618063150751904
0.10313535558461182
0.12858853224296227
0.12172456826871035
0.13275466989637033
0.12082883752715924
0.11162180587720298
-0.12398725735856034
-0.1209122103448959
-0.08913334315808245
-0.12808466742602467
-0.1074800874025609
-0.11309355162244847
-0.07091108720297894
-0.10005785887272518
-0.06978211658863662
-0.12231201529540586
-0.10077202945130034
-0.12115565263260399
-0.09394712524985532
-0.08339493835457967
-0.08183993737336526
-0.1388828020595763
-0.07931381414587706
-0.11924176512820016
-0.09729817678830796
-0.10379254502584637
-0.05332658468818223
-0.0997054435228739
-0.11959222030114926
-0.1310298141930764
-0.15241988922132363
-0.1067467316910071
-0.1084241836245451
-0.05936166232128159
-0.10805009957127026
-0.0997942976567752
-0.11467376299561395
-0.10711139397224653
-0.09928272935878678
-0.11995446977159484
-0.12211959056908898
-0.09393308750859422
-0.10277392486903862
-0.0738397801942253
-0.10400609610765486
-0.13309996347585884
-0.11544680250229371
-0.08833173764862542
-0.10658254401495028
-0.09296087547049411
-0.08678166325697975
-0.09943461078170449
-0.08818589230558771
-0.09191799356452394
-0.09038730285633101
-0.11495926095469886
0.12129180754217028
0.08301507291171538
0.08492337289067028
0.1322932634664691
0.0921679284153176
0.09146749550935987
0.1360377931995403
0.11770257643866593
0.1065162649929965
0.10204005821234995
0.09676321444589635
0.10599640790408935
0.10341338104274059
0.13961255252506502
0.10484960260502513
0.0989077635722341
0.11329723384732789
0.09477701148952278
0.0858676224919529
0.10141568364563476
0.11342560014759513
0.100436864867812
0.10066492746480916
0.1287125928761528
0.09405200874330041
0.09975215803698269
0.1237079224341358
0.12370592831088484
0.09316364751400151
0.14423835380051442
0.08900735105260851
0.11296596257765154
0.11970596650770465
0.11573856601863146
0.1519545896188635
0.10321728304257811
0.11134739380474634
0.0972167743461349
0.09108224602170197
0.1287008917416804
0.07176371127179126
0.10437228561842708
0.10436745691875302
0.12368341449651024
0.07490671171408972
0.09443525196761905
0.11010706663549781
0.10441628496032855
0.0780917538889556
0.11299845560057442
-0.14901529253607118
-0.1022410949054633
-0.06968230093444598
-0.08373833598969031
-0.1377923976381698
-0.1235071444344131
-0.10297992033152395
-0.12140227185921378
-0.09062733089805072
-0.07263241901445434
-0.08828622245106377
-0.07058725947609873
-0.12428456682514386
-0.1053875524598528
-0.09659660809938303
-0.07267897104893853
-0.07441651332687327
-0.10166971992848113
-0.09965584842694122
-0.12844558924693686
-0.09572573909074221
-0.10918614203051179
-0.09450578473327206
-0.091999567787443
-0.11948414596931692
