0.0172742895012856
0.09920786084048135
0.07935867768243453
0.0329298617919812
0.052830565323949856
0.054635659863345315
0.16693824193568055
0.00233655764344453
0.1763988707187196
0.02183616810583027
0.06676435054406811
0.1686167758794703
-0.0010505328929104885
0.039574506201472126
0.013652982332221935
0.08220250414964277
0.08330686536860601
0.016813421783898087
-0.008322209852133283
0.02545620638460811
0.15035765913815463
0.028430413558910884
0.08517701146981702
0.027908354631595477
0.11194292539192734
0.0398730944728975
0.06686921163038359
0.021937801220067096
0.07536689764555786
0.06306548335137606
0.10876227468047238
0.12587806738128196
0.08562681624361176
0.02746514751386421
0.13619908183120258
0.15572856604631552
0.1461745863936635
0.026865729955739655
0.07914013853410383
0.08457012969562397
0.07736750346110056
0.01280325789293213
0.15692907320144636
0.03675136077698145
0.13440403447847268
0.025062010937339566
0.09504781006926795
0.14578991093470675
0.10697268843059253
0.12652185429179152
0.05804713436130615
0.050338486921166575
0.15333585816835427
-0.005233521972997136
0.11048641187157038
0.09025755863959016
0.05887055860524524
0.08024734224847026
0.11836707612221528
0.17441494310329592
0.07629605798672419
-0.0020019664368698467
0.14370657361773723
0.1402197173085385
0.12295788168675037
0.08006280981794384
0.12105668716569591
0.10726067483231312
0.10164539880673681
0.032769501524444966
0.050528730723377685
0.13168025239439696
0.03050606303815149
0.1695818943773403
0.04178813439945425
-0.016460709845699334
0.10455148105837365
0.08064663094695541
0.08627699390678543
0.03833750871080827
0.09877501396611277
0.1415672470517103
0.027315106854385887
0.09106692412235665
0.0487046876881542
0.08639653985587026
0.017843272127166295
0.03358381533211637
0.1141063874930861
0.0908071967420204
0.05677175413906446
0.18710819076055435
0.14413192689032883
0.0940673592460704
0.055197973255713684
0.07356808540455459
0.09451512054138014
0.07762126644544291
0.14788748560036868
0.05518868952927205
0.17148983855883976
0.13121562590384292
0.12127985997569152
0.16246865870906033
-0.03644790838981696
0.1334576390718633
0.03802573504973593
0.12728035881038352
0.15932779534215977
0.09016753241440431
0.11836106730013693
0.12042832565275119
0.15305090714448086
0.13207965137799607
0.13214806907340407
0.10095460051899516
0.07902918511516113
0.16636304102628738
0.06193130547643977
0.04608870131148021
0.07799782441127774
0.13301719537241202
0.10608519214531476
0.06535405280958947
0.09630546974077217
0.15687529488222834
0.10407382571658687
0.060201619110161864
0.1264303903189267
0.06438667366317676
0.04527708885740992
0.017931487156921944
0.0636621607300825
0.0309107185162628
0.008347586459270868
0.14597648857081813
0.07990127019241504
0.0013375183166774135
0.07941036065886749
-0.004546951768748433
0.10566188181780461
0.1475866153977651
0.11674174431511408
0.20193797405973202
0.047437758600217525
0.11440408510996354
0.04878128747076099
0.03784594193335661
0.043989857991477824
0.07495948666265471
0.008339788851844034
0.0580143264451201
0.10485372244548298
0.10389617681242161
0.06710841895051911
0.1580658903484764
0.08866509965293842
0.013635321666737189
0.16670785519421671
0.07941580650935083
0.05339984238696553
0.13000893886384834
0.051605608998605265
0.09120801109302876
0.08576915054732655
0.12371186673268755
0.05747467110031813
0.044816715976781926
0.09741887934729491
0.07834283191976896
0.11936129538962975
0.16946935558390716
0.05496669551700239
0.15376618176478996
0.03870808269913714
0.14778465394021545
0.07607683425220235
0.04364831230087525
0.14297249116565267
0.01195285779342663
0.05061089195839275
0.14004531326869474
0.023279714244209063
0.060682703445055275
0.010273141419786535
0.036988168991878255
0.0855606656885941
0.15301734371981102
0.1753985468916296
0.0110462922853102
0.1097110602149097
0.08026058076115876
0.10159058473453088
0.09022993609505414
0.1934775999244427
0.10918709549453491
0.061836582244423524
0.04415798969506356
0.08731000596423807
0.14787466063296867
0.029341121011599632
0.029247936385611142
0.03967260802744936
0.16100415419871497
0.03876053720857581
0.11033789739849442
0.09780101822823922
0.13876957836766127
0.13173106904157816
0.06981466811910746
0.037642021591793945
0.1348945065664311
0.12246671214612187
0.11253340080832852
0.17138236957183237
0.17555361264611452
-0.006064675382998175
0.04041418949614342
0.019750057587981106
0.030683785985709904
0.05449695036600384
0.003973104022096517
0.01625541383262251
0.13503702504691895
0.09510938345183981
0.14920931804820572
0.013049945073116152
0.1159598662008903
0.028192288923562972
0.12352722708635241
0.11731429758924465
0.07955177296882802
0.08985266830884042
0.14053064434861953
0.028654931197454964
0.08528361381557827
0.03654315685420308
0.11487758001639808
0.12891226572275585
0.16155270403135039
0.020095579577950547
0.13689606437962637
0.10916881682454796
0.05871185099472435
0.05841351943905817
0.08120502739092247
0.18002857991416116
-0.0064733211042983674
0.12673548445886146
0.08450923826493789
0.14561831473137798
0.10837047178536162
0.04354025114008429
0.10683040902478412
0.05934449896195072
0.13684852514781312
