-0.17459468852927432
-0.14704365677736833
-0.23422155812254752
-0.2349393047096533
-0.30986583408918345
-0.3204308261466042
0.30184236955821414
0.28404697499712883
0.24404950863800084
0.22922359098496894
0.19491457465441855
0.1610418097260613
0.16373071924085028
0.10582235316398558
0.12656226911366875
0.08983322834719501
0.03836622279868154
0.010556230410282641
0.007900165387497575
0.002330340425320602
-0.018923639569566175
-0.10785559038708539
-0.1045265206411381
-0.13857775694866573
-0.16536778781390737
-0.1585306211485472
-0.2042367039386014
-0.2116539287231405
-0.22946415037731485
-0.26794989245398715
-0.32620187081057983
0.360908525315086
0.2718959973217369
0.2547363857881748
0.23822902612228739
0.21564530126033665
0.16318585693125676
0.1830192890263941
0.11350331954609769
0.12416785351177406
0.050808363928161474
0.052899891665659005
0.03167711175363336
0.013452248511279914
-0.02575012763795398
-0.016797914384694624
-0.06973474451147589
-0.12243052067795784
-0.14091825208589512
-0.17472247944742514
-0.19768985782108542
-0.1724765185516803
-0.2428281195120031
-0.2406152142337709
-0.24349845832210054
-0.28659425079960604
0.3401041121490575
0.2511266256296089
0.22453557299285407
0.24517045673740165
0.22005983850004654
0.22014411474236323
0.15999054280963446
0.11507747705802535
0.12143193159028567
0.04211333673857429
0.042926423580912115
0.07878940765012302
-0.013062894473980253
-0.0013109255815879142
-0.03674425235828444
-0.058715034256564595
-0.11538554723212018
-0.10626163572637713
-0.14159687027332868
-0.18306124129058549
-0.20193605920216118
-0.23021899281735675
-0.2377790271677855
-0.24771876856672237
-0.28554642520624185
0.28628294998157755
0.30155380399870346
0.2740246188249969
0.2594733324675008
0.2067161794265098
0.18394264905611177
0.204192680799066
0.13440724197003157
0.10920286210092986
0.06300871732506177
0.019686019182293006
0.00390381078364839
0.021875478167505964
-0.022681290946966796
-0.09427457599060596
-0.06969861030300058
-0.09527946680799998
-0.08078320407478172
-0.15510034777986267
-0.16592283172447736
-0.18683292810739302
-0.2303139995508348
-0.21363862086904534
-0.262808348315619
-0.32831265246883085
0.31853592898175276
0.27429520063737123
0.27921115047846073
0.26068089251542315
0.1986692886174193
0.190171486824908
0.16268136067329983
0.1482998770702202
0.1249286225512374
0.09664194244611862
0.04022168637455152
0.032164109245917984
0.03520108330622151
-0.024182373214508793
-0.05979606592857519
-0.0849763550049164
-0.0829161396948272
-0.14527865293587972
-0.12992075294782116
-0.14875452407662598
-0.2167183395148068
-0.2143855310149006
-0.25293163165050925
-0.257579746523727
-0.30651185348693927
0.33829097316048357
0.28122110672423467
0.2637586015317971
0.26391363177715615
0.20106158508352692
0.17520269891984014
0.19187346295373572
0.1271137510045449
0.08627509773660703
0.08410259383162827
0.0841278617640466
0.025558954500597652
0.0013685547316179564
-0.04200078355058603
-0.02596089108606489
-0.07213518954471848
-0.09966111329430641
-0.12331634478613267
-0.13336486212164347
-0.16621366160943515
-0.18872368538784817
-0.23983188115589002
-0.24772395638402642
-0.2855053902665202
-0.29229149496972207
0.3195586170493528
0.3084141069353998
0.23941251723901635
0.2216207069047836
0.22430190515762624
0.18529275255678274
0.18877302675366822
0.11397401397220791
0.09510702327135738
0.10267635141751885
0.09240410409515018
0.02773517340044261
0.00044107181833808254
0.007647952241047758
-0.03873880781691078
-0.07566818163749632
-0.0877092133097783
-0.11913791264191152
-0.1459060127493074
-0.16073878014789797
-0.18806011075661216
-0.20272091672790038
-0.21186306709004735
-0.30780415079704515
-0.2994137313116251
0.36037101716387043
0.2672135377917902
0.2516240095262667
0.1776831554512861
0.2398784467965435
0.16455606768352357
0.18183539389916287
0.12253262355459883
0.11980803053083948
0.0761113582911999
0.022677675827477754
0.06307956670992597
0.0005148565737300541
0.013476821816400895
-0.0747919944825886
-0.10089666062141817
-0.06542937314942303
-0.1086262209490117
-0.14316846496686741
-0.216465756262283
-0.17875732913899037
-0.21848278513534464
-0.2588184610426058
-0.2155984119869307
-0.2884591729845892
-0.28478944705642406
0.30676856192892904
0.26734296654139855
0.2480548272728045
0.19920209459950944
0.18999377682492144
0.1806691967974099
0.12647580515938997
0.11561712148364031
0.09778614613031181
0.07115229541376826
0.009958263454754396
0.03296413011947258
0.01295973340395711
-0.07840506487535678
-0.03364188153236053
-0.086954020784172
-0.116876645571664
-0.17271745129890548
-0.16039216517834534
-0.2180063323619972
-0.20895704152077604
-0.2351725286163091
-0.2513602309495699
-0.28760695897518995
-0.28601574315116857
0.28334704373968794
0.22080869536202008
0.26306610434482997
0.18649540664300732
0.17920449665319857
0.17765034623982973
0.14342703327556072
0.10107236933474543
0.10143488926737759
0.046857632664474604
0.04288203278830567
0.046372122874889316
-0.014141776199829606
-0.05435248931100298
-0.0697308887751813
-0.07583058056263398
-0.1312576503079466
-0.10485294150954366
-0.1712068263496513
-0.190509138612626
-0.1947087731459001
-0.24427077592458024
-0.25773850841676277
-0.27847626173731
