0.1790461353085369
0.20452740069491843
0.17550253847225947
0.1679254965742903
-0.01734149343088251
0.18206608818777809
0.1845656251716596
0.0676505765703979
-0.016480328538786407
0.11741825079250556
-0.0031608603212735457
0.10039714283382807
0.043226528438153104
0.057521473831326
0.08001423506195891
0.11169883118371446
0.022186722371393356
0.14185059500005362
0.23286182597415922
0.15137526182356237
0.09270073744849215
0.06871940810395125
0.012262501541884754
0.1709427792656581
0.03866007876162602
0.1265338037057006
0.048317901570173655
0.0496234952235121
0.1263600917765387
0.1070711660555786
0.036689819239357324
0.18351768962383377
0.0892844610055631
0.0027419754251594985
0.11247926832753731
0.01227147793792488
0.11703186073829716
0.16524525961912134
0.01852648231206403
0.005778099517988938
0.0905381257119211
0.1916141272441108
0.16071813673641228
0.19484906080784425
0.1472362263073227
0.12172176593745795
0.07624953941062454
0.17091140604655863
0.17073441778967963
0.019838121183534053
0.07731309144045471
-0.01807671099955383
0.03552373517402811
0.04078716474680562
0.12935141958401267
-0.003883591033006027
0.030276720504831305
0.1211865083635282
0.12899802530327015
0.050832441681775545
0.008385348280216556
0.2064324469746962
0.1414474193241318
0.09559193930929882
0.18047441358109578
0.1155377518793829
0.16192020444237884
0.07442366250072631
0.13942907330193854
0.1541244297608648
0.11045608020674712
-0.012712477451627851
0.11055295474630002
0.008822803052803934
0.036657698331489644
0.17882339904447603
0.15023545855237613
0.043806299327458095
0.07973343424665633
0.1879277133138433
0.06347231210528309
0.016752586142068933
0.09184776141600584
-0.013819420482226232
0.024061595814753055
-0.0038712332204166528
0.21128371512264035
0.0896050335217142
0.11428771063441905
0.13789722230807316
0.07061940172511683
0.03340438649980221
0.07425482550697528
0.027034987062116565
0.13786247215134106
0.15540460258179564
0.09815841305588563
0.05175754858780949
-0.020721879697472127
0.09412306851784462
0.15727193580963866
0.13050233518668874
0.07647303003866705
0.08152889421608668
0.1531367576175387
0.0935034688245839
0.02610039107561208
0.2033972782966984
0.185753700316268
0.04496924477295593
0.19936892496165037
0.06703432082297958
0.04204961287528561
0.12213213508817111
0.1720791586723817
0.07242334093239741
0.16209406151919867
0.06977895415071296
0.055649654033544306
0.15644489303591777
0.007462799682525577
0.0680179114318874
0.01480449242652904
0.02917763888598
0.1051264449231395
0.13314586699515454
0.20177499598677268
0.04229221055864912
0.07493785434435352
0.15079059535372874
0.10142023119139348
0.1986797102115953
0.14715946198449764
0.11592698653554323
0.11809731351299314
0.16508949408530768
0.1689408580288382
0.11454523994857979
0.01397414262088078
0.18904298533707148
0.02297119746603663
0.060191426392095286
0.20334583863663955
0.08931944639091453
0.10051539011823331
0.059479733944037286
-0.01702457059109131
0.17257923654639448
0.08036576971513436
0.1860597363314051
0.10709659328655523
0.15569526766110492
0.17140341201101966
-0.00984407252812406
0.16920636554457683
0.12198089916085064
0.022026753216515964
0.03455966022704235
0.08836613408723516
0.17933732249719922
0.17220559710652641
0.13699308929154935
0.20970712185311222
0.16388463974191317
0.009446823845989629
0.12979187722286833
0.20697275699258155
0.0016413021600841773
0.06301181257230609
0.13718385103549202
0.05677904310849145
0.216730270443531
0.077183397135931
-0.007103604913226071
0.08513670809172884
0.13296634866572382
0.15909928635055315
0.016477534191795346
0.06794259953219413
0.09854912372420706
0.04926517774968052
0.11551752409622695
0.024751681807803336
0.13140936970633546
0.1270038108508907
0.10745996118734875
-0.011826394502300414
0.14616704188498814
0.2029882651943383
0.0384415517034606
0.03663090867574506
0.17267268960869372
0.1355670035493895
0.19963474387357058
0.08209360940223781
0.1636075045256616
0.1796996948036755
0.024657511542200816
0.1978316185459568
0.13486371951394166
0.12714129811494054
0.006336891881325131
0.1202051971073232
0.15862274331808335
0.054446941113416115
0.22455180657135382
0.10580662700065788
0.11042718573269283
0.05951369486351138
0.07979840361196508
0.040473665489892834
0.13840404022522254
0.03398885680433208
0.07958714159291035
0.14286574569266644
0.011947108998044988
0.10045555482372778
0.11730127953757764
0.037471651675392736
0.18064029854212085
0.07603744343748599
0.09264747290391102
0.16627930327243864
0.040060681014019876
0.16533872545560543
0.1914051066243686
0.16245659143452656
0.1478151349296624
0.19295998507817325
0.06715006278049929
0.12154608867451114
0.15087241672925253
0.15140905635969873
0.13513630121545886
0.07914647124965692
0.08823152316168131
0.1830972849168956
0.04949769145176593
0.18394759393696414
0.09525099878082724
0.13062661291965916
0.0988131112166304
0.13289649247422458
0.16269173549306193
0.16270778442926032
0.10753381451414168
0.01393074031841296
0.04560181989123342
0.18323648616750268
0.08285235752655894
0.00586798442817867
0.0877928946450636
0.08223450310284641
0.07131834301124632
0.18155413226591666
0.17978878872886975
