0.017886380617266082
0.027119279711853884
0.028015128966489302
0.05923262714561775
0.12843139139117546
0.09630072468718935
0.11288140163427818
0.12941153013277348
0.1347552364391008
0.14633921922516185
0.1802473445060228
0.17817427332285693
0.18231067611013804
0.25366500521032503
0.2078354505438137
-0.25173701031669116
-0.23688784841627725
-0.19955783937824567
-0.16718151768295897
-0.15042190501750854
-0.14471726141768232
-0.13843960933920102
-0.12183887352544857
-0.09750268879293936
-0.06019027556975348
-0.11193650516520698
-0.11114274588341141
-0.07868979311633226
-0.04322288410284404
-0.06852174287283594
-0.02898793665824979
-0.003004105304705386
-0.00029715543206214074
0.005505400916889985
0.05521196825529952
0.07382810799560349
0.07979301270171195
0.06540976114873462
0.06191805910622672
0.09808063028278369
0.12220618994323196
0.13361887243027215
0.17081772110411042
0.17530017764926967
0.17266309089092674
0.19883087501669947
0.22908524736893632
0.22308872781784395
0.2431273568431937
-0.24214731213298646
-0.19332264993329568
-0.21019719543652432
-0.20155161806761845
-0.14329984540791596
-0.15123969680617746
-0.14659149324412735
-0.12295912600745365
-0.09495679722245651
-0.1241453886679057
-0.08436314166600789
-0.08454223123723517
-0.054897889051005094
-0.044258691171934296
-0.022671783989802772
-0.0461370707257765
-0.016233205767557955
0.03648588079011532
0.056681571966295294
0.09416868030820114
0.04903463075522773
0.09336995676368035
0.03980654674173989
0.11490884794705924
0.09932747247275207
0.13762990926324228
0.14646141969181084
0.15752848227563254
0.15314669516861149
0.1710715589129176
0.23292274720054834
0.18820518406867845
0.1887580384585642
-0.24801648249182198
-0.22633658702966952
-0.20917400168227912
-0.1968015446119611
-0.2100853934429402
-0.12212145150554243
-0.14874419533464078
-0.14609657745120916
-0.12340953920739195
-0.10319927236666913
-0.08619671160570029
-0.10374141889711973
-0.06483920830116055
-0.0650771285339919
-0.02810735529743128
-0.0056815874658186095
-0.01330492133327368
-0.015283216059173155
0.03845150843042733
0.04608186222384233
0.055747333119970516
0.07433345090683742
0.06871390762570861
0.08625510600886589
0.10025464063175149
0.08632134897491138
0.12334222508683108
0.14207645313637224
0.15813543187008983
0.1866401627588003
0.16973762330005993
0.1724606070974851
0.22402200901636254
0.23187850097609214
-0.1814367249696041
-0.22926822101482047
-0.21847628511077175
-0.15213709082525703
-0.1452143125346041
-0.14670224050904343
-0.14705946517070315
-0.13767838162427357
-0.0965114931811424
-0.10238123711638873
-0.08425353501065139
-0.059949774580995735
-0.07107713242594121
-0.06134383321549533
-0.015147786230967337
-0.007156710830957382
-0.012932905205174934
0.018481243856741002
0.04132267753926481
0.029262350568163994
0.04734100397578567
0.08213954966760857
0.08899861274131435
0.09743493144254979
0.17237335644625357
0.15297307217429504
0.13797951645992262
0.11935404379259944
0.1340735665563896
0.17555588965763982
0.19968388241241547
0.2483117238094188
0.23099153421432678
-0.2096312168207127
-0.22236576586112403
-0.17661817023900583
-0.18462761867819735
-0.17223164073625874
-0.1532093405456656
-0.15384997683453497
-0.14639197340697085
-0.12422477781203242
-0.10044485766020232
-0.08383400938309493
-0.06116184982492147
-0.05441672560959796
0.003971664895843358
-0.07361127568897231
-0.05293886569545715
0.002360878170769563
-0.00036349633796680693
0.031416849773008106
0.037039988651259965
0.07532530473959968
0.061953152717982095
0.08960954116700566
0.09587287305874495
0.1250249803941668
0.12545710386778453
0.16413937193908082
0.13736309433485688
0.15406973303308022
0.15410930476517037
0.21978001096252553
0.2017346221336571
0.2103128678359299
0.2664499942359854
-0.21912745433858366
-0.2077088942188949
-0.15004179089159717
-0.16794598273497188
-0.16036212610519102
-0.16047146765268008
-0.12146239492889366
-0.12562173833893536
-0.11267791859476135
-0.08137106178938007
-0.06800281603114064
-0.05331659712461747
-0.05289156745106681
-0.03939447398776663
-0.027940823216633524
0.01981149851956309
0.02760823884214258
-0.0012553538553033705
0.07107223291689543
0.042481005137537865
0.04529622881397722
0.06989880111273977
0.08811906217997746
0.08078788414875115
0.08237227181963411
0.0920690962453629
0.1507661834082635
0.12576222550027094
0.15593464862220913
0.20514783549374768
0.20783824316947244
0.24968000811027907
0.24226918929605515
-0.21465151901843285
-0.2198864048356571
-0.17802624822698865
-0.17745382338740973
-0.17212191201431398
-0.1706587423273812
-0.13602386793273702
-0.12773071506585187
-0.10973064876653539
-0.08995670258154129
-0.09000910807977061
-0.07462944411083705
-0.06287238580540512
0.0008021241353242184
-0.010091904207182149
-0.03896285835165725
0.018557961867608344
0.027303672631231346
0.04561245837290824
0.054944622002373114
0.024346697814194965
0.05632464049455722
0.09802966877824731
0.09582088185916081
0.11951659471721476
0.14136919037969264
0.1100510733673159
0.16670665681342173
0.18759384799586892
0.1844307756425244
0.1972314629562402
0.18523895551911573
0.2174122891406116
0.24884118008250625
-0.23573537148544219
-0.214413184006235
-0.19054240077465515
-0.14953293284322475
-0.15623695204093982
-0.15673003563699983
