0.09603421049121663
0.09319833522800235
0.15991427637559835
0.09028052796638779
0.12759917811618632
0.1380454751843001
0.158722810039622
0.15577612267401178
0.19461130371710417
0.24511950487935175
0.24064710767896508
0.2583574698267558
0.2772177770793734
0.22481646452773332
0.271586102392957
0.28428388426084983
0.2889358300536478
0.3035673487013181
0.28289510444449845
0.2879726201976204
0.270951423112413
0.2407440128912293
0.2434537890819213
0.22722630121915066
0.2560954148334579
0.16976239251508798
0.2094791036610197
0.18928850428205707
0.14288032895188715
0.1647776582119832
0.12619624359702286
0.1060259338963073
0.0707857376930689
0.0917104311560482
0.08008326241573181
0.073040492953687
0.06774378504953173
0.025824427837603633
0.026067855406584968
0.025155539100594586
0.0275698818412966
-0.0007687741262070264
0.03016953318087209
-0.03687196522786904
0.00033952089447759903
-0.03944752099264573
-0.06647758431383582
-0.0830052093680051
-0.08287961788554575
-0.10171046779239183
-0.12536685801174602
-0.1281007381352677
-0.11923635057362945
-0.11748382752202971
-0.15298888194094007
-0.15890839027793574
-0.18620843692391034
-0.21037192901234902
-0.1913491555752183
-0.21798325012436165
-0.22202710450747298
-0.23378827545231767
-0.24445215225099587
-0.25950437353478684
-0.27031941227070205
-0.26582356161682025
-0.2973640138828019
-0.28680707385127635
-0.2772235789194297
-0.24402723416555716
-0.23014282029941627
-0.2395161039918595
-0.20368507377789602
-0.2292270302712637
-0.20692574028693322
-0.20184601081663595
-0.21116212494688832
-0.16067164575208834
-0.1503503016725525
-0.16976578489727828
-0.15236955902891738
-0.12455327902834154
-0.1244959313585745
-0.0799402703024244
-0.07397218980062471
-0.06869438849781101
-0.044180149849671516
-0.06387603567750126
0.01268859922917414
-0.027365437582594368
-0.01705746496251399
-0.025103895738865824
0.030905426918895005
0.03098918535779025
-0.0028162937765577635
0.07153662246229092
0.04623030969519018
0.09270617476350554
0.07248865166912899
0.13175325368493268
0.05987714809816898
0.08644807129057841
0.08956599852524366
0.11033167038380795
0.1488140716518473
0.1638716608303011
0.18120895253996414
0.2246088794449662
0.20088271156350332
0.2409009921754585
0.23518172655439873
0.238983741334124
0.23149956136499283
0.2503729417336846
0.2542519277039172
0.2901629841744201
0.2789280649427559
0.2844366535220486
0.2784560193034276
0.2600597406128492
0.23707430450188133
0.2492226166786141
0.2482904687340938
0.2211866846829697
0.1901165068288962
0.22534493522349724
0.1767716047509936
0.19904495876840414
0.1542771064720182
0.15324025000228908
0.15681715771649285
0.09766010668379382
0.12993621780337627
0.11303716369058414
0.06927016476348392
0.09219452019988213
0.07832411310006969
0.06075419433044447
0.008029547693691519
0.04021128898006865
0.0475461245923218
0.018464893816313
0.003658880861697714
-0.021865443919595197
-0.04160966059324864
-0.05815130945862092
-0.07502083524158312
-0.08047024602357944
-0.039703657204960593
-0.06538911673148334
-0.0959248469112382
-0.1522908413501589
-0.13656586990015537
-0.12081092805934926
-0.14186929856588862
-0.17330198172850297
-0.15807906858783483
-0.15869229012046587
-0.23581079651568693
-0.2198025221913342
-0.19526560200849227
-0.24880913956367828
-0.24830255836485496
-0.26316642107811467
-0.2899651668382298
-0.3036177661539642
-0.26517017938156345
-0.31425686634114497
-0.27143353734262105
-0.2262588990531664
-0.30200569564852764
-0.24043349207038833
-0.2967125471649786
-0.2650928886739283
-0.19790885213818085
-0.21992275252316654
-0.19139368971338167
-0.1906686819995254
-0.16305469431948594
-0.13068294184754642
-0.15316851455847263
-0.13602043567337888
-0.109506288119224
-0.11296819646721319
-0.08961426203976008
-0.11226645253574717
-0.0691338617625715
-0.07881108191700556
-0.05833038790183054
-0.03383845244843293
-0.06659211482626375
-0.05400960856359467
0.06069346549686883
0.016179607948115852
0.030708877877565457
0.042346526449483154
0.05214600249847721
0.040436281366508564
0.09881925640143482
0.10693748981075141
0.10077588689522839
0.08105163593446972
0.1289916633212838
0.13009336918917602
0.1277153428095704
0.15389001243826603
0.19526160839042114
0.15423815475989372
0.18497193237668944
0.19435918559278675
0.22655670235585926
0.24097566907411416
0.25100755138460135
0.21834333614203272
0.25547964932359823
0.24943296849462676
0.30372889219532806
0.3068150436397088
0.2746773972042822
0.2620592777619057
0.23981337645168327
0.23222790526033685
0.22988786911461265
0.23924568346714897
0.16732920794340425
0.17298417614727427
0.17922969350293808
0.18507724353067034
0.17551045345643512
0.13428702504053758
0.15096717644163657
0.11952396637734952
0.08215244202273411
0.11801121449688026
0.11158194853795823
0.08845485686678926
0.03350184084819625
0.08430372546992981
0.03663029047248817
0.02149302456904504
0.02021265423631316
0.013231608657871511
-0.009460172888238567
-0.03244587406575232
-0.01711703793279036
-0.028897611719457875
-0.07348892105655488
-0.09319274865148938
-0.058445758296945656
-0.06293837120588679
-0.07574154048880204
-0.10351257561506937
-0.10895618763514889
-0.1173463019022599
-0.17668442483580188
-0.15177492684936486
