-0.020508265723239896
0.06626081624728847
0.1976043567808091
0.28138081390386976
0.3743885225942415
0.4481502204393179
0.49957518081234425
0.5539529629233009
0.571506879299929
0.5292558436298277
0.591419103647359
0.5358941112390629
0.4723313553328911
0.41537970052555157
0.33690180848661067
0.255772334858423
0.1243095613567786
-0.005279614793127434
-0.11058263293475105
-0.2235182093277494
-0.31943992638655877
-0.4175077455115349
-0.5159036164058008
-0.49428668201218895
-0.5402409037856672
-0.6016120995524292
-0.5740558790324731
-0.551063719996162
-0.5669992190859474
-0.517671927603966
-0.3885049105318071
-0.2938281768819869
-0.19386526655666225
-0.11989752773834471
0.031204532256652998
0.10133053654612398
0.22274527924582266
0.3118429482441711
0.3938396210756029
0.49189192202835974
0.5619690018450414
0.5581759044885878
0.5619482600893604
0.5925277461063055
0.5444945074081311
0.5123812447223046
0.4441529842734685
0.40572778040049484
0.2766508361333134
0.1750952663143277
0.03654292800953429
-0.047916338594281745
-0.14331988707195706
-0.22859953593176247
-0.32346344012498207
-0.43353722887787544
-0.4978176290000946
-0.5659791106441243
-0.6020652559030234
-0.5626497023278638
-0.5708558129296315
-0.556630160805468
-0.49494271296710524
-0.43931818629981273
-0.3647130648932499
-0.23386253523212822
-0.16195873846890574
-0.045460935402981434
0.06032436486583655
0.17695318362244686
0.2554732340988765
0.3706783627786326
0.4542989822215679
0.5357507135883944
0.5810496259446338
0.5491645374810519
0.5919189863977286
0.5748375823776765
0.5340513979560616
0.4567239290614158
0.38021149993869896
0.32662838316626797
0.23180572580086956
0.11114972866315363
0.046003929944810874
-0.06352499682236132
-0.1813620363734682
-0.34485073863978716
-0.3997453670732438
-0.4666733172976909
-0.5100295383787219
-0.5707381221230086
-0.5617694742912062
-0.606783346722368
-0.5567670109069502
-0.5061628743007753
-0.47921653411643167
-0.3996360045397973
-0.2597870237530622
-0.17726419905290253
-0.052311752745883934
0.05027541029305871
0.1667828869839908
0.2479278735059425
0.34702352395864733
0.42720765060843235
0.49664026328680394
0.540112858456946
0.5981751171453589
0.5960522587369028
0.6072807662195032
0.5641208341764288
0.49288455305879486
0.4646955247028321
0.3808712161912619
0.2391017031499456
0.17444280837617093
0.025421653897836575
-0.04556396475765688
-0.1628287826665678
-0.2871626641418693
-0.3181959744750096
-0.4510257421535688
-0.4833031680229483
-0.5677061838351367
-0.5744390578876629
-0.5617129624419556
-0.5891047909794282
-0.5362244214936426
-0.5021450424016836
-0.41846282255579
-0.3364175572208409
-0.2776520936857095
-0.10096626086896889
-0.013430124209965645
0.12913469643812686
0.19551984169668388
0.2650972063328741
0.38052316910047934
0.4427141083324302
0.5366493277033553
0.5742729297960931
0.5933731596964241
0.5977137067997348
0.5761306468468066
0.5083748457652688
0.448435961445398
0.3731558329464876
0.2889004037313335
0.20947683110788184
0.07427596566932164
-0.013775063075638293
-0.10182114003511746
-0.23537270413053457
-0.33588089771911184
-0.3887124058598377
-0.468958265255514
-0.520268424589895
-0.5741497844473763
-0.5842266831364336
-0.5570678355393123
-0.5249050711597262
-0.5116537228914005
-0.43235740950757107
-0.35560494398054626
-0.25711915139959685
-0.19630193818414343
-0.08871549764838166
0.044629323940857994
0.16740514997667563
0.23014881086183786
0.3466492963563771
0.4023476303184131
0.49042842175778223
0.533960843253865
0.5777138076509425
0.5538200099825042
0.6009937263722798
0.5304961294870123
0.49565470018736263
0.4105918122214896
0.34796381998047565
0.2794255407537885
0.1607505445559052
0.014825315990655522
-0.08097218911976792
-0.17165729426518886
-0.27324462618218937
-0.33477995835312496
-0.44477088556216476
-0.5215814665011036
-0.5434496842709919
-0.5894963968211099
-0.5900200895262422
-0.5727528256352996
-0.5721406978156877
-0.46292486884295214
-0.4178799095246826
-0.3331281498038781
-0.2154822660332368
-0.13146850410291028
-0.028452929781050736
0.11582688687684364
0.1990270434540942
0.285311357077113
0.3748902933502303
0.45614213253811337
0.48996692202330994
0.5731418366810624
0.5489308631762807
0.5751876177090164
0.5793112442762717
0.5309169416157543
0.4736283500028093
0.37734612040607873
0.2827858845060842
0.19230533457857318
0.11909282268552762
-0.04147652999484758
-0.1187239804545967
-0.24417292385562095
-0.34430372155800076
-0.41618301116519596
-0.4760361573381858
-0.5852045721602822
-0.5620041834367259
-0.5653925092525002
-0.5694589217792061
-0.5578551717832885
-0.5416620445391771
-0.4638859877547046
-0.3659469000052276
-0.279838797559149
-0.18898642015721037
-0.04400563122951098
0.03980606438525032
0.16395516179237127
0.276586096437084
0.379720147647504
0.4483783626043361
0.49785205455608994
0.5507920818359251
0.5841529891188069
0.5422551034063993
0.5731084039348843
0.5453634491132305
0.4767658525679829
0.4242057382906014
0.32819899054982526
0.2465991257932894
0.12233615565607843
0.05321280589689863
-0.08628824461652392
-0.1389772706686334
-0.26904486654193527
-0.3685611979203597
