-0.012306460203292794
-0.03390188805007536
-0.05205401604741173
-0.05327171560849104
-0.0429018010791858
-0.06616673802857932
-0.09208484948872842
-0.08080592747950437
-0.12019249084436923
-0.11337339441592205
-0.0911336754693127
-0.08208913201765013
-0.1468721439082186
-0.15493056117374593
-0.1428492924721589
-0.12770142283982142
-0.1557764493053458
-0.13201689151729165
-0.15022692277386787
-0.1596329477555794
0.16413291281122938
0.15644292457990874
0.16461770063348882
0.15836609768850798
0.12956192555190812
0.17215754460088795
0.14025779005399605
0.11915874983964675
0.13616020530651168
0.11759798473446607
0.11699960597871287
0.06987426058895385
0.10633841865294677
0.07445506122582304
0.10291469012370508
0.08669041259206711
0.035389570205463496
0.037013019823618584
0.05117449787076568
0.05206234023974857
0.050004858248195436
0.03741733613724518
-0.0312099589772446
0.04402863878502842
0.017446963117544637
0.01802534412006332
0.020424588401897363
0.0066148342861095475
-0.01374791392632677
-0.005309139515485853
-0.060168219397810224
-0.02513129864560307
-0.02976466224845584
-0.03615773076601843
-0.10105434626504949
-0.0871488519219006
-0.06306730501580295
-0.06540854514822468
-0.11809475301114233
-0.11720842809792203
-0.11747254686341024
-0.08154947042393203
-0.10556566909223031
-0.10225005673803239
-0.14665182619785627
-0.16026396541944682
-0.1446158299952432
-0.1720450342507111
-0.17466982943098222
-0.1846809467520123
0.17272269933094456
0.18106489673406417
0.1613130188328409
0.11618476241555808
0.16591438129496033
0.15749144114494923
0.15489921040861204
0.14108992241631788
0.10985088582857362
0.09989236127877889
0.1004051682558903
0.12664933040907464
0.08943145165296901
0.09314570354465977
0.1003906411406764
0.05856451901553242
0.027400488252023965
0.07819367164076323
0.06065473742600429
0.030296047291422448
0.05700377246097349
0.05555143367418067
0.017241949663025374
0.017329750691969306
-0.015711298053719236
0.03153930854793885
-0.01524598306286504
-0.05096169049811827
0.007321894261070688
-0.04249144778991443
-0.055901814503258616
-0.06317516675579256
-0.07487440095507239
-0.05733464026295744
-0.08982677942104428
-0.05021157463146352
-0.07208016946190046
-0.04098261159704209
-0.06772299418525998
-0.10239328605327856
-0.10699898139057608
-0.12606431402517182
-0.08688371193052016
-0.0989628070338954
-0.11556950997012609
-0.1494375621408511
-0.12806171054404702
-0.17573680326571936
-0.12667507758621377
-0.13579701989808918
-0.1261145955659375
0.15825326628920783
0.18033773258832925
0.14747114115342774
0.1492952861806443
0.1374243005264106
0.10747570467399974
0.12062073720061293
0.13163369506297573
0.10580931148589816
0.1086242589206173
0.10411693144800656
0.08960730907901807
0.11257215020602859
0.09560546892174629
0.05875987726858296
0.0709523965789708
0.09553970402722034
0.024905968481226688
0.03737501444568707
0.04099222363572584
0.022537063228085262
0.007369009031080249
0.010575283399245076
0.02873492303771577
0.011575002728169425
-0.0020891774171016607
0.008331780402070077
-0.049130782655067956
-0.028530551465586407
-0.004302582998224665
-0.054179216456550064
-0.04459718173219765
-0.05501855624445036
-0.05956734194718642
-0.09174250560670429
-0.06399956428311626
-0.07805294857158675
-0.0945433285586416
-0.10637177825165714
-0.11316183834615715
-0.11494169841559014
-0.1321038169455053
-0.16302330594974246
-0.10648580017573517
-0.15701214672956126
-0.11703126837744024
-0.16244527593111122
-0.13740040679474
-0.14400158565100374
-0.17318747211092264
0.19363243766347504
0.16764553130100102
0.1355223550053377
0.12771952674258852
0.18961212141913072
0.09770886156911934
0.12904344024480294
0.16196128217146705
0.10894543835184245
0.11795983224781154
0.10884605093472746
0.08230320942616681
0.07624037148542857
0.07692118681844111
0.08358716711971793
0.04998144071920965
0.09036245825778391
0.027005869380710798
0.05805962084037236
0.07164994611574396
0.018781278457811086
0.026243664940281342
0.029597949649284017
0.012266989599761236
-0.019161673571533627
0.008439015145347388
-0.01629044263876945
-0.008892861140887472
0.00435947094967034
-0.031374236081434144
-0.05184388779865619
-0.040522028596645075
-0.059261303639727425
-0.06154367319884589
-0.07895705886430425
-0.06203536180874484
-0.10916058453019828
-0.10463367194026378
-0.08721712220070071
-0.10826473065016318
-0.10154951802994815
-0.15564676656362464
-0.10776335880048366
-0.14061908826105135
-0.1268495004628816
-0.14006784174362794
-0.19018386950754212
-0.14973107202635005
-0.18920901507999124
-0.1879696041772667
0.16703459362108178
0.14000345206991638
0.16783571942709855
0.1260966354920406
0.14137753803774877
0.12662457352331097
0.09200489863626188
0.15344505736857858
0.0923581748230391
0.13129094722296947
0.13186599944273006
0.08327909420983448
0.09428656069243721
0.0665937576651546
0.06693031227793944
0.10352425525138043
0.04456992816961844
0.06279687333936709
0.015335149770392253
0.05576426501833685
0.016141496997930837
0.020736335850157404
0.014882998835427335
0.014460068620603634
0.014156133736031667
-0.01639760867103473
-0.0026561165000809402
0.029117072890146905
-0.03606151726600521
-0.05550406658743172
0.005315548084795965
-0.02898499573027337
-0.032753797813625016
-0.0826181629494517
-0.032488927449358856
