-0.5953180021981848
-0.6619893742473926
-0.6430013609805939
-0.6328661736533989
-0.6451940722277156
-0.616832556372941
-0.6024862259212967
-0.6233512499193353
-0.5910313442874208
-0.6184091888253155
0.6506289276987757
0.6143816313552691
0.5974050664992808
0.6047102445652442
0.6142617102083388
0.6302778316780143
0.6097853565949162
0.5748630647772932
0.6830910541681867
0.6088946379219848
0.6327935391414178
0.651991590246938
0.5953574571436098
-0.6072203924913279
-0.6343811130307775
-0.639949489706036
-0.6225618474178033
-0.6427412155199714
-0.6395985598165503
-0.6418760406748023
-0.6255535438366766
-0.6200540401320811
-0.6219955115798333
-0.5927205693943147
-0.6255691931821533
-0.647441199917084
0.6394498267655543
0.6443787672673847
0.5899968702860459
0.6496918044660869
0.6373727503744895
0.5865040147936066
0.6308468395186254
0.5832137456986224
0.6339613776274671
0.6359382276092992
0.653258012892734
0.6094280626069238
-0.6555165198879005
-0.6072365591581659
-0.6157488341640736
-0.6294650838751543
-0.6345033805357833
-0.6111921984714812
-0.5788743613494816
-0.6280841605141028
-0.6522850179418236
-0.6423473597627516
-0.6251424800254377
-0.5998912189995288
-0.6391736006563485
0.6083263604501467
0.6350922465496199
0.6414676102906135
0.6475054091400224
0.6516406633417434
0.6409612609555084
0.5989836328762539
0.6138360865540662
0.6465850974137106
0.6109772033161686
0.6049045261994169
0.6253443426822929
-0.6390144731286377
-0.6085260104747933
-0.6247145856222669
-0.6275926896082475
-0.5961281273102587
-0.628591559825527
-0.637557443621146
-0.6096751363068919
-0.6451289247023644
-0.6382726206515368
-0.6020595016558836
-0.6407377716508853
-0.6053632576523679
0.6461003967723523
0.5797088219047069
0.6432153722382226
0.6039227904598478
0.5963753137730093
0.6212123111154677
0.6114831288194786
0.6242542022668328
0.6186681338052317
0.6614693927918485
0.6490739695687867
0.5990527130016762
-0.6351555380643152
-0.626693752869322
-0.6548591543016489
-0.6189626510562812
-0.6452106294824435
-0.636926020530173
-0.6470691198122683
-0.6376484112099247
-0.6240739866261557
-0.5841530541026566
-0.630674786708643
-0.6165935952893052
-0.6319919380787449
0.6090515748095646
0.6137163323389285
0.6498728644349264
0.6155415719523312
0.623505642566233
0.6195962268848814
0.5984920916363177
0.6252180993379538
0.6276595486866368
0.6423056258557307
0.5859553719203456
0.6224973675671149
-0.5928758082248587
-0.6361928005551941
-0.6091695281396173
-0.590422615546586
-0.6019545884517244
-0.5952701508453176
-0.6208299080090895
-0.6357794061434554
-0.6496176890654731
-0.6101517445240818
-0.6486359617119064
-0.6155621514241024
-0.6212707384375801
0.6507336416572083
0.6300103817051333
0.6147821230483775
0.6449217328593193
0.6032431378522765
0.6077734207548215
0.6043157087851806
0.6397299300296947
0.6254725963762868
0.6080956221470616
0.6232794290953035
0.6005787458432031
-0.583109090075641
-0.6095023240351489
-0.6113882104199267
-0.5943776120926835
-0.6229421432480495
-0.6271722639851026
-0.6314206908217646
-0.6167219153610669
-0.6575238011125558
-0.6278375843754609
-0.6099034955156141
-0.6339259895699143
-0.5591008171095952
0.6011609720289295
0.5967395882624235
0.6420248090313792
0.5869944732267257
0.647395173377467
0.6139789812160452
0.6254710104974323
0.6422211912879005
0.6321111522520454
0.626641375479533
0.6309651993087094
0.6246641262504916
-0.6245628280568699
-0.609432104810549
-0.6246525593301312
-0.6314078782893223
-0.6228746381011255
-0.6477741630807884
-0.656018802372452
-0.6143280044610483
-0.607680569213788
-0.6310016530124553
-0.6276963907014873
-0.6395911314560714
-0.6589769443568181
0.6530266909715068
0.6264762095650351
0.6348467823070699
0.5973351891425949
0.6469688545897784
0.6118718165123256
0.6119354480385732
0.6537803041393967
0.6282709596400914
0.6253006342093202
0.591638915328834
0.634025246420019
-0.5993037694213257
-0.6116518338479465
-0.6159221374619415
-0.6347900067956549
-0.6282000608460567
-0.6124307906123363
-0.5918316223588675
-0.6140488859081773
-0.6710687235263177
-0.6544734778127623
-0.6364845850818719
-0.6034665039436904
-0.6628788609015276
0.6325012208772917
0.6381293977586897
0.6083293516705773
0.6475143247409718
0.6610911802665737
0.6095280234897084
0.5987766403203842
0.6025029489715875
0.6457159256691848
0.6083642111626382
0.6162063201662165
0.6167642393543139
-0.6168713909798008
-0.6019711843385357
-0.5884620188521752
-0.6276508173496476
-0.63825702089109
-0.6260615606793566
-0.6223514386755822
-0.6131324818339692
-0.6020275714817274
-0.5990071776438689
-0.6472996046443552
-0.610813300399408
-0.6101520861393395
0.6118856394097827
0.6087888315944128
0.6401308871329588
0.5912297109262236
0.6367921208416978
0.6441652214849072
0.6176596048262499
0.6147256949710397
0.6281406511425344
0.6178975407223126
0.6126903720710194
0.6342616149721388
0.6115767477929829
-0.6216471261653286
-0.6020525882874007
-0.6155145903162458
-0.5962516946963693
-0.6124741410646756
-0.627986191308312
-0.6459766309520254
