0.04094169146787609
0.05041159884719793
0.03933839814777792
0.052717681390777794
-0.049276468295535704
-0.036337517499765354
-0.08144681727522013
-0.045924626331915824
-0.06266987185628979
-0.054319139355219086
-0.06868575445089235
-0.08592350803133653
-0.07524627924237186
-0.04549628571688001
-0.07556151793141344
-0.06129702285516139
-0.07308862120186169
0.06810347557322931
0.06188407034181768
0.056502671665459414
0.10326736079835572
0.033459557397643946
0.08856792099720046
0.07532893358196742
0.0775679313936935
0.06471012391543594
0.03669561945843574
0.07106079163754486
0.08528715933575001
-0.03693893009787914
-0.05238164325436536
-0.070288866153418
-0.05653783372387434
-0.08976704155282282
-0.0845277504739353
-0.07015935589202787
-0.06731819023646354
-0.09249168916778938
-0.03197017505913882
-0.09073372520465828
-0.06905325933487239
-0.046916609928230144
0.07379499074287851
0.04414209246381358
0.05650532293005609
0.05023512319117557
0.06923946491954437
0.08259649952606134
0.055686897038330886
0.04387067530330217
0.08271174602592415
0.05352625131948126
0.061066093693914164
0.06461208305954924
-0.07047648195892595
-0.07544948746761154
-0.04128564996880167
-0.07793476725627002
-0.06634937576990091
-0.08551430928083634
-0.06903984392562781
-0.044760435747178924
-0.06479179990619742
-0.04283162455596762
-0.09754244194410994
-0.053458358105140144
-0.05181031904333893
0.0959086957605583
0.05975181397457688
0.06287741243252662
0.057278273483649306
0.05940301719951887
0.08321868031934335
0.08204096838730424
0.046450752746246465
0.05219822107665275
0.0804413092611298
0.06201259843675775
0.07465594618766289
-0.06998608955261809
-0.05376935066342782
-0.051462228503111225
-0.056811191605621016
-0.04689712579645351
-0.05227131705900531
-0.053139964711789146
-0.05818614827998582
-0.0903456177427834
-0.11599272485352825
-0.06675347869111975
-0.06955980293315765
-0.055928268459623794
0.07486992088664066
0.07341749689034269
0.04511196192245689
0.07910746038154419
0.05484961234574873
0.06143639782007796
0.06015524442125925
0.0835536541246534
0.06678485006931179
0.04281841642646467
0.040365414782295175
0.01676608628293312
-0.09704154016991086
-0.06711978239264381
-0.07277907909903011
-0.05589852092923747
-0.057695590775674405
-0.07429286685801026
-0.06986649856148754
-0.041788421233106623
-0.052650841214893176
-0.08376869838825227
-0.0635507299428954
-0.06341054460620983
-0.08734388454920018
0.033482657976021554
0.04321248429959705
0.06412128257713665
0.04571239723716117
0.10303482840840827
0.06450182300459026
0.05583052231390348
0.0724932543954236
0.08670905653732294
0.06593316880078716
0.08123159242743662
0.06059128730942372
-0.07558957616776343
-0.08360862791717884
-0.08040181508936844
-0.06644694643287904
-0.049909216697390575
-0.06528776008462062
-0.04643393793403214
-0.07599588245149183
-0.037594458508142664
-0.07354249248652482
-0.06387003671891128
-0.047815615166982614
-0.050917968447665156
0.013240758156812832
0.049780989691522386
0.09481669156525056
0.028631719869667817
0.08438216063819642
0.060904440667326525
0.08088637140509575
0.12907625677712914
0.043005459653412306
0.0763967512528437
0.08514771121404595
0.042403151341719174
-0.07774513519547932
-0.038919425255582264
-0.0839950241421342
-0.06886211875477782
-0.06167297738704476
-0.05236899347081702
-0.06675078147932922
-0.08713305776901407
-0.03397205729296204
-0.09131803412695567
-0.11185481613826931
-0.06339512577253464
-0.08986214969896225
0.07739708759696699
0.031936850112733374
0.04387974074443131
0.06722385603098364
0.06425591919132957
0.062430378196571795
0.04133437085169307
0.07164468524925538
0.06058995747319105
0.08900101025713597
0.09095196316391421
0.02202613655793661
-0.055125389857415996
-0.09432155248566423
-0.08620273482638689
-0.039738692195548
-0.05166830993638898
-0.08487784424819435
-0.04242729184248957
-0.06188170636091342
-0.07463616743839616
-0.0593413032358853
-0.09050754520905213
-0.0643754555034549
-0.06741177065353467
0.07021775944807389
0.035116011398055105
0.06793233127847081
0.037965495731608886
0.05949977167658687
0.06372314427807248
0.05006821556823318
0.09763000177946032
0.06879655924256707
0.08038637326692882
0.08542881165084219
0.0709259344978611
0.12015677767793376
-0.05496442342665741
-0.06332218728933897
-0.0883964362574779
-0.07591300574997974
-0.08299730491779493
-0.063903592636974
-0.05972388014099134
-0.05560629918302436
-0.02442148937098665
-0.0545232040001233
-0.051046448756740546
-0.08722625088722105
0.09680841862608167
0.07127901792673436
0.01861102275322185
0.06806349003804858
0.07780456870472141
0.029637739272478467
0.03785756122247326
0.06474287950196371
0.08849043936857463
0.11368748626439494
0.03979041288017997
0.040095599038316054
0.06695469738171947
-0.09541731834128576
-0.0653414132576832
-0.07339605630207918
-0.037388142824299156
-0.06735313376093381
-0.0733816405449816
-0.08066753202509454
-0.12129893241677117
-0.06654161661073496
-0.07094533492521092
-0.05883211437541594
-0.10390503217901524
0.08825237837307372
0.06568773282092247
0.08536249706399157
0.06012758850354719
0.04242740700680033
0.03543261155350916
0.07064789421322007
0.06352337896337983
0.06486111267709167
0.09196640899630572
0.08310315100349623
0.07561942401789083
0.039034267294368735
-0.07106761712857047
