-0.024337082101032644
-0.028554446554270363
0.018142575415573715
-0.021318106438616855
-0.02451447954199086
0.011916966280177658
-0.042640558359621925
0.03758446753547604
-0.008450788263208933
-0.013666897429529486
0.046542987595536926
0.001322555535447965
-0.011219366447917196
-0.012180222610390694
-0.008486733385187416
0.01972955950988052
0.03606683653676263
0.010843511100050477
0.02592553089336741
0.027649370409194202
0.05545545125223948
-0.04914938605419188
-0.07958397375833272
-0.015263347243855136
-0.05060466397102135
-0.046239012209593304
0.01929443147644965
-0.03453660006151592
-0.014069994979106314
-0.017541468939130687
0.05140725192368233
-0.014057527234530173
-0.006532420642507952
0.03887456065638274
0.01398274279468691
-0.03313063459178583
0.050034452412349835
0.002441486154235539
0.030727458877087048
0.014450444658102442
-0.006688235706916006
0.00345661098463107
0.014980260339200167
0.01122935120512062
0.03387105542850603
0.047034218275106426
-0.0497279240644564
-0.03240203629586214
-0.026966360744422
-0.014725760231100836
-0.04523658618164436
0.01077683197769599
-0.0038140169377287314
-0.030811854617968662
-0.019820504931258257
-0.04068611624824933
-0.001578421342042705
0.028354965994100038
-0.035437839465038146
0.005912597567872636
0.02365048807207816
0.040778404777757994
0.004066159772469378
0.00894949227517968
0.012183590936568262
0.026143746884400153
0.030137631894715654
0.008165526042938392
0.016690435632851816
-0.009083374896891414
0.02797546960512036
-0.03317093503574239
-0.0687243730322546
0.0018204243132823178
-0.030133650719899187
-0.03127902050866387
-0.00396372656235832
-0.0032368469400513647
-0.031395341409208494
0.03020287568226885
0.0038968502138613786
-0.004588685181684407
-0.02079842893804465
-0.039582370946227505
0.012040116729295242
0.030896920423797564
-0.020526621177145578
0.01162242264738043
-0.006913403958911888
0.03420605706102705
-0.008411003282762428
0.03242298112886352
0.03681261305360944
0.037853776647815196
0.009658928157755913
-0.007006121967516189
-0.04628440572548271
-0.06535461237658108
-0.05085574829008735
-0.00560724774226121
-0.018820844359858598
-0.017477924447040855
-0.05977166365020667
0.005728614447389166
0.013055282069648741
0.027214436695335804
-0.026185518414642856
-0.010711763530867537
0.012198409878079916
-0.020390429664200502
0.003527902688218402
0.00849489807245067
0.03247000315108857
0.029460205765795014
0.01046571244559872
8.731684645200619e-05
0.035442197919727574
0.03394888283323111
0.0346190162852297
-0.002440906638495586
0.06253711935295347
-0.047921684845652145
-0.00041236589766217163
-0.04823485027140973
-0.0414972057866991
-0.02806049054321831
0.009841719262180436
0.006204976864130903
-0.05094836439386873
-0.011972886972079351
-0.03730776642237056
0.004365833621664114
0.007161165213826546
-0.011049890823012717
-0.013722682274071895
0.017331418672202694
-0.0022665128834106953
-0.0004297614040377172
0.019616589038369325
0.029517560567221275
0.0018740836967099175
0.02944916556198386
0.009072049165381658
0.009514383065998736
-0.0021575343274042834
0.03055585353108715
-0.019845760117379933
-0.0658553175081451
0.008129062326753901
-0.007732523752702423
-0.01669010005431936
-0.030486060382642823
0.0021233379598441793
-0.01535578454697469
-0.027312282359578163
0.015888514288061147
0.0017757523230656509
-0.008984686933731615
0.00014774575910658848
0.02662953311491024
0.001835107301245391
0.0025481277845888902
-0.0018295556627319267
-0.001287887468039213
0.04171065966406095
0.003759559505663047
0.039253344116512406
0.006533124404058406
0.03516471885357891
0.025328448408560054
0.029137048763797416
0.03940929229410448
-0.03730492374842163
-0.03607631979736556
0.003319886997212484
-0.016003723949421095
-0.030859564291628408
0.018794666961236918
-0.014177601596888243
0.0033443257934730394
-0.01944909349627259
0.009328842513741411
-0.030881834435628315
0.01133386912585093
-0.006901000944082857
0.008541344657814937
-0.06763598812762033
0.03804326917071677
-0.0015214160276214722
-0.01174617444963331
0.049423549815095655
0.02319997904223182
0.0372513669177163
0.01942236739428043
0.04372515483261949
0.022519422939497137
0.06557287797114215
-0.02510562194887965
-0.03705917956365269
-0.007077930194233622
-0.012234705828832834
-0.02344320193718857
-0.016670216771317067
-0.031383237133552525
-0.03746991246717439
-0.01631129383519465
-0.0255642107192498
-0.005144757424171709
-0.018728120636781524
-0.015258692931277906
-0.006093732362611422
0.015689576240796102
0.032771994296114916
-0.010170977557322334
0.014214055247731191
0.007840861330757003
-0.009231363484212031
0.044611620872534494
0.0016767355813047079
0.014294133457482702
0.045996167806392284
0.03212627318136291
-0.04845386486531831
-0.04387691497347332
-0.004722663561697649
-0.028979456907120088
-0.041338026321495025
0.009896698669336252
-0.018181428481753126
0.004303824872498047
-0.013644974191202437
-0.014199435724279896
-0.03262882797298876
-0.007782432886236945
-0.028754347386562847
-0.015802005129955957
-0.01105149531572264
0.038694141156640716
-0.012063366030538059
-0.010060628751250087
0.03332999815745158
0.014320955130745511
0.028156098586578127
0.02974024011293444
0.019879201578331045
0.040850903472057935
0.03460012008347142
-0.02527619946357233
-0.015721471553836342
-0.05227560912890092
-0.026256627063237795
0.0019537185280322257
-0.01566763500744294
-0.05881057129377454
0.019363999435157025
-0.0008994928955363343
