0.8654206278213298
-0.8693869904641063
-0.8642970363272944
-0.8527052096829695
-0.8134277213207511
-0.8080680938425824
-0.7881857897108066
-0.7869563961896234
-0.762159537092906
-0.7467425670557847
-0.7544243166669198
-0.7357604488299773
-0.6949852098475213
-0.6727596559199978
-0.6269599416762541
-0.6459424460275289
-0.6239807321718379
-0.5989379293053989
-0.5685688901224231
-0.5733260676706419
-0.5606816358886185
-0.5463040389157406
-0.4968005319315626
-0.4769268227064879
-0.49550816144044146
-0.4226690771135441
-0.45481049135155793
-0.41918343059794994
-0.40074317895805234
-0.36474283948957387
-0.39953437357955085
-0.3318228095455481
-0.35754704943925764
-0.33312757236259277
-0.311891939536531
-0.2766776170502885
-0.2722035172737369
-0.27458964477784265
-0.22922831893722004
-0.18638233916413302
-0.1527653917084901
-0.14146682306527097
-0.16977836824811743
-0.11839272871021805
-0.15995922511268584
-0.13205259249414228
-0.08180005575532034
-0.09332561307435838
-0.026526431516201307
-0.029496938755220754
0.0008016665544223981
0.02868217389900328
0.0041314483473363015
0.03791187165422966
0.052649917715122875
0.07268413572040759
0.05789479783534253
0.10803460774468966
0.10821578740611197
0.16454916335091824
0.18968115081744505
0.19980531559157763
0.20215187484045793
0.20586661314816504
0.20913199401289573
0.2493510050956988
0.278400886043579
0.2512397900946781
0.3135623040538791
0.31731864698797824
0.3467315522727465
0.35540706923544907
0.3959796073823037
0.3766748863955668
0.45243208152083236
0.3970870078636721
0.42307976542738984
0.4539430180087937
0.473397107108255
0.504216324901122
0.5270559202701539
0.5402936582188936
0.5457301476989578
0.5358417987044868
0.6344938549407787
0.5984537497824112
0.5956000636024048
0.6488890156125316
0.6385916256156151
0.6455374804347697
0.7135755906173018
0.7202268083885266
0.7184608003455815
0.730013753329386
0.7777219043236093
0.7861763279106032
0.8010820563058787
0.8016960080733347
0.8399779630927697
0.8717963015707628
0.8753386351869451
-0.9074879481179546
-0.8777539988692996
-0.8708651393434935
-0.8526967772038284
-0.8014654621331719
-0.7832451153023555
-0.782847187837493
-0.7383770929798297
-0.7482013914054507
-0.7338794410537934
-0.7041703592250753
-0.7256224808756309
-0.6951496017913236
-0.6551384384029937
-0.667047569557593
-0.6096702472449993
-0.6003990486514302
-0.600371343468157
-0.5587008331280847
-0.5608833645026412
-0.5417132184798292
-0.5390174865785274
-0.5025737725205969
-0.4940267163978551
-0.4894791751908957
-0.43858830171926894
-0.42440812696177627
-0.4499784737250155
-0.4055475702488535
-0.36720285410704595
-0.3685447071144265
-0.325043758815817
-0.3112620739834517
-0.3081079428575194
-0.23911682650270918
-0.2558164662282288
-0.2057679142556849
-0.23873012872593763
-0.2091479661915365
-0.19138331395725755
-0.14932224798346108
-0.15754233267699644
-0.13427622404183115
-0.09717138060316427
-0.10971456650639179
-0.08271194750615282
-0.023876179559771227
-0.03910028319246399
-0.02142239018203989
-0.030178482194150334
0.00448178839900258
0.03240059752620973
0.024051813443592224
0.07287017933730877
0.05413805929346207
0.09716925734559205
0.11190917092044066
0.05562784807588522
0.11283581162100831
0.15397657231453105
0.13029173164940727
0.22135404006894885
0.20200135100881134
0.2741419556239092
0.21749363489622553
0.30125294026740485
0.267568069339414
0.2588649367814392
0.29072131688471925
0.3676681601395361
0.3655532352435903
0.40232956160105987
0.4049634725851832
0.3760022388084332
0.3921649547278657
0.48149963921241595
0.4864157527220814
0.5087456759309679
0.5320679582147939
0.5510941253416407
0.503605843643043
0.5582025333645713
0.5865349334151875
0.5571116002190691
0.6260124586945464
0.5987975486069932
0.6159847501864182
0.6367319143561836
0.6599273141540376
0.7005109582986048
0.7169395616195365
0.711008710007617
0.7428199684368106
0.7773090361235077
0.7958406447050527
0.7805541128801081
0.832819070962189
0.8452679369415175
0.8621288583384494
0.8622297236279542
0.8614620535257687
-0.8556440663097609
-0.8458256175484037
-0.8303422771293113
-0.8358667111382054
-0.7932145103287143
-0.7749399876058449
-0.7392923744560504
-0.761706591542475
-0.7338241225537226
-0.6667305465130243
-0.6343747030198761
-0.6682303929282599
-0.6406039620767997
-0.6807975730568259
-0.634736324226914
-0.5852267127112568
-0.5780823325962006
-0.5858963517043848
-0.5396005126925412
-0.5216323238131344
-0.5169434114798569
-0.5146722307435279
-0.4721421775288716
-0.4744934791740058
-0.4226400523153161
-0.4121566120686253
-0.4316709780648386
-0.411390438086807
-0.3666414991876623
-0.35329438045024747
-0.3594742075311136
-0.2872169280035216
-0.32022476849537235
-0.2830256661355739
-0.27498493149739767
-0.23296488379882976
-0.2355877706991464
-0.21170186948155753
-0.21920423525359684
-0.17164691985116354
-0.17859209909472026
-0.12286383973332676
-0.13167612934868772
-0.11366107647578247
-0.08007868850047446
-0.07281627734924599
-0.026979855686757308
-0.0028618589087980595
-0.0041807604303838765
-0.003364263681426118
0.019761997656453728
0.025448139093185593
0.024564832872936235
0.10237148346024444
