0.1569690804173339
-0.12862301724342703
-0.1351139891492816
-0.16334017631371797
-0.13477968816015246
-0.13558730030233404
-0.1284977104726272
-0.10293332040424817
-0.11524792626353077
-0.1523957951784932
-0.12660643255566909
-0.11245294238035075
-0.1294855703946795
-0.13325730269480635
0.10929196573822947
0.15883965841297112
0.14446358117062794
0.15498538183685792
0.13124648594285807
0.11742728643798697
0.13764595569445523
0.12164747861817608
0.16080086586695855
0.13400889054171125
0.13370406033461485
0.12614384044282234
-0.14102465557766172
-0.0829084957457224
-0.13416806101389997
-0.1445274310158717
-0.14654458977930382
-0.1568838059785169
-0.12974437298335761
-0.1342082344886582
-0.1455549671494488
-0.11086758310056491
-0.13750216120783507
-0.10319385959929227
-0.1298012418808379
0.13488501455844015
0.12804056523198964
0.11692341187449136
0.13210607733007895
0.11471107423756341
0.09418749838737703
0.10530386172497076
0.13487460105461913
0.13112106759825276
0.1084998591451871
0.13358284306499468
0.1198129399564848
-0.129324776086687
-0.11986554501835875
-0.14246009071218457
-0.13837845483360187
-0.15009479806743395
-0.15483856712402694
-0.11135000477286358
-0.14837395857521696
-0.16013003549048466
-0.1433205246409711
-0.10995306194331286
-0.09015131963560274
-0.09014147141329129
0.14199575393516592
0.1023507275574441
0.13097612173300466
0.1512074477103184
0.11789044028739498
0.14566140201558947
0.14750257297117428
0.1059212947845372
0.13941105029046819
0.14507754305301573
0.15687898623356653
0.12327170143253634
-0.14826818835488573
-0.1360866550586091
-0.12285110712435007
-0.1156159039586821
-0.135792960980706
-0.13937083042722787
-0.1640597154679127
-0.1374284473094634
-0.1139418177364956
-0.1579550622784078
-0.12067960381678995
-0.14962069900558272
-0.15232501339622545
0.169074926659478
0.16344273112936183
0.14030970415567676
0.0895879065432358
0.10845490704231767
0.09665737718299923
0.11931231818282598
0.09776287922132862
0.1305183921766273
0.11275191002630046
0.12936097634909552
0.12161327049020078
-0.15140445175977418
-0.12277572002382753
-0.14396098983024955
-0.15071494901453045
-0.11194744120139212
-0.14221978849232608
-0.15939264563785147
-0.09780724170235752
-0.1313146363333953
-0.09638942189828131
-0.12931596345775975
-0.12724857754656876
-0.13464388805674068
0.11669671727902359
0.12070336471109085
0.11170419363562639
0.11953800612693236
0.10617799430472298
0.1484638012455669
0.12166980600160726
0.13902672006351005
0.13286833903315487
0.10525060836626476
0.13435934680253228
0.1241062761853803
0.1386836500021673
-0.11335027771832297
-0.13124267960951339
-0.12212577611970026
-0.11589045010970978
-0.12767045341248393
-0.1423634590844366
-0.12531696653325977
-0.12289249830877888
-0.11353552788844763
-0.12644996350097315
-0.1278434910505793
-0.14915292991167833
0.13270005951745392
0.11122261101657041
0.15120284036916187
0.15583851347759708
0.14810453625880138
0.1241746116370227
0.1475085985395001
0.14966319507967454
0.13598811855297885
0.1405193007491952
0.12044730351986292
0.1529462680165834
0.11498967409260336
-0.1696550528356512
-0.15257208803067204
-0.13554893187141617
-0.12024098623122496
-0.16175751717162812
-0.11829768583775996
-0.1306068294699301
-0.14425269837670263
-0.12000249703208855
-0.17788312728242775
-0.13505192752927284
-0.12634878094413968
0.11446788451670509
0.13285202634115423
0.1183010960018527
0.09945632299628479
0.1424992091789601
0.13677270894876398
0.12538390236780753
0.17518221435133124
0.1323663258974818
0.15440861222674257
0.1517252592121787
0.1236240184691064
0.10965400718572087
-0.12292209959299107
-0.13081782281920695
-0.09875694759550224
-0.12189968714701675
-0.14200396928006376
-0.1352703841116701
-0.13095148273934748
-0.16006405390491296
-0.10727921795166365
-0.10292149818619002
-0.130911846548904
-0.13816881348252538
0.10924024778003594
0.1077479536983071
0.13226840390692557
0.13725408427831437
0.14041777428269353
0.07582426500939587
0.12869639334305633
0.13629194151301663
0.15303285934606697
0.12874478984402388
0.14250912590619993
0.1366240158979935
0.15976433696927653
-0.12635866622432051
-0.13112243127417847
-0.1397508563763038
-0.15527991826443818
-0.06760514317968298
-0.09572107460260146
-0.13365032468157906
-0.126628900567059
-0.10398262540975545
-0.1521317162804124
-0.13007824193355436
-0.09721575108183411
0.09065315610218128
0.14315578568274193
0.1527296918754203
0.111251265389069
0.11298756689410742
0.12416660725204537
0.13047376220550344
0.13324939001600367
0.13252827235625547
0.13478884924872686
0.17445129218282246
0.12751325502294025
0.08961704529801118
-0.1109104617080338
-0.10289653847459845
-0.1234781964826606
-0.11294595635878542
-0.12643709604506043
-0.1522652657573636
-0.1461255614692586
-0.12603977706546501
-0.15332450811756537
-0.10305586609492035
-0.1339271528285834
-0.14353050243016452
0.12865086566870032
0.13692254619165758
0.11928571838082204
0.13608850402125527
0.13550604222083587
0.13185657643557214
0.1262267752546964
0.10943848838650216
0.12098999201724057
0.14508050952737586
0.16784231482562764
0.13485293453100414
0.125069822656532
-0.12796400088097362
-0.12040614868635255
-0.10984716460057005
-0.1339944361207194
