-0.616396052226941
-0.4341569054247418
-0.6092489628639312
-0.590536207186366
-0.6177797104377942
-0.43134474239383824
-0.6409898076323143
-0.2405480852327744
-0.1759277792136883
-0.5066492091794567
-0.21020151542420396
-0.6507878866819045
-0.5916564243774839
-0.3512378760773945
-0.6171805547036381
-0.16352555218457965
-0.27148758423525227
-0.6338761356922872
-0.033352924382146806
-0.41272512733203853
-0.11806810863249317
-0.5799520209172193
-0.5959917587494118
-0.3474522391930352
-0.24158867546053528
-0.43441681682683364
-0.5609653878792267
-0.3010641558987129
-0.7222438784204833
-0.5505424475277859
-0.08448510999828501
-0.23550032526511241
-0.44970101439017524
-0.11088186187452043
-0.4215325907113228
-0.0883830736934099
-0.38045663022025517
-0.6367600629300892
-0.35384459896718035
-0.593924982035761
-0.28586988602316593
-0.40090931628908943
-0.08576156575996792
-0.4999227092549267
-0.6534558722995585
-0.17245874306242753
-0.4922093979953012
-0.29720102517241953
-0.27737630344701125
-0.39002923236400927
-0.33424096430499634
-0.029335643838173758
-0.2248047205122499
-0.2618001806886949
-0.6382571632638383
-0.3764528717404402
-0.44250541357217316
-0.137929297077954
-0.06332962275090566
-0.5411280887331781
-0.12935995618716511
-0.3916691141997032
-0.4693650072705091
-0.6166494051196416
-0.28175000658043503
-0.31708961304722155
-0.3722166313815271
-0.04925761973817
-0.6375795967799279
-0.07176106189347564
-0.13229589754630125
-0.13885903301122512
-0.28152987071360047
-0.008440884199153873
-0.4805701733195276
-0.11232958134007193
-0.35008038934546304
-0.5888689712486691
-0.600008670242899
-0.25865519111245494
-0.5074921072937701
-0.17910681108418522
-0.6399136431842538
-0.38087097011241455
-0.19749359974045455
-0.11754625124615288
-0.3806820558225729
-0.07149710461770373
-0.0013220844868867022
-0.5216895269468124
-0.670026997253785
-0.5531034542991482
-0.5897061120939645
-0.20102512857466537
-0.058240255728914975
-0.2935530348696392
-0.3568639133459956
-0.09225086871471387
-0.545314303216473
-0.30199117235545647
-0.19674777664790893
-0.07159221037628592
-0.09201320459688857
-0.0576968472214265
-0.3988082884658023
-0.34793933012300315
-0.341431349837591
-0.39880979526283555
-0.40242018259985823
-0.4306537532633684
-0.23427642526724474
-0.02635803671443255
-0.1447353323344125
-0.3387041781765077
-0.08117085159189112
-0.6520509971635385
-0.2828403709915474
-0.14627177781883244
-0.5096399992061635
-0.4403745783835819
-0.2918867909877264
-0.07961563248677699
-0.48268221570183506
-0.2210722672331586
-0.1904034083024936
-0.2490382893932367
-0.20924539952845594
-0.6428929848464201
-0.48657770024886987
-0.19579972985816646
-0.5560677215740245
-0.4666211849911347
-0.5306243402052565
-0.2872693051973123
-0.18740412630780473
-0.35647641982361544
-0.05389620128258453
-0.5116938621724092
-0.16080546234223825
-0.05821410155595829
-0.403032447408904
-0.4470160442055548
-0.1143522426690873
-0.21649992736798118
-0.6051868202114095
-0.4668846391569243
-0.6950050936730494
-0.08618902574010937
-0.08916961885422503
-0.07767660465738122
-0.05091824453774216
-0.03250409412295868
-0.04616709813978422
-0.6200044713814421
-0.10630643966184225
-0.06160644994335646
-0.09182677990131616
-0.14829114782929995
-0.19955191357693886
-0.20617954302674396
-0.5096867337712213
-0.32195273973922317
-0.22480089157771765
-0.666545175593668
-0.12515128103977474
-0.20214110893703074
-0.4991521292669349
-0.20619827957493156
-0.5507990176839297
-0.6292416592852733
-0.1836006403076902
-0.2045318478006818
-0.6197047293839815
-0.3463020104441411
-0.018936954691650517
-0.399804265838317
-0.5661522628323774
-0.2186698860558348
-0.5222472677209783
-0.3711767612649042
-0.03115422160136967
-0.026274039195956708
-0.4786715942650235
-0.06367808453766513
0.007828551277615494
-0.17518259190159444
-0.3778893591360248
-0.18504205794586734
-0.5498750404733634
-0.46443151232964636
-0.2744028512568311
-0.6751793317765412
-0.6706805060493768
-0.5500890258654301
-0.4511548664209388
-0.030896442026770513
-0.0920124579196428
-0.6709614416479298
-0.6712922202352065
-0.1762466303501769
-0.2946125505126035
-0.355310031263568
-0.6074971654502538
-0.29863825088170726
-0.13798749330459933
-0.100244617824615
-0.5719432737178027
-0.2686937941035105
-0.08046751947899729
-0.135013798414733
-0.07701807841311671
-0.0006017403550164467
-0.4696237451376472
-0.23339157789181372
-0.40540135031742003
-0.6257092659352862
-0.20362327214253553
-0.5383504702604509
-0.11987920755741864
-0.47387215256459503
-0.03960212795942401
-0.2828996042389247
-0.10936310831797708
-0.6982129359292757
-0.09170409335818283
-0.135367266942418
-0.5790571012118022
-0.5989131359677806
-0.663960433074061
-0.6190024519914413
-0.534879535918517
-0.5835265594106132
-0.6767440077780776
-0.237391871293066
-0.3180903536597512
-0.5610839538801152
-0.3438495047032883
-0.46169708052507213
-0.1891613119285699
-0.05077223022157305
-0.13999575546670945
-0.5605199579054567
-0.6615146807560367
-0.09029299393638886
-0.35636828303979134
-0.24407240233178193
-0.4558762073309237
-0.34208654218567186
-0.39218987488070556
-0.6329679539096608
-0.4782521429498262
-0.4994375998406939
-0.6729465739083148
-0.10911506867977382
-0.28178926286616657
-0.06158080086993564
