0.6016003660953491
0.5626770317016342
0.5709225203011346
0.5632345295067559
0.5827316833077089
0.5927505506117802
0.5318279971327744
-0.5376521395996394
-0.5437067223386758
-0.5707500720482427
-0.5708813933459381
-0.565941522986188
-0.564799647506046
-0.5407803099790898
-0.5809607246148192
-0.551318305771633
-0.5636422679808787
-0.550568729304055
-0.5583124485859594
0.55818949905437
0.5423917908773273
0.5743912557332438
0.5693027922025932
0.5659697407844927
0.5894049190935085
0.5549787314520584
0.5923836697327269
0.532526278057029
0.5605006574104185
0.5457537427960545
0.5435873246016867
0.558446879094439
-0.574660462271663
-0.5594138197994124
-0.5694567110489991
-0.5418192411418765
-0.5570784062694297
-0.5790642185358039
-0.5712009102899345
-0.5573123114158711
-0.5701719023167429
-0.5298951564280843
-0.5640722021863693
-0.5722070216433667
0.5728271696948524
0.5818557018654393
0.5764406946077878
0.5818883438006359
0.566246794053239
0.5433551970047962
0.5889771325026552
0.5914511732862564
0.5918371094407676
0.5430081481359543
0.5599105215680447
0.5546288239617456
0.5552960760924216
-0.5696324141561057
-0.5776902541321177
-0.5884705763380361
-0.5732727712450922
-0.5839904463658626
-0.5309087385150089
-0.572047167841798
-0.5808305463700656
-0.5495574253690032
-0.5659885663648807
-0.5585149131233957
-0.5347949209182132
0.5812314517005909
0.5492272903786486
0.6083051583228364
0.5802736695708585
0.583300351396071
0.5519242765239346
0.5664772631144858
0.5718963943750153
0.5359991081875082
0.5483432143594138
0.5815819977739106
0.5442611061335021
0.5348764790742674
-0.5866058351355978
-0.5835241555944365
-0.6045382046274572
-0.5663063656150316
-0.5732752785439174
-0.5735423192082733
-0.5443036976658301
-0.5689912841630863
-0.5778336085048663
-0.5378294544031238
-0.53959811875942
-0.5611349543934734
0.5469201028223739
0.5968192667297885
0.5462176378725606
0.5385552620788281
0.597163533847864
0.5549087654714074
0.5285537220291041
0.5457030784026581
0.5376124811145552
0.5671914671771745
0.5447377657720386
0.54960443678215
0.593250205602245
-0.5438274796552052
-0.5410226251275425
-0.5382330787588956
-0.5570034740609395
-0.519279467755465
-0.5307362086242886
-0.5673503093653668
-0.5709630313294848
-0.5514653591392966
-0.5417578362257839
-0.5714108331438776
-0.5729031406565968
0.5515153174024614
0.5746226116390323
0.5448177400849531
0.5431417064972559
0.5608556670288267
0.5726425885859231
0.5527068471824982
0.5638698524183682
0.5635606934364296
0.5975011508755819
0.5595410156313534
0.5329305333875157
0.5527074781264409
-0.5842253986656409
-0.5326517294234783
-0.6161267477008677
-0.5823304272666437
-0.5724289292277001
-0.5557535320362574
-0.5726735840393399
-0.6026968536605437
-0.583053121494764
-0.5596986046998718
-0.5811616421317908
-0.5579027890313768
-0.5799115722891284
0.5327681715239149
0.5691360150756577
0.5359620045257958
0.5640262908425865
0.5500656428739751
0.5707061017680628
0.5355939860707916
0.6009377089515794
0.5508315603492303
0.5538075009823176
0.5788259611344647
0.5614285194876226
-0.593120416125431
-0.5471483915629007
-0.5606264517190602
-0.5533455502035108
-0.5406278815411341
-0.5199696145315189
-0.6067430099806888
-0.5402036072965619
-0.6111731225381222
-0.507651002710189
-0.5902940116630528
-0.5537890044266286
-0.5815481005208679
0.5447033642928136
0.5522683674773241
0.5468106430591306
0.5616040150351682
0.555280118622646
0.5946822864791447
0.5300285201336473
0.5796982241476428
0.5672905933856731
0.562446549224555
0.5807250401486189
0.5825588351666432
-0.5771250835213049
-0.5494176066671312
-0.5492687003687159
-0.5702095597070891
-0.5831285847469002
-0.5413073343915143
-0.5781680858796738
-0.5512130857957915
-0.5751756424853509
-0.511463543871637
-0.5704737547994683
-0.5813370384959912
-0.5689843867030956
0.5752824527585468
0.5518961426527571
0.5839527086906251
0.5710907542817991
0.5349935876586986
0.5705395818073499
0.5450409397408927
0.5749603831401706
0.588162983274919
0.5200910488317629
0.5541253705333746
0.5414738073681986
-0.6054256284084204
-0.5665266382230532
-0.5711573240123149
-0.5613361893158618
-0.5729335026165389
-0.5719653088333584
-0.5918755634036023
-0.572967087419614
-0.5347270651310055
-0.5641468138718583
-0.5305923845122043
-0.5803163364209242
-0.5541691341115769
0.5547609780400639
0.5336764513907761
0.5534084914377947
0.5429542752260118
0.5553402049329441
0.535840163634544
0.5634106509118663
0.6048090893447912
0.5304581507408066
0.5924714396885995
0.5624131262119048
0.5402225300982576
-0.5413085044696085
-0.5926951766637397
-0.5661838385787086
-0.5790230016835118
-0.5817733114406569
-0.5574001360746351
-0.5384561653011151
-0.5677730793010378
-0.5971790241976036
-0.5497069245401239
-0.5805619204130553
-0.5656471096834422
-0.5674056645794106
0.5517185549575174
0.5620447006010778
0.5430397458098465
0.6041761818653052
0.5922513264938398
0.5893380465170905
0.5589766259494723
0.5662611596604772
0.6028422125318437
0.5648965076691623
0.553351348698349
