0.12316990508360322
0.13744819676580097
0.45827361881090295
0.03732933772280246
0.7413039634351221
0.6523717829155453
0.7825124562672635
0.7463265952839445
0.23311789488298312
0.2788142950534913
0.73088684695963
0.5996430306781055
0.3437214731282622
0.7109787287704765
0.725621240959933
0.1622476863642519
0.44086918024416477
0.24487626684059716
0.4441696947714766
0.11185915522360619
0.16639769470744756
0.6976929799767716
0.7046260064200234
0.4039589021121923
0.5506483499757211
0.34787276667999506
0.6581904512086874
0.1148711489648642
0.6968970086539618
0.5967027415389353
0.07339447806198421
0.6924051877654359
0.3467835665573502
0.024378969177991705
0.10970252009728937
0.4428005519717281
0.023768832048457256
0.2847294605070052
0.6308716074528
0.1920075348462491
0.6678931071677954
0.5900338644858403
0.020077265917450942
0.03319220644516683
0.5759196228578234
0.7056756410677935
0.07913043615692068
0.20961721506316217
0.3365041914668106
0.49910504497875646
0.46966496053326134
0.45968357820481565
0.6139062268369568
0.18682830838023437
0.6961091372272677
0.6150217009108211
0.42771483969978935
0.325024638817007
0.58955528953037
0.06526232586711003
0.15725719938781685
0.5613965362041976
0.16072157263029357
0.12035832077660213
0.2959277049103053
0.5640193509367881
0.5079515366362676
0.2886469134863045
0.29655514188957716
0.18487287573140634
0.49512123104977207
0.7391045051854467
0.24933859052173346
0.7359296471459291
0.5370826800446236
0.7770770598434578
0.1841269423181625
0.5109514713458608
0.025409857870736925
0.4275331280245163
0.11055632298542965
0.11826307163771319
0.6256710363475385
0.2611666661379729
0.33465523222264304
0.32956732042122716
0.33036973057543734
0.07590476949199283
0.6785518671813863
0.4808143408346124
0.6440725510398481
0.48893764561257735
0.32226829413444025
0.48029963735268305
0.5632348357765617
0.1328353474304626
0.15798423863790814
0.4048571530165746
0.4099747809216084
0.21764691977393133
0.43132102378044673
0.06846097267901821
0.22665474480181697
0.6374829906252181
0.7677688582863615
0.05413331105675259
0.2388925065037393
0.5333449828059181
0.5398725709865412
0.7612281088611672
0.5779832047304033
0.22202845641434266
0.7151315131566249
0.18235593932149793
0.7282356918152151
0.6842319539844474
0.4537224568289673
0.130485222846035
0.5292895849313907
0.45173401739358193
0.4045734820410057
0.7319197369579729
0.7279253334042459
0.7107033936349467
0.6811944634830731
0.25512742085269735
0.21008558812773473
0.6128752020661485
0.3559697196493173
0.7167130530610026
0.2977259586706385
0.6975775143415914
0.3120534142963354
0.5573014355641198
0.5211506318603211
0.5891739555767769
0.6086640968493597
0.5935911425128878
0.44737366932014627
0.1997566220558727
0.23031659740089186
0.16083851535049473
0.685980688850512
0.46074997111123295
-0.009747295186052055
0.16626611784041626
0.19598491430239054
0.032241337998737754
0.6453850044756914
0.5178697432425251
0.3558525690094686
0.12622233713070935
0.2663069227363794
0.7079255691035659
0.6345452773200742
0.4951199860785838
0.5214567577506787
0.2852651707995739
0.7799625421169878
0.787979101523447
0.35142986140469823
0.6380024865916833
0.4611871520606255
0.09710239834760037
0.06425930109711696
0.4127553724110737
0.6299019072504436
0.48316671145826817
0.7253120889520022
0.07207081824106867
0.13649189177648802
0.04088242279249655
0.22701565629366086
0.572330079201819
0.1353819940311062
0.6444433993789389
0.10593028167328783
0.3415734144856398
0.09945304386462044
0.49218686213060264
0.4265520123598945
0.6716422329867987
-0.01975823778287404
0.7776292328762644
0.32779810045292157
0.19060553605597685
0.33252799966179525
0.1626709450206179
0.7730413821547157
0.4016643613595781
0.32462198585952806
0.25562993224549474
0.6327316800497342
0.7203617424732078
0.3078337299121751
0.5371122847623382
0.23964733219668605
0.2690059438343772
0.44013688028493697
0.01999935422174262
0.5133813476560014
0.21645559404569065
0.5860856018225452
0.5850644461283752
0.3989912433152063
0.018923834573325117
0.23344827775485297
0.0012862375213182477
0.7020153447878114
0.5074200779121366
0.4247173294404013
0.46393331346717176
0.7830933907447835
0.34177608390530867
0.5952445034210315
0.7421486934739181
0.05812828344226906
0.4043733230657091
0.4188974951917373
0.04942881334865527
0.693234715897421
0.1797243466724369
0.23197384623460815
0.5250664631086132
0.017898111580993095
0.5307936351082242
0.29408355505794337
0.2892002102219612
0.7272048180282955
0.1397917499621002
0.16661595335283613
0.035557690484420555
0.05816565568000186
0.33420349151802825
0.6116275975423134
0.4402289031209414
0.24589853214776372
0.751755771337875
0.6488825347460792
0.28216601889995885
0.7295971618792783
0.34848738453257966
0.3309049631305634
0.6989573197172964
0.4350682137461395
0.584545490113716
-0.007380774748349136
0.2890415215927884
0.4442287131817046
0.10370493394587972
0.23808145029655778
0.8055034682470431
0.7062245866004284
0.6586865872101508
0.5299636460429916
0.3493912735544077
