-0.13121891204944255
-0.14928872078640515
-0.15458430487811062
-0.15703065444614928
-0.008919210714925206
-0.1545748376383033
0.0009093340494574394
-0.14681707074789607
-0.12373544687912451
0.007118303126194086
-0.1065266966201682
-0.056126626640661925
-0.06366260791204223
-0.13397374580518528
-0.03874690897055674
-0.13950481658724317
-0.057788880830126496
-0.05449326737393384
-0.14657985997454606
-0.09600641903062962
-0.13180038700733487
-0.14640924360485408
-0.0560854093962329
-0.12891407753382836
-0.05240380024208563
-0.1445618014651209
-0.10767535685322291
-0.051542973373476623
-0.06167305638011475
-0.10539892363438291
-0.19699734410909162
-0.02851830546755437
-0.1110801414351482
-0.07988216331634189
-0.09683008140849235
-0.0021754236053988284
-0.001788776700519361
-0.037516001879750994
-0.05843039716588397
-0.08011260457345792
-0.14977480713376182
-0.02548572711893965
-0.0735638744509506
-0.13367126116815536
-0.04963426470205961
-0.055197555150177956
-0.004905916290066901
-0.07324587287572493
-0.06103808847610928
-0.06057440223194083
-0.0010498788868871962
-0.1757508706878996
-0.1292891723658744
-0.04176076182918082
-0.12174943762117148
-0.049440883621141594
-0.0020998779311412683
-0.1612957478967385
-0.04230742079276744
-0.012678673348774533
-0.051552336220207495
-0.023842848618893978
-0.09026457130936047
-0.07178381343462235
-0.12012194165596808
-0.012667175907748953
-0.03406068505414908
-0.08557994610312751
-0.022289074101496865
-0.07637752408893059
-0.06614470363823664
-0.16837259766349238
-0.13139752250353695
-0.10804742335097361
-0.07666924494712703
-0.03829698377552187
-0.04814052108365548
-0.16105737431857844
-0.08113773536340091
-0.09576877550001069
-0.1304201874255925
-0.09903637089066365
-0.12343420977050673
-0.05764144975280278
-0.1514817091705274
-0.047636592443480785
-0.015380453766508352
-0.09657955869797104
-0.14150355891511537
0.031223158141427145
-0.011517927376642274
-0.00924562665667894
-0.1100395439367235
-0.05847728033733288
-0.015638946277968184
-0.10781553891882424
-0.03965888932876582
-0.004106545252137914
-0.13140301131227416
-0.06853471106100634
-0.045270348814273303
0.015682119772351982
-0.0946009283271006
0.012105001643279002
-0.08263325115223222
0.019371985920660643
-0.09717538805250887
-0.033094225399708375
-0.05989769216088167
-0.16189332501019119
-0.041093255961255334
-0.08764734154598941
-0.1687851780830572
-0.05714053346816387
-0.06497666924470964
-0.03318065261255299
-0.14604875570438075
-0.05357495394123171
-0.06819819092794471
-0.037884239215125265
-0.1582291737592254
-0.06872874227590216
-0.048644622784504744
-0.14049111796181799
-0.1641701233905571
-0.08317845872290842
-0.15002723067028334
-0.052684743742830706
-0.01166619737661725
-0.06812011922618089
-0.02857677858419924
-0.043627844773586194
-0.035937356650618174
-0.011038571752520994
0.004664969485101666
0.016047350673100456
-0.1331745743544247
-0.06171413484801274
-0.08114731827938115
-0.06478418238150328
-0.1600065365228862
-0.12137574321374008
-0.13766906984168736
-0.1297006105657382
-0.030148960292120254
-0.10675104220068235
-0.016843742494083724
-0.09748372762693489
-0.013394207607780255
-0.12143244070910285
-0.08511946873391278
-0.14485208086377804
-0.08174633399873113
-0.09879225810183068
-0.04414215309810649
-0.08552846168472618
0.016973217600632334
-0.14093358637295236
-0.010723207246202661
0.012572876382338088
-0.12050018391796155
-0.05090557407957387
-0.14620213304230176
-0.07943073275829482
-0.052130535307502786
-0.10829593743560209
-0.16339218803486763
-0.07584144067917117
-0.012832780691969546
-0.02442995075847166
-0.12117469965304013
-0.09373887796329033
-0.10460264067394939
-0.14839167215222146
-0.14451711319491445
-0.014257972224757033
-0.04688677150460363
-0.13541927192931336
-0.15223811436518278
-0.008172787750654416
-0.08032631237487099
-0.06419991763408528
-0.1630293709114233
-0.08299546212053573
-0.0125967970657655
-0.027128401079629286
-0.09579646890253053
-0.03994339332146968
-0.04175922508360048
-0.12391016118806587
-0.143258324565321
-0.05521402110862505
-0.004554348094332958
-0.019071714007164415
-0.12647920213525563
-0.12497471236313082
-0.06293847180430576
-0.12077196506079672
-0.10613231509283155
0.0157291711664088
-0.12983722208635978
-0.1691446164888344
-0.06368676246619477
-0.05915089267261098
-0.09476544256761225
-0.08123008517151327
-0.04162502184426925
-0.08194390245586518
-0.127288735553876
-0.013397767905939634
-0.1829236946534796
-0.07732002694419908
-0.0882560565565702
-0.11234476387012565
-0.02609693218730421
-0.09807050291671597
-0.05629805567286654
-0.04683741403262374
-0.11254788756421899
-0.06510484874701136
-0.1669001870302168
-0.17724450381802298
0.02096465841566955
-0.10575202985249034
-0.12434327375056552
-0.01848649404841999
-0.033067894465558946
-0.021465077120544573
-0.03548652000731219
-0.11088888668691327
-0.1309163516826127
-0.1272921577077069
-0.06687414802334199
-0.16650581598168723
-0.08986855521964486
-0.01938132934984073
-0.04653946575448863
-0.08908831632553464
-0.13744114754872205
-0.0641686627407652
-0.08242213378926315
-0.036752018772189886
-0.11395560088833787
-0.1457838310505723
-0.134244473072813
-0.09231725772319191
-0.08189318717248321
-0.023785657321289524
-0.19156881818481603
-0.022998030356391197
-0.11099467876278088
-0.040169352957560286
-0.059704676556712036
-0.07609939741872745
-0.07857812862963713
-0.048357022422517625
