-0.3357869097247956
-0.3068191222964116
-0.3024122586855324
-0.3263756391209356
-0.3238713267163092
-0.2934936428849706
-0.3471135305730593
-0.32824712052538446
-0.36011396172402727
-0.2825367965919553
-0.3543581807420725
-0.3315686488593496
-0.29971354540099016
-0.3492448152952599
-0.3451506998813524
-0.31083788752966635
-0.32903671542657265
-0.30754238445126436
-0.35780863310700795
-0.3217401432637028
-0.3117980064873529
-0.3513369550982859
-0.35176668622140317
-0.32453747160431107
-0.3229027924780765
0.3602898587118711
0.3299368136195133
0.3226085287089457
0.34081611853965643
0.31774332655638243
0.3373982079822693
0.33965423329730654
0.33375769964109697
0.3376929295954154
0.3261484092467498
0.304835995791242
0.32040682930120434
0.3346451136540259
0.3098770301400788
0.34583566218508716
0.35357655088319295
0.30084943743596204
0.3363820532140871
0.3193104113192971
0.33003411104210767
0.32731399904523
0.31655813788091175
0.2983809224435115
0.3873117346346515
0.3327856502156645
-0.3296922526643191
-0.2826432417860046
-0.33377649656264674
-0.33010705303992344
-0.32342548766374984
-0.35036615672353694
-0.2795842484574065
-0.34031708809858857
-0.3469236063593565
-0.31819973392629713
-0.331430649458345
-0.32615668609785353
-0.3226789326881079
-0.35392170329561384
-0.34555739877183533
-0.32656380768660737
-0.289460715360605
-0.3216039269765104
-0.3016415740158696
-0.35661231529565335
-0.3488108242321137
-0.27616928618840614
-0.3395989863111032
-0.30541234346982543
-0.322550101642738
0.3170372984056198
0.31816835783803654
0.30648344128714267
0.3102343431500297
0.3228029367908688
0.3217293231140257
0.3517483514212686
0.3174955035168805
0.3345337779882104
0.3143192823410863
0.34395971653982693
0.2966846622539342
0.36581033376248484
0.33035967495475244
0.34946090419449616
0.31826687272335197
0.33284870088493945
0.3402953486976469
0.35476033316199107
0.3312798863198479
0.328598282353764
0.34331791870085104
0.34330174751721887
0.3493314357595292
0.34533469392626553
-0.3061538998941757
-0.3359242203281191
-0.31303093566687074
-0.32775688800243935
-0.31580808782309683
-0.36112352039842394
-0.3865083331807293
-0.28873656175859497
-0.3370966374430828
-0.35242937013653747
-0.3234195948314659
-0.33494692244182017
-0.3236650752288914
-0.3227176651626623
-0.33884969184791675
-0.38094883397007007
-0.3196487900376188
-0.34611585450339644
-0.32399418060070484
-0.304079350318089
-0.3380467333155877
-0.31419841159359957
-0.3242140432131996
-0.3724878906817034
-0.32016912536651493
0.35578826311498063
0.32572238541596604
0.3172329623358046
0.3353971825638613
0.31912312479825306
0.328778309542835
0.3603797782963384
0.31103522703113845
0.3408717688280545
0.32387907561419466
0.3874231655214226
0.3516452251701
0.3497088310424387
0.3695702770962955
0.30949196703778864
0.3275524144146414
0.30468351223321566
0.32544706219130526
0.294017657509231
0.3058489928551173
0.34221390305260724
0.3283582896075542
0.3535350415891009
0.33168273893742695
0.30794745923145844
-0.3115111795206268
-0.30860717279800465
-0.3459522771594803
-0.3170790009155908
-0.2921711922738507
-0.33750801205731235
-0.3146257072970705
-0.3147328272822676
-0.3275626312414183
-0.33216020965332343
-0.31017683351813546
-0.3525232287468225
-0.32214902951567104
-0.3235609527492948
-0.30366690033216365
-0.32950930071310214
-0.303500067558859
-0.33774719763852284
-0.295826192739891
-0.33041705279095107
-0.32435150713998423
-0.3215845875131099
-0.3015286293014596
-0.2940449924549407
-0.3323914844763238
0.3395963404175267
0.2857474726627898
0.3353569841370571
0.35494863366947094
0.33308084592410486
0.32290695322511603
0.31805433317981785
0.3310596321313024
0.33891779808730865
0.3182745112283046
0.367274098005427
0.3561289224304464
0.32491468862709255
0.34697512146649057
0.296479038052969
0.30416909482597626
0.30772789286374763
0.3517720089766971
0.32015674484338924
0.32154575306380945
0.3212011656488294
0.3599931007728415
0.2753768547465364
0.31351364815185667
0.3044941167873415
-0.3068722172520161
-0.2968661978730295
-0.3058302680888969
-0.3009804573483012
-0.3123720832683678
-0.3094697180272489
-0.3337100879261769
-0.28492409992368495
-0.32422434562411784
-0.3176940370187677
-0.34129328180973223
-0.30784650440244093
-0.32290674453196927
-0.3454719691906843
-0.3203099347156603
-0.3527082285563396
-0.3511137948257768
-0.35097395303785545
-0.3176139470860982
-0.34152881197890095
-0.3195630788052448
-0.30573231225420144
-0.32456863080337056
-0.3355835837701717
-0.33162957549026123
0.32951519452197814
0.33975033405208604
0.3038735862526356
0.32367314408112047
0.31906878101190717
0.32084980263813095
0.3520338381734154
0.3335844024325598
0.3174193513071436
0.3081513277091799
0.3295755593229507
0.3436762962719846
0.339966315750472
0.31446462856475216
0.3507705539815737
0.28694133110727
0.3648787648168753
0.3224082133404726
0.35857419077534236
0.3272764608089452
0.3354980300642524
0.3446129457486102
0.3112924444414014
0.33077781753831664
0.344011811495749
0.3272731713797708
-0.32443392899735657
-0.37974412529963897
-0.3257370358642666
-0.34590271274899953
-0.32054532113163586
