-0.6104069769782975
-0.6137024558328037
-0.624499052367072
-0.6261802721503333
-0.610279539036786
-0.6323524694598542
-0.6140825270416259
-0.6433481168949974
-0.6375369331248549
-0.6322725641535085
-0.6142062544280995
-0.6699493899715168
-0.6476200196447689
-0.5795196046688906
-0.621325860251768
-0.6469075939382913
-0.6214329822235094
-0.6624334440032705
-0.6384910729601471
-0.6430192705978143
-0.6232239289003109
-0.6351407899670164
-0.6546944649620493
-0.6046422559664978
-0.5789851348437737
-0.6235641574535142
-0.6491257152981166
-0.6766251361618815
-0.6040469413702074
-0.6053672680538557
-0.6511409403027788
-0.6316665589361802
-0.6377711557305373
-0.635896396694079
-0.6109355703552666
-0.6302342634954641
-0.6350047635741805
-0.6055102836644791
-0.6526155344100082
-0.6102636641670259
-0.6234053866608419
0.6621715960831791
0.5812590297860396
0.6206927942619773
0.6461616016453631
0.6287322005015253
0.6220776346555836
0.6249769837976378
0.6453203895529004
0.6388453714892633
0.6440819380258698
0.618898998936891
0.598946623182882
0.640053375556201
0.6270131142007819
0.629410673809073
0.6360597620644926
0.6300693773039181
0.6436196997882518
0.5978350753848327
0.6346371777511386
0.6420818263756802
0.629824402014746
0.6251524218819353
0.6237053750619743
0.611165253834717
0.6275838678963892
0.6547323464752991
0.6314146353347719
0.6377178059338044
0.6618255815171717
0.6436071285600111
0.5869423040603348
0.6203320294151046
0.6029346962751251
0.6075955855299224
0.6318012330520624
0.6152555444732155
0.6373812932386536
0.6633985518868174
0.6547545408603653
0.6534559067751575
0.5966656110182511
0.6261693098961358
0.6357375738178045
0.6209346892092978
0.6538341164788876
0.642731590463013
0.6322645311620595
0.603257495429445
0.6263358043724576
-0.6452798948238005
-0.6155647373090392
-0.6552781970182292
-0.6278924292167398
-0.6209935070504232
-0.5581967183242444
-0.6148302394957765
-0.6439581224768647
-0.6183730342120971
-0.6275389239343253
-0.6280014792366415
-0.6016435147085197
-0.6309302202297219
-0.626995595934381
-0.6000093833224416
-0.6426885322017943
-0.6578029290113955
-0.6168520814366301
-0.5929315835951052
-0.5999882836425152
-0.6288343102143544
-0.6612202216649972
-0.6144399810314072
-0.6268518220295427
-0.6086870809884172
-0.6245396222888063
-0.6256777951858157
-0.6555369665348543
-0.6249038232255503
-0.6346404030555556
-0.6614132532549483
-0.6646308780304349
-0.6462673019729221
-0.6185220637659113
-0.652690755443011
-0.6407816848538731
-0.6234807525873668
-0.6336124808173283
-0.6155814815374665
-0.6399713090865525
-0.6051144027054856
-0.6171930761545982
-0.5960466515569071
-0.6435815142373211
-0.6074568664670246
-0.6325626338700344
-0.6524632539704763
-0.6605709838525853
-0.6717375423175905
-0.645252094140394
-0.614852741567276
0.6191802478508047
0.6304828954088315
0.6497056067894595
0.6764732136067022
0.6558602054681335
0.6546593220332153
0.6365488805543517
0.6123025802296712
0.6231557718232626
0.6424690739039451
0.6215468580682049
0.6429851517260728
0.6120428974293481
0.6375889673879461
0.6331035486597848
0.6386694551094009
0.6028128492591385
0.6363041590711164
0.6069002322468993
0.6693233557344215
0.6820276643529052
0.6355651717414262
0.6479588757393753
0.6385933316227027
0.5976279940677156
0.682202187705148
0.6515854016624741
0.6480666965251817
0.605993066786302
0.6094923304596288
0.6288617074561719
0.6284791668215776
0.628256045550489
0.6454661387181019
0.6736738322536795
0.6248279153535706
0.6500033926523263
0.6585391111520134
0.6254189817027647
0.6482291849628246
0.6299724164663588
0.6420987710507211
0.603717455939581
0.6185319391252471
0.6771968583006306
0.6691843163269068
0.592767027234292
0.6479814411101584
0.6192296565482973
0.658188623137933
-0.6187654240363988
-0.6413819506589226
-0.6402100749022035
-0.6146904620502948
-0.5942364435341583
-0.6295697616409661
-0.5997372026707244
-0.6426113664980376
-0.6253326366037977
-0.6254706726383426
-0.5895779422474886
-0.6197433431551772
-0.5971504615743992
-0.6280995006276677
-0.6563190487317091
-0.669563999213274
-0.6330722997071069
-0.6253483731147651
-0.5963114004159803
-0.652930575746934
-0.6118967993492999
-0.6350945223379192
-0.6319210184621733
-0.6514038824214365
-0.637416322239693
-0.660323585974313
-0.6126084952364066
-0.6466060137784747
-0.63316720934573
-0.592573194766609
-0.6314114245515683
-0.635253904394112
-0.6549256152758831
-0.6231001008621273
-0.6546731199029243
-0.6372576342253252
-0.6075700147502615
-0.6187294732092659
-0.6065800057701597
-0.6452972321273714
-0.6483965695354749
-0.6556597170713057
-0.594793858563498
-0.6340178135529883
-0.6376123452475572
-0.6581584648770205
-0.625478556868567
-0.6627178684201103
-0.5979116711366134
-0.6540549159327997
0.6621967434851014
0.6183771085946194
0.6174060915426725
0.6145987399015628
0.6212734477143044
0.6189818864676048
0.6028321423334277
0.6709546840956965
0.6501129000317195
0.6136447437334307
0.6598775575398914
0.6393843155755552
0.635179866898747
0.6240135044505761
