-0.18445326315127486
-0.2197757196325232
-0.31558460209855327
-0.32228096515829924
-0.3860329457281563
-0.4721823395516708
-0.5256972092967064
-0.5983380874440959
-0.6216707833432794
-0.70014741859216
-0.6596238184791169
-0.6039244979521922
-0.5103405566984105
-0.4775379395106427
-0.4122720498044828
-0.34886222259794225
-0.31342099354627084
-0.23798958040331014
-0.1893784737065733
-0.1573774871542912
-0.09794498317880887
-0.050922550280798354
0.008537872882807426
0.1151385188546793
0.1432933652937797
0.2134883807355102
0.24354054637794814
0.29227757211262284
0.3691235277409248
0.3877243956447074
0.452930013530536
0.4982509213454113
0.5619839856209782
0.5924739259750474
0.6717519699044505
0.664493174937021
0.5879485895479675
0.5491567202836924
0.4751073746044714
0.41142395738609017
0.3442945720453429
0.2897865846606511
0.28999354506414665
0.1887374885928831
0.14012291780016956
0.08778873373521717
0.07020521078832578
-0.044119706276560686
-0.07336267918838947
-0.12413880379293199
-0.17563380076247953
-0.2636599167490142
-0.3081892641624697
-0.3219894439434307
-0.380020830949934
-0.5005471826330719
-0.5322503275860775
-0.5973578006318426
-0.6334945722189382
-0.691327622154112
-0.6522284248768524
-0.5908153912608671
-0.5494369466186534
-0.4786763662663072
-0.39900685342529946
-0.40239280120295506
-0.2971941455683371
-0.27589015959075286
-0.19562133076383606
-0.17205086000518738
-0.08624245374754615
-0.04704419840337103
0.00946439122515931
0.06944076147288099
0.1255121070647113
0.15729951055742808
0.2456569349520835
0.3176302837379544
0.3435614884311623
0.3755569396415479
0.4364567012003367
0.5039006496597032
0.5564831775854742
0.6064898791554362
0.6852190625164803
0.658296994575069
0.6255427902786849
0.5520237633059573
0.503351748330738
0.4353221336488916
0.3460533074027354
0.3255731899741448
0.27878222438442785
0.2408281946910007
0.13277909567123306
0.10235215023074866
0.03606412657175984
-0.008162919770772251
-0.03641151275075777
-0.11556951157943696
-0.15426258550784322
-0.2111246175918876
-0.23118660017453113
-0.37066644172822616
-0.39609594859212977
-0.4755477111605542
-0.5304373876096087
-0.5624708404595047
-0.6330039894364257
-0.6860235150411929
-0.638456065927638
-0.5635355803691813
-0.5440541056766814
-0.48623776495753873
-0.41646618421380804
-0.39313809338662764
-0.30375267045250176
-0.2805179867273605
-0.23589856380452495
-0.14135517001567743
-0.06418027661979611
-0.06880931929237796
-0.0009615315116334568
0.07627051969573166
0.09636630621710024
0.18440259535356468
0.2331636226998236
0.28738013648099764
0.3503589084525557
0.3981114384006064
0.43356535169163685
0.49316396450039246
0.5935395496676292
0.5594067939906672
0.654643613413293
0.6149790567619312
0.5652865993941938
0.5336545668741575
0.49403732281886165
0.43577373582396667
0.39899467947267186
0.3265751964085631
0.26203591842574486
0.22255675429118538
0.13259103003050485
0.08443001404891352
0.056806599756366434
-0.03628291465298672
-0.07247302697937183
-0.12093058163928491
-0.1975357099154868
-0.2229466460377854
-0.2572330549123102
-0.3169616265554859
-0.41008343728749963
-0.45460367115948785
-0.5024197069498413
-0.5076968162154072
-0.6090344593816571
-0.6587320826945657
-0.6829945551540387
-0.6455309429846827
-0.5207800430569193
-0.5114888626599062
-0.47161338391456425
-0.3617944243238825
-0.2914579289875321
-0.2951844026418988
-0.1998376200549651
-0.18412274512319507
-0.11172373430455769
-0.05758100991877406
-0.0014113152605410688
0.05828546527793833
0.09772395781069033
0.19344902475541695
0.21839168917480703
0.25933897505608733
0.3470410241213854
0.36452556998801755
0.45531501553184967
0.48765157084989463
0.5206453661679291
0.5754333401976596
0.6766584342555696
0.7042923348427472
0.5957690445101592
0.5411399184907508
0.5257480529981613
0.43912570214561747
0.37563042369987804
0.34065333846711493
0.2874317797841522
0.17575818858792108
0.1857809993459978
0.10223128233822715
0.08416895453711651
-0.04334128569721179
-0.009208328967610604
-0.0722924986193481
-0.18729820480489767
-0.24174847102584254
-0.2756597241769597
-0.3108009472350657
-0.3741907842558793
-0.4503931635877535
-0.4858224100611025
-0.5495973599136854
-0.5631958016242395
-0.6807773550914529
-0.6940520161642642
-0.579417275916498
-0.5649109658441738
-0.5145392074866487
-0.4502452796838577
-0.3773294278723183
-0.36001900938918757
-0.2950659668325171
-0.22674222912916536
-0.17339730735833953
-0.11415086346183353
-0.07569663425495955
-0.02686916859842611
0.05717615006300011
0.11681261604216878
0.12288949688783057
0.22118889694199587
0.2683839169220101
0.33314627196819874
0.36636162594243504
0.44497566152506896
0.49372123520390265
0.5801018009898864
0.6060336984712779
0.6656597590568419
0.678242067388123
0.6110284036839553
0.5900718369044073
0.49548163268020595
0.4804906089641426
0.4056939540450178
0.34890566754426244
0.2672130238396583
0.2057731892110782
0.18979901006761513
0.11164550500032315
0.08149811549405989
0.017902162050802334
-0.05993710589235275
-0.13472886841017778
-0.13897312561485795
-0.19174962811878513
-0.2936007321297148
-0.3329752990706107
-0.40267517679845566
-0.404257937533199
