0.03207280095051207
0.024029563482100537
-0.019450603190659825
0.0067295066515251824
0.05812055065262113
-0.004182211029362545
0.019732586730874017
0.019891723694236425
0.07274371884615992
0.009271615733353927
0.022405491253087297
0.02645624911821285
-0.0015789970130741827
0.014805316905224124
-0.0009017238642037963
0.01664369006167563
-0.0076229013238773785
0.00540298234200439
0.04865271061720063
0.01557293513112823
-0.029060695817317347
0.02162247285069594
0.0071678726287077894
-0.006713217708482783
0.01698245089163676
0.020432857243144146
0.017871140200373004
0.01688466048938079
-0.02493052548603628
-0.014287629725995649
-0.011476933633048629
0.004401046426657112
0.025328410274238156
-0.015573232814102368
0.03126996502618859
-0.023739537319176586
0.01902067423978447
-0.030914307494295606
-0.03731717678546267
-0.043614395311121684
-0.030341826645394976
0.015902662362181727
-0.015804325166231058
-0.016319131225378654
-0.039096314998226286
0.021155207989455083
-0.00751669824885596
0.010658060045002034
-0.015226999948565263
-0.024650715393047966
-0.016563522520060152
-0.019574071248291205
0.0012637329637502446
-0.0013199429210070297
0.014214265266635896
0.014128063412736962
-0.039963134065090736
-0.015561619609835153
-0.01905201651996483
-0.017574198959728667
-0.004499209586040666
0.04073522342125038
-0.0016970102539009884
-0.00416022435431868
0.01533689345320366
0.04441820688886487
-0.003953038273453275
0.004684806711707288
0.01930530598602142
0.017972390353613636
-0.030350583192619345
0.011398419127485692
0.003675974137485276
0.0109309092397082
0.00040997260676223224
0.04351718802502904
0.013033314811560934
0.015657702953521015
0.0049564072594438
0.0005548147373398149
4.851507027250901e-05
0.011115307695107162
-0.005533266667410736
0.014820124708121676
0.015180322777291916
0.004075089359566332
-0.02862919294965595
0.018134648521468334
-0.062076871890246625
0.008589898452431775
-0.007806857359133997
0.016731022488735918
-0.037999951809513065
0.029382589613639383
-0.00048270445656959553
-0.00828782903713601
-0.031561677951287205
-0.021288804782040937
0.026050397266062206
-0.010351625820951272
0.005454279633615814
0.005229024187773864
0.012715875451250056
0.018199853114155867
-0.0289016983890371
0.002968428009230426
0.0116831501774035
-0.057769550328474556
-0.02022739932291711
-0.013586791126482332
0.003941995989212653
0.006584600654513483
-0.009753872112959824
0.0159926898979136
-0.03667013234211692
9.64813880494136e-05
-0.037941402717643506
-0.04335315082368709
0.0025377967652979545
-0.0019329605468380077
-0.0029217835062942126
0.007280772865411648
-0.024910079192859366
0.002645407498850921
-0.03175365282627337
0.0054496520534352165
-0.014221267955026649
0.02155258825712306
0.0352717562384667
-0.014238961159015889
0.012116016907843568
0.0165618711187131
0.029420688775673273
0.035605181614756495
-2.999740736939205e-05
-0.03356775603651725
0.016828675528607572
0.025294601050974426
0.02321293240210589
-0.031708665215884765
0.009759274115308504
-0.034849268827977786
0.016911095456273954
0.02402844395658195
0.026206016204978255
0.0069550301821675415
0.01011158661768409
0.020039642649765488
0.033983034589182406
0.006329066219892951
-0.003687641419534457
0.0036750647922060573
-0.036743657760479616
-0.02121729961846818
-0.010948977311813223
0.01627778851857969
-0.01377726755233476
0.01663295368656815
0.0217304087247295
0.020909524339535884
0.018738288608973305
-0.0028146344006369796
-0.018820785253156967
-0.03684769049628674
-0.0033104807760565022
-0.0013979277069248895
-0.0015545130539903543
-0.006605760702822945
-0.019527045432652462
0.004314311514686496
-0.05122331752316933
-0.011923835208107103
-0.025740778687989192
0.00224772105811559
-0.009415179751604517
-0.05563249650216998
-0.010769496588057594
-0.019646294616594614
-0.011221704989344106
-0.04512698059902288
-0.014658142593315833
-0.02498083688447571
-0.003355279558001359
0.037384926374618856
0.0021932385761708776
-0.021208099769644134
0.003844705704185027
0.019127201884735913
-0.012581796723998059
-0.007219710271827105
0.029844459156576145
0.013104433338864825
-0.002824154730352665
0.005729311063440389
-0.014874563798997004
0.00016408046370620282
0.001006861807002536
0.02007046107145116
-0.012734615256309402
0.02005656018630214
0.0007533295888463368
-0.031721277356364416
0.01508998067539798
0.02767908318241629
0.06809821259908201
0.0220358685061112
-0.0009653546045876246
0.022936528991429284
-0.012771921869244618
0.022087602495545203
0.034904908510150566
0.017474950357384535
-0.0005766980211674867
0.022620167717344028
0.029114359697372878
-0.005878762345390824
0.018655490272531598
0.012196342169309963
0.021574370980596315
0.014244756635019576
-0.013058619662731256
-0.009223492210610038
0.04926590631313273
-0.004552266759687941
0.042870507359732433
-0.0024544872252275558
-0.028992157473485755
-0.02753262819460004
0.0016596763738983547
0.003170722981662505
0.0007508070939055513
0.014107622131866471
0.00906334375694974
0.007832584769889041
-0.0300761630101465
-0.0015005775480738818
0.002748388940518376
-0.0014745545361689524
-0.029983525266953963
-0.009480882492260298
-0.036023384080857125
-0.016461369851010342
0.021757145293719055
0.004999093122705765
-0.03798788157301464
-0.0379838279863919
-0.01948274076604627
0.01505975894972847
-0.023187653225987204
0.02887881643372974
0.004462648311198467
-0.03160872635424575
-0.016785221515640363
-0.011829602661722831
0.003530183055626969
0.015936005712152083
