-0.28549372456870314
-0.2661414081166658
-0.2688432426541829
-0.17239096163021372
-0.16221715592946961
-0.17722033348929994
-0.14114336384707585
-0.14343807311678963
-0.1435856851853464
-0.0643485656281672
-0.019188896016062447
0.013473105677017577
0.017007540035010576
0.05742833002350434
0.041277693213324765
0.0845203096987457
0.13085426216978172
0.15244171971665332
0.1663428244420456
0.17582190410561946
0.16953220086660128
0.19638240173463165
0.2266870402865547
0.2661074393286762
0.2855802973373704
0.3118410283379555
0.346727031912104
0.3643899891384009
0.4099322647053525
0.4137358895404607
0.43634706419268454
0.44510588331810436
0.4713339806057751
0.49515383773234517
0.5110663419963049
0.564989696384621
0.5545353267756574
-0.5796877513114352
-0.5750594759764793
-0.517798303921509
-0.5042648257898271
-0.48449966572102066
-0.46954931507734177
-0.47807365878208
-0.43874438832092433
-0.4283517636923594
-0.3800597300566565
-0.33353116305032066
-0.36574642147295927
-0.29248657389470145
-0.2921610106793704
-0.24829772330980623
-0.23060348031967093
-0.18057490097345139
-0.1810836816405996
-0.19760608884543024
-0.12872898679152775
-0.12444635809591906
-0.06605738691543026
-0.056116609179179364
-0.04285351663921052
-0.007834653577149082
0.0431070206485946
0.04135458316823029
0.031229941905797153
0.07406891463639588
0.11454697882055374
0.1050645783353806
0.11958917521970219
0.1618854250852094
0.19898200666807278
0.2330044134830247
0.22685207649810393
0.2701208821484249
0.2638466435978456
0.32126228724323935
0.3251037401064454
0.37316920317008173
0.3839031878599001
0.39074623540366143
0.4222636832323915
0.4564952491925624
0.4939415017673357
0.49608485841971994
0.533413130420574
0.5518322389570609
0.5959844742950727
0.5876895528676855
-0.5868334927442076
-0.5512696823403124
-0.5746738130733413
-0.5191218668339201
-0.4600236550810065
-0.40529605323833057
-0.4390049708366268
-0.4086754726248681
-0.38637045631655054
-0.3841756608050567
-0.32661796865937626
-0.30722320343771337
-0.2845535422870043
-0.26532845865699095
-0.27231251715435556
-0.23701050312884273
-0.17256436812232742
-0.1487277883539859
-0.14895459682673196
-0.127491071539624
-0.10935787004831732
-0.09677618991619649
-0.04449357676617377
-0.024197815903489052
-0.03263356569281206
0.030026102357003856
0.04872722989442809
0.10450383557067083
0.11760591739004025
0.11278163855525407
0.1415378915239798
0.17170794263847072
0.2014755685628256
0.18184625284653752
0.2499581861033765
0.2498287891296238
0.30211735164282977
0.29285206375784784
0.3308639706983579
0.3821651591457599
0.3576010258782454
0.4066309734214589
0.40749038928920833
0.4454889319713323
0.4722624066377746
0.5117767672946434
0.5281061879272895
0.5465321766181582
0.5725389874165945
0.601900206417749
-0.5884131178476194
-0.5511395607815862
-0.5361685930377986
-0.48837387264029564
-0.4720260505337613
-0.4685527255832576
-0.41550500573274785
-0.43473941362070734
-0.3626674149816552
-0.390990161899272
-0.35522099154129566
-0.3465537299109989
-0.3015830432989712
-0.21942162506552323
-0.24765404074793623
-0.24749717403524665
-0.19940854217512952
-0.17653784450575505
-0.11377126451510297
-0.12950787747341783
-0.13290788696001662
-0.08956918959674472
-0.0617595208173443
-0.034259253820899
-0.00816901521021364
0.002583998614503282
0.07430876876540086
0.04321497859736298
0.07750500901449606
0.0943774902697285
0.14322854583909544
0.18936809177685446
0.19263934837178523
0.18847608809027688
0.24740943343174218
0.2776358617908189
0.27176782428745677
0.2871868242202706
0.3210795727637281
0.34724170043546626
0.35083674274713195
0.3867480470311672
0.42520889187013866
0.43462280580880275
0.45063565541010603
0.5434182714607155
0.5071443260735243
0.5504022906441698
0.56647724218186
0.602857309814191
-0.5866003084556736
-0.5454668234717368
-0.5276774346171161
-0.5090303155475866
-0.4589967979502208
-0.45558730072409453
-0.4539948650008526
-0.4271633565745326
-0.42022497526066654
-0.37739208875385805
-0.4075546753421777
-0.3245666628508288
-0.2919363484844262
-0.2650082476072565
-0.22952012273725106
-0.22235341690806776
-0.20407235582067532
-0.1593625791360213
-0.14491148637040982
-0.12558573749159577
-0.1355670305473875
-0.07694447604469695
-0.08150364236040127
-0.05003502722145327
-0.022991643774261886
0.006700515790220234
0.049897942617604905
0.03342943758675661
0.07577429919132186
0.08446219863974488
0.1425269110906657
0.16609992004621082
0.18454306108480242
0.2127308740292569
0.24765465141383763
0.28506715151845696
0.2889451501905231
0.2744578707642663
0.2992604557024242
0.366155718123565
0.4134822665225398
0.35828552371032746
0.4282223078214489
0.4374410948830432
0.4302750995829144
0.47569363073268217
0.4859373225780302
0.5456407275218986
0.5756779087922856
0.6108850787282778
-0.5897604239952141
-0.5889478740292622
-0.5077218553960267
-0.514226134651307
-0.5073419278971353
-0.47224320982565055
-0.46691001165751106
-0.3936185923353668
-0.3850012088880799
-0.36449518200184455
-0.35554891643482406
-0.33748316034975645
-0.33154684895366915
-0.28273363045810423
-0.27109259049497375
-0.23964572017741134
-0.20836023251104835
-0.17480395121993664
