-0.24282316672567178
-0.28053724748472303
-0.3745496131939804
-0.44082116799159704
-0.4381443406184383
-0.5340639490955901
-0.45852213832100847
-0.4000839054015042
-0.32066010673281226
-0.2790425141847835
-0.20305775060496262
-0.17606736313357377
-0.09880790115512475
0.013589126762874097
0.0493337535503431
0.10066562122914131
0.19788144005456626
0.2699826027363539
0.30347443258676843
0.37682839833122245
0.4786616928221229
0.4820378919473707
0.5000033369788982
0.42463480525935615
0.38855029157866144
0.2928895937283872
0.2754137657148391
0.2401117014486182
0.12177571815007676
0.07937560337560569
-0.006597998583808223
-0.04846271744300069
-0.11894436469878572
-0.19976091623237202
-0.23140261101995546
-0.35160308129004547
-0.41387842090372556
-0.4266033525308652
-0.501102804794771
-0.4938966478641483
-0.4053274501164428
-0.3665475929375678
-0.2683880471157313
-0.22619339088176793
-0.1573702096046593
-0.11441824765657678
-0.007362668838023105
0.04795559478486272
0.08100625405732033
0.15857204646168785
0.21886494484894498
0.2691485948025701
0.3574705879894789
0.3632197051945386
0.4866390522339026
0.5362928993680318
0.48882802877659204
0.4444084104439241
0.3167692493651141
0.29740085267723165
0.23732189740368773
0.15691429723566372
0.06600781892985617
-0.006692388939826169
-0.033871137100231756
-0.10949639421923084
-0.11570813886938058
-0.2582330209181321
-0.2779514578909484
-0.3199375315842114
-0.415955084594467
-0.4928572453122998
-0.5193202561377437
-0.4451518028943232
-0.39764470961100434
-0.3412884270207023
-0.30026591289207066
-0.19604248674903688
-0.16299859525338947
-0.08922362447163723
-0.005007850692435983
0.04701389379709897
0.10577933193810042
0.18114197594303658
0.28457547233795055
0.3019574686310748
0.36640814664745347
0.42166031260424164
0.5306327314543742
0.525770593662478
0.4516610609848541
0.3700501402287677
0.3295834420107237
0.25509714754049523
0.17471491613961684
0.1389410627617809
0.0343625939722904
0.010551126813053903
-0.09182579127886578
-0.14172745138887166
-0.23198404332018574
-0.24654406404319315
-0.3440553746413688
-0.4051341852468103
-0.4556681359437547
-0.5418538582301179
-0.5439512541169393
-0.41643010972863526
-0.3655057354324639
-0.30722570760711837
-0.1860863711896466
-0.16008027692465357
-0.07085035963122327
-0.05619434633959371
0.07743857748804796
0.10707199432706663
0.17390123183001968
0.22033028316596495
0.29650907765930024
0.3454826980559109
0.4058536508017027
0.4471702856515149
0.5203469065816028
0.47490928600066956
0.40287493411227465
0.33703893397919604
0.30542757507628315
0.20517976166373167
0.1644549844069677
0.05620323758235865
0.009478645001599246
-0.042567697173637724
-0.1365428729716509
-0.19464150318259824
-0.2176943080879144
-0.2844652662751125
-0.30019502603344944
-0.4110432936366491
-0.4860138489296912
-0.4925206527616541
-0.465529985591847
-0.3763552015703854
-0.3095308667798858
-0.2491906053803307
-0.20694103043898832
-0.11661882862449184
-0.09393689730287169
0.00451156338926526
0.06940653270747583
0.13499227781879078
0.1949587304655702
0.20040275420582224
0.33305590910567306
0.38884866899805187
0.4778690862000992
0.5150482293439167
0.47121926048761026
0.43445827073003024
0.3961084018930228
0.2710617604505
0.2183438846828872
0.1975856889817114
0.11176754421564684
0.0398555292174205
0.002441492779904589
-0.08132037412280488
-0.1380035942419611
-0.21926499779991457
-0.2646572892933616
-0.33684420223451195
-0.38521389499909103
-0.4687309005137328
-0.5204296677509314
-0.5257231707745033
-0.42598235062990797
-0.35499573928516426
-0.30242504349575694
-0.24363802913148627
-0.17203173005019654
-0.11423395693663915
-0.023069742450130167
0.039174481820116944
0.07251126645239664
0.11103451423785618
0.2141256056073318
0.260683304725768
0.376963713795418
0.4143395644659368
0.46206191080324815
0.5266296621897218
0.4574604983882301
0.4240827835445165
0.34138560933930084
0.27545801867810205
0.22912782437907597
0.13658782167981812
0.0558825390652742
0.03369128172774371
-0.07788988150028661
-0.13240601414910827
-0.175641457284844
-0.2819351555414878
-0.2854404449381053
-0.39965047007217097
-0.4525987899810499
-0.5058536614558551
-0.495940549429104
-0.4631748544339559
-0.3534989250270938
-0.30890384565658774
-0.24721949785500977
-0.20645473644432472
-0.13675593746363904
-0.07613842961413533
0.027732774762531893
0.06681027567953295
0.046766689199919734
0.2114553103240336
0.23978815650509414
0.3097009449617482
0.3750856019669708
0.484621874030726
0.49379917841598686
0.4910908206859192
0.4407153929811278
0.3736309367848292
0.2978494707394485
0.21333496119011958
0.17860955169745385
0.12056682261146896
0.07093452908064768
-0.01596167257758399
-0.0845720904514305
-0.14456692490491363
-0.23651055231301055
-0.2370989695941925
-0.30556788441669713
-0.4358334056221431
-0.4571159776926323
-0.5334953925612135
-0.5123288642164208
-0.40842235039832603
-0.3497991826787426
-0.26955250971296524
-0.22774359606921105
-0.1438761678164588
-0.07543569712328765
-0.037496669353146994
0.007380271739655282
0.08711076490781877
0.18946887182682381
0.21472748199537367
0.32681346177661963
0.3817721163909234
0.40322778295704553
0.5047332973955551
