-0.8997966538523607
-0.8849777459842897
-0.8510620847844628
-0.7646813053525289
-0.5898556939214391
-0.42514103664153935
-0.23366896924475103
0.04842047531462355
0.2291573556454793
0.4404155947075941
0.6380416807957326
0.7540076168257535
0.8857812354145975
0.9511635120723699
0.9114818641733334
0.8394972254375871
0.6906264693649284
0.5404795148184343
0.3781063936732824
0.12034606387511329
-0.12100413297526598
-0.38711550910156367
-0.5456638863555946
-0.6872807633355349
-0.8440514367949127
-0.9039601921698525
-0.9171320964000109
-0.8512620153856776
-0.78117054001111
-0.6417854084734105
-0.4498856324229501
-0.19944259450606855
-0.03591298577659363
0.19932027515669798
0.4315317333767384
0.6214125347271243
0.7764953828019946
0.8821599108807272
0.9263104068295523
0.9112922089681932
0.8310889291927243
0.7192614967405253
0.5805089543462059
0.3269172418665507
0.14852150350069257
-0.10196818723289122
-0.34672050187855713
-0.5486325860230015
-0.734837371374183
-0.8096869956523512
-0.9378097298335759
-0.9270712721295723
-0.8980116474318756
-0.7459319777163619
-0.6594591718829478
-0.4774077787509618
-0.23454065023755497
0.019583043460423083
0.23077936460638077
0.40439559210887227
0.623092526877058
0.7719527769499059
0.8512828696129803
0.9140326070952292
0.8938244285038599
0.859527672635587
0.7553403375559963
0.5751137864608035
0.34997890066577664
0.13051021367654275
-0.10253336714096487
-0.2990672635546815
-0.5401952512795176
-0.6834433746232629
-0.8080036913174453
-0.9174368937291443
-0.9402176837200366
-0.9046353558027447
-0.7822146189611334
-0.6280486605972186
-0.42975163395080135
-0.2544300975048092
-0.04341951617604921
0.18334116478873674
0.4136168753232659
0.6313305946818353
0.7554171769896035
0.8643184942447107
0.8961900891752562
0.8772031997499209
0.8292571206156355
0.7384836803109729
0.5969177061053558
0.3560192931033283
0.11330424564395523
-0.09175150558761808
-0.30012598826996195
-0.5157563488389119
-0.6716809357512211
-0.8612922899743565
-0.8995488895282353
-0.9167210084038235
-0.8704998829451499
-0.8248247683814419
-0.6890306579546621
-0.48132554465367683
-0.27005073860079537
-0.03185547595751073
0.19940658772480674
0.385665980934744
0.5839034476381089
0.7612671419786289
0.8495305337800577
0.9060441517870338
0.9337530224105547
0.851709177227765
0.7145171189789572
0.5934085781794161
0.3670734863729692
0.12933233560552154
-0.06065849359875102
-0.27317230722222335
-0.4925082715821319
-0.653497321011248
-0.7760081441490986
-0.8541753004122619
-0.9036586340777246
-0.877266542783898
-0.778825438186817
-0.670452941833027
-0.512039965111073
-0.2886410052825506
-0.06367548244448844
0.1599524798969964
0.4352979110188379
0.5420552425592268
0.7399276034565287
0.849585048835066
0.8935929048307066
0.9459744252748221
0.8497713430376223
0.7395286700898702
0.6033172427211427
0.36123327642918895
0.19224824001258498
-0.026803405381423572
-0.2806757619130715
-0.5147750485515988
-0.6815424988045388
-0.8305393724113015
-0.8776156149842598
-0.9146899592418207
-0.8811411965285241
-0.8201040227687952
-0.676363091082076
-0.4770612503937455
-0.27951146233916735
-0.07623278422495566
0.15339718939788105
0.38269083678129723
0.5688439100360572
0.7306141431077351
0.8716591556934838
0.9230856771746649
0.9163943843859463
0.869064286190337
0.7535086322894793
0.6159700348349921
0.415209431798354
0.1619977044168576
-0.04111473049392619
-0.25868422540170954
-0.49636785644702336
-0.701426323862887
-0.780306882908629
-0.8697826625829073
-0.9301657846679121
-0.9016881873471142
-0.8211349354529832
-0.657934025310068
-0.5214772610218675
-0.27484360635850924
-0.09779968760318725
0.13041636376676785
0.36725084105708833
0.5867811851977422
0.6972993370664855
0.8617090126915087
0.8810808165289814
0.9389656861736406
0.8512207616386933
0.7246665189626852
0.5823771044002314
0.42026258519039345
0.17732675965701825
0.026463554181328112
-0.23175002711711765
-0.47457309052179153
-0.6498455283583994
-0.7729917121722982
-0.8840364678457665
-0.8927038377898706
-0.9418528084665829
-0.7977040828140795
-0.6881285949965219
-0.5194649741972852
-0.3193098076045777
-0.10845213784342038
0.12260098978882045
0.3373789410960974
0.5657428314294939
0.7151992926140595
0.8406307711976201
0.8852770316749504
0.9040004185495607
0.8143662893042112
0.7418729449340096
0.5942259145556746
0.4414206820869817
0.2247661425994037
-0.02153613273386011
-0.2634968798351276
-0.4694233622243989
-0.6384798985651301
-0.8137174388601777
-0.889892286198624
-0.9010514093154601
-0.9144037641879054
-0.8403496725128823
-0.6565922022831895
-0.5261125145174491
-0.3393198884647128
-0.08425169273363967
0.1439124296925481
0.3268826969905232
0.5631254794885056
0.6913502026143032
0.8137928046569656
0.8644958267921122
0.9372067051090331
0.8532917997814575
0.7483834857670124
0.5816795468983599
0.443441627549138
0.19209485923031694
0.023398257867346634
-0.21574291673257362
-0.44013556928315944
-0.625686952157539
-0.7962915593825853
-0.8673531764896644
-0.9310567560921589
-0.8736731034782108
-0.8137427534826615
-0.6757340656763046
-0.5781006752549327
