0.5161225292297352
0.581163873431849
0.6486840801612753
0.7155364967452169
0.5901960000947957
0.5900546546045594
0.520169473189647
0.444014033258381
0.42755917396585524
0.3477538486682436
0.2972785709639709
0.22169019453388059
0.1684552886740061
0.1564852746879468
0.0819040255169716
-0.0007857433398054739
-0.027917369344531366
-0.07737481007264133
-0.16319570957747212
-0.1984260996121585
-0.23819490916899094
-0.31864720432848204
-0.34656768059793047
-0.3987939377359312
-0.4884189769304601
-0.5589254382655848
-0.6395267216176787
-0.6153171050275782
-0.7141410721938748
-0.6077781703173363
-0.6008283142430242
-0.5335283194400521
-0.4675770372759001
-0.3838382171392306
-0.37568080982679924
-0.28344635928741924
-0.23766726228585877
-0.20249269058530417
-0.13956437895383292
-0.057778883998386585
0.012438086809141276
0.0262822646867132
0.0641413413847239
0.16137094221169726
0.19661529439752656
0.2637107213820416
0.3450515606879244
0.40331582619345385
0.41723073132387417
0.493413354698458
0.5120747546910998
0.5707378003992062
0.6385061180645053
0.6902884004226988
0.6378240979296511
0.5642758885532657
0.5385266349464903
0.5144725005382482
0.42956145461187284
0.3518216674419757
0.2909804420316683
0.26571668558950035
0.16489661127509136
0.13928212527395362
0.07800963395059125
0.015719902522434298
-0.03044966464314556
-0.06344436718262923
-0.12062973559586372
-0.2142020153126064
-0.25169133198830196
-0.25564731697761256
-0.366622717069871
-0.42652175098043243
-0.4569419319524248
-0.5033183125319887
-0.5716121059335123
-0.6445099570969582
-0.7233815788324308
-0.6134121743269353
-0.5465109719260013
-0.5411836049161054
-0.4926646023887282
-0.40520949326618394
-0.39222461108513595
-0.30039738733816007
-0.23413953544973964
-0.18583833741106326
-0.11409035336559034
-0.07032364555246888
-0.035319568646067355
-0.02129210241586802
0.08953973231627063
0.11543903180043494
0.1878199943291237
0.2301695151437698
0.2612927396178691
0.35314166039207046
0.3998604687529138
0.47236151956442574
0.49594259366821025
0.5863040634249025
0.6693247663724851
0.6737267728588666
0.6372093852435086
0.5939237404826728
0.531561280275641
0.4920521415177508
0.3955190496259618
0.3720164522429929
0.3333767264712494
0.24880609432974687
0.205862517350421
0.14877481460438943
0.07883595380767854
0.06203092507447923
0.02444637151159933
-0.0620240902796443
-0.09588018083096486
-0.18740336209686415
-0.23015049939059445
-0.3190529256814135
-0.35637877233281634
-0.41825507751358276
-0.48124621031723136
-0.5264197901261144
-0.5571796448729858
-0.6502999581904971
-0.6678579992515531
-0.6477404967557614
-0.569757688072352
-0.5761075292494482
-0.498098531729965
-0.43600310791549857
-0.3643885333078409
-0.36378775730816043
-0.2696502252443198
-0.1983505941887483
-0.14846248292202407
-0.03753120922658798
-0.02992199185896914
0.00685254154970075
0.06384418716511882
0.07209376732533129
0.20474611597917017
0.2061425630595191
0.2712974111711604
0.3570172824660487
0.42753277629205455
0.4655168282828062
0.503298216967226
0.5662070212176268
0.665766544621094
0.7134815010275477
0.6574892026289709
0.5620216005997489
0.5502750684140418
0.49572037267777064
0.4072065804369066
0.38207701367686964
0.3394263924255056
0.24032390677632112
0.1768934888158636
0.12317415665070422
0.04761640640236934
0.02536584299864811
-0.007969343341949913
-0.06233770224726588
-0.12729034934554112
-0.18085948697569443
-0.2791451165743245
-0.2684567926841957
-0.34053696147925827
-0.403678990453561
-0.43896900148984985
-0.510316727135942
-0.5198683340353283
-0.6244596964854785
-0.6911964541981256
-0.6138020517211931
-0.5628141725143134
-0.514457838189929
-0.47523696748524424
-0.3901113759734852
-0.40663640136731116
-0.33049423304845105
-0.2604996645687944
-0.2134989934748924
-0.13677890441818308
-0.11277022711389877
-0.045124961387379606
0.04924176544767097
0.08246187271636779
0.1363857225012766
0.2132119149460312
0.24224676476911014
0.2940335818747827
0.35826462507801754
0.41207977236940596
0.45900842392718966
0.541334745133667
0.5751331392942488
0.6302615355251394
0.6615611844991226
0.6602951914568531
0.6103258877245638
0.5483828303857682
0.48593886037995054
0.40278825390739637
0.4054116701361265
0.3187002846364097
0.251996686421156
0.20901507553380055
0.1998160257685689
0.09333523013854643
0.03963151908277532
-0.009226181041033628
-0.07423341823033035
-0.12983658374088117
-0.20640188384020686
-0.2599099499731826
-0.2914384378595675
-0.3700705930761709
-0.3921089430974537
-0.4540828351783448
-0.5228896527217441
-0.6014315283932634
-0.6425185963699264
-0.6647951741424447
-0.6272907569345973
-0.6054044425780212
-0.5436734175996562
-0.5167260801858379
-0.41016540489312053
-0.3764889665552678
-0.33212686455811846
-0.2800720400784413
-0.17360619636964583
-0.1595936313391429
-0.08820301613215603
-0.0049744844278861305
-0.022316781597067924
0.07684173112674217
0.09087418426262875
0.18849776419861164
0.22616003861643016
0.29055398328595305
0.3466530606982701
0.3911146163958447
0.4749786090195741
0.5019000258695236
0.5911908965182254
0.6619595681600471
0.6779962590992183
0.6397284581388253
0.6190861805548034
