-0.04406058931705109
-0.04649476140597081
-0.014342058900968416
-0.001226342777659522
-0.03408604681800561
0.030336313115334714
-0.005206667745202065
0.013674095388898636
0.004588795270721182
0.0017281854308360649
0.008558073390315106
0.0455912608026255
0.02931144003029961
0.03537341809666577
0.0627866115240589
0.06498291392618556
-0.017384268563977387
0.055605444860824534
0.037605864641970625
0.021298941580032565
0.031655041025440596
-0.014896940492747136
-0.01695603487380796
-0.02057801119505204
-0.01859707591861612
-0.021058711291624073
-0.003518898782541132
0.011281241280161107
-0.018991584276419865
-0.040390834241952556
0.02115517916972411
-0.030884239412772043
-0.004932692942781613
-0.02519810749093267
0.02107833520095755
0.019529407231540803
-0.0028868700158311764
0.011791966559656546
0.002785224864777461
0.04359808883893688
-0.00948060407742387
0.011172721838397789
-0.015858221674211213
0.03490123942777598
0.030913740627902156
0.015201714864839703
-0.020220535057952297
0.0035913370976212583
-0.009277726582267026
-0.03562823911735069
-0.057077759401862105
-0.0443443788239212
0.014991042344111444
-0.014081684727590195
-0.022871181962272353
-0.0024682273187435133
-0.007951815258376642
-0.022640519428827686
0.00792646716271161
0.011218385424208218
0.019662824120659488
0.03951063707397219
0.014870874555320678
0.05405695564489066
0.054572371759948515
0.04985432894740454
0.046649794037235626
0.007414828471568688
0.02999152876883436
0.0072151960781909105
0.01437704964603201
0.000649981179854632
0.016329875395716134
-0.024232640067732177
0.010739307965983016
-0.03659973954976149
-0.06564582572100994
-0.028374980938553507
-0.0003644735364616847
0.03044950556946848
-0.006153448304789939
0.019309807707879795
0.0053370623600949825
-0.0064265359083036
0.008393893859829766
-0.02748634857606668
0.010627368010383826
0.05206745180879668
0.0009291362269314325
0.04105001549759892
0.015372695054322708
0.014850885007668221
0.009016563551425837
0.015511184124458465
-0.007535237964240386
-0.03906805759893607
-0.015484378330605801
-0.0187363414369958
-0.020645749227271394
-0.0512928874493918
-0.07686567797428229
0.0023094974268400986
-0.01566727113119295
-0.021517098205209466
-0.0492551411009403
0.009241638525573847
-0.0028259566671361386
-0.03746199246570208
0.020004583928660374
0.026169768592945987
0.03544124141537495
0.02105758512022555
0.022691478849479006
0.0030330442814200213
0.020479228987155214
0.042960316193161104
0.03157957753634372
0.011439845093482205
0.02362616525474023
-0.00037798483126000207
-0.041820557458112306
-0.02528117596814216
0.01127220179612791
-0.024587097621689823
-0.0170228732880761
-0.05031633483432142
-0.041909735228044136
-0.03854332696815567
-0.04575556579951437
-0.00991551960903491
-0.020328481247899582
0.029518115726333397
0.006111306648813886
-0.010062671272442963
0.04416199076396664
-0.0014698394799836263
0.016188904048192572
0.015563926309895594
0.012632443425018808
-0.01562065098028596
0.051354941096808895
0.04765543370485094
0.027805690823379352
0.001387856721901763
-0.014930169868701416
-0.05561722556441518
-0.015691254922021697
-0.015375686603008362
0.008430545801751538
-0.036322307991975035
-0.0419320445674363
-0.06967854984917592
-0.01766812741592299
-0.006069767771030278
-0.006790724944835026
-0.002815473694975583
-0.014557465516214889
-0.008420769261017258
-0.011886683075660785
0.015199714883504108
0.04715334074628258
0.020420811781454395
0.023402969924898362
0.038471814924743976
0.024877593746335244
0.040882422108611705
0.0017030660937138939
0.023829604359028523
0.0156886284965388
-0.00020164409081345003
0.0026705760891955945
-0.025530430341265505
-0.018219446418941958
0.0038846916036529913
-0.012771977156938015
-0.037097461152325525
-0.013911665593044147
-0.03317810689776285
-0.027964962291795546
-0.0046708575600142
-0.042728020348245445
-0.002061704590121969
-0.006072658340013412
-0.015881677212228253
0.035381554894841794
0.03284819335022916
0.03794306455361269
0.02628574393733438
0.03472608622646688
0.001904201854533237
0.036095011819838096
0.028509633321233293
0.03849488883596276
-0.0035235738530189145
0.0044585153345478145
-0.008443910914619858
-0.009719586830292963
0.01313459971248726
-0.03183681580805314
-0.00990778533103035
-0.02084904713613763
-0.024995252036030494
-0.028449929406582915
0.0071929930294967505
-0.01323950834335778
0.017068505831923275
0.009124287095613947
-0.004055712233770796
0.03660332272337204
0.004874474674871093
0.02610010293564808
0.04113109495491277
0.03095227610388185
0.026433887980938573
0.037473835716883605
0.019986376015464827
0.015494442796411795
-0.0020090525016332027
0.021372042970748434
-0.02349075980863493
-0.02099011490764864
-0.03437291153572282
-0.005902089808331453
-0.009433180004675714
-0.03153012751719475
-0.011877495981435027
6.211567558913472e-05
-0.035957720747283
0.01125320353347365
0.0014387893850655135
-0.004231433339273234
-0.027521649044798514
0.006954712540744341
0.013095301115199739
-0.0064206121065536765
0.008452968727579847
0.02155828616099399
0.016468237615618
0.022947555894287576
0.02993453554806428
0.03658137072947442
0.027396195217812867
0.017810411970928176
0.014625950802256663
0.01136967516235065
-0.004415667698624042
-0.020099666385886013
-0.051714286621651145
-0.010289955733607753
-0.019718528885963697
-0.01203417697263527
-0.030914232894054393
-0.0279696481688675
-0.007007485131918491
-0.01164791284076304
0.0022957637585583578
