0.41307820479829
0.040686852718745684
0.40654576706093853
0.08962896134170795
0.30824580618036396
0.07213694432463427
0.06607337663513045
0.18801355004183853
0.18451348561025743
0.09531809413053689
0.03928484130891903
0.02033753741286818
0.01902398572019744
0.08055764440159853
0.22793960852524553
0.05862012289705683
0.3994437066226485
0.15819985336603687
0.2796853498268843
0.22997048070625586
0.24103112921393666
0.41825218514076606
0.13881744948058394
0.15548763062999402
0.38168474380651696
0.4157173425821548
0.14513370620926344
0.2935160155683326
0.1502076534697895
0.382073720005655
0.15676470347427085
0.30722882053741857
0.3684372137337558
-0.002688780600338829
0.22827125500993503
0.3746771580331845
0.021890536792259024
0.1430362183748109
0.323651862129593
0.1841786017629987
0.39693825670117683
0.22173139218471472
0.39556026249829396
0.3002477099018344
0.39309035365463374
0.31733399582742744
0.2957310341682697
0.29318152571614015
0.42589471927589984
0.2784127841249204
0.2059452282600041
0.3293751225794334
0.11694797244072286
0.057910976131945874
0.13730543542438384
0.39524201712422014
0.11515919522094507
0.23555674260816467
0.3104231713362945
0.020419374518791902
0.4040071193493415
0.4050826717261241
0.20552189630004658
0.04635438281184412
0.16331668866949076
0.2348105085097375
0.138276452053735
0.3230443216284744
0.2103632418258404
0.1359856910061581
0.363206519825713
0.3899894182389763
0.15405209813543017
0.027777167404169294
0.13484986030285023
0.40552476952477534
0.12471196526564718
0.24712268285868036
0.23760316016539335
0.32490115141923276
0.3672578266724706
0.3629035266552578
0.14908811820406428
0.3620185901710857
0.19039895555338784
0.07392931897753621
0.20038414577624497
0.2023611266136317
0.02242634806834968
0.16964525799601432
0.24866567888211652
0.09803491292791017
0.290716690183309
0.1826705611196809
-0.012469198271598543
0.05053774787877195
0.1741491879539925
0.11010476565245249
0.33630430167605807
0.32063288158154846
0.36734715905283327
0.06119301374847455
0.3532185989095775
0.23253168628442927
0.398996047796625
0.2639577304973436
0.15539150787205921
0.2580426847874647
0.2165407028714183
0.12691128507411117
0.044969519376233474
0.24038694493247556
0.20528728267825241
0.15032292112120466
0.13772504391367887
0.4412793841873625
0.41204194637982644
0.45277818812864756
0.4134646112410562
0.24672230921803534
0.21935628622648187
0.26322722388034064
0.06637608465779599
0.27842943996719205
0.3507646589911939
0.18814082223815845
0.44081194958960473
0.41173321351724734
0.22912477738758635
0.18769711955025964
0.28399041158068894
0.07033422329182187
0.13987922822115342
0.09777439947595283
0.049905971564073025
0.331953873120975
0.049229706122674285
0.2897861555327914
0.40022693883987887
0.3688494402904076
0.12096637620448819
0.31607101122527653
0.33985342347769026
0.17802710151370443
0.318268037237134
-0.028710688300706177
0.09508108541048665
0.14994163944333583
0.20661057669610022
-0.01594341020740895
0.4486339867161736
0.2787085748320441
0.005655590728967693
0.11759103071964923
0.3376789959455408
0.07748632548037146
0.1444687855286384
0.15951688769583255
0.453862502419324
0.4369954692179687
0.31142430042347236
0.12146596575639516
0.31521165948941904
-0.010873375874388956
0.2930457826761388
0.3382078921130632
0.17559163634297753
0.03190563323677726
0.17483722502776958
0.36817925234571053
0.36636294022985444
0.3717703540709892
0.4137005873466156
0.36585244693488034
0.10170726802957379
0.057013741574734475
0.06952457819490246
0.04746440468650688
0.40248029787810674
0.06546383005347516
-0.002644518498515047
0.16131100639931475
0.12760068793027837
0.44070877110937234
0.19429977454055086
0.26979440540121213
0.27425117471366905
0.13457713383876593
0.17049908763222998
0.2290017733070262
0.317930387987232
0.4062682368996211
0.2529908735594729
0.3280033878070123
0.35524031964028663
0.22664611114859998
0.36360612554979843
0.3258872300736857
0.08793145601659905
0.3327608517175631
0.0757941204311042
0.3307372756165863
0.23367001388897998
0.13617828255384135
0.30569697377424176
0.2585043802059299
0.07069258556648715
0.13416228151366202
0.08111179756377722
0.17969459411494443
-0.008618927435673558
0.3790155857765395
0.24958002626550504
0.047693494844476506
0.05303269606561306
0.2130923230919648
0.05704912669622555
0.26706760137818925
0.2704402593623315
0.2368092859403344
0.2323994910637905
0.18937117273664933
0.07230841883820473
0.22486415659431055
0.30160924974657827
0.17316861303726763
0.10748802868481479
0.4713293998965246
0.15367032936908323
0.35739948040432795
0.04793600903511444
0.052437040709880686
0.38971969695820863
0.3519467704198979
0.05383668274021598
0.24647259976813274
0.36629501428738664
0.10863661765064594
0.08794164419248666
0.04932405659419955
0.14414723930643
0.29162372412698806
0.2945947831350829
0.04813677152997725
0.25896047434747876
0.266967423603229
0.21324792829620273
0.07878541908479167
0.04667870918963092
0.024599471936777577
0.21386625568515275
0.2260071801972482
0.03408309506519058
0.16701973424676747
0.15051632661866024
0.17647416331812996
