-0.12717719308333178
-0.0603588077586429
-0.12188059816927818
-0.10267576618836767
-0.20783045808523276
-0.0710896000042183
-0.2816193667010216
-0.0302398307725684
-0.11316268305232456
-0.049007122568581474
-0.06851459833487672
-0.14832016565034362
-0.24899403067829648
-0.13870513176288343
-0.19292268560729206
-0.12469990762060776
-0.10990779003779028
-0.17639761077181715
-0.1578142554388957
-0.2733954005264507
-0.03509605786112611
-0.2721654401802735
-0.031034646185395108
-0.04694805098591082
-0.20766087455119994
-0.21173487130122876
-0.24841048923640485
-0.06293922484524361
-0.20291275676722373
-0.07459458214423792
-0.12502533677227795
-0.27212352298655634
-0.008912846710968984
-0.05653183749883317
-0.11885918530178866
-0.1698326065166218
-0.2136994576060739
-0.07582049955032585
-0.19310325327335995
-0.19529556782096252
-0.030674869022882696
-0.2051380329133096
0.006976740616209894
-0.16128183194536547
-0.19075337382530114
-0.1379247262677356
-0.09046550129189851
-0.22476143312117255
-0.03840775332403199
-0.12426140692801235
-0.2385495986803663
-0.06956128877772332
-0.1938970594746315
-0.20020037012802266
-0.02348824726066219
-0.14985060153636015
-0.20798964655619484
-0.2179654391330591
-0.2148866097713426
-0.13100732054977782
-0.2338135446947546
-0.08875248325743072
-0.2862658771180414
-0.13541986843041479
-0.24026536776271698
-0.2485742712146498
-0.1132167498729973
-0.22128700948725205
-0.23389760751878627
-0.08427043977217034
-0.21167100911406464
-0.12919729713217676
-0.037298572892879245
-0.2073685693619517
-0.08475008250168013
-0.1952237472564484
-0.22249744297118218
-0.0055097184362258265
-0.130767563040266
-0.08456239383966002
-0.052318198939027054
-0.2007594079160274
-0.19722056088320006
-0.2826628707774017
0.008180810458779345
-0.2021621287037097
-0.04833176589931534
-0.06617036841503735
-0.05583911763062831
-0.22320618214853621
-0.25671843848602893
-0.11209389890058588
-0.31017812172968906
-0.22591570755873666
-0.08482868332291588
-0.0378429692681603
-0.10945025751906376
-0.06136311292340832
-0.027156800127724787
-0.06525272050215047
-0.10028480389206297
-0.22504912923182027
-0.08459957582097927
-0.10223520206162655
-0.02582197239952667
-0.12898459256690353
-0.009183699050447691
-0.08565792425949915
-0.30956141898489625
-0.2652025002583905
-0.1106969770600818
-0.062187824188696596
-0.015134074689919692
-0.015312347388958956
-0.1164995101381689
-0.19069500554663502
-0.2167356150296688
-0.2513993402952477
-0.26259540486479294
-0.17108260686227567
-0.011957432496433638
-0.08269209071739801
-0.1581928656224207
-0.13160351804476986
-0.16934813666704404
-0.21638029063797104
-0.056521617726547346
-0.0474151601900692
-0.1373794674991881
0.002735721847901322
-0.08485736486781348
-0.13798082956870095
-0.22460393045292398
-0.07133267664840082
-0.13288393215942307
-0.2461560141121684
-0.10379960479722801
-0.036290603167321196
-0.2981397495703736
-0.12545296524133576
-0.22587953828778357
-0.18871132326892356
-0.27738830813671334
-0.0297235631965456
-0.12504176818613383
-0.14843579184472022
-0.18353105178692677
-0.21128579722507823
-0.2635912520790792
-0.19597642906176033
-0.16661108681201237
-0.019004248358733232
-0.078120385007132
-0.20687046080675478
-0.19662289142431438
-0.07879103341333787
-0.22642232748052543
0.011258502926621755
-0.18327734740077295
-0.05377904613311753
-0.29396758099983367
-0.17217614026592987
-0.1113082316727674
-0.09738581256519245
-0.07652463403450677
-0.026963863566210833
-0.21933117472855784
-0.05192435692767537
-0.15636992165885852
-0.18350602706973898
-0.22094339347331746
-0.1300864109343028
-0.27338577272046233
-0.1844401889852802
-0.1131410873733695
-0.15172443207221925
-0.08833053486351716
-0.24793535455268897
-0.01323342312501717
-0.172578951002212
-0.11291681755356371
-0.2155123323259117
-0.22056251062965102
-0.05117122991882204
-0.16477020733028275
-0.21455506858651022
-0.15480998704046267
-0.2280749626748911
-0.13867418389188718
-0.20705309579809844
-0.14373411194134256
-0.06594191280331911
0.0034771607020055717
-0.13967819051959773
-0.18298163777302145
-0.13267077639356673
-0.2505250657955414
-0.0686003956753236
-0.14032182165824836
-0.14639850380496933
-0.03405329407866755
-0.049840751903644155
-0.2512124862470698
-0.1268984339632586
-0.06715210763453824
-0.21225976844709657
-0.00603144397144256
-0.11964613115078479
-0.2528350046434654
-0.10149660021974152
-0.1287896027250168
-0.1582464714389409
-0.16502693891120288
-0.1358382237968062
-0.25525256138583996
-0.1427837333347847
-0.26574902737358513
-0.2036096796555615
-0.15454074019495606
-0.04254645859764337
-0.17963125520755163
-0.25061584175503
-0.20523308709690208
-0.06076761226342424
-0.24453877255110498
-0.24467212997534227
-0.29060601425065014
-0.2473095464030942
-0.250862308875502
-0.1615856956590292
-0.03597301423426645
-0.12318605955446305
-0.16503080982846866
-0.24361529945649915
-0.12716149301098495
-0.2327341969658805
-0.051002710019467316
0.009608140679225101
-0.07172857116327028
-0.2702557608664508
-0.06033105084964711
-0.10955647052152197
-0.0011257792186585708
-0.20992347749421575
-0.10273079290924567
-0.16793511961471425
-0.09136126552912442
-0.18802512996258544
-0.1610590364040427
-0.06970245885532894
-0.004566553545261972
-0.037858187592970945
-0.2723961358847281
-0.2234970985074664
-0.25213161193532607
-0.11995493055919167
