0.12284431766603143
0.04406681496887062
0.026963162367503395
0.00541453385009813
-0.1003114259366869
-0.12362127127852501
-0.18412788095391688
-0.24205481528027714
-0.251450363940454
-0.31768922457407434
-0.3360506932757116
-0.47589048607893675
-0.4695949384311163
-0.5053774052439621
-0.5862183111750341
-0.6060514751487542
-0.5710795064749355
-0.48661030382401693
-0.48569514554157583
-0.4217847744073052
-0.3785126211602889
-0.32930917011660454
-0.28301926249222703
-0.21087735457321594
-0.18770674215647618
-0.11342080024126802
-0.07872687172127567
0.008823203242943781
-0.0022557081779960436
0.09456370258127234
0.13204770706769112
0.15667191498426297
0.19285506998531832
0.2860985004690489
0.35028393906988925
0.37475528542816744
0.41597217948830784
0.48075095225532405
0.5049836900460196
0.5780878219073924
0.5923763854483974
0.5897794267305453
0.5142403691785083
0.45856323856068193
0.42694782734936176
0.392022707099557
0.30930764706842884
0.28170312399035624
0.22733577477139205
0.1683100157855393
0.11874651703173193
0.10340932888062404
0.044430403417498925
-0.003934448527546857
-0.06908190460977248
-0.1288050862269457
-0.19723247460306512
-0.2467920990086604
-0.2886534057171864
-0.28298605030118545
-0.37195691821077165
-0.40717718706094264
-0.4728909962834477
-0.510947934336608
-0.5428062224617846
-0.5953551482624577
-0.5688341664520841
-0.5236697813624498
-0.44678410877912955
-0.42971387694520824
-0.3508662412949257
-0.3181853950070757
-0.23774242366926002
-0.2163539803802098
-0.1523091975888251
-0.15242757682854624
-0.10878516545497037
-0.016415706667560946
0.04900685138178003
0.053978083872038216
0.1226136928594407
0.1628673823177435
0.2350166663920146
0.24170745234963903
0.3279289516439911
0.3712914385685503
0.4111255309169464
0.4608593732305595
0.5549609259306855
0.5337453072899829
0.6167988643851741
0.583565553676033
0.4563987036269613
0.49979815894466373
0.42166251429546164
0.37818035003717254
0.32667018391179103
0.26671749918600324
0.21695316590547678
0.19956425049715326
0.13576692603439325
0.06932856789558048
0.01765711727282
-0.047993023312443706
-0.07197521871840477
-0.13628610401414115
-0.1782645168689757
-0.22447450932718663
-0.26939360481359753
-0.33525847977984213
-0.34713635549237054
-0.4302527961911571
-0.4283592129892244
-0.5021758386264528
-0.590376591431577
-0.612980680085744
-0.565402270670213
-0.5273592144790356
-0.4948560228744358
-0.41735506521762505
-0.37796263597016105
-0.33166466483939644
-0.2585428664048843
-0.22483278394899103
-0.191576140135037
-0.14667071011092925
-0.10433434115276782
-0.04543030397987789
0.022849306547096375
0.052453162512473006
0.14175725307123
0.15348628940663656
0.2534266147164038
0.24187280934729416
0.35571489497566483
0.35865586631255736
0.43649028018442765
0.4658605396083286
0.51544407579164
0.5386389891644389
0.6242992212140472
0.5677296801300742
0.5406712296810701
0.4763224244396534
0.42179733039198875
0.3777124135045139
0.3651003381499967
0.28992501833767303
0.23975877607240845
0.18519108141632176
0.1373296863726743
0.05912724960588013
0.019250391137364445
-0.001680894241252097
-0.0855249928168269
-0.07394591671320178
-0.14558113381645854
-0.18688523208435395
-0.3118030379821042
-0.3094756744740446
-0.38037408927755606
-0.38678070994051894
-0.4775613443576396
-0.4969006131891975
-0.5390496836847509
-0.624394891582718
-0.564719689459028
-0.5361462591830776
-0.47557355555965725
-0.45151592648828853
-0.3608254427372978
-0.33198426144600185
-0.30294994594471164
-0.20019958182906672
-0.17195631320905633
-0.1547636463448
-0.09745595498313313
-0.026957829645717427
-0.014059365248827364
0.08263718623764658
0.13900778313955
0.12549895508710995
0.23525856663572384
0.22954005095632465
0.3082242950938083
0.3608734613522264
0.38990759196579555
0.48533538203240234
0.5337611267931665
0.5971157241452337
0.6008909682345079
0.5853891036925556
0.5296111000497775
0.435791036963804
0.45346058655377136
0.3477173736870605
0.3436557544676059
0.26080589390745257
0.2148930398483197
0.16456135453639453
0.14567149042612926
0.1100066356904807
0.022160431272050234
0.004718483496728749
-0.09420093076046337
-0.13105541042393998
-0.16780373170616716
-0.22073340659492208
-0.28379465983629115
-0.324156413047093
-0.34489867361711024
-0.4239901651096551
-0.5005680348456445
-0.5145351731296532
-0.5641340217441354
-0.6341004856505221
-0.5950036056601854
-0.5364446020880808
-0.48361631989773923
-0.4579709032441061
-0.35498812458514617
-0.3670732375590295
-0.293120204303069
-0.24608454687105727
-0.177946926837581
-0.14518455196907942
-0.07229603418698759
-0.028776475760437382
0.016371115900390282
0.06025444477611819
0.12012961388023469
0.18668628009268498
0.22724444132171484
0.256788791248949
0.2982279995423517
0.35575963259197835
0.4057617392507896
0.4845127720246389
0.521160776438905
0.5481834743354742
0.5976033681447299
0.5901057709919763
0.5449038147285241
0.5174042403830726
0.44389595233683893
0.39964399193141165
0.3434882889846535
0.3507545532220354
0.2311925577738874
0.1948844851118519
0.11861920088420352
0.08084879066148568
0.07701413436789611
-0.009376297262524157
-0.050625576052808416
-0.11723103411920616
