0.06364788442124705
-0.0844030447223363
-0.0877744531800597
-0.08585713977663677
-0.05117190429356776
-0.056719013582193646
-0.05242384876661848
-0.06605823422732561
-0.03708562543277386
-0.05388055266717597
-0.01421454448342499
-0.056766275585499494
-0.02407403914989569
-0.05974474602807965
-0.07229285462992
-0.029581328554182516
-0.039812390766314286
-0.02732897092645532
0.03021203696113606
0.042247671347222876
-0.020840685970684364
-0.014405117611598107
-0.03210243399075705
0.01095637830532028
-0.02395500806484754
-0.03517478192939853
-0.004392626685278873
-0.013408131644065933
0.014816720447468573
0.0431744648118784
0.0252985270344772
0.01440650030873513
0.006155368219464486
0.006382838440737632
0.05848669715951997
0.04964790855465037
0.011941823153988264
0.018818459372425735
0.04136278832807454
0.048332394602395204
0.05046767551510629
0.05884966799141873
-0.00013681332349948366
0.09246472568817692
0.060603021159164674
0.10011800213598573
0.047556354049077196
0.08494658498729832
0.08411335121017349
0.07400775328725626
0.09156290496232994
-0.10633218047951046
-0.08167279256380933
-0.09814814015706555
-0.06998371255509976
-0.07207788603777228
-0.05791913078221685
-0.07816586152378174
-0.009541289190837014
-0.06586798600103264
-0.09209729715848763
-0.050634834374178525
-0.06082678452353528
-0.0347783510134629
0.008026199872633227
-0.013392171976129436
-0.0021301520122659415
-0.03632538918323871
-0.017325669003549746
-0.03600792572625886
0.00768791423573725
-0.016536654801456267
0.010699842654380615
-0.026662621558278452
-0.0027258914081283525
0.0012383679755260954
0.013244036620283308
-0.010857903605045661
0.014975910954167402
-0.00039008577304904327
-0.014208158300291521
0.04773416842426784
0.028918243060593648
0.016185761312403884
0.02100753998777143
0.027351554668215525
0.03133552880466771
0.03915984465798338
0.03041488506171603
-0.0018599191869871426
0.0863682072420953
0.028936047435680852
0.06529897188366139
0.058313759458620384
0.0556560088826076
0.04656135430803707
0.060879465796586846
0.07849773500619411
0.09795450601080008
0.0796147900626529
0.08167717617127057
-0.09596058940790904
-0.07523411412609493
-0.09014625353016846
-0.06363387382346058
-0.04567594797446814
-0.08685210014577444
-0.06431311245878812
-0.08523998553905848
-0.06813350520133928
-0.05691970126407309
-0.07077877211531441
-0.059045620207388794
-0.04870417190598048
-0.03090641588252334
-0.027779101195323716
-0.07325866687458134
-0.042457105157686394
-0.039133484330146615
-0.008874779108163842
-0.02932705749298116
9.638410644809137e-06
-0.0043913685298681265
0.009008629480090919
0.010693428541008587
0.011457808272265883
0.02302300424908732
0.029988366563453855
-0.018877613207936593
-0.02329438899164504
0.010485635581716668
0.06659408033100755
0.04381975880278399
0.018854778346990217
0.037576308464405773
0.030568400193344725
0.009642834121610329
0.06104684230537369
0.02315425316935965
0.04564364539431207
0.05044530493186982
0.04357930288562134
0.09912129135400037
0.05831301920236788
0.06786632603786992
0.07768872837580693
0.059270972397698685
0.05941336655473499
0.08065103935474457
0.10233692315547999
0.10024391213004383
-0.0915053130694102
-0.0712836010792683
-0.10028968258846607
-0.1066260002259039
-0.054100252911320666
-0.05300839373986378
-0.05594890231837864
-0.06013864908203151
-0.05544642661533788
-0.03388378509162491
-0.038341852061804654
-0.06248391673812538
-0.05312795305521453
-0.03418667222947712
-0.03520285385240317
-0.002830864397757763
-0.030109099464056925
-0.043135318262097225
-0.043944766180033026
-0.025044205828980756
-0.028934703902882927
-0.009204752614115679
0.022338733539806924
-0.003102278538418177
-0.02400556233528015
-0.024240724814424873
0.018773541395306913
-0.015697718287187766
0.013163190080440926
-0.002590133463093806
0.01911501402599849
0.03983163249386849
0.035476753343962025
0.03285572223691118
0.034513777768645726
0.005078254181053968
0.04653351817603995
0.032704208449015996
0.06293426298497326
0.06385706915175318
0.022674201574203138
0.013431585759608164
0.025267208707461332
0.03386638155919101
0.09886854965270883
0.06811076345552156
0.07471954155827139
0.09850821863714557
0.09511039468208227
0.07078164441667555
-0.067870515905347
-0.11200523623829142
-0.07960227238165565
-0.06260847451073898
-0.0763249105310498
-0.06082265774609399
-0.05043327742740955
-0.0749042675837826
-0.05690521301962675
-0.06781854428640133
-0.034811020739796125
-0.060741985089936515
-0.0430470333818314
-0.029086576777630012
-0.029130092109147104
-0.011011976962857124
-0.04420769727804988
-0.0434831537863592
-0.030426291416208683
-0.019213183906422515
0.018906896557753492
-0.027149130679582627
-0.0325443899427095
-0.02276750839621345
0.02178408004004512
-0.005406395769366075
0.031953910832953056
-0.0027545647357380054
0.023632542586524682
0.020378889994751896
0.0029752168739741337
0.02486240624094222
0.05455352451391526
0.00931850839939665
0.04139232124220961
0.047231744606103326
0.06240011344344018
0.03273766882891701
0.10398651054520247
0.07279879069734821
0.04208373300130496
0.04799574797973077
0.04474719637540145
0.05301769507071728
0.07987890884044063
0.03094769421256679
0.07805071410371589
0.10948633469302797
0.0811528034301218
0.10375891223691663
-0.06231144598629975
-0.08196954919745059
-0.08843779118140889
-0.05535972976066095
-0.057593842008889944
