0.024784059764919535
-0.10349482637405492
-0.20891528796091088
-0.25316021500898356
-0.35061169850942303
-0.241855919987381
-0.3368108823586476
-0.23895453067152594
-0.28117355836576335
-0.2545248615848467
-0.2725897073906677
-0.39860618321702684
-0.2919387032281249
-0.03591643481023563
-0.2951383455321434
-0.18841299580925389
-0.1790301002117602
-0.30276737884969734
-0.37314011542793313
-0.27583336873263853
-0.08216394308355868
-0.06004977811085185
-0.2296998099590358
-0.056801332510543444
-0.3592382473803663
-0.12922917671269948
-0.2626185758760063
-0.21573599975397512
-0.1324023405513346
-0.1336404562125743
-0.19694267760742473
-0.08746468591407824
-0.05367577203979039
-0.20223804307657495
-0.18414536110731045
-0.1359056885429532
-0.25645051805131547
-0.35580046219668304
-0.08194392805659409
-0.28149599746161397
-0.14560246805330682
-0.18450579739718243
-0.33423041405886034
-0.034482547212354206
-0.10301196915850049
-0.06512863672310187
-0.04126304087989527
-0.18968484102378189
0.019600618682214858
-0.3412445892877216
-0.018002259396239218
-0.14990236078506913
-0.12414391411831022
-0.1335270853397078
-0.03055702825157882
-0.02741599663805063
-0.2360447701997549
-0.3942747767718042
-0.2603720972001549
-0.22152625204683607
-0.14020926429029543
-0.11382879786345733
-0.33843969182954076
-0.3816357710013833
-0.023754919760391006
-0.18253145625149741
-0.31509534213406426
-0.29182558461420066
-0.15785195685517395
-0.14957375062396394
-0.3035114150416209
-0.3019479148252762
-0.12020811304472409
-0.21630976163305557
-0.309288131991601
-0.18519640699145273
-0.18138327289514275
-0.24493588711814773
-0.19826736155265692
-0.1298795244697001
-0.29013441001935053
-0.009970858022480739
-0.06415008889032923
-0.36097819284370863
-0.12099200443888981
-0.17060091548857972
-0.04542889616642856
-0.15627586157196022
-0.386460725388499
-0.20003031992855103
-0.012700342291448735
-0.24926813795836383
-0.011528559224537716
-0.3929134403933251
-0.1714915349090359
-0.08865039242736333
-0.11148398120187127
-0.039473202481153435
-0.3310435155382468
-0.2858115896531719
-0.3978848240054719
-0.3687002122426926
-0.14207782699850607
-0.2802991166880337
-0.32176478093346655
-0.19102015301939054
-0.053794261706123996
-0.36630565543292803
-0.12142898959135835
-0.14631597182599984
-0.16735432886648494
-0.041657862232395135
-0.07971855666981559
-0.2963587389564459
-0.3076316440533634
-0.12188676765134435
-0.22622654003814313
-0.017755683951460214
-0.06393727362864635
-0.35348728909256427
-0.2057192775366013
-0.3206498338459363
-0.14847345725419536
-0.002716697767403767
-0.18540926027055143
-0.13588042627863206
-0.24776400028486367
-0.27105510704591307
-0.17202069573330708
-0.18651606826769077
-0.049639947985096605
-0.2628949674730217
-0.22998713264904805
-0.14608359796040524
-0.21664713200645705
-0.3537288232605206
-0.05407485662070216
-0.009718715738620376
-0.23939008849818652
-0.17624144593952984
-0.028223157016975496
-0.006220158729965476
-0.28698419097953076
-0.09412770140026762
-0.2750004438312824
0.014484022562960611
-0.17024445757554796
-0.0720619123860328
-0.24325242442552486
-0.3744404133059393
-0.2480712824255818
-0.2375771480722455
-0.2598617443469194
-0.3579747152018757
-0.3544029466714849
-0.3091893457307832
-0.3317574598064498
-0.18645249593480878
-0.35074131822703747
-0.09239670339868863
-0.03501222468571274
-0.03583979998840835
-0.09219678379297895
-0.3071903337944632
-0.14410210576029792
-0.15396865782782762
-0.3176637517210809
-0.32085095464091573
-0.22457799871971468
0.008363460843515795
-0.06314463920612597
-0.25310280764669396
-0.03959788622821626
-0.09766180765242234
-0.19128923548552076
-0.2912463693706427
-0.20696546435470387
-0.024205438161499372
-0.015948724499939948
-0.1682737633051999
-0.130675008699793
-0.1879717404407066
-0.028796415407884066
-0.331272778084588
-0.17119352917270017
-0.2424016615464976
-0.37263902739322297
-0.28296865691314294
-0.06191243087905443
-0.3695689483747394
-0.33589517940264746
-0.26520645735595594
-0.07655193945878701
-0.020407424299585013
-0.20020575085879852
-0.0031894754050374855
-0.0340329343520205
-0.32815129280666916
-0.2698022041400149
-0.24254293968343307
-0.1588751458590581
-0.2970433081022762
-0.04717749618849805
-0.05647763095074439
-0.25107200035129956
-0.05088656493589448
-0.11921877640434726
-0.1719985985106745
-0.37815388447023895
-0.11522910319697724
-0.2918951310651899
-0.1445817399409284
-0.29373456151992783
-0.11292215195359452
-0.09394508987450362
-0.15759089502301285
-0.18534294891595263
-0.14816192629941435
-0.07662783615099747
-0.12428926780417787
-0.21490296417927937
-0.042765131497310954
-0.18100530958016117
-0.2279515722826007
-0.19805364684135318
-0.3089145286982295
-0.11970095118728791
-0.10939853027898151
-0.015548058454223385
-0.11017304979631795
-0.12216171164960699
-0.010894538678641017
-0.3181208404801191
-0.10756053724124919
-0.3180654106514855
0.006204085101233582
-0.09622765232853983
-0.3267427575747343
-0.06603852909443984
-0.1982123587802025
-0.07067195129153526
-0.12932338704278865
-0.36305655523516356
-0.2736077867658817
-0.15998984752221518
-0.25961682430819416
-0.026350589424224788
-0.24629666554751953
0.0023645225672035523
-0.3774521898002208
-0.1809513686973775
-0.2208366182915025
-0.22369842168695012
-0.36701712513470935
-0.13876165139736826
0.003044038826234198
