0.3998285977293907
0.10860261136285454
0.04979238832747955
0.28455242352092397
0.3375848965047191
0.2949219510844336
0.2814522741865624
0.1886174064602569
0.10233051157104137
0.12609413807657585
0.224979468609921
0.3686617083632169
0.23733808913551832
0.04081662159850699
0.12299563015812517
0.28000850713822517
0.2519672570464474
0.3418117192627648
0.32412485959438275
0.036725715045650704
0.26491510494666504
0.09840678402371655
0.2643823995249828
0.19513931548090796
0.3918378452367055
0.04135136284307688
0.32516571080251755
-0.010586867651279289
0.18576794846399525
0.11259773090735349
0.17815110003527987
0.1295036394389964
0.030360017696346605
0.10463508961153162
0.37789388501496596
0.2831340612119188
0.30298406527514515
0.11311437384660539
0.02017214789359304
0.15504034859641302
0.09629064746563192
0.2793227938091243
0.13150092681967449
0.19005581706716015
0.05449111250908169
0.20815125178663868
0.06201805399706262
0.25244650223375625
0.26639796720544673
0.12543293844974174
0.03540873488184686
0.01184609276301525
0.3487940819648119
0.3711232664062902
0.07405875601130431
0.1155938070311924
0.1378831861764016
0.4195244801010124
0.3280459476643788
0.3131691283785098
0.40512818799480504
0.3369661514949361
0.1431045772432424
0.1751412054626822
0.07640130385919681
0.11498659637498848
0.4016139126201717
0.11772796627728187
0.13692617583633568
0.26464863265347566
0.26013388589397557
0.02922179432585647
0.26912339243421146
0.02660008667242653
0.2026671265367001
0.0700121729636928
0.2877797729711329
0.44360974323372393
0.23961554538691004
0.05589243337410935
0.11434719452674527
0.012814562967130922
0.3177330185835332
0.32983217390722747
0.3202920878207045
0.3872110425412671
0.4053396986093687
0.35557701412860077
0.35932516812055454
0.3215457061941687
0.34243318003121365
0.1893298763158998
0.06131440953407614
0.38195471838386763
0.3406040702949985
0.19860330974068544
0.25905143969914624
0.2908700713389634
0.11586275924603937
0.177537836032179
0.16644030777707
0.12634603807239833
0.2912185035329614
0.16594751607264238
0.059170204835908465
0.2212980665618503
0.10913500670883466
0.29520262503484535
0.04916068684812083
0.2803920403903081
0.3475153638412627
0.33756420929004755
0.25754365814009755
0.39228521655662574
0.38324853034733636
0.24393151711190392
0.2478243255108821
0.12340890464740065
0.3363331494339454
0.16812274117387493
0.22103008326814752
0.16475974532388363
0.15045574484311644
0.15584751262148708
0.2904098019590365
0.07705281100625956
0.3426257183553566
0.1141483013699726
0.3203290712715372
0.03486224018658718
0.2035501511630527
0.1942449715105365
0.15053458239126932
0.10456449722011327
0.20001409873554993
0.3660729742403792
0.31664231751563915
0.34059576544220177
0.39549929003797846
0.0023446457000915674
0.31528337773244275
0.07469640725628986
0.1835530282979604
0.1891338334259713
0.22988852337520566
0.1408254550898893
0.2135757480090041
0.19414999035962258
0.14326539519924233
0.11888198865352878
0.35662095027906227
0.10870126076028298
0.13253708448893436
0.24599277510283818
0.3036151516423369
0.27229551232047533
0.010899065212571106
0.04464401654033984
0.3241504521079081
0.2355887843156662
0.08759580753696353
0.3059837800804984
0.15064393580246882
0.1911027697032526
0.32233566101900746
0.3834035875552133
0.3738323826498021
0.053349909046776736
0.3660614512904105
0.33541377618078716
0.22528136214666036
0.39633374610027367
0.3897974649440673
0.015881232019495335
0.3447009611965453
0.3256117939549253
0.31774375283223866
-0.0023660805063532696
0.42576214299617243
0.30323818946320513
0.1340377542276308
0.03776341520193044
0.25630992098779093
0.022018719774892642
0.09425997029183512
0.23352754762681485
0.1507706850622534
0.2891859838060982
0.1262936095335232
0.1355912414897062
0.3833159901161502
0.12370941560193482
0.048061055786477916
0.1952976147839987
0.07735305423115094
0.19697337481131041
0.06086963038933051
0.27751140637267
0.4174664980231477
0.043109113477583366
0.24216843024156956
0.13026208925892582
0.14873422827645022
0.20972040748152618
0.2510566088216952
0.01172902314201284
0.35617827866583013
0.16116519442892158
0.33199186519153484
0.06417719665606472
0.31560235251824326
0.23917204348152404
0.33090664138833764
0.23269108013233
0.2366394012789809
0.1891185431912625
0.06355490299653849
0.23432825337646418
0.18051798504484343
0.10033680585539607
0.33983311323246673
0.1901594683759367
0.3567310920840324
0.27534880108630067
0.2571556309876117
0.21784245827015322
0.2553681512584656
0.26340046535311684
0.043464741985239516
0.03544494556100518
0.37271205197627444
0.13198107832479103
0.06232730684169617
0.26337411174734393
0.04964545022573551
0.4115025467698346
0.2642635726340987
0.2413441530296746
0.2010150583369728
0.3883427294594061
0.06205173113763475
0.19436476786490603
0.3579148830002863
0.08486459401369312
0.30090916036589144
0.10078917469306933
0.351279069575656
0.38515109270681724
0.3086479975556608
0.3587679855237444
0.09174895115027722
0.3603458589449632
0.11589015001697717
0.3669902736294105
0.307814423985957
0.09856471037422673
