0.8116635567702056
0.7667961108530743
0.7717107328539901
0.7800170383525413
0.7767920950407621
0.7915447323499311
0.7623353988848631
0.8040319506728919
0.7984887776715079
0.7825853707928877
0.7761524547132436
0.7666867553885327
0.794019818459019
0.7824409003184364
0.7595287355224823
0.7831390957657538
0.7531319531159564
0.8070975051048612
0.786066265190899
0.829572572333606
0.7780222572861886
-0.7909769530130579
-0.7905834480571042
-0.794696982977751
-0.8031707166041178
-0.8120331102874901
-0.7451803748489224
-0.7911300736301967
-0.7964409237493395
-0.7928481462574467
-0.8552988199376911
-0.7868927123886892
-0.7914601084690533
-0.8212918008492931
-0.7584586255178556
-0.7797804719636612
-0.806979508893466
-0.7931056932996935
-0.7958664033104881
-0.7956805411785363
-0.7949899358564227
-0.7717756861630547
-0.8045022558786978
-0.8218773542197287
-0.8242055213837551
-0.7513754834274057
0.7691560117855737
0.8185860289430581
0.829940809757543
0.8103393503749093
0.7901968860576452
0.7906072132830616
0.8233138232520942
0.7815493648137563
0.758419803452588
0.8060030964525782
0.7988758973527834
0.7825312758115176
0.7774598875885742
0.7983142915277979
0.775552908171865
0.7887769647885866
0.7842229159380296
0.7769621468230486
0.7979726904245872
0.7868304862851967
0.759611832213307
0.827091712868824
0.7773695405518276
0.7786991478067906
0.7824552287173953
-0.7621807135790927
-0.8030639466844818
-0.7951400161157463
-0.8288520281260688
-0.791099059394501
-0.7862809579034625
-0.7830107269196362
-0.7986561463332084
-0.806418995886152
-0.7986468224119743
-0.795215215416355
-0.807456820207091
-0.7562140316716363
-0.7715009638413581
-0.7953281726702851
-0.7902992588766422
-0.7998999191788381
-0.8218775864937614
-0.785329624779368
-0.7628418740187117
-0.7734384487449945
-0.799597254046243
-0.7469669669468527
-0.7932769719043588
-0.8081356535628009
0.7905340533023538
0.7584330456009154
0.7724480540456349
0.7647283485509938
0.7686608344031871
0.7786720429248727
0.789054501049584
0.767276764456421
0.7811446947764782
0.7865556815307938
0.783532448400113
0.832969122852938
0.8068156225434575
0.7876380324623729
0.7975017234840431
0.7681604238978571
0.788979691501564
0.8030125725022677
0.7905431281804255
0.7702709422044048
0.7816704934420992
0.7923523350326014
0.7947434207688912
0.8005742787880887
0.7745281806754062
-0.7715885437794765
-0.7635204116755275
-0.7867148313797775
-0.8142209308891224
-0.7940295024807833
-0.7871143653343647
-0.7776110815326898
-0.832334392704953
-0.7699404196554468
-0.8051364894194585
-0.7782958764716321
-0.7820948872540271
-0.7904096993713624
-0.7906754201762886
-0.7988992540633105
-0.7838622903769997
-0.7685795502200559
-0.788750361269402
-0.7711807694025115
-0.8025682040006937
-0.793779163202073
-0.8121861877485715
-0.7757202845542894
-0.746417626813053
-0.7802380335211433
0.8131135670490315
0.7860882478211281
0.7967860475133738
0.8478796071192911
0.7468091884535271
0.7875652734932618
0.7937979994657675
0.7962140502135446
0.773276969631045
0.7679616796447544
0.7892276176624622
0.7838923393273606
0.7941754223702286
0.8074423596069321
0.7891453389405811
0.7632444433585472
0.7834791234563679
0.8126735991191921
0.7843101396052831
0.7881047535720154
0.7881313910585152
0.7933852488354681
0.7518061285797601
0.7459397566501826
0.8173988475750704
-0.7759171746605305
-0.8060213614005651
-0.8097792491808533
-0.7890294060825336
-0.7798066461510933
-0.7494279992508122
-0.773723366615296
-0.7816779276322608
-0.8011060411183777
-0.7862575298813331
-0.7668106133272714
-0.8067849165272097
-0.7572166829262932
-0.7583594962509851
-0.8106606129780474
-0.7860689750958609
-0.7520225606259485
-0.7768181761583557
-0.8313391252837256
-0.775358664733937
-0.7953879398388543
-0.770559054778063
-0.8305765450979914
-0.8004184217026166
-0.7944289317693722
0.745350317394053
0.8030548796604314
0.8415420795627703
0.8247789297030639
0.7961093641516647
0.8030742396929698
0.7929021024343617
0.7968966846750686
0.8298993302131702
0.7819365392397221
0.7866558457224611
0.7780511205021307
0.8201610489559142
0.7654841302468057
0.7877885153264758
0.7961309309935195
0.7948569473330735
0.7638619035423574
0.7678688016765489
0.8104314875339521
0.812971412755206
0.7989599789985546
0.7851579602384903
0.7825094940998981
0.7628868395654647
-0.7954942390458828
-0.7928413159883082
-0.8089980199998676
-0.7881325392250517
-0.796295570562143
-0.795911852017545
-0.7675131599355536
-0.7620029728721077
-0.748097622649228
-0.7838672581731436
-0.8291656112678151
-0.7886536435797773
-0.7878423744459033
-0.7887017760321825
-0.8265147957590002
-0.8017228321071027
-0.8014973415651979
-0.7377759449446223
-0.7859288672181344
-0.7541579066884178
-0.7799125497770867
-0.8195345631754852
-0.7810159663943894
-0.8138317258018785
-0.7957397776695055
0.7854870442538542
0.7751649610819549
0.7794060203340683
0.7929384072192696
0.7761309021331696
0.8280176446112906
0.8106038348975964
0.799694253952303
0.7672910267057065
0.7907311027187879
