-0.5712310902626525
-0.5945500538581212
-0.8414229289446774
-0.7780754236995117
-0.6386217970160287
-0.7793722110969022
-0.17337523468226823
-0.7480768322134337
-0.18203223114089506
-0.4695971724665707
-0.5895222593591721
-0.48709813238774063
-0.2010481504843182
-0.0721173527054351
-0.04718266492940205
-0.32485989273004456
-0.3128339005016874
-0.5791861438601283
-0.48398250601888715
-0.17639256128481814
-0.5864090941236261
-0.23960765730148256
-0.17325294013753087
-0.45306991600672947
-0.06270386972176965
-0.07780826298378443
-0.03081903534096281
-0.7190246360044773
-0.3412859833561098
-0.15969760381574177
-0.13268111136058933
-0.5611651308236392
-0.7893187937342457
-0.6803879839511952
-0.8548456133487825
-0.33466591080919533
-0.29141066708442126
-0.8458336795750783
-0.02619738162223795
-0.472917393080921
-0.40690727689299266
-0.40090485659121167
-0.4819425357124145
-0.310297186321955
-0.5465007110269723
-0.8315557024073192
-0.13614989281148387
-0.1464600049104702
-0.17096659847684115
-0.06205076727100486
-0.6243385584338065
-0.7520203047944445
-0.7564983067575303
-0.10124209309304094
-0.10989857144822046
-0.6718777951119842
-0.5475938949681729
-0.5566573583758068
-0.19087562425255356
-0.14045356185844626
-0.20777434986852492
-0.8151359599406839
-0.014136816986850244
-0.06539491934527572
-0.4772928283398331
-0.7640159963457529
-0.6572234894037688
-0.5483094605169422
-0.8588339117590651
-0.02773605795799118
-0.25732984124816627
-0.7278587231226744
-0.04113844585899814
-0.11178977075945562
-0.6187764750262726
-0.7743106730482938
-0.06263263797125249
-0.19102010241120002
-0.7615146905774279
-0.44454462824439867
-0.36698425270989626
-0.5286536608382019
-0.3234575468320306
-0.5623129103291161
-0.10606586780231761
-0.19018057952385853
-0.8255284748862622
-0.10961164356229378
-0.1427361441867759
-0.2705862947667575
-0.24123807600427535
-0.6641196430373913
-0.6132491776976159
-0.6401914384708774
-0.04486361458906642
-0.16808599593462512
-0.42382906410264226
-0.5939066767248227
-0.47675437146768407
-0.6818178090744721
-0.05373086692108596
-0.3210991944480525
-0.4566335487630792
-0.8328405212577255
-0.7828310010608085
-0.8282828821251307
-0.4917707948789447
-0.6802749567521535
-0.7353933530832061
-0.06895407365425955
-0.2133493546919236
-0.05082335411477722
-0.02010944303067104
-0.4862948210029793
-0.23468953511330595
-0.4155930196440523
-0.18265806845090551
-0.7587392382164695
-0.5838396698964923
-0.42242835579856797
-0.14208314825214782
-0.07318578131214429
-0.4972253642067798
-0.49900526683598795
-0.27759217825371313
-0.7059948599999829
-0.16358934611692413
-0.6279890763223356
-0.6424463840640059
-0.6763717551745317
-0.7154347442661135
-0.44205254713195136
-0.69339065093808
-0.6396569907240857
-0.681056424962445
-0.04386036865115038
-0.685664154488483
-0.11798165093890936
-0.5819073955836628
-0.19061309704991242
-0.700098010054189
-0.07935041361333531
-0.7755383860273457
-0.7765701358348251
-0.3749819831105222
-0.7752511738588632
-0.46777404018999225
-0.07845567165593655
-0.7131921187959414
-0.5293797785058967
-0.6245971988527594
-0.7223281586939455
-0.690885038913872
-0.06663242712352728
-0.8539651822112799
-0.8038364963427607
-0.2693173140815763
-0.2409176841957514
-0.8263143337726055
-0.4661094290704544
-0.4325269655320123
-0.4744735584103799
-0.22462037417526964
-0.0987352865181187
-0.42365505563643346
-0.0018427061338824324
-0.13354477212993468
-0.7033264964379262
-0.2830381021586136
-0.566347768555407
-0.31053004991507066
-0.0863894063443818
-0.4680694578978244
-0.5410380129794795
-0.3368315845226743
-0.6112800620512381
-0.6088158837757139
-0.2073079491637557
-0.445864577110777
-0.6210953837974887
-0.8426266770822858
-0.5197610154837675
-0.16877160645728012
-0.7000536556824144
-0.22819213414740097
-0.5384524322014255
-0.8459332830458856
-0.3106448144463299
-0.6126961131577907
-0.06977911704055548
-0.6534648184726141
-0.2032909142218992
-0.10448243366273038
-0.5571942427111245
-0.015920688259998518
-0.7541124964104801
-0.01036905797069157
-0.26246980251949903
-0.46568108299133354
-0.6412423020767971
-0.36328167413959345
-0.49694211873513794
-0.737183061749239
-0.17900972045675878
-0.3427633966922361
-0.5244420953173836
-0.7536623695828892
0.0006682720831848628
-0.6098629780331747
-0.33906928924525104
-0.16138037813818742
-0.7801179584192192
-0.7219652093368608
-0.08440540164163185
-0.15439349479540998
-0.10507635987089355
-0.8205784170272404
-0.7956494533154944
-0.4072339679164548
-0.29763961816326934
-0.7538042273862524
-0.5402460698785839
-0.6751437407785926
-0.5665153896327767
-0.4322726157255515
-0.16742131912705518
-0.1585534533086365
-0.5449548428620573
-0.3637628487111423
-0.17332325366247972
-0.3859788386167174
-0.3158945438023151
-0.6748200001624602
-0.2576262324385291
-0.6830642924434149
-0.7079992148559794
-0.4396659683170548
-0.4953368955955987
-0.5875735478173778
-0.39729259884196033
0.007805445096192609
-0.41514184863241205
-0.586150200789061
-0.4792036760789371
-0.4816989833240201
-0.3249139511114343
-0.15884654068513412
-0.2514836646088078
-0.4631098390438013
-0.49296110009349564
-0.40827168116793067
-0.6642912538169561
-0.23893225502474325
-0.03871652381821599
-0.04175924589526246
-0.07353988024032339
