-0.5206394796983023
-0.5010211229183611
-0.4156242940023283
-0.3513891021865654
-0.28241208615860425
-0.2512298482277379
-0.18110171860343768
-0.08620877909420062
-0.03726355050048884
0.013643856612188173
0.07999269981951589
0.17264835502968962
0.22046043052223968
0.310466482943129
0.37578343102418665
0.425717702089445
0.4899699493448103
0.5154850199926836
0.49298341214786834
0.42210896386479013
0.32829475998819246
0.2589356847707107
0.21627808798122564
0.17930291527999698
0.09506148389168033
0.04610324386862476
-0.032070001911167115
-0.11227555819617768
-0.18784605421205489
-0.24295197515852618
-0.32690561426949355
-0.37075332622149726
-0.39868740925259977
-0.4924691655394499
-0.5481314262140277
-0.44366218959824216
-0.36718304128824036
-0.33740975488962355
-0.2166044657460005
-0.20783537400332514
-0.10764188115613174
-0.09440524204002662
0.0014724623941579915
0.06196108108340581
0.13926425116134233
0.18824578966524058
0.22694940945305042
0.3246082044962298
0.3752286088120137
0.4723841480327964
0.5315720144664714
0.48977988745141615
0.47251666435614254
0.3665287857057218
0.29147766236529704
0.24298420811309027
0.21277165721382407
0.13925905299395405
0.04780092940017671
-0.01771778613022875
-0.09348425182889882
-0.1467118145079647
-0.19884107478054033
-0.3039224593633361
-0.3459358258310356
-0.435360742052959
-0.4517453304173451
-0.5744363181427149
-0.4606381818550212
-0.4375478558813342
-0.33551823875093123
-0.3147337960002955
-0.19749302193298615
-0.14872017008933106
-0.09451423179818376
-0.05406360138251659
0.025977729512966324
0.0936035890668637
0.19437530611810375
0.21424332217948722
0.2755773817913836
0.3075184402256207
0.4022834267666282
0.5089316796291757
0.4974579257523807
0.46496234627290883
0.4095524240118551
0.3059991108068516
0.22967602702184686
0.203968049557278
0.12353483519730374
0.09997205061741578
0.01495304105722731
-0.012457913449781581
-0.12733615215939048
-0.17440749969689381
-0.2467983711648603
-0.2897381026618217
-0.3562824570245557
-0.4484466425647644
-0.4921029106230936
-0.5024251976694313
-0.4668289626934161
-0.3739546747238631
-0.3091590462681684
-0.21672566076684036
-0.17050411040503247
-0.11724515086980031
-0.046035683720561466
-0.0011511737481841849
0.04946311761923888
0.13818036835964687
0.2228329624402947
0.3031596889698243
0.32284904814228516
0.4147718355254213
0.45462912878830164
0.5019862210298518
0.48661535654928234
0.4631030050605969
0.3261733480562939
0.2739215780121562
0.24933328708811436
0.18281628746620854
0.05233279635368458
0.015452669981837454
-0.029209740711323776
-0.09303386899983933
-0.1494223935214571
-0.2420103734171679
-0.2870162378525009
-0.34616329190734024
-0.41687653091248345
-0.4410891376145073
-0.5033805028587817
-0.48516345830570273
-0.3891130020643238
-0.32011360191737676
-0.30844691946011693
-0.2273166176375459
-0.16710663062794814
-0.09598478418716434
-0.014255884861742979
0.030002415057268306
0.12058999475217888
0.20900530595706948
0.28407091469337326
0.29270841400864966
0.3313632968087075
0.43797138155078846
0.46927889006336926
0.5340124337862634
0.4910980407652815
0.4037438263901461
0.32756434221627034
0.24466074718625486
0.20634033384469927
0.12468528115355115
0.09302871955318444
0.014409196827189228
-0.07445687111015412
-0.1443650027749896
-0.16079411954312262
-0.25223657357642415
-0.30668052969315596
-0.39510875845225635
-0.4539036526830283
-0.5246529119977524
-0.515272996870201
-0.4405485141136299
-0.3638544787472916
-0.2994462176549356
-0.25089908437171315
-0.1875587194813351
-0.09402243059792921
-0.05978647471894201
0.012579954435662184
0.06744042017295233
0.13428571176245788
0.1754495245688025
0.2696729967908795
0.3183634593753786
0.380060963325389
0.4440623288314397
0.5176674456830469
0.49260299503161376
0.4074381579212741
0.3320103546988613
0.3105828021509981
0.22561187435886354
0.18387771916141898
0.10208148266579598
0.029735198445890516
-0.05592264418446684
-0.11016477646260153
-0.16738022746139258
-0.2112426900422256
-0.2725077675537658
-0.3571595888872818
-0.3935488557419167
-0.45059683521945787
-0.5373792100319917
-0.4374513502505067
-0.39673289378389937
-0.3459858630790113
-0.2629142310199818
-0.19433318342955724
-0.19145990753087702
-0.10471191061728288
-0.04363198026807939
0.05557321968629263
0.09028937341541957
0.16658646644968222
0.24370081240709587
0.3149444657312552
0.37576321291587345
0.4204689817088497
0.5090635638275128
0.5334429005958531
0.42173950268564603
0.38492342886505226
0.35405714238276675
0.2488346758301976
0.17798438589702684
0.14677244054825578
0.09361549440784721
-0.016953373747797887
-0.05439117120152841
-0.1438812798469827
-0.19036863805434373
-0.24809141892713807
-0.3358819718760723
-0.41585745407715385
-0.4507635896489167
-0.5066933063310187
-0.47175853782251703
-0.44021256407707515
-0.38688774240528123
-0.3235707558713642
-0.22539441515563197
-0.1679683608620515
-0.11992374553029031
-0.04137285893474848
0.01615128434750846
0.070483985610095
0.1688613839294253
0.21909446185987835
0.28081997237495965
0.3582101174923227
0.4123700787259138
0.44057853131353236
0.5331961928611885
0.47641404155883077
0.41838073405611137
0.36301367020334574
0.27538207930718167
