0.24768538020260641
0.18375684122132896
0.06317280733710187
-0.023985340828647964
-0.12365664533773217
-0.22546508303619897
-0.32066402175227526
-0.3958962563375179
-0.5315791218586771
-0.562986464409522
-0.48901771926781734
-0.3706676363150674
-0.2785901253757937
-0.1877151550475274
-0.11646754742638736
0.0010328189787952476
0.11436337007430729
0.17851626489463346
0.26814838016661346
0.3496109034149759
0.45025787772550285
0.5531626554584219
0.5136068710729881
0.445948046489978
0.3547241865257171
0.2129381443332404
0.12546609229150754
0.04139563315865778
-0.03419959701767114
-0.11948761702241131
-0.24447690197089497
-0.3148761760274015
-0.4280535409772674
-0.5238757984242416
-0.5798817645771726
-0.4693621770345017
-0.39160242175620064
-0.28708242696631786
-0.21413719956084581
-0.09722528558842218
-0.005692081480839351
0.08833471178411952
0.1624153306376442
0.23240771077186978
0.3802216167002055
0.40622139570571897
0.48828367119781296
0.5246447455848696
0.44208855835106325
0.3649000848882586
0.21891014283228888
0.163766263684186
0.053568435312924004
-0.008999187535804198
-0.11215168274104478
-0.2167357270712871
-0.2919731100548126
-0.40197558508909853
-0.4575211425957084
-0.537951074024461
-0.4937401839932102
-0.38789162377502184
-0.3031676180780013
-0.18750143108770645
-0.11383235655075977
-0.011095414144932545
0.10958855770211456
0.16502326164233772
0.26182891696201527
0.3827158915903528
0.47106729209370696
0.5553603820819258
0.5224743837325826
0.4110969304356109
0.3341120979217104
0.24975588484374014
0.16117778344052672
0.07506923234742972
-0.05051959497534233
-0.12648416691994616
-0.22376055898361644
-0.28949129105747573
-0.4127457885077274
-0.49662314621086034
-0.5386303731642538
-0.5020559371972199
-0.374865281383447
-0.30118792505798114
-0.22508260223729493
-0.08587006651427592
0.010290409727910267
0.05514729393881509
0.1594507887593061
0.26018349348757963
0.3127603755080106
0.4513161709129863
0.5195315364707581
0.5141036063290924
0.4401569563456792
0.35163135452164895
0.2481561855212711
0.16976776505887287
0.10100159903639364
-0.012063368816489641
-0.08828671357640386
-0.20310483562923423
-0.3111309572951965
-0.3608560819861832
-0.48105392804093566
-0.5570274755946688
-0.48567588570885
-0.3826333784247517
-0.29815681126222354
-0.22824753209427093
-0.14400642998418992
-0.04405634948568311
0.038140391325060405
0.1745041675374498
0.27782019139748015
0.3381967376560928
0.41537735664093556
0.516201985998967
0.5559713676641838
0.45522712651609537
0.33566378834492583
0.2957799296081534
0.15022093888958465
0.12059649549408502
0.004826555160404358
-0.08840495265772107
-0.20818168277412843
-0.28001400064264986
-0.3761538532865508
-0.44100122480023335
-0.5574264659181171
-0.48719144767301525
-0.4178191276259596
-0.2999396967426607
-0.20484665537115376
-0.12397556740381196
-0.05382242143932205
0.0439506230329958
0.1671356560577492
0.25248469674659646
0.2870595364931018
0.42663445869870953
0.5508245164296672
0.5604734460152351
0.45390299734153045
0.35318615430902106
0.2812705559847807
0.16679089715560505
0.060969981943445654
-0.022368850778572223
-0.08399446604696542
-0.17174022185829246
-0.2627846343775873
-0.38230534823680984
-0.47430293976426474
-0.5570925895368867
-0.5146227534509474
-0.41573049174985993
-0.2865642886099274
-0.2405862731257436
-0.09017343580351796
-0.06126943386865136
0.02844526953081177
0.1284952368154093
0.21511921508401902
0.34332240624542254
0.3914238073997075
0.5342922022530169
0.5340508932855179
0.4223353262904001
0.358588597654703
0.2818955689707347
0.19710785708252282
0.09439529999492097
0.013363932358032952
-0.11146107326452295
-0.1684232993341964
-0.2916319044222513
-0.3384542801964739
-0.458513892286264
-0.561672801403225
-0.5074746144309682
-0.4297533109393719
-0.29484589150483087
-0.21298523092417196
-0.13296680533007504
-0.04483668175063353
0.06711133089303549
0.11271671503738084
0.25502453815021825
0.3247452440330145
0.4099005084153638
0.49909434610122877
0.5579992015238101
0.44208426237967813
0.3600462794755112
0.26310324371975474
0.16707435649986957
0.09635208331180468
-0.013763623627368122
-0.0930565291141207
-0.1676744162300142
-0.2877286026173094
-0.4148402764585688
-0.4547336595141699
-0.5629583852241502
-0.5251673161451753
-0.4306395464980536
-0.3274852670575153
-0.23091475796950864
-0.1669539880935259
-0.0409889259676572
0.0902513118391393
0.10428376744806028
0.25629212540749374
0.3267571060842004
0.4231284902637837
0.48387189348054377
0.5678930980372789
0.46922155030785045
0.3766042416265527
0.2828509606295418
0.18779560136977275
0.1035857161770058
0.015011503059572068
-0.06844924577605208
-0.1478023502986333
-0.26720571177751073
-0.360885212197962
-0.464911699405094
-0.5624227261185261
-0.5403377855269904
-0.44320282767733793
-0.3418478253397521
-0.21269352819280185
-0.1430138252078738
-0.070934938288981
0.05567182004691122
0.13332105265167665
0.23627962866938412
0.3125046432102918
0.41454624593207956
0.471413082113493
0.5684117955083146
0.5005034514827239
0.36315492386187664
0.2678779324130911
0.17812301146801113
0.09380575895978976
0.023547026145268893
-0.09741169471189823
-0.13911929004122953
