-0.07160819175284378
-0.07915588289968606
-0.02712094003000372
-0.00912162777333314
-0.06047239779952837
-0.010106320345031696
-0.02039212957387396
-0.04368573697300085
-0.0029461418886411322
-0.035530464507400036
-0.0470035521784743
-0.02993863009367461
-0.029058501527574596
0.01968102995238247
-0.033768389716612494
-0.043381507264528864
-0.017797709616414158
-0.03015568076411291
-0.019333214531782862
-0.027733792677578282
-0.07558670272831833
-0.0496906086191509
-0.05745835826591637
-0.02528357525170088
-0.009518162572366679
-0.021942243283606427
-0.049347864719312746
-0.032917904105066155
0.002736219956321612
-0.05382100812060672
-0.027020317768298475
-0.004912298745842031
-0.062322217381130265
0.001627458053983837
-0.022550279782088997
-0.021007460260615788
-0.04627782643641078
-0.00267030122803099
-0.07889353818034148
-0.012559624044638546
-0.008840867053281843
-0.05051715412438113
-0.027225804244018215
-0.0666541700830147
0.003863289831677691
-0.007097427820103974
-0.010412428891283205
-0.05163382450220239
-0.021948780308791275
-0.06525083262339056
-0.017964631659716082
-0.0452747797166005
-0.0720748989249986
-0.014348181870903538
-0.04471145307088392
-0.006327876373527622
-0.00485932624539261
0.00043060489018031077
0.021195134490530128
-0.0012666554505433442
-0.02959060120279265
-0.037394437420909254
-0.016884199402573304
0.006673452942943851
-0.0374781638289183
-0.003812059167916177
-0.01659272663512637
-0.006704728808583091
-0.07322007835625005
-0.03185392164746275
-0.023351163394249797
-0.06966293151361445
-0.048503207853546344
-0.03712018952979423
-0.07562453650037357
-0.06659709993078045
-0.067171852357031
-0.06301252476885193
-0.026911829621310317
-0.03542671000694887
-0.02133308508974266
-0.05466762680786057
-0.05458821144351206
-0.04881646618329887
-0.007410351538334417
-0.06894401618597262
-0.06096759543174238
-0.08732916917420783
-0.04749044371719911
-0.00258072163159654
-0.025317656479168872
-0.031586323123712116
-0.012125659990611666
-0.03466809713769064
-0.028256085805584377
-0.03872221968612103
-0.038912700484625695
-0.04438286081270065
-0.02181697892641006
-0.013416948406913584
-0.00904625180993813
-0.0033893024440101623
-0.0015880195695133748
-0.10678797722132262
-0.0256584189320406
-0.05270642651897598
-0.012691266227437012
-0.0500236308277783
0.0041615900011863945
-0.055625455174124705
-0.015415539186714344
0.0014084546142087082
-0.07241978770437402
-0.016555397915783362
-0.0669510291585032
-0.053136647113439794
-0.013947433513290525
-0.018312403036201092
0.022581307246873066
-0.06584698498437414
-0.008416618411003243
-0.030489135997411737
-0.06223875008775699
-0.02485571151346551
0.004889530853629049
-0.005509447451854841
-0.012033754750212566
-0.0386866878955376
-0.026882759958588937
-0.00022569701453481472
-0.022511892484847643
-0.008926440041700612
-0.06143975774324217
-0.056600986804918756
-0.0006270645868918893
-0.04237980248687356
-0.027649055171541256
0.02467180570021254
-0.08399565196396833
-0.011704397911415016
0.0330924903538697
-0.017871816026853556
-0.035201295741028815
0.022642705227891316
-0.055232663830140215
-0.04801031914935182
-0.022643235022962165
-0.0619070152125484
-0.05751382062239404
-0.04068039934499901
0.003941310219944247
-0.015689419829291992
-0.10756966229894027
-0.014571155891334321
-0.02171395545196592
-0.021463203315296345
-0.03792785658538725
-0.031622849442986656
-0.0672286119770828
-0.040445581555319104
-0.02596566935424825
0.013147251006339915
-0.039039143952334196
-0.05591700848847666
-0.07003042441161011
-0.052552841339169924
-0.008690728074160756
0.005760124162785922
-0.058082655687467524
-0.0338953043574291
-0.053168183501795536
-0.051094578905090046
0.02907815212618394
-0.02456836947673956
-0.07609573337730065
-0.04457462606183968
-0.02328235345479868
-0.004393934151874106
-0.0203722412378134
-0.055956523343143036
-0.07011591952584506
-0.037183824847723174
0.011321601240156347
-0.029991065509868155
-0.03755809246368173
-0.05781094488105668
0.015887257812352416
-0.03804017054011969
-0.02826777856513134
-0.06476486761502756
-0.019035136400553463
-0.006266749065650226
0.02186719035124977
-0.03023449720453093
-0.04449016225577111
-0.06650118510867811
-0.01966457972298754
-0.07168684580007537
-0.03573433137468736
0.014064810116296834
-0.05918400137032326
-0.023484804673007738
-0.09305700438576167
-0.024531837937482474
-0.08821622835462015
-0.03342732846848103
-0.0805062114299449
-0.014774940928097481
-0.052995906598813425
-0.016806173021670354
-0.07532293856991717
-0.09554555555812255
-0.032236483028145156
-0.05166453266937942
0.016487976207371396
-0.03938790304251158
-0.027777804467365032
-0.036650169353873406
-0.011438876218442754
-0.028838244656146077
-0.05814972340505291
-0.03064018921698053
-0.06136279997851266
-0.02518890717420691
-0.012432664149685215
-0.06868292232791723
-0.06065181970647583
-0.0242627576917642
-0.017211126513209718
-0.012464964734007971
-0.048686000304022314
0.01252668012422517
-0.036141160652306256
-0.02435817820832454
-0.02845265777337486
-0.02374901175463886
0.02621418282697823
0.006343702210104805
-0.04024464571876233
-0.013523009732279642
-0.02934727800106713
0.007318801763355408
-0.05268404714331661
-0.025052454874137056
-0.07608363266874552
-0.07036089661475167
-0.031126544711369587
-0.035285677850739536
-0.026404109341187892
-0.07613812378791271
0.02302364136416414
-0.07951344306343364
-0.037833316069893805
-0.05891290769287157
-0.020301725220037467
-0.00326179458272703
