-0.2548886892814321
-0.25308960140217285
-0.28800552103585875
-0.23977494748133035
0.2952237912821689
0.2984660260717069
0.2601596098246679
0.3121352534583495
0.2478765252478022
0.2530894461376178
0.24064074247374967
0.24255662603758266
0.276538852713561
0.2691254046473403
0.28382676480269925
0.2509909559770842
0.25539444783747617
-0.26441046515333316
-0.27422187399196196
-0.2881374225795854
-0.27392841974715687
-0.25151911410489153
-0.2654997601375149
-0.2521224571457746
-0.2777518960998627
-0.24520786057992866
-0.2530314193646282
-0.2607238329204569
-0.24275135967679545
0.23049197346275271
0.24815720322089768
0.26159280792861384
0.26680074406231835
0.2639675555446294
0.2506842883057767
0.2808874280765357
0.27759416434268563
0.2428178857561788
0.27211099765637137
0.23168182861879416
0.2515954919307225
0.3001849471254403
-0.26479669487885593
-0.27836496274141054
-0.2774593240369222
-0.211542491567196
-0.2928164312311527
-0.2669511427615792
-0.23513169322362656
-0.24520914862335527
-0.2552420985033306
-0.23068252415337104
-0.2672830224484464
-0.25040036258788806
0.2373694839658724
0.24694987273803806
0.2714144280228269
0.26884587975356755
0.25724377942939575
0.2723869014677684
0.25736100525314815
0.25425564641257087
0.2713953201242054
0.22594359876217343
0.2510588135428962
0.25008232835145566
0.27494692882580746
-0.2489429439452664
-0.2733986837833003
-0.2600430072134527
-0.25219547469179043
-0.24061894522991004
-0.23379801792289012
-0.27976820763740196
-0.28158980568964675
-0.2834886914512317
-0.2665137460297272
-0.2657824661808312
-0.25539113346197334
0.2535412665239062
0.27620446424483724
0.2441831002606921
0.2831880053014069
0.23840318800678773
0.25162279571161134
0.23146444812562808
0.2313346938421169
0.256940269513132
0.2524356178721001
0.2569516165661946
0.22954401407096497
0.2382022815409244
-0.24661607753180081
-0.266868224702938
-0.2426242544456701
-0.21426869077222974
-0.20711052273100003
-0.26724891422335617
-0.2791398636792019
-0.2585638193507636
-0.26734595630119967
-0.23790130700163564
-0.24910250367371725
-0.2803981159430525
0.25891467075718283
0.2572908359825957
0.29052256455381836
0.26257604280762276
0.2701858705977895
0.24033286005252297
0.24055283657055118
0.2502484045059718
0.2716535789543042
0.23882385623700567
0.25102694182354185
0.25068118369272785
0.2767337219510971
-0.28726997555723904
-0.25125429625237927
-0.2549104123208975
-0.24689748671592626
-0.2390061742231818
-0.2580015325835186
-0.21237021802556055
-0.2885873794221145
-0.23238244069656977
-0.2621734282724295
-0.26273488471576867
-0.2723079124070985
0.2531017390477304
0.28010415646170367
0.26966143070821796
0.2768577881331898
0.2412603691230634
0.20707470557735413
0.2662806506764136
0.306454306180535
0.2611797819594463
0.2513947111172402
0.24538635347529145
0.2758812002899002
0.27601900068173874
-0.2458631300381222
-0.28570711416657124
-0.2572894362774638
-0.24990883545356748
-0.2472126030124601
-0.27249037881787525
-0.24865969947088623
-0.25179201398640255
-0.22311585046884172
-0.2677529073857536
-0.24691836134915943
-0.2484871929572137
0.26366985540046395
0.24192331775442047
0.2951112214022623
0.24389339990044695
0.30575243178069506
0.2921981415134109
0.2506135935670441
0.2527958605045621
0.2279708966306534
0.28058482818718283
0.22841084756229207
0.26261698196188593
0.253354509299958
-0.29814500925132315
-0.2573826293097535
-0.27573872782400377
-0.26857129143914243
-0.2393111830569241
-0.2630897009992207
-0.2580932459681354
-0.22493747061490243
-0.2794590479973677
-0.23490511040500012
-0.25542126465183157
-0.2458589102681995
-0.2637391898802763
0.27617591741154507
0.3059964657795243
0.28211785758432817
0.2793250704436446
0.24069586348261976
0.25722150645068087
0.2683537791271326
0.28870604143640705
0.23492460641248003
0.24137957972153326
0.2590603846053695
0.27158503054520805
-0.2656604896680085
-0.2793845988379639
-0.23751419250890274
-0.23560213270285865
-0.24431999783293573
-0.2848582596836417
-0.28889467050826856
-0.27046639228283853
-0.2879402716194638
-0.2505224313199422
-0.27929679654942025
-0.2591520570282187
-0.2835033464120152
0.25654388034800946
0.24863666600031425
0.26623938236253414
0.27702257928501645
0.25330114554795446
0.26738121484679206
0.2511778349934582
0.2503019092009432
0.2893717448633494
0.2567186474805646
0.25062902233405165
0.25757149654036077
-0.25270138280623433
-0.26438089912029705
-0.23933997425957576
-0.24261468056455127
-0.28647649642127876
-0.24590742541497507
-0.2651188127737114
-0.258408895030022
-0.2448413336286387
-0.2686656458496854
-0.264568458111049
-0.25300559134763384
-0.2685908116111032
0.28084528260595276
0.23163664028948858
0.24651282236001776
0.27311379528087715
0.26390932860470323
0.24858718332298393
0.27074284890675515
0.24206527964416377
0.2665746652051325
0.2307577354302022
0.26531155234062914
0.26296816739597434
-0.25137945656493904
-0.27392470409298103
-0.2614052564158314
-0.27715618796795216
-0.27872748094722044
-0.29121552685236507
-0.24965892592216105
-0.28451916211887107
-0.2779352629058681
-0.24576122812364398
-0.267597313188989
-0.24699858474989114
-0.2395935875720008
0.2841893033180775
