0.7469977993328025
0.7408864422678321
0.7489140249062756
0.7135787059974652
0.7402946225195155
0.7515563965558483
0.7570095187267458
0.7621860173219253
0.7651331973514351
0.7422738714026855
0.7543651722238146
0.7571495583491441
0.7693418453122138
0.7580740841398665
0.7177706603171423
0.7724885031129665
0.7281152871585408
0.7852618906822663
0.7690836204859856
0.7470323227017478
0.7905950094359464
0.7747772565482668
0.7545573321249937
0.7689961046388168
0.795418071001023
0.76502064794345
0.7771512363646345
0.7382603082436783
0.7568464183407243
0.7510773183167544
0.7407635594158117
0.7301721846249917
0.7563811426007404
0.7841483015198634
-0.7407128784482799
-0.7744528618397124
-0.7512072689750046
-0.765189736967702
-0.8026651782010524
-0.7432226979469474
-0.7187099758687189
-0.7655408379395867
-0.7749631572670279
-0.7579210948475867
-0.7579235242467299
-0.7847889395785533
-0.7328384776383098
-0.7623307473949239
-0.7892915306623387
-0.7489775705844333
-0.7620118010426704
-0.7318671458543443
-0.7685955702957271
-0.7687079808471807
-0.7724119485787282
-0.744417320321613
-0.756819600269602
-0.7464895148708361
-0.7819726182715363
-0.7464313782144409
-0.7635790695152361
-0.7547201442171108
-0.7575489951081212
-0.7619746978729103
-0.7845799647135979
-0.7441884016278605
-0.7375886221658423
0.7521383314304347
0.7347158978920226
0.7586341144302924
0.7267675393263321
0.7238766946630992
0.7588457391590121
0.7613842235319037
0.746352429155042
0.7733593068247666
0.7516552342110911
0.7605294741171207
0.7731820961916439
0.7877711643205673
0.7699114929632435
0.7524433275133507
0.7570173678077144
0.7462816047018676
0.7349189373643982
0.7625790690957408
0.7718157583560442
0.7245762263972019
0.7760419545420657
0.752186287222118
0.73527300407767
0.7034365870115681
0.7579112126978274
0.7646992689067523
0.74598353803683
0.7349490654259203
0.7555462039016861
0.7633954439007862
0.772004051043258
0.768246166439666
0.7795323284230798
-0.7557250670249699
-0.7922303357329759
-0.7678825359138403
-0.7588609541535947
-0.7278899818012535
-0.7892287771911134
-0.7591562193432567
-0.7590341385478966
-0.7601065851454869
-0.7557114141735395
-0.7820806445685943
-0.7576360596222345
-0.7257974604760676
-0.7492119287320322
-0.8200198840528075
-0.7905229046859472
-0.7746748503197085
-0.7500890838422068
-0.778039750153481
-0.7593274048369336
-0.79505389269234
-0.7674311382342455
-0.7643053229754798
-0.7704494498821894
-0.7444311908695913
-0.8085469512666736
-0.7400060498541718
-0.7417084040729544
-0.8056443459869107
-0.7426481279156976
-0.7525078060969104
-0.772072318344582
-0.7942436506745008
0.7785211298905653
0.7993594109679493
0.7857415482997505
0.7705303087797766
0.7664916892213173
0.7529943825255121
0.7598471507444403
0.7550732361705461
0.7846903547984109
0.740554672613286
0.7497725302389473
0.7358015101247584
0.7616717429981792
0.6967353859503749
0.770713087448856
0.7314636672957452
0.7839209178196931
0.7505076882592189
0.7503695594097264
0.7550353651602901
0.7475442103982195
0.7751830801844944
0.7512248315242926
0.7567484206920523
0.7214485247429578
0.7538628576302114
0.7691721679388964
0.7499201428518051
0.7508106209701338
0.7743580297345155
0.7430774033037244
0.7590269715165655
0.764342568776651
0.7311538065189963
-0.7492101364218395
-0.7818322644852324
-0.7594894400567004
-0.7283546301214681
-0.7927011200819015
-0.7423604890286102
-0.7747101916050145
-0.7382328236487763
-0.7666345783381003
-0.7528807781484791
-0.801734973991655
-0.7535603001418859
-0.77148642574633
-0.7211640194264016
-0.7515835153330865
-0.7587716713268258
-0.7638001413200834
-0.7622406986047144
-0.7119599263240644
-0.7238064641603899
-0.7305741574450011
-0.7795204320931141
-0.7829677291194674
-0.7564078058305005
-0.7326737565576749
-0.7428214232824265
-0.7950684746103611
-0.7521200111140532
-0.7668396891985528
-0.7648838706160155
-0.7672309493276108
-0.7649960162187709
-0.7531717463436159
0.7764055459005318
0.7706575600821367
0.783930943823624
0.7837942575842436
0.7764428503601011
0.7662593618347956
0.7453642454050269
0.7904246128069861
0.7553006547181856
0.7527332375718635
0.7551835687630063
0.7668281443202791
0.7639525368828205
0.7598043479505159
0.7280673948472561
0.7616822247089542
0.7823278205161103
0.7605423103125759
0.7816610191359208
0.769696167959688
0.7759231690049468
0.7669438972546191
0.7617808062960896
0.7769444610115728
0.7741526215232349
0.7907550375279555
0.7440811231650857
0.7464223700397151
0.7866238116850508
0.7699899596876328
0.7319043601830374
0.7226017123827064
0.7631022702290366
-0.7421867379437139
-0.7783321396535632
-0.760787941812617
-0.7474145185908497
-0.7503953974584159
-0.7649506324190821
-0.7915134107806298
-0.7528372884825923
-0.7822895221415936
-0.7700492544651294
-0.7287464837493957
-0.7696188308712508
-0.7746163117067266
-0.7724518303930612
-0.8067812767699365
-0.7538557629473719
-0.7708458063583352
-0.7554359123228485
-0.7543003329112244
-0.7810208831275376
-0.744161559846566
-0.7769268760665107
