-0.07532220163831388
-0.09193036023037204
-0.07420380904177157
-0.1185827142720218
-0.0881565123548145
-0.07484696094749504
-0.07693430854923708
-0.07632356625139472
-0.0784322606654331
-0.08125384624373588
-0.06368888169439116
-0.056308562123995515
-0.08214967736483593
-0.046052022436006396
-0.07050516552501199
-0.044127660982597496
-0.012849842130870493
-0.009955836155420889
-0.03287167618488061
0.04620249600116122
0.05843195164220463
-0.01584088522550775
0.02438096378682412
0.06648779114138843
0.09156906566307432
0.054545792926509545
0.0762977776427319
0.08269806853323919
0.09624114483267134
0.13443455165494947
0.14772283482325274
0.07625432804613372
0.089746325025775
0.09402104943745848
0.09513663743734081
0.0760517916872637
0.06156383634119646
0.07717097515430472
0.08995846412097709
0.03911160262980816
0.022467853158637374
0.03929042387982527
-0.0007861266675221589
0.0008106851906671637
-0.008784307753781926
-0.018867751563029424
-0.043789686546860385
-0.05387237511024587
-0.08522799389847383
-0.09214227054447688
-0.10391863922175602
-0.07687228981913315
-0.09174393528649827
-0.09284246453319528
-0.11047305544413816
-0.11992508759109896
-0.12151670865001826
-0.12156056004947108
-0.11406186794873555
-0.14635369099029027
-0.06261920004560924
-0.06653849639691005
-0.0666902649367925
-0.06692331059270532
-0.02466292142151367
-0.02353777317200735
-0.02372714740138095
-0.026822612485661434
-0.037085357776932545
0.007344312481200977
-0.015735830689126973
0.023109060822502005
0.06658313729870777
0.0616763482414957
0.055980235738539795
0.09087311928507687
0.08139045536795683
0.07790554502426511
0.09132365560405348
0.13091677655556594
0.11542718865387272
0.1257089832251863
0.12431683101083482
0.0633782243203306
0.10526091496347059
0.08956989502778381
0.08729084530171878
0.08799847900559013
0.03170914657551696
0.04720471171539753
-0.0013700156481517914
0.0004983167406339105
0.0616999655296923
-0.018543843779107696
-0.01658896735589653
-0.05271394672331835
-0.017382044227872914
-0.024103156857178253
-0.061737858081601926
-0.045486278073404135
-0.06895242709641179
-0.05845870166004898
-0.07432535002357038
-0.08296286963487436
-0.13019399746204083
-0.09125785336769707
-0.0965525001883069
-0.08446816314180985
-0.08048295982122418
-0.08256335556372224
-0.0998347778565053
-0.07452201918636676
-0.08267571387538335
-0.07123883673040526
-0.0427468977426895
-0.041069201843480195
-0.05887004394677472
-0.03721543258282788
-0.003401935061800262
0.05647243125082201
0.039713514106142295
0.04369873668702839
0.056178295952874935
0.07606274157986752
0.07873891712586562
0.05958460993441621
0.09991977277274063
0.08433007915836094
0.11242512520776081
0.11773610227247208
0.1384214321698412
0.09587628660873629
0.12126015147244122
0.09773072479126192
0.049860026558793624
0.08133728327376114
0.07622304132744935
0.053779803141000185
0.05461827343574083
0.05849510326528413
0.036198298865244005
0.03704208099435386
0.0028410277076502
0.012225130260255904
-0.01810726205144671
-0.020770662675741118
-0.06498747095151765
-0.035662392464127474
-0.03013528198213137
-0.03622897711542346
-0.08908183111724503
-0.08511131655460272
-0.08791085175601328
-0.10776294482597021
-0.09010857554122673
-0.10596961695569194
-0.12551556970185704
-0.11047050671449421
-0.10613829686362627
-0.10624181826817677
-0.08054803502181594
-0.05874804996559793
-0.08281437725620243
-0.04001936239919591
-0.04090246433619796
-0.020311422366571134
-0.008328947879350544
-0.02669994922344457
0.016997940497319154
0.013952429450364257
0.03800021777111747
0.0573534647489298
0.057694415294764934
0.06948535933030031
0.04791407289205103
0.08022504306777219
0.10513053573281353
0.09246585423236993
0.11434083078482013
0.09852166703801551
0.07685723241923577
0.13508748891127953
0.10284040608958997
0.09442042974048113
0.05974402072145566
0.12152409567984779
0.06386736323689339
0.0839666510151075
0.03328426250059521
0.07661429163418149
0.010249538207344203
0.0032551288831859926
0.055504140530923396
0.019317769355308313
0.026623029726781093
-0.0006910958309064505
-0.04471115970169863
-0.035382645864626
-0.05648583023618447
-0.07111755455521272
-0.03671022336332104
-0.09280059616384091
-0.11798430883388461
-0.10829115364457405
-0.0782751868973022
-0.0722676174043016
-0.07483912052038424
-0.09530197619886718
-0.07422184848844364
-0.11671179183817451
-0.08069787426502123
-0.06449861558034492
-0.05311323817046741
-0.06817481902990222
-0.03477164914188532
-0.02316538223742953
-0.028778970327930673
-0.05984205037308074
0.014062967456138595
0.038420459760780026
0.013427359971008407
0.048977828891631735
0.04984347534201485
0.0525343230269538
0.08031554427757268
0.09510043847443701
0.0955446384460785
0.0907266291378289
0.08321381740645425
0.06660456330966677
0.11847515652782764
0.11238714307220313
0.1054029809893296
0.12445365488822324
0.09460266090464099
0.09995819708945765
0.10410856163419499
0.07734845463074162
0.06352070904546205
0.08433848800074084
0.01071706237206703
0.03123753722916692
0.02673782249508498
0.0046581670093868545
0.007173697089650186
-0.0260416881869086
-0.044091708141802785
-0.05160278985545865
-0.04083486062420974
-0.07783911014993032
-0.07521621499611425
-0.09640455952828036
-0.09684277315792686
-0.11408322266212605
-0.10003790091163939
-0.1436404643970442
