0.24084296532270782
0.20960815340459263
0.17725965848503578
0.17288499308279387
0.13837442598248517
0.12169325408346197
0.058810130002655975
0.018876580359998365
-0.02131581981867902
-0.04927100818991298
-0.04440466770372401
-0.11354712516793268
-0.1086089372921448
-0.18488204125378715
-0.20380696413005756
-0.23540834106406097
-0.25030578584902574
-0.2470165372003656
-0.16844713511394677
-0.16147404578767843
-0.1458510727083136
-0.090480631372217
-0.09491036941941523
-0.06755460405443611
-0.01606386046784223
0.021713286101887514
0.07831403533245598
0.03903438546834536
0.09550499574186075
0.17064800133105695
0.16591127872118172
0.21198286138157033
0.23101149648219227
0.2423820732626814
0.290847896211091
0.21327343182725658
0.16569241578374386
0.1211633901605433
0.1175050031601107
0.08054115534985809
0.014597107417669362
0.0015675894239792116
-0.00024609244857993
-0.09329475478619766
-0.09039231381811827
-0.10876589253319692
-0.1859905842411232
-0.14941315795664314
-0.27726442949869623
-0.2708827314244771
-0.2619753185884001
-0.23194923708446633
-0.1942789558258231
-0.1676289194778293
-0.11551564086375936
-0.07429941652039318
-0.10760344908947944
-0.014103497886079935
0.02634445933795139
0.01960809850223052
0.07623569042527928
0.0710301403582091
0.13490052286889487
0.15646711624756263
0.17600244263661954
0.19263940565864923
0.25084935241392375
0.2303248246133118
0.20672863442333725
0.1868422020946312
0.11807524607902994
0.08990320800532439
0.06848823727166872
0.04932647848005442
0.018406161395816637
-0.02512176806596885
-0.0661064151816956
-0.05398427430786081
-0.10273804532912914
-0.12889900921917408
-0.16593752231827155
-0.16565418690688083
-0.20494125965981214
-0.2381383120430736
-0.22337937800384333
-0.20733297819372348
-0.19011763491632194
-0.14659250412404348
-0.12036587031509244
-0.04019226852204394
-0.036737376102120044
-0.003327601268311154
0.0007861588086848469
0.048305351269150365
0.08194205421394661
0.10523229699807028
0.11876656363574947
0.1786018073695898
0.19711117780271745
0.21560085399129675
0.2494446561114633
0.21261603284411945
0.18282464878130056
0.11639777978882304
0.13335872482907446
0.09730553495118792
0.06251324837023697
0.020979673669753972
-0.008029618491348721
-0.006983056257940778
-0.049312826658593586
-0.0916227238033912
-0.11328598925878092
-0.17868448323867142
-0.23110895369393675
-0.21386121163212546
-0.2722291607645018
-0.26291756991061144
-0.23764121584225228
-0.16488823094542748
-0.15046890886662517
-0.08206711251485596
-0.05849752864056354
-0.06018056457650213
-0.02666470013378407
-0.0024723127319362
0.06036401287708976
0.09728886320466451
0.1032563703946166
0.11800720328250036
0.19562906457320536
0.25882490710933415
0.2237389667751472
0.27115531479160465
0.2686275786947973
0.20451997741106323
0.13370645269304499
0.11522850485932945
0.132789265522199
0.07064805067546474
0.05297138302309381
0.012414058012496247
-0.010609685451143987
-0.059350377231977974
-0.07414421562367444
-0.14502448184422354
-0.15912717344060276
-0.2062514129904425
-0.19481944919625163
-0.26469606110042965
-0.2757827591149319
-0.22472283131746523
-0.19362609092964161
-0.13389264595903275
-0.1402103084864407
-0.10162403906449437
-0.08178934926014685
-0.03751250685246261
-0.01886992167161255
0.01825024326597896
0.06718564652764814
0.07248360995536174
0.14646552785434108
0.14212089012968604
0.1696980934920453
0.24211781013471398
0.22676742285089083
0.25390129811710926
0.2124330979581782
0.15463643196305926
0.1314856979206183
0.1326084119848455
0.1257265159087987
0.04736474294441309
0.03749757853845384
0.014717613418952138
-0.06827621425594162
-0.05147091054337459
-0.10218945745437581
-0.13803333624314423
-0.19102092515552277
-0.17951552900414147
-0.2591806883929495
-0.3105548573997427
-0.21623953096836612
-0.20144448315247548
-0.20952648065325036
-0.1447764111882945
-0.15454567236588895
-0.08889619906916649
-0.04880674721111848
-0.012069711407473076
0.010190765184972896
0.07679760554274592
0.11097862300676543
0.094784629677392
0.15330962613814353
0.23261561200378567
0.20544518604205067
0.2424070180135737
0.2509400495037914
0.22735329259799278
0.2076975642733546
0.182730496196318
0.13424924215888503
0.10171804983464018
0.04634427345831869
0.07888440643261281
-0.03142741532433336
-0.007619970322304159
-0.03942276181690788
-0.07046018675704402
-0.14745127882924236
-0.1610808234442376
-0.13054116092310103
-0.21623444654747753
-0.23717174931249807
-0.2711978404387317
-0.2043986239556681
-0.22154382032305375
-0.15011447111394802
-0.13367140749031395
-0.09462252103152
-0.0586662128031034
-0.03257543522998583
-0.016128450810928785
0.0718909695238849
0.0642310415023742
0.09691592232060682
0.14381662487686073
0.16501403953977778
0.206789427743431
0.23014665644106785
0.2932470446689151
0.24879042081323816
0.23700520709102563
0.18512082045577138
0.14552494815958275
0.13892967375154336
0.06644782142424147
0.0730871030007977
0.008968430875588553
-0.01604905255954702
-0.02652291928119932
-0.07571267195458099
-0.13024482663902193
-0.15073674537195142
-0.16126235554714352
-0.1759134285164348
-0.2526147548655952
-0.2359847014018681
-0.22245387350147483
-0.24549719133039233
-0.1840123760649402
-0.12914489803224463
-0.12342853598302056
