0.9803237718608642
-0.9770516055063414
-0.9759818717477932
-0.9549151305615646
-1.0210939526609184
-0.9972397143680211
-1.025881188029568
-0.981378614820324
-0.9883282738370689
-0.9849576415924628
-1.0194140392620024
-0.9977363023808244
-0.9710670675479532
-0.9969352262632466
-0.9550633592780381
-0.9933428581001236
-0.961384936398881
-1.0112975217941833
-1.0014513402616576
-0.9947634881783938
-0.9545641309412399
-0.9953640859320887
-0.9307996329526788
-0.9843766863401082
-0.9768290447258003
-0.9966253906771112
-0.9768179904465306
-0.9743958152353697
-1.0053017477094452
-0.9991262453396711
-0.9229086822197502
-1.0235613362453544
-0.9853371997398971
-0.9636746647373473
-1.0093737044242401
-1.0141664376856518
-0.9763348146302163
-0.9674620384474488
-0.9615230115878796
-1.0049882684116331
-1.0187170521265587
-0.978327312380817
-1.0078812515063116
-1.0161152876464208
-0.9954502929310599
-1.0125624127021675
-0.978189897604464
-1.014454265182278
-0.9491122643397748
-0.9847253524555993
-1.0118993595473273
1.0049680508137322
0.9860548084714549
1.0075013371159425
0.9689358459727399
0.9563307755650028
1.001815232196919
0.96836134396692
1.0022077793133994
0.9867574083671026
0.9792939772921974
1.0271662789806124
0.9963845396763195
0.978433265432669
0.9823972194321213
0.9931574330528078
0.9672194118568986
0.9824447943544746
0.9879085909973759
0.9673666726034308
0.9622096149526042
0.9761872941987239
0.9352603521546468
0.9647698290702537
0.968810252848248
1.0187208209423202
0.9439376732311061
0.9770092648559343
0.9714561816042492
0.9692299600175354
1.0002814718171331
0.9819506853485099
0.9223972472859505
0.9869157224986671
0.9575074759064736
0.9482649952525022
1.010149288383906
0.9804653860115592
1.0076484197842979
0.9564283041818006
1.0216390659724668
0.9850966388404723
0.9973463978431858
0.9850995885862124
0.9880974341285375
1.0141755586714347
0.9625427294706675
0.964659895870031
0.955800301184545
1.009270571880237
0.9910131515283985
-0.9849433013800387
-0.9835443774808716
-0.9653690924560346
-0.9901391487087113
-0.9802007385734431
-1.025774008736776
-0.9818473326481393
-1.0247989090217668
-1.0109726020194836
-0.9924049236350669
-0.9823197497625941
-0.9933275902272941
-0.9678590115124179
-0.9476820094812639
-0.9650507248791635
-1.0021538922272277
-0.9619510076216033
-0.9814397292462015
-1.002640381972749
-0.9778998537686894
-0.9541498922721593
-0.996031138057259
-1.0032868383437477
-1.006626256378412
-0.9899018368373624
-1.0147970391677301
-0.989326197224349
-0.9762198992877246
-0.951958438879877
-0.974809341413576
-0.9549884003427014
-1.0220481655143232
-1.0012137389355868
-0.9773816839204603
-0.9662487816475669
-0.9685316767370202
-0.9854870675736658
-0.9686844972644669
-0.9798722258897157
-0.9605322013071032
-1.0382802911898619
-1.0038827082980508
-0.9789419396586128
-0.961543082176153
-0.9960607692356525
-0.9863122712903121
-1.0000913929068003
-1.018632339048287
-1.005673947870278
-1.0027610155914508
-0.9897196887162812
0.9878364815334546
0.9984626043821148
0.9758759328858153
0.977136474747433
0.9678936366661218
0.9876695431870494
1.0083376188434523
0.9847464515085718
0.9681913229206487
1.0156175575473347
0.9802353056402634
0.9789924452152611
0.9548778697012349
0.9833975352334666
0.9538209623928122
1.000082390737334
0.9956917251352398
0.9762922198491989
0.9902602346903597
1.0004660884431766
1.029521719291702
1.006488454357147
1.0075120885604247
0.9712092069574173
0.9369807122855344
0.9520521585752821
0.9828729320894662
0.9993945323243901
0.985906908126131
0.9888318358686885
0.9784335964643143
0.9774096154285382
0.9901764897072248
0.9915842577398795
0.9999100517753117
0.9700879186949584
0.9813716115878103
0.9837875842729504
0.9720044045516103
0.982871909776586
0.9789829351917779
0.9642360302073518
0.9972925209368801
0.9633419241405085
1.0167312073909394
0.9920005480502606
1.0506314738596447
0.9767099698481343
0.9889597483964042
0.9746273688104827
-0.9960766102174619
-1.0026272786704535
-1.0043483283929946
-0.9904078417629643
-0.9985944757544445
-0.9907764203919978
-0.9867748868055857
-1.0186506124472863
-0.959770949092202
-1.0184103598298353
-0.9964057995195064
-0.9609326841131725
-0.990029713630354
-0.9581836170309557
-0.9799259176563146
-0.9649211571015864
-1.0202779764201213
-0.9651267163034524
-1.0240778740494525
-0.9928310360672387
-0.9692259329238908
-0.9773074828899287
-0.9773474569918341
-0.9944627458240178
-1.0033905554044567
-0.9457805888958715
-0.9963592413941993
-0.9861341767919155
-0.9982509685329533
-0.9824183862894452
-0.9581179171671015
-1.0048388545465783
-0.9790022932246955
-0.9927150858175204
-0.9787338568594203
-0.9759594862552349
-0.9768285699887646
-0.9677176447453768
-0.9822671407927243
-0.9758833012783151
-0.9913170063800161
-1.0112560881278922
-1.011194218038907
-0.9615319346409772
-0.9922390539286414
-0.9840261527922117
-0.9734750192803713
-0.9886037812777129
-0.956196808175977
-1.0042172819750979
0.9824178606719014
0.9755158025740037
0.9600227592320514
0.9955426883603841
