0.289991470983
0.21577402434401266
0.24497805642412276
0.20194011281237814
0.13986894736747116
0.12968485197890636
0.10129204178541688
0.10314892536819155
0.05605460279694055
-0.0020939614888288646
-0.03523391212745937
-0.05347234260003387
-0.08118972357901126
-0.12110211214557101
-0.11723759656273489
-0.15733336105563178
-0.20678258916908043
-0.25518189287158954
-0.23430105377351762
-0.2794665319690531
-0.33381733733203645
-0.33101511431798103
-0.38882602064531335
-0.41938824033137834
-0.40574025966626415
-0.4398433127427337
-0.49498452780006236
-0.4462839147120673
-0.4512953495977304
-0.3887013492479059
-0.4199721825331697
-0.3910949195520799
-0.3350975727479342
-0.2985033925815119
-0.27354260260595176
-0.19930480920084462
-0.21214693154738629
-0.16962853068450162
-0.1828972316135035
-0.15161500635269767
-0.07363459003423199
-0.09054439507484932
-0.022450682413338714
0.0058541669716975315
0.013230844187100844
0.08214483014532703
0.08277924079791604
0.12334332436185376
0.1518134387726478
0.22049812470092053
0.2122743443047273
0.22279894831292768
0.247119203597952
0.324904958196829
0.30171363648539073
0.3397099186044512
0.3784444435613086
0.40884534060373423
0.437204528320179
0.4601251131295889
0.5081414892513488
0.44845799440962375
0.37690707887443614
0.36929610869310847
0.34841745974659455
0.3427482400926756
0.30329211307436565
0.3091237456996341
0.2842372744810202
0.23459934002019456
0.21780371490017927
0.18331848737874257
0.14895972597505963
0.07863377874643326
0.07182831787976333
0.034469077805334966
0.014834904789205506
-0.05379821182507165
-0.05921295669272834
-0.057554158540916875
-0.12161589331236579
-0.15318396122298014
-0.17158271065119832
-0.2006055142795578
-0.23544358802152376
-0.24383796060238536
-0.30041118610697304
-0.35038770659130364
-0.35475744705365864
-0.36790428162517674
-0.4172656815757416
-0.47453479163246887
-0.47675557129795054
-0.4861662860985759
-0.4432883525134142
-0.44811874835068355
-0.4210938708845363
-0.3760332423155525
-0.3658061032146732
-0.2951036527798123
-0.30875047285967916
-0.21390182647327144
-0.2514012596288141
-0.18496347049498413
-0.1745018855383814
-0.1212964893367461
-0.08985690777639357
-0.054205795280731064
-0.07481915459883226
-0.029435004140266584
0.0026787805799733597
0.06472570285418153
0.049593739059812826
0.09944757284196133
0.09715251968630481
0.1541749074201244
0.1865271073687722
0.24100221383445636
0.24691012081190797
0.29241303700228405
0.25238373313647106
0.34409330646676195
0.41808689640942126
0.38759916991398824
0.43368443151461206
0.45272276673842443
0.46370399271436363
0.4727095886542376
0.4668868570150682
0.4293982398646534
0.3977903488656911
0.35974321800405823
0.33567362555984154
0.2777490674649637
0.3076887832785634
0.2577412734719695
0.22741445624276188
0.1495391085860145
0.1471795634564371
0.12122856842013653
0.08173963658144055
0.08556727945179086
0.057274930736495235
0.03245197492399443
-0.024780955123701064
-0.08023376195263297
-0.08875783083548838
-0.14062158785761142
-0.1360693354939206
-0.1927133064319486
-0.2087683689278911
-0.21376281557168197
-0.2818155844182048
-0.27320939004924777
-0.32523530343313145
-0.3374355135072168
-0.38518620230479333
-0.4112037954025192
-0.4717986011973577
-0.45160177625482734
-0.5168248006403154
-0.47220528855071753
-0.45443336245233995
-0.42074104767178955
-0.3947896596137545
-0.3704527880667331
-0.34155331725550636
-0.29773643650918447
-0.2654974105926398
-0.19476030636733418
-0.1761830615699218
-0.1807721265374472
-0.11737071594712362
-0.10571195341272352
-0.12167583376439409
-0.06204321693030627
-0.018453427802889166
-0.010287527366445642
0.029962656289404616
0.03372181871198096
0.08946777863999057
0.13002477357825987
0.13920286647812058
0.2171847078501644
0.23859950414260292
0.23080295310908772
0.2925307831022713
0.31519284540447357
0.3430824306679074
0.38620549638652485
0.3945478582079171
0.4171650105494354
0.4500344239415368
0.506587231655663
0.5053362516402033
0.490560183547137
0.4424514415034784
0.3938243868535136
0.4059550376986106
0.34624176282964925
0.28617850593183974
0.27442841179315897
0.1986260346754832
0.2414001570496286
0.21663143415070485
0.16581452836336252
0.11601327439388304
0.10280212031900571
0.0035231120793513537
0.03977595458381412
-0.014463054953282525
-0.02869463705792072
-0.05255313729935391
-0.12045590325167464
-0.13805377954614892
-0.13045837049408596
-0.15399612450874997
-0.20822431786223525
-0.24854450437476003
-0.276385328844462
-0.26484635310057913
-0.32069422472893194
-0.33925696692511575
-0.36337793918891836
-0.42853995448214743
-0.4328055037511574
-0.4934404148868611
-0.4933679670283043
-0.4307961845775368
-0.45278839940592824
-0.46270313071359753
-0.34629634720807245
-0.3479006224236683
-0.32003165850674076
-0.296034978903837
-0.24187011995951432
-0.1952807159869186
-0.21463548258115595
-0.13299666826327783
-0.1647025927587207
-0.11704645414747769
-0.11961329995513181
-0.038643798278205486
-0.018453415829804188
0.002322506665031027
0.04905185356454347
0.06518625905632894
0.1330197576590226
0.11967214507121321
0.14903462320788663
0.2012236052985611
0.240713408208327
0.2728593704139851
0.3337087847114305
0.30801661807152403
0.35418014533039854
