-0.11507549267671684
-0.1200357064678585
-0.1129970364051992
-0.12564429098802468
-0.12433545692728386
-0.12414975931774605
-0.08712566179629329
-0.09051650401272036
-0.03994583416144986
-0.05020367860103486
-0.04138474904062317
-0.05457668456303184
-0.03944118131452235
-0.01997512652138532
-0.04670971650683474
-0.052233963850194964
-0.01887724728121188
-0.00885409414984335
0.0033171097093063154
-0.011208457928021748
0.024906094719809046
0.010979231319568284
0.003924440539580182
0.026721975821908
0.054123600114643275
0.02566995639924582
0.0678195003137747
0.04261162468210845
0.07381318118348462
0.09764932831201598
0.06235671551485351
0.07393131599520442
0.08980924229505007
0.1364686915148869
0.13586096872682696
0.15084529726757326
0.1445320491664677
0.11909340803285832
0.1502688402593802
0.13531058838086682
0.13898397976967544
0.15700394157315614
0.19207895855844892
0.15822685423219002
0.20892842159838917
0.18255127954204786
0.19297866316079101
0.21781906306070453
0.18852834183200673
0.21611078601894218
0.19829159896575477
0.18949597116047504
0.2108984529985815
0.16863839618837212
0.26011414318704057
0.23807920749647354
0.26861092733241204
0.2872656575347499
0.2730552250775944
0.2910642852458789
0.29866643350034355
0.3338095197031479
0.3054454281105614
0.2837672536426716
0.2783681410626273
0.32094470801547026
0.32941087064739316
0.3494232326117248
0.3440179248076077
0.38083535701594967
-0.31183801516844606
-0.33132822563605235
-0.35145599658795057
-0.34584723735493067
-0.31543228576227195
-0.3482101015767126
-0.3323670268839531
-0.35017249548504525
-0.3074122413141996
-0.27369112533940254
-0.3045299368655991
-0.26042507795845127
-0.27423874983354596
-0.24439468201207643
-0.24768009535737745
-0.2242226105292295
-0.27003513593779555
-0.2598120460505721
-0.23933042174070282
-0.2051373751113417
-0.18945856976416603
-0.22038267642249723
-0.14638309667262195
-0.13533475513723128
-0.20020330207454962
-0.1672969844031837
-0.14773859997321653
-0.1828359136820802
-0.1456576372790986
-0.1351610028536694
-0.10578296740583365
-0.14154625504526958
-0.12045711993230265
-0.10155937529224712
-0.10936710060042537
-0.08380204314283776
-0.13013956787034492
-0.1087835311849886
-0.06862953958506972
-0.08820037327970481
-0.038874034433256974
-0.05007793012629738
-0.04671904638172306
-0.02367084784662397
-0.03894571712449652
-0.019710882517084406
-0.012111433539429521
-0.011248200755130734
-0.026231275032907467
-0.05050563559638851
-0.02479147068128203
0.06383170248050105
-0.0014420050889736476
0.02724612988978579
-0.004925757513932982
0.048267866073228236
0.03590934660642213
0.030856048123567917
0.05548667384099608
0.05974547908069569
0.07308055225709786
0.08229610156546362
0.09441894519684373
0.10354681826706166
0.1098534737882764
0.0966070887548118
0.16357894377856047
0.1438973357300135
0.1239178856338135
0.14970706488222474
0.13056764134608673
0.15280819636519266
0.16345432528730822
0.16587439595262182
0.15097017040520772
0.17986985167648642
0.19679505408571754
0.18877937133332856
0.18346083814393999
0.18729940515390717
0.19703624509837242
0.2367677068593027
0.241868536179474
0.22539145505320202
0.2690897298849653
0.26456219089049343
0.2506595316446579
0.26060918357008944
0.2916992366493914
0.30399025684437236
0.2701732573869562
0.2953492757805092
0.30145641351307934
0.28861359674301845
0.3354434709537266
0.2969528855695262
0.31033845682777916
0.3367823149184664
0.30871151700194527
0.33132081291981297
-0.3305028152232602
-0.3536973649133879
-0.37192692968708957
-0.32064200634645784
-0.30888866570323803
-0.3066911267830128
-0.3191082002181007
-0.28134810069113836
-0.29648755043928965
-0.2793794938213933
-0.2862534031124488
-0.25713115268254766
-0.27907503126634886
-0.2056765164594268
-0.2542108029928322
-0.2574599569487821
-0.23659972096151438
-0.21375608592105072
-0.2201913098955823
-0.19206519326389263
-0.21784605770943477
-0.2062346827661917
-0.2041647205292992
-0.17891826228005078
-0.1803566350893266
-0.14802242963957782
-0.17842313767876553
-0.1595320197454634
-0.11738469765576898
-0.16919254630732056
-0.1045162690844898
-0.13493586924688708
-0.12448549131946339
-0.10294861390520971
-0.10243363177750085
-0.10734555843181649
-0.10264938425142525
-0.08033384052551253
-0.07860810470277221
-0.0745774738962928
-0.07411698923927065
-0.08614889129608476
-0.03569299689588418
-0.07747683015509926
-0.0468417123708308
-0.049075269745305995
-0.029302664320230532
-0.025394693008269
-0.03992682374512121
-0.008605947098961838
0.014157545987989297
0.01722404866184042
0.0038997981814852794
0.02537918431605325
0.005922026326185926
0.03259075991448645
0.03606662595642129
0.06536172868841537
0.08341675064258319
0.0393738536311604
0.07542251018680354
0.07183474636883007
0.11506186019062684
0.07688597614730734
0.12587375367438347
0.11837429523253168
0.10593333695172392
0.11104527130028417
0.15040130649026306
0.13864628857991812
0.18887005086256073
0.13133328085948592
0.16019488333873735
0.14964760543200917
0.17856214282236504
0.17960224893559407
0.1833031464117616
0.1986117509248681
0.17049710013102706
0.21357492943832138
0.20815686559694196
0.19197337411174453
0.20321684804917747
0.21924233853925193
0.22201394821876766
0.23185035962832914
