-0.4734502440422501
-0.4860320523829471
-0.4018482199418222
-0.3165685319733172
-0.2555538678674455
-0.20082522145232057
-0.07422339006576105
0.020209192993978935
0.13337745126326728
0.19753016477212534
0.23889077779384216
0.38390951587445554
0.44081084986506897
0.528682211921631
0.478517471691687
0.3605027249949094
0.27536186865930523
0.1804014649034177
0.10367378494687572
0.032190444193238014
-0.044967028339919515
-0.14481069900650187
-0.1955652491361975
-0.3214104947917364
-0.4157614291697382
-0.47760298327076994
-0.5103496489338251
-0.4341208005413966
-0.3638300248328231
-0.24501928318827065
-0.1802055135626944
-0.05057028985304793
0.005087237138720311
0.13290250236188933
0.20586465565424433
0.2421173515534459
0.387371726661895
0.44246093147750254
0.525710394718968
0.434688707232213
0.37082851010811324
0.2628784684401244
0.1974568716367231
0.1340477321328343
0.03919890238909102
-0.044080818702678375
-0.13717478003483757
-0.24638228934802103
-0.32113142772461417
-0.3742895356897565
-0.5053385060322217
-0.5096017386352748
-0.42643031093923334
-0.3460446143198977
-0.2598157982138564
-0.18297430529135433
-0.08111931960709347
-0.010401234551930875
0.13405935510617964
0.19441836626625478
0.27002376467168276
0.3556764543085377
0.4078655180648166
0.5252905621623416
0.46772574943502865
0.3420766984846805
0.316601989674305
0.1904225084527755
0.16313763409546814
0.07457478074777235
-0.028652037732260428
-0.16513278859782995
-0.2248180765096203
-0.29978303504275483
-0.38445602061496276
-0.4671520519164803
-0.5144607951775099
-0.4057441499101901
-0.34497997334984026
-0.2566672725115972
-0.15078242934039
-0.05571822895443919
0.00014931530160648926
0.05958770524711117
0.16204193470303602
0.2572354510719434
0.33457282727322407
0.42652854456770206
0.504985729606802
0.45364396722416384
0.42491389113586614
0.2884783307181186
0.1984956530083994
0.13891061019783948
0.04046180692655936
-0.035642240111275716
-0.09004407334814603
-0.21551604852917355
-0.361613949846841
-0.39457721954918956
-0.460463736224957
-0.5276266935719767
-0.452275472032413
-0.3736097160410547
-0.274767590619043
-0.1570996768986624
-0.0776003438147245
0.008949722727360727
0.09785646023277163
0.15578383204412258
0.2365127160082728
0.3395671231322186
0.41986654212635965
0.5048301679338106
0.4902575445440337
0.38448004517122536
0.25991759894138866
0.2374596833767174
0.13852025874781712
0.07153694178034908
-0.027236110825454414
-0.1404793816428033
-0.19942386971309894
-0.32429509020185215
-0.4010056310274449
-0.44599245379004315
-0.5456089988738259
-0.46021124322547924
-0.33820806223526517
-0.27478796347537654
-0.1550378865562953
-0.07827625422087514
0.0005290861170110673
0.078150947717022
0.15900591460264404
0.24799883654662752
0.3414408948808398
0.394844684742542
0.503159404321341
0.48045690219047493
0.3751591099076276
0.28305651105457164
0.23436647423243415
0.1158659212218992
0.04150947136719746
-0.028453727437234573
-0.12265348344615895
-0.21164027722123402
-0.2978884900827707
-0.3718372296811137
-0.4542119326364284
-0.5211932817315927
-0.4525070638775604
-0.3397894033508308
-0.2806079242897256
-0.17648281388456255
-0.12779840010702792
-0.021843231074882927
0.0640624995737448
0.17768956533503336
0.20903984518965288
0.3357933772020964
0.4832834454845246
0.5217573838795763
0.4757097239277182
0.409759839332625
0.3228870185991416
0.21277245040383835
0.16741487740584823
0.08856800700175071
-0.0491677537996965
-0.14949496542074067
-0.19294033960183507
-0.2573823791582534
-0.36305803380725166
-0.4616724166389838
-0.5489631887448709
-0.42748052401249703
-0.30744976963995424
-0.25169638364974867
-0.19051753618154388
-0.14342894122919306
-0.04019838199981017
0.07458659886980076
0.14581336124817526
0.23689673996783447
0.28944971066818054
0.4019170131081841
0.4618998707493288
0.49040622286383573
0.39639590488055193
0.29749328688858045
0.2581181478557473
0.16775190427586284
0.07233110398528209
-0.025860305962487232
-0.1234781960670934
-0.22244925090818987
-0.2949364794617867
-0.39690017506429837
-0.4280117068672981
-0.5060231876330671
-0.4322823738017535
-0.3647971405944162
-0.28523764245866046
-0.18407004120775017
-0.12628510828289669
0.009024269381962376
0.023788854847777464
0.10672679930919089
0.2512141399109396
0.3177623093989347
0.42677294627586687
0.5013788786615834
0.5146191267380859
0.42527482230534464
0.31163549505052673
0.2114213883007848
0.128099802560047
0.10497645846173392
-0.017143822862816564
-0.12067024025804379
-0.21241989456476915
-0.30392586485907963
-0.3894902867802808
-0.4644319128994075
-0.5281514974219348
-0.48934555951525865
-0.36511973824260335
-0.2422325776514553
-0.19479750625128278
-0.07069862918415115
-0.0357568666919559
0.027004296785356437
0.14680082122563176
0.2149792322178865
0.3332427109376649
0.401086520248928
0.4853641491869278
0.5188919666788064
0.44342378811611266
0.3370410050812163
0.23627346302099783
0.14001536725938557
0.07065098163413319
-0.013928003464594706
-0.14514414212567972
-0.17775642726775562
-0.265123617003847
-0.36088558327556425
-0.4223620228207372
-0.5339517230062918
-0.4967016259080253
-0.40333681495952656
-0.28829268143888576
-0.1721445291546893
