0.23206054907811977
0.2111081458912394
0.21103596855967183
0.1608677011390962
0.15270625441246957
0.12698462177423844
0.11899717069346899
0.07418907665212394
0.05008645653562713
0.058910332097371614
0.0017055339686556283
-0.06448294897551621
-0.030189859147389666
-0.055264136025050745
-0.10867295381145492
-0.13715352684495055
-0.15564691351671722
-0.17678570299277954
-0.19015369103054447
-0.2568419362014192
-0.2602771012502072
-0.3120329917912783
-0.33468655132572206
-0.34806718953360977
-0.3351211317412677
-0.41869189874927676
-0.41831108304589393
-0.42786607589296977
-0.49437610986038505
-0.4959213714019584
-0.4997873147856097
-0.5318827416444278
-0.5207235997584535
-0.6048805126500391
-0.6243665934703561
0.6610227408018157
0.6375040598703677
0.5843290053933774
0.5345429167448892
0.5301172497246261
0.506236708622172
0.45018924348380346
0.4604660298001447
0.42044480285286434
0.3935263006004369
0.3560026440260024
0.38901398853199665
0.3301293432581833
0.2610368868722146
0.29419502703587236
0.25392947282348455
0.20843078345891253
0.22958699811901723
0.16042934625012933
0.165526198244309
0.10174518655532733
0.07561670553073394
0.07324219291113324
0.06533161806270821
0.016037307896213143
-0.01043872722677595
-0.05499068620462694
-0.051982506328156736
-0.05667734118354415
-0.10022646113681592
-0.16106347621841546
-0.13806674420662027
-0.18060570844953558
-0.20502682617285228
-0.24886118864153706
-0.26782232043452336
-0.29484374544273373
-0.29254106052202805
-0.32555788636499966
-0.3996089923079664
-0.36409678370085374
-0.4532854002117765
-0.4222809951410605
-0.508570807899711
-0.47848537948225567
-0.49755052775717445
-0.5397335292822162
-0.583350378167217
-0.6107450442919073
-0.6327000827042117
0.6324678397145299
0.586865509077856
0.6268866747060183
0.5388193900129096
0.5686109322265899
0.516130758357234
0.467459882839542
0.4182435486121734
0.4205603902346279
0.42425775209985755
0.3696365944762426
0.32266988542287856
0.34750628661767013
0.33241286613166227
0.256221259531348
0.2764700359277413
0.22005393779956284
0.18734890903237086
0.2044814502584684
0.17589506469886043
0.10495376588798014
0.12844337575585585
0.11543854083350039
0.07494962526546206
0.037440078845517574
0.0020346982879190247
-0.005093175902579683
-0.06017764243534951
-0.10157494682440142
-0.12978332104078333
-0.14344859175705513
-0.12838916583140242
-0.209693939151964
-0.17195820761681307
-0.19858399659565729
-0.25344259000661573
-0.25302394680540374
-0.3386334093857657
-0.3482261079558418
-0.3963158518826651
-0.3801644909324258
-0.43308281176273655
-0.42090965919450224
-0.44077212040197045
-0.4969376679911127
-0.5107286653543476
-0.5123785375149801
-0.5650434568322624
-0.616448455957071
-0.636900060837645
-0.6429253772738991
0.5669926589017585
0.589909263070721
0.5685825782683694
0.5355314322011919
0.512160579038191
0.4785596876135215
0.49240615764319595
0.41458565242639267
0.3887559114559248
0.3597638423205213
0.4034311003141743
0.31044495038409936
0.31560171705915846
0.3058144220559003
0.24363146416945067
0.22847540091073498
0.1836585804953258
0.1838999474367522
0.10545613265326392
0.1620190990550945
0.12328556545311835
0.08310507190336269
0.032689822080739256
0.01791035242021221
0.04842574433628319
-0.046999914293406664
-0.05844259515027686
-0.06789760422068482
-0.08616622241809078
-0.1126355174694141
-0.12519974929686917
-0.1591197547622469
-0.2130664597360988
-0.25615594621300597
-0.272804347748687
-0.2515768346372904
-0.3030353464231782
-0.34065336015640263
-0.33725234558339257
-0.38348553786310974
-0.42960426002305363
-0.4203693889800078
-0.45245874496034794
-0.49301232667070843
-0.5352313775294778
-0.5646008664023128
-0.5396665826791198
-0.5486749715002299
-0.6196279702779091
-0.6659112509535805
0.6157191331618486
0.5652893590937966
0.5637158752895989
0.5114795440525594
0.5148613582998945
0.4607506591894116
0.47288763530927297
0.4128942210749834
0.4061532598380842
0.38617802606297713
0.38564662478528017
0.35473960982824904
0.27149406256424896
0.272233890412229
0.2480485081270745
0.247549454716273
0.2580261670232203
0.19536152050175815
0.1348230728329744
0.1309717233992932
0.11976966012303668
0.08039320231567955
0.022634197110401592
0.01832565980969334
0.0020963264775557557
-0.019201564867658474
-0.01078739892176471
-0.04153697603603054
-0.08536848455117027
-0.1335502344363026
-0.14193437032471734
-0.16675781393921607
-0.1898755145149518
-0.23368825568292284
-0.2519678297631368
-0.2605381459813146
-0.2959024900329263
-0.3080894976120368
-0.344695487888587
-0.3803801970926435
-0.41019677891335965
-0.41297636140240307
-0.4895727287932327
-0.5114201838551171
-0.4959154218078485
-0.5869337996510443
-0.551897579316268
-0.5992161066736985
-0.5995178294093066
-0.5923971678733322
0.6317380731792229
0.5877243268208792
0.5603403147693448
0.5519721352023748
0.49963985464486416
0.5000740681820878
0.4801582376946092
0.4313639788969182
0.4142298937079312
0.4101448781909324
0.35711815227364
0.3322487278447558
0.3203612087708938
0.3064597399561102
0.24965560404927
0.2039897041815738
0.19560982224743037
0.19153690600586365
0.12422009380915612
0.11906344597267143
