-0.04319354341094163
-0.03565729786547456
-0.03367172786148237
-0.05719530613938676
-0.10426031651715012
-0.10268819129272386
-0.10968926832798222
-0.17734358089345478
-0.18970325699241786
-0.19696594716269122
-0.19051687123648525
-0.20730062287655796
-0.27753166289102876
-0.2748315105288559
-0.3060881805514207
-0.30506222045293674
-0.35564004123117965
-0.3422926979126072
-0.36344060952677953
-0.3796168064995026
-0.4297239012169235
-0.47305915936480475
-0.46179998358028485
-0.46920452722644157
-0.5105554355288007
-0.5172030713240464
-0.53185921746172
-0.5577113868697029
-0.579770729276693
-0.5779933553313179
-0.6306761637435192
-0.6359902162097341
-0.6421976270476948
-0.6673175451865377
0.7073439338834601
0.6638311963280953
0.6330139091143244
0.5874442873588656
0.5432541321486926
0.5591219983644922
0.5239785686882461
0.5019477746695254
0.5121684993560242
0.46425398764653164
0.4768602255417964
0.4195620921418882
0.40564360006047856
0.41742258947226035
0.3952705821823162
0.3818325741006764
0.333053985971216
0.3482709371662059
0.2928226623217615
0.24584884981916508
0.248576381565248
0.2422146505223695
0.22447991021753283
0.1914051007319371
0.1531636107627898
0.17314317621366895
0.11131294243214056
0.1306103284697351
0.1489394612860782
0.08081567029978855
0.06392701191855683
0.054024536342834814
0.002359745860862853
-0.017889888448392392
-0.046840937182946
-0.09248722006034174
-0.0753127402436182
-0.07838324390625574
-0.11527750670297841
-0.08269505904082952
-0.1645597575106892
-0.16211145299024096
-0.1952301752947087
-0.21263633600510043
-0.24406921076768703
-0.2371706153280072
-0.2872874135340286
-0.3079257917636647
-0.3149833844969159
-0.34180967128429973
-0.33948243755767116
-0.4091596089960697
-0.39267234739061607
-0.4525853850885167
-0.4074234187049004
-0.43419185234892466
-0.47223856995690694
-0.5088487004903579
-0.5302127122269007
-0.5195080238504199
-0.5474694449610207
-0.5940953588956316
-0.6455921263769235
-0.5784106268807168
-0.6234216108555405
-0.6661718323282986
-0.701914584511087
0.668039521872438
0.6604933147670966
0.6058366202914466
0.660916250988389
0.6043018698983607
0.565982967085412
0.5726751128355929
0.5065115583443868
0.5103393965684179
0.48379445072698923
0.4540575325853855
0.42874409832708055
0.4407467578580393
0.3945704780630749
0.37394503827885045
0.3888138955165785
0.33350568525467394
0.33407050038205915
0.26035253127703595
0.26253820216163837
0.263341486831804
0.22421225473861775
0.21394257378122392
0.2236174564841487
0.1644963966709149
0.16267891622202826
0.15343476225654695
0.11389760190069881
0.11116483698480793
0.08776086305080762
0.031533215927739056
0.027013213657757378
-0.006335331884733347
-0.004040668839489452
-0.03194873928713759
-0.015248397020849465
-0.06535554468359794
-0.08840341385747212
-0.11553173255185156
-0.11716007149689753
-0.16674680399328146
-0.1673068540107538
-0.1926285266623015
-0.24530567596769118
-0.2351879433715532
-0.2616090353400086
-0.2954748421696121
-0.2887904188940701
-0.32046119852473987
-0.324411416736461
-0.3719715585215018
-0.38072382806930166
-0.4174558351053766
-0.41301396042443883
-0.41678532084513215
-0.473153795400758
-0.47078277308313765
-0.45274592117700735
-0.525837874148832
-0.5595327086364834
-0.5237791278243721
-0.5970253109014756
-0.5993094006491931
-0.6092170554815776
-0.6234073170283043
-0.6645092879920095
-0.699344439494387
0.6405222243181322
0.6322043751071966
0.6024477570396266
0.6010671208873192
0.5825658723242864
0.5638890908638702
0.5296678037848555
0.5215958600105917
0.4658634003104104
0.4968598519799008
0.44914395008135594
0.41654053975152305
0.4157759585737713
0.3493146364302971
0.382622682380469
0.35712912576202305
0.3520238944953005
0.2929817904139032
0.29538834857698043
0.27836820565951453
0.2470721232471259
0.23953955255276912
0.20807370691916116
0.1997404648654823
0.19321204355360794
0.09136021776325426
0.133161605730582
0.08332772161480506
0.09115058851316858
0.058642327926932004
0.06122593867554925
0.013670111775173108
-0.00916387271860974
0.028617772980561625
-0.03905587871624879
-0.08386883895852339
-0.08267980559816146
-0.11159509829593713
-0.09999881756880644
-0.11772611402433321
-0.17431832563801294
-0.16510476295919946
-0.17709055834219437
-0.23052688369722696
-0.2189174237498639
-0.23950802039072527
-0.2652817473089404
-0.2883593429327033
-0.33794270459367176
-0.3147538914752064
-0.3660912352645436
-0.4005864644920705
-0.38796302111215014
-0.4402714564932726
-0.47422268914656923
-0.44193909531090464
-0.4470041053683841
-0.48977903645341875
-0.5220116249868062
-0.5949750745263122
-0.5476612913706824
-0.5531386291858026
-0.6168364763668649
-0.6219143198204766
-0.6765742222203027
-0.6520698525959134
0.6945129097601745
0.6291575365978712
0.6521556922197097
0.631519298450632
0.5878327425324411
0.6008600240798841
0.549956302537483
0.5721031599013322
0.5201299216980907
0.50725922765494
0.4697481305556662
0.44396177936847936
0.4326100218370913
0.40809625853954884
0.41641287279708333
0.3494867721790541
0.3457913227495978
0.34646898954094296
0.32781580212123057
0.32378897086625025
0.28323697771633377
0.2364308509964913
