-0.4220005624881162
-0.4050340358661865
-0.3650599253502256
-0.341697551531138
-0.28364694212212826
-0.299969993489277
-0.2724603642893154
-0.19825253156891065
-0.167178170456937
-0.1878474307228499
-0.13192085405216813
-0.09269376120237267
-0.07457394356298547
-0.01183611591851779
0.011587911897788487
0.0388433481030161
0.04050528062599781
0.051282660798396246
0.08300475493152208
0.126215206326611
0.18588461663278572
0.156281338495841
0.19619812388908003
0.2483625458573819
0.26385725349179234
0.27467766115978187
0.3406609613021958
0.39665750487243856
0.39433828075984206
0.44220883364088387
0.4378648248885265
0.4838204360890533
0.5140838764231723
0.5494614207376407
0.5615649679982758
0.5644792368797036
0.5905259535662704
0.6255619126830138
0.6510516005056726
0.7318035828417748
-0.7181513001826905
-0.6486487555113845
-0.6315971947186685
-0.6109402678700313
-0.6073284837049462
-0.5553637176753662
-0.5298171766224119
-0.48130819855675144
-0.4306489558178329
-0.428899075268189
-0.43897028403962507
-0.3621334396826261
-0.33272294557851173
-0.3267116450041066
-0.30409420361448714
-0.25241083194523667
-0.24925928490031352
-0.19022525861836068
-0.21502210676342484
-0.18536317392186885
-0.12334018595480269
-0.08545128821978913
-0.05284492094350899
-0.03681056260916052
-0.012651858186748705
0.00826416465458319
0.0343232718804671
0.043795448652452794
0.08764729606781604
0.10443202424818729
0.1682156855804063
0.1754665101226007
0.23314900801820268
0.23022288953532874
0.282584410855192
0.2959410477960269
0.2976103264132826
0.357514305431779
0.3721164144435323
0.40737223388255284
0.44487200053197495
0.5035974928916743
0.49806289136736
0.5341241973646941
0.5383136040356674
0.5728619373572733
0.5516863967189417
0.6470439647572461
0.6683923624689345
0.6668676727725925
-0.7148198695175129
-0.6556936890151843
-0.6611579452761529
-0.6665093787303897
-0.6043468768759449
-0.5493937848663785
-0.5252283709402485
-0.5102738051306387
-0.4797155344735533
-0.43436319289095815
-0.40868148517399927
-0.3613398438508662
-0.3823750210610886
-0.31401098415692885
-0.3363005524021001
-0.2675988641066743
-0.2690509424341577
-0.23346176232642324
-0.17631357350967197
-0.22319544098163582
-0.13735925598101606
-0.12368957415600228
-0.10078044853587481
-0.05128594430777347
0.004378466555363319
0.0032109101767860398
0.039724269283230716
0.06275707098255347
0.06086553688578715
0.11745549238930227
0.1492384232704299
0.20658851974523784
0.19283475378159337
0.21176026842753198
0.26023307726510897
0.2883071829760867
0.33752144084832936
0.3072609189606436
0.3843103268688333
0.40853762740036653
0.4541723281655053
0.4324512149270996
0.48591140736088456
0.5513709029961229
0.5543022605445455
0.5698232092067257
0.6048175045643971
0.5832584431644701
0.6869383578949945
0.7236515559784145
-0.7132852534598506
-0.6834499780587033
-0.6338028781190632
-0.6236794169679611
-0.5868452224621693
-0.5229688465502675
-0.5008129819610648
-0.5050842728582798
-0.44826785269361313
-0.44572076574416714
-0.40948502340158305
-0.43353638256919047
-0.3601384796545623
-0.35785784754575606
-0.3101319269189689
-0.29625773499494773
-0.23263882919204862
-0.24693776381213023
-0.16448278533373709
-0.14496785657072747
-0.12863573926450714
-0.0915068300027849
-0.09500681119736808
-0.07037687010785548
-0.01511730960498972
-0.024107642264233002
0.04709634948965709
0.06555335518835269
0.07848934647740735
0.14631250413632754
0.1717832431193775
0.14147396222226022
0.18848387441690215
0.23122144971411027
0.27698095031884
0.29745173062670743
0.3239534586431426
0.3664882922668954
0.38021974632586114
0.4384361566356981
0.4244834078765824
0.42807596766412437
0.4630198822490018
0.5325539394279017
0.5337880121391292
0.6203978252187483
0.6088890454193092
0.6566318007322332
0.6697067456450464
0.6867334934248135
-0.7375138313002498
-0.6749434340609016
-0.6453584093071388
-0.6372548377971008
-0.5594754741267282
-0.5647248697000673
-0.5222586974394159
-0.5052327662463495
-0.5060592665575446
-0.4454556453910726
-0.3941322697412074
-0.3846215358325648
-0.3498206198249644
-0.32763920450100414
-0.2866073546470882
-0.2591856166195015
-0.2702107450445201
-0.22504728167836852
-0.2111270562787894
-0.17184444439762633
-0.14026508075310937
-0.13831112513980898
-0.05636443173153875
-0.06630890078600658
-0.008825312862526372
0.007672885849617568
0.036940738333778374
0.045374538698607116
0.1126875537134302
0.09980053538736064
0.14297521174958122
0.14694636874593597
0.1906386543731057
0.23563555243783735
0.24715083696656318
0.30763713337116094
0.3112580960830939
0.33614294448601556
0.3653687961235251
0.3848203834894512
0.41300216992252553
0.4285189325502156
0.469365279849009
0.5099426882025291
0.5640214838698281
0.5999486174228138
0.5620948571805154
0.6449450495498866
0.6312354592699161
0.6615982617175922
-0.7548818666032945
-0.7093320056948191
-0.6619710933995441
-0.6621039861794227
-0.5943261182069816
-0.5774205571398159
-0.5565772796594282
-0.45545812585288736
-0.4507180037498376
-0.4749468166460036
-0.4113523101434529
-0.41045173386842637
-0.324842991837031
-0.3455136373065142
-0.32391803756091114
-0.28247081940932434
