-0.17171525907670673
-0.12907611976049896
-0.12820286838967074
-0.11230296869604273
-0.10022395359276887
-0.07707011883067917
-0.0727246112834993
-0.054042941036125565
-0.04166331163069906
-0.009635499377907407
0.012086271046374395
0.042178608469095207
0.05023378887021548
0.081250431278686
0.06825197831516475
0.08779358791838317
0.15808554647482145
0.1459262012967242
0.17840343425806596
0.16382375676329963
0.2353474405335726
0.19180792358227838
0.24109093120978267
0.2825542211155591
0.258518345858577
0.2921831194951601
0.2770022800273362
0.31393192695234157
0.32485265578097805
0.32459263852804987
0.37572362953112187
0.3982925868230636
0.45448747526517175
0.4720006172172079
0.46196520685866294
0.47771166935777537
0.48418566136784613
0.5416008743749355
0.5080286216773606
0.5420019383803516
0.5317651896486333
0.5863894294438491
0.5830103344782558
0.6366552181304198
0.6458568269173304
0.6647734305365051
0.685754060852192
0.7100573960157578
0.7444095118464428
0.7412914887657462
0.78317741131922
0.8057424421375613
0.7592680075007463
0.8009369289598304
0.8533235595645965
0.8402083599565751
0.8685511644943187
0.867551930244645
0.8787963889250273
0.9440775595527989
-0.9165059916037137
-0.8810362530986847
-0.8626616561511242
-0.857339844481372
-0.8620048366954662
-0.8147857080970067
-0.7857180215923548
-0.8288075773354273
-0.7740596989401305
-0.7305425534432866
-0.7227596406557768
-0.7258894040363901
-0.7108053830093042
-0.6783005346719867
-0.6567276951505943
-0.6291735819625539
-0.6138507852454713
-0.588356559725369
-0.5367306155819399
-0.5630497548909031
-0.5405513159446808
-0.5453126935889869
-0.4916518817705252
-0.4780081155747047
-0.47791637824542266
-0.45456186185815695
-0.4702163327727558
-0.4232795932805882
-0.3773125585252487
-0.35565957269034437
-0.3491818569986669
-0.35988611385149477
-0.3107328812761921
-0.3155342481402013
-0.277097289156944
-0.3002967822925831
-0.26421118032571483
-0.2223567015658
-0.23321819535166363
-0.1654829020934336
-0.18976924215210564
-0.18823713043204532
-0.14947060336189694
-0.12382301597675982
-0.10872129309048227
-0.12801212538337026
-0.05186023818881078
-0.01796821897080462
-0.04556626333051912
-0.01130494856505628
0.02397201694056652
0.018230089481581276
0.07565427378440803
0.04283602612727954
0.07748124703520841
0.157489293301871
0.16308395951540652
0.158425889329747
0.16455794795858064
0.17985969545027225
0.20065708530869725
0.2445091658739122
0.23569870912500682
0.24049658443447955
0.2727480637558949
0.27616014328239935
0.3351447817703393
0.3090041250653313
0.3517776698750952
0.385269040972855
0.39064579564035407
0.40215566721600954
0.43534045967472523
0.45737991334882905
0.4438347695312274
0.47540056497250854
0.5290615728505316
0.5073126527429204
0.5514170303340811
0.5503789696365025
0.578390388451789
0.6081336382728489
0.580060890183539
0.6027833747878978
0.6378745718791812
0.6665229174417702
0.6937320353709212
0.7062295382357427
0.7074684251533934
0.7299501545493539
0.7450688832263604
0.7725683400795791
0.7870507206471195
0.8310826406536732
0.8387795902158661
0.8103489168814101
0.8603588786680332
0.8794479054404993
0.8913551662627686
0.9129459901769729
-0.9210021115579182
-0.929155737684366
-0.8490905688532031
-0.8610400259377328
-0.8616789353899797
-0.8368386366201526
-0.7933797110425488
-0.8044524659356675
-0.782783718834919
-0.7297283294002416
-0.6948861298052744
-0.7132168096213605
-0.6733317806848195
-0.6478854975188306
-0.6506847759877087
-0.6256592971272582
-0.5922101271636743
-0.603466649626832
-0.5586912247776502
-0.5226370765929625
-0.5326140718185598
-0.5294325186424654
-0.5030966096179259
-0.4799114961573244
-0.4753969747327607
-0.4788157396472003
-0.4459906790743759
-0.411777890727585
-0.42533710601511104
-0.3632105416362642
-0.3866274051352169
-0.326018087442598
-0.28894253624062377
-0.28815913471980414
-0.26398737343444323
-0.27560989689060794
-0.27894965413989353
-0.2262865681247476
-0.21357344353919006
-0.25834721060384486
-0.16716502269557154
-0.15145819228596744
-0.150333150470849
-0.12276631957884518
-0.07895489720094576
-0.10309175808969696
-0.10001162804241276
-0.06395975447112297
-0.013192218809318926
-0.01200079708892553
-0.0022911420626246506
0.014743038627210022
0.049548423876088384
0.08976765956583825
0.08183108886464611
0.1094099221545678
0.13763533518303167
0.1274495379915061
0.17427576828817298
0.15337220425441286
0.18955494640389484
0.2227054696758764
0.20264664986642958
0.29347253015258756
0.28779415268655995
0.270898783882577
0.2992138821180115
0.3087282889720749
0.3233116107967744
0.36152280710626566
0.3913577425364251
0.3763518846578301
0.4218918812043297
0.44711808889720234
0.4558217266816755
0.44931857334898706
0.5379148849981391
0.5045548980490089
0.5165650049763884
0.5243187412725454
0.5578588015083185
0.5538937798251387
0.5955450507588049
0.6195034310719062
0.6228969955760165
0.6849420972587871
0.6545675545506436
0.6773396598996395
0.7287110801670973
0.7326164117853016
0.7750292301481497
0.7818509626486551
0.7834010317060005
0.7789976486909037
0.8227314227225161
0.8368802556410168
