0.6254808958974116
0.40642394918476266
0.6516965961414686
0.5310374540152883
0.6714828609416692
0.14775853237224512
0.5596314948702092
0.6627778908509838
-0.007712573067644139
0.8969027019116445
0.6884595022984936
0.8022871395926437
0.7677354891414879
0.4456719118504861
0.3756608039151011
0.20574612678034457
0.19208776227524457
0.2925546864610459
0.048948836193504465
0.4319303868530873
0.04346818601808478
0.42277585439627774
0.8811737632586362
0.8457751382709368
0.9140420583713954
0.12633135980981802
0.16637163753087644
0.27472166930460223
0.24646210274754685
0.3827103743745926
0.5033998959618669
0.18200839549082642
0.7500545674824337
0.8596527302069911
0.7902107881639245
0.5123284668877147
0.40901378416848155
0.6198380251113994
0.5921284897323583
0.12877392917518185
0.28779532878152014
0.779440800622461
1.0023682068981439
0.25319546380815783
0.5668256968334741
0.010486861029495125
0.6156099186271918
0.7922352509121349
0.2962464142938884
0.6855791959812397
0.34771088181602544
0.5441673436891358
0.1257893885678598
0.811808846858534
0.2831531379298784
0.7816385207979031
0.877223402028653
0.6349014510764259
0.5793597273227716
0.4584112793680271
0.7416852659153184
0.2392920069915092
0.09740741414503507
0.06621809916420823
0.14416308247464918
0.9953808773857052
0.6240612391829554
0.21079539160432767
0.16614801821201017
0.26246744661491256
0.019166833450895412
0.2892737623007194
0.3548249763821881
0.07931220592416921
0.36480873732412317
0.8500723875994092
0.14489143018848188
0.18574401056895679
0.7597610411501536
0.3247085461144924
0.5612772295461775
0.8848474060861408
0.9265458550278417
0.5875366473384279
0.09208649983462056
0.06509314980825985
0.8511077429821085
0.9539365336210354
0.5903714006121157
0.5729010513009158
0.6849120588451312
0.6579776787027883
0.8410032568733542
0.5169708974162128
0.5895761392919809
0.13800097710819323
0.9225431180826463
0.7973114666021766
0.9240579430478914
0.6525815488580747
0.7325421763250751
0.8225655776459727
0.22691769557395403
0.211137064185426
0.70935845614525
0.5238764080511062
0.6479092303434694
0.05868330444352663
0.01567240864252819
0.302027687710189
0.6943953274457063
0.05102516612405124
0.7121805084204488
0.5325462947309482
0.647544066416973
0.7799290803236232
0.9252287981170426
0.161705664644195
0.6979396110334948
0.6009271686974705
0.4430711719716144
0.6840779824397921
0.8985059263411734
0.8236669538705557
0.505370624158847
0.1648161390999364
0.5806459031695832
0.1320816348602543
0.009953402645214934
0.22535253425198304
0.7942895156811361
0.7158310022573215
0.9296017504712476
0.04735205856636301
0.6753228992925139
0.37064605301919173
0.5085956000515235
0.9374724157607598
0.659408808710986
0.8021071902283854
0.95872611788353
0.18785837240392092
0.5812695574449974
0.5189353870687771
0.2525140155429553
0.08411098501177398
0.30602400250964507
0.502232120094533
0.023153743319530674
0.11098689638530625
0.22214094130901146
0.304574423160307
0.2836062016617252
0.8542176815623351
0.21327517770514015
0.5357368088073733
0.7382421092208834
0.8221315170507807
0.9065307687020261
0.4146605454010946
0.7711746274348532
0.009720908548788428
0.2110516219942326
0.8815966187198808
0.43899398680385215
0.3071404124826351
0.3404857708361788
0.1493845285796333
0.19021293223317406
0.9306825168048306
0.3457422190022824
0.2905499843576089
0.8075873679004122
0.1037612164284128
0.5132135537451565
0.7291761039931276
0.18422787897122833
0.7941207658185584
0.9110515617000292
0.6708925114974122
0.7318785804985961
0.1886045356794389
0.3061107393986336
0.5230662229066805
0.309055914649511
0.8703705160971867
0.3878178429801537
0.3708007873502817
0.7806036789934837
0.3182569592568972
0.5159550259979899
0.05906963147949362
0.20086665214784188
0.5163153773445978
0.6001849319665351
0.20719155019718774
0.6941420113979799
0.3969366797785645
0.3813368131543586
0.45230938371183443
0.5263136682263045
0.185336431366278
0.510600168790371
0.286046135586699
0.8842573685693735
0.20842653500232017
0.2881287949384864
0.2494954881230713
0.22387076123990168
0.6336125429660535
0.46109805495299716
0.3823386863379297
0.5732234433412671
0.49698176017888235
0.788682684571305
0.16889199401142915
0.8148122789539939
0.22876943315277215
0.8610058755811608
0.6554892245200952
0.17232801234231693
0.11418040228591145
0.7289690129320543
0.6127993068482006
0.23785366954620155
0.822331902905061
0.13062727408467797
0.1934905433199524
0.0836440142521001
0.2616035597370273
0.13281897441132978
0.10017956170336433
0.4744266727270704
0.41348050116420537
0.08682613676213813
0.6616311942824451
0.30604820333012367
0.08991252546525393
0.03705146201047309
0.7146674622823551
0.6777161192710683
0.687040727617738
0.5469034786570215
0.7180743224157335
0.36795203180975355
0.6401365756709202
0.33175774122922874
0.5658259687353598
0.3806490423586922
0.5400554242757046
0.20096404935887027
0.7086618865495444
0.8543040871335024
0.09652411680894354
0.6874040226614406
0.08614883955912703
