-0.2160864863286305
-0.19459457820782838
-0.16217530384025
-0.2169333946313456
-0.1805351544650645
-0.1688714794093129
0.14918899689906054
0.18551975539012888
0.19522861045339526
0.18789426684244045
0.1770948617089103
0.2078915801525101
0.1846842575635802
0.18849760176751518
0.17682245253069698
0.17208643766019444
0.17921503790607937
0.21451081684243328
0.19522197127100316
0.12441745955671155
0.20193311688398813
0.13135479399671735
0.19522702644920994
0.2017766464949054
0.1881767923274609
0.1729237595117412
0.20221010957083924
0.223686460280773
0.18580292336999407
0.1963525170069576
0.18253033700354715
0.18698123750085016
0.19186520694567474
0.1862523941788729
0.1810875432206337
0.1877454801676152
0.18064114128216804
0.16340992715307193
0.23600563048567402
0.18126487194494306
0.14799494859574897
0.18757549872877097
0.1871667233690449
0.2008932557583079
0.16262119253435753
0.16188210596287023
0.2026723543673727
0.1947223995899276
0.1462614803762352
0.16996457302697707
0.17423450515854952
0.18820676411673895
0.17539656163157932
0.18693222284193908
0.177455409977099
0.17824981443122784
-0.19289068341087237
-0.22026458702025078
-0.18947551151425515
-0.15736810077236188
-0.22177128776512992
-0.19473059025349185
-0.19288323497372908
-0.18313084284639822
-0.18030558097507163
-0.2035740910868737
-0.18435572249558452
-0.17694932429235732
-0.1407092438731498
-0.16673226703815944
-0.1655484600674087
-0.16943797633862742
-0.19070871504186454
-0.19785857794935244
-0.19649707540243608
-0.18343434846841672
-0.21510424446872312
-0.1968484504182852
-0.17130041047700864
-0.2203823094907528
-0.1812276087701022
-0.1800928713075765
-0.169877905868236
-0.1820483340320239
-0.21161393991453356
-0.16432090932794335
-0.19795639441279078
-0.17152550323354362
-0.1870503950791991
-0.1917594162774988
-0.15731737477424917
-0.18726204249243597
-0.21900508797476234
-0.15733857268806495
-0.19317594153882198
-0.1799012669400129
-0.21355269993701054
-0.18500629827872478
-0.1451086184662199
-0.1585651675552337
-0.12948868213912362
-0.16631644603136683
-0.21930642762608604
-0.16230280785139398
-0.18894678770503703
-0.1797355477975641
0.15167528622159993
0.20961204192417351
0.21027276620377872
0.1814420704643593
0.2014645730848864
0.14833877455676783
0.16895803854483182
0.19187231722478448
0.1743426498720847
0.1746716809419436
0.17012964329900904
0.2208201302304841
0.16720365487778438
0.15300317446719514
0.15098839927383145
0.1962149753311646
0.1777740276660825
0.18785414191561353
0.1822288011312201
0.22812815471576575
0.1845938975651436
0.1692650145648496
0.155108822932709
0.17215392082446046
0.1804648468529163
0.18537942050691353
0.18209927428488049
0.180153669575299
0.19344205487717706
0.17395377986916868
0.20538034231810873
0.20894549957710679
0.21131170576680544
0.19633472133739838
0.16297849566151235
0.13702291537445874
0.1723199800466087
0.2084230309923281
0.16873615613955012
0.16047919425112864
0.1989245607256705
0.1615967231029109
0.19253934377298354
0.176857625447919
0.18242848745165013
0.178426923461374
0.16310613390926015
0.16796726522022576
0.1600732664152573
0.17248683608467455
-0.18410831373421782
-0.18191078209015685
-0.17208889404542285
-0.1800857142866271
-0.19220291061471292
-0.15303219049550332
-0.18290267215393624
-0.19447001072453995
-0.21109101350424683
-0.17332605307827476
-0.22606504878165837
-0.1834211975017576
-0.1611596521825858
-0.21596677857750507
-0.17258774138206343
-0.19781809366710573
-0.18974344598987783
-0.18575420502265108
-0.2201432208018932
-0.20033828353596303
-0.16434861841546405
-0.13152548160262828
-0.15380463251963256
-0.16068401833614518
-0.18170358021459146
-0.19028605349152433
-0.17173456413219604
-0.15461468180900845
-0.19690873317578733
-0.1536909813258857
-0.18237041036134044
-0.2047501295592659
-0.17693421520095395
-0.1685824405560774
-0.20184308296596223
-0.17073789240774248
-0.17144587261132743
-0.19479637046376175
-0.20520997595457294
-0.17935714127123495
-0.16051826405955952
-0.18745543416942764
-0.1879382607448362
-0.17226853275731033
-0.23153066542189932
-0.18419396057485538
-0.19492382162813846
-0.17488079204887208
-0.14296461072621702
-0.1629948287778021
0.18888030306682912
0.16264699341967592
0.21088604762596902
0.15567072093820467
0.20987339118996498
0.17674588008911907
0.15874664550044632
0.1612365862333681
0.17533155523027227
0.16327311283605855
0.21184465785842685
0.20323829640137078
0.1716629628623765
0.1964878619617378
0.166314035975084
0.1781405841236556
0.19075193077567593
0.16830484508447927
0.18009311001631534
0.170594749188897
0.1860782371389481
0.14149954478926782
0.1985152778774883
0.2084268709056928
0.17502310249811254
0.18556775356896799
0.16252109190547676
0.20710369241255625
0.1747284045723749
0.1604963120155074
0.19946452596479874
0.2097239624688904
0.17296456196494567
0.22389102001231626
0.21143281691774402
0.20469369820806227
0.15358743192979357
0.1711511835176634
0.1817203706397863
0.17710018698253213
0.1878174777201208
0.19947224975852026
0.1998703770720145
0.16964839123467143
0.19612389073359007
0.17211109275337128
0.1626824692921672
0.18244191702497897
0.1898514288250376
0.17113032222260863
