-0.4088062182845879
-0.36230160920735993
-0.3666588242062256
-0.3552503629458939
-0.3563699337057111
-0.3297575768167977
-0.24360034241444822
-0.23929978906307697
-0.23697001266206721
-0.2521643649645417
-0.18222028786117014
-0.18169463922243917
-0.15291694720299898
-0.15950905867187815
-0.17359114410167953
-0.10042489858895307
-0.08282532862383879
-0.022306471572111138
-0.039583270145679854
-0.017778406747735308
-0.005415594082961328
-0.02079631146980523
0.008674682269544702
0.025949808012512676
0.06540716795712753
0.0725510959840188
0.10956257657063175
0.12917855432969264
0.15256533502491001
0.15535624291704064
0.17438045174911335
0.19006463171460924
0.2526933425706937
0.24174608417546362
0.25027966688423425
0.2747313625669724
0.2807921240884445
0.30303773166098774
0.314952843136688
0.34622379049324165
0.3610946594510237
0.34262358451740843
0.3884605092997468
0.4248083508902469
0.4468474648317532
0.49636461100511253
0.49208827704725344
0.44960370050197507
0.4437306753483184
0.37601845229732006
0.37552131562548485
0.3615082584594622
0.3748475939756374
0.3359704915919134
0.32361399695573456
0.32317350954070806
0.29473312982863614
0.25551281106814633
0.24240258360352432
0.23230227592115463
0.2272645030846815
0.18305218741263465
0.16490402739738635
0.169386816264345
0.1442478242326838
0.12485431846270341
0.06345057595644646
0.08601057289020943
0.02955753037854362
0.05905047907414104
0.015397917604954544
-0.026026404596347176
-0.011853226757665728
-0.044170916675435316
-0.06402031716651274
-0.06889868210774494
-0.05709216379520376
-0.0939201063403916
-0.11985924481051627
-0.16002864418790963
-0.18183935770612908
-0.19741638864790892
-0.23148767761499323
-0.22487486178144792
-0.21082002402005612
-0.2525111109089922
-0.28775933905202583
-0.32051476082189506
-0.2684894420611019
-0.3418275429606092
-0.3625777556215278
-0.3780412056043671
-0.3804384194959248
-0.4055622881719212
-0.44008078298015063
-0.44337817753883224
-0.4657570886567783
-0.4529756455573204
-0.4471958802168222
-0.4222715822228718
-0.39807337253426467
-0.36781068188976174
-0.3428817047084563
-0.3356570013529802
-0.3245825994383184
-0.307660633734544
-0.2908168712923292
-0.28394490305940895
-0.25090286550827345
-0.2477061540719003
-0.20038497586118484
-0.14297430475659872
-0.17144160558499372
-0.1288709540716162
-0.19815949079463718
-0.1108670397933831
-0.07390406740379565
-0.050121155669193514
-0.04756918038726912
-0.02652155268301722
-0.030458535330436354
0.00587567035580773
0.01980150391397998
0.04145481769431785
0.07643282131850687
0.1251459940331251
0.11691461226890673
0.12337853351960479
0.11594591033378626
0.16251236611618403
0.15880210722753232
0.19926025925674648
0.20998965186490143
0.21647933524769894
0.2485496401249419
0.2990293373068693
0.28808756717905726
0.29687196389221604
0.30861265555651257
0.3453240192858972
0.38743709622057376
0.37416587752607733
0.41403591686779073
0.42638365252141963
0.47278023763111565
0.42594860123725964
0.49384076532847215
0.4861075140255452
0.4249584086397067
0.4130580410855336
0.4201024082548111
0.34917640418180557
0.3804438909623652
0.36165677782337013
0.29551564350740195
0.317756770797608
0.2905242628545464
0.2703570216023663
0.24228571345509223
0.2369788235940037
0.1834628321681987
0.2021068989893033
0.14848104255903818
0.17674210072002927
0.11096626901178949
0.09660302139817177
0.12188305959307119
0.09250326784416081
0.06263617151174176
0.05134014669616637
0.05325939882839288
0.020825471191434214
-0.04524656187210347
-0.0782985286696587
-0.05058388100485779
-0.056948338737469476
-0.08648884560121534
-0.0740979717118404
-0.1154751002896093
-0.20059628401983062
-0.16439918403550108
-0.1925829373477777
-0.17866744939312906
-0.2210076299869357
-0.20735618114272408
-0.25360521582758877
-0.26034590191438767
-0.29683757948967726
-0.32204745339232266
-0.3691708559088354
-0.3585077748024977
-0.358682115960779
-0.42258771900545966
-0.41331113515185924
-0.4267622681689844
-0.4237907760084866
-0.48508793127315736
-0.45814347722000853
-0.45185832711638146
-0.41357859990275786
-0.4173082083124123
-0.3648893929131603
-0.33633586045752956
-0.3656828497990302
-0.33032327191626254
-0.29717439394976014
-0.27449509016485735
-0.2986226710930296
-0.2586626974516092
-0.21336817310761513
-0.19182653203032418
-0.19686933812030777
-0.11968792416817928
-0.17957494166085441
-0.125048906963422
-0.1527478654821138
-0.09257519694380438
-0.04037287870520206
-0.08235998951160417
-0.04571643257330721
-0.013975099619112991
-0.026295168304558587
-0.03499951732504272
0.023388534966063333
0.04921933496454637
0.08262342381541171
0.05734622922772341
0.1355300352108453
0.10581037970400704
0.13346796668308925
0.19036535383733164
0.15586295434392577
0.22936607400816267
0.22282772209236784
0.257347181408674
0.24501566314344964
0.2783517877253769
0.29112346366582875
0.36048966135662464
0.3439797434928887
0.373208416923529
0.3800467836280776
0.3860321287262763
0.4115927098410281
0.44172522727532104
0.4470031021800327
0.4376725699190032
0.46704368226748477
0.47726215436175196
0.4108516518323762
0.39054345220626496
0.38082494313793497
0.38603402662607966
0.3615445021426158
0.32858928232551016
0.31918178241189576
