-0.3550778625614571
-0.8023576930918171
-0.95987312383438
-0.2534889769467794
-0.6108176069279101
-0.8937198402297238
-0.2864841086306064
-0.8212027327511252
-0.44713844908732203
-0.9585586382799832
-0.10933396873514241
-0.33193814975522357
-0.7970879848388868
-0.4121111492309331
-0.21793776728802894
-0.13313316476787918
-0.6342301041396639
-0.5852833604030884
-0.7567940714331071
-0.0928819404813488
-0.428407045032238
-0.14579212620128004
-0.14082288718522007
-0.3683995087468013
-0.42807886150401625
-0.43178151037893603
-0.3985398818059268
-0.767111219009794
-0.28368094566488067
-0.6072602573211093
-0.21234570517557189
-0.5351297776087038
-0.4128703175754611
-0.010013875011469348
-0.5639513842742333
-0.08319917989797951
-0.14940385322287725
-0.1725957462667296
-0.8911619884266663
-0.01385828884649181
-0.13186475858722935
-0.7991222374769111
-0.9439856967698755
-0.8031598791318165
-0.7587438190220691
-0.10037733384206814
-0.9292219129585971
-0.7221339575660104
-0.2860598894537891
-0.6171179344842148
-0.35993572357464254
-0.11586929888824184
-0.20266235496880647
-0.6819539480144337
-0.6171252683258885
-0.9366915887984619
-0.04377829968027263
-0.3703678194347773
-0.46734252751256505
-0.036414358419446534
-0.38661750481680296
-0.7788116593156039
-0.8618897463400884
-0.20878502082677683
-0.16736070005796755
-0.6410177763132848
-0.30760027770927606
-0.3452240075078648
-0.6276315347453656
-0.5235599981933294
-0.9924351585742776
-1.0047444877046319
-0.6570931439747387
-0.7994157925213592
-0.2759865215397085
-0.18395929863259444
-0.599214643618629
-0.583289598371651
-0.8853884771558835
-0.8412942046694841
-0.45502699876883324
-0.7638048013831561
-0.1322241338929571
-0.7688082950006926
-0.6764014989987726
-0.09166089828315478
-0.968039046897388
-0.9157406431521216
-1.0029863265338825
-0.5199959821015978
-0.46962261427323204
-0.1393045706561642
-0.623555165328519
-0.5322022652284909
-0.8313727811515117
-0.5849447925021511
-0.5072849985551651
-0.7819687956457494
-0.18552489505368908
-0.10052181200474128
-0.38995700454767845
-0.5498015307091928
-0.6796911751557665
-0.4453905805285409
-0.6814101133753918
-0.4690135169526363
-0.5598218657859693
-0.29130070348188347
-0.6520268928751977
-0.823953219457974
-0.7117812706734316
-0.7367012213230595
-0.948643296058003
-0.13571910314821975
-0.3711554269052389
-0.9690107341263067
-0.3308797712687044
-0.04020356918791023
-0.11615665135357561
-0.6089028769197582
-0.9498420276472873
-0.3067406528779797
-1.0230522166828695
-0.23659381502136567
-0.39231655466131926
-0.536086303652151
-0.29115043373355
-0.6131852635901203
-0.16621969945065404
-0.5257261877336019
-0.06945929199622498
-0.5332683428920925
-0.8556740390146053
-0.8718180995324363
-0.7491916062855013
-0.8971795440258765
-0.7892584269779217
-0.2888154621385059
-0.608928563781493
-0.9232747352341795
-0.3499677268905704
-0.4806826666701987
-0.4894251083703249
-0.6821412130669692
-0.6548648283262454
-0.6835335627455211
-0.1960470107582452
-0.3154603983075557
-0.040463183358157115
-0.8033980790803618
-0.4050566249932347
-0.15685566667512216
-0.16716637646027313
-0.3636054714336328
-0.06770096185456129
-0.47014238334734754
-0.205935105388106
-0.005785562617366328
-0.9326284743249271
-0.13445091329797076
-0.9049236872070456
-0.8884770530151164
-0.4004897527696491
-0.34704748107071104
-0.8595812634656459
-0.37377644181318087
-0.31477152623937416
-0.3523918178827513
-0.5209978311050312
-0.11682072410573761
-0.18455543352143872
-0.35641016665357284
-0.8438157136600383
-0.032899738466492905
-0.74408787305476
-0.18098670972610645
-0.405941389741294
-0.9513215397964423
-0.0707860945426905
-0.7969195791468784
-0.309344677428701
-0.2854812588285976
-0.640976640615717
-0.2513296565669967
-0.607615043974623
-0.9050049711572807
0.008423953825095844
-0.6092090221738717
-0.7732888172786035
-0.7329442212295981
-0.30572125214467083
-0.44047416597129374
-0.4504072511238652
-0.039551633030170646
-0.8021587233425093
-0.3543348830938855
-0.602847738405273
-0.3929847980875693
-0.460503273397625
-0.6442302909806352
-0.24045141800912564
-0.23827263577610128
-0.4454587031134992
-0.24130975974769056
-0.4614825147418811
-0.7748775967862703
-0.6732153765946862
-0.56092691318845
-0.9790714500620774
-0.2913422318613978
-0.7226032612511051
-0.9982990467185564
-0.9886921106229676
-0.4075212848253389
-0.13720755189170564
-0.6818910243571735
-0.19336837119535666
-0.222629920600873
-0.4732433190228029
-0.23949873431206428
-0.49296444077155926
-0.17662649141395412
-0.7836074407280029
-0.204043521026133
-0.24228611130458255
-0.4917120992722771
-0.949239469085683
-0.3366778905452277
-0.3319455819888386
-0.6532798268870104
-0.9132884905152573
-0.3032265427865195
-0.5525631956945615
-0.3292456089069283
-0.24051853113358007
-0.6597605709592026
-0.014495911647103388
-0.3192700997537303
-0.9454748442489993
-0.9050448694293945
-0.38284189954992337
-0.044814887401492455
-0.21184046446284915
-0.06239117261652609
-0.9542332332267935
-0.588275144497221
-0.5784812329794083
-0.04236920542051071
-0.15847848255472588
-0.4876657509688537
-0.5390224435689281
-0.7173002354692651
-0.717462069763238
-0.06323648464599282
-0.9863922393511831
-0.04293569036040873
