0.0278730787250804
0.06277534112252027
0.023887372779521385
0.10629259122883242
0.01858640980278485
0.015585356378483023
0.14351939918589102
0.07501171552792855
0.044021608819518436
0.02355176764901961
0.018105620084429265
0.19438479759744304
0.00041620991823868025
0.17994663641210545
0.0933221171994874
0.07810055892212683
0.01642091039155762
0.12082304841508004
0.14201915262915588
0.16154022878989607
0.12099107764197957
0.0975580209076865
0.15797787784851944
0.07243655547839058
0.04011811078630107
0.02269371538218843
0.0643922252232739
0.12713000678986092
0.030312059039387208
0.06132031631093409
0.10483117528494916
0.11930933803260843
0.14471218673103647
0.2009451312687457
0.13676292299644413
0.11834014806274194
0.10159870493950267
0.04903093342022985
0.09332695947171518
0.05684582196654071
0.018630059650527265
0.06007609549847135
0.020089786120174348
0.034817897003053384
0.04585646524574673
0.024346423210548893
-0.005074588909740697
0.1284054027223342
0.10989202722802904
0.14022077885148831
0.02200357615838027
0.09699223280785343
-0.0020613910813113666
0.08617132167676911
0.05155551340022779
0.16239299733524087
0.04199894560188654
0.16059599066099686
0.11406914174692076
0.046158981470535244
0.055659941353653285
0.027842827719580267
-0.025870178401815797
-0.022734235188196176
0.0916895561512184
0.03967878817430241
0.03933472191556419
0.18534812624520175
0.02263070895594999
0.053099956769060284
0.06713819573468016
0.07352162966485415
0.013310201194209437
0.04629481997277489
0.12137569845239339
0.13685643254882127
0.03563469468968053
0.06820498219823304
0.11007396039009222
0.024746503235852625
0.09329789156169357
0.12669778732782075
0.1564808091850421
0.08943197656326027
0.11335844658976561
0.12304025028916028
0.0703012821457623
0.032477985258211495
0.038926815226578745
0.18500033548191405
0.16541448473131326
-0.03154931872858215
0.08736350722891209
0.17603108776090035
0.02844819288403297
0.10951456005927501
0.18596015570642271
-0.0051461355463772104
0.031120724653711237
0.12162927651346105
0.13726711087850346
0.030095668903796224
0.09604260067900372
-0.037155045375390446
0.06036797595176542
0.0728765359936118
0.1420269283716199
0.10224717770438659
0.0795711153724677
0.03925751431164174
0.09271632801706893
0.057422865813138824
0.07215984348241254
-0.0052315986208010335
0.11941996541051746
0.010157310365607514
0.08554092489724403
0.05158171712252659
0.018166536246098333
0.11334862105781716
0.03089101584283532
0.13750982768897535
0.04370616973336321
0.014025564650866351
0.09927471691627772
0.10802406255628863
0.05304439225178492
0.1432289325934488
0.1272137526432842
0.007339327924053013
0.022503998164102174
0.16965008040332283
0.0199861245615299
0.11495752443348964
0.002134475607268891
0.1630650860320222
0.0929205058121239
0.026117053394712507
0.05266317520508425
0.06764733128597174
0.13606533430501888
0.18475133366390484
0.15272065119963954
0.13029117899980244
0.10654678335871703
0.18350984906710588
0.1690997059085147
0.08751511055737245
0.11701052802499012
-0.029438971492616654
0.0936630588022239
0.04964783159033036
0.14170688241180562
0.09547687444243685
0.12300125669080755
0.04684783511252726
0.1347026128273292
0.109983720550238
0.1356816493925418
0.029634565315014086
0.028820284420534054
0.1252078435667019
0.058053955766573094
0.10396299517693328
0.03480866671357418
0.03488043691152381
0.04231915880121193
0.07721282376021615
0.03663128438515895
0.046904696052327916
0.1547086688768406
0.14623818833158508
0.03590776806606124
0.16309143813396965
0.06329342609319491
0.0758444043110893
0.1850226512408655
0.10797188347056497
0.03894765940574787
0.094295997305492
0.011075624400521674
0.13920532572860728
0.07594335977361631
0.15593368563917734
0.025076605227551084
0.17614030583827656
0.10352875567908092
0.1546539495627928
0.15734099805806295
0.05272315766794962
0.1111822280229295
0.025820365935795224
0.12381350307355177
0.07596780862975741
0.1430799731123334
0.14778557624618865
0.08096375596674285
0.17166443927186792
-0.03519274396928413
0.06786974225705075
0.07875027790367368
0.05624402761276233
0.033158505777896134
0.07581571866993322
0.16999220301868967
0.12102476536519857
0.13853435592560703
0.14665640219007298
0.03867687322260564
0.19123181015734744
0.004171284434219897
0.07213331083417969
0.04277612264522767
0.16816867143498915
-0.007778492854587114
0.1375448699730143
0.007925447530818863
0.06949100742745434
-0.008439316579899915
-0.046567627024194175
0.07713397524062945
0.15562876299835
0.008638534053568542
0.02181490717947781
0.10447185246566076
0.007395284744777988
0.0772439079854727
0.09258427696625204
0.1147917372119821
0.026248536968759735
0.10453866503941958
0.01698546697381602
0.07026737309462351
0.05701156933663938
0.16005678270189025
0.10751811082152123
0.07768236522438361
0.04155781060547048
0.08235848078300986
0.10183607531643384
0.05800718764273147
0.10171299282157521
0.08152472564989162
0.037244141915058995
0.10285759656144855
-0.034520906178028804
0.14218124444132682
0.12010360473972034
0.06669421743343094
0.005422616323049241
0.04673274259788328
0.0992754201121141
0.05009604375914084
0.023896009779016427
0.1113101419344862
0.09190561284917201
