0.04576206110344419
0.08953140594744498
-0.00112543192150496
0.11400862204465376
0.03822066797345344
0.09657644728761539
0.10980085236234458
0.06518786166372802
0.13177809644962676
0.07165989902932768
0.0041533424332294185
0.023820478545249157
0.0941502091835644
0.062097941339607755
-0.003989069124138641
0.10576377346202541
0.09702326907688237
0.11297538098418064
-0.00805048915946846
0.12146887223437992
0.13194101569542405
0.08460668308435544
0.05500911262563028
0.02075385071631159
0.0654810539859891
-0.007814321099354368
0.06607525102257218
0.0842038609959318
0.008978511564953315
0.1084233129387217
0.1019552889767289
0.08909783178832567
0.08535520263262439
0.05532997686421847
0.029245416985830483
0.10385926694321072
-0.014585653410723971
0.013213078029964687
0.02036093972580009
0.02403291816839745
0.14062784566532743
0.013310478000765864
0.1267628473906452
0.0050682099478533485
0.1348345753134782
0.0008398387854409162
0.06767135075520012
0.0762799866856579
0.04839780084297177
0.04640586928535525
0.05911156069633344
0.05335613495938285
0.042924258064086285
0.009018932156782027
0.10341861778057826
0.0764349700889429
0.08654360389629828
0.07966726293138679
0.0945982878280965
0.04833672825098453
-0.01773032324734228
-0.02416766738515658
-0.0012877044560394865
0.06135354132632102
0.019708794325344114
0.05493831878775659
0.06970996088820623
0.0457588676250131
0.036820072334723286
0.0012526107936354047
0.14839681244716313
0.11550672476263155
0.11986226470779596
0.08491954541166157
0.1101408378902456
0.08044814548994954
0.01508412856929656
0.0220210427533191
0.06018958031787296
0.02687918186104088
0.01818875189081616
0.12846412853134084
0.014534695764299693
0.03990626036934533
0.10604540471250568
0.08085814363134344
0.05156069406904806
-0.0043733659970888045
0.018254893485784858
0.11154050134694819
0.045576413328285395
0.04097442514851579
0.08204629301928419
0.04359576320506138
0.05481839955562305
-0.002575064149673928
0.05728704868101643
0.043327369480057054
0.017857021422047318
0.10975213436551351
0.00036321654081779634
0.03704439078147733
0.07311710699248289
0.029220981062355853
0.025654417928824468
-0.017510813891468434
0.11143484638842395
-0.022188947267582006
0.10865668950109188
0.06930948868704995
-0.014615352119832385
0.016661776031904146
0.01497766130472937
0.11234799815578168
-0.004434262843044608
0.06652963367962074
0.0637490275473563
0.05962496727967111
0.02436209859829877
0.043937995250694695
0.016252802902710656
0.009669622353833682
0.1457530294593601
0.04865577187535136
0.06685206024916444
0.04705766832728707
0.046095687788270286
0.11391486211606347
-0.0007932402539747672
0.025675994152029577
0.09784485990571128
0.1671292104018071
0.10088411336342162
0.03930979933427634
0.15814520095873108
-0.036399008658312276
0.07702386410122372
0.06247182524374174
0.054991552651596505
0.052668903106216726
0.0764195814514862
0.1429409834836025
0.11812158007146202
0.03598611282391619
0.05588050300908314
0.06490119584774455
0.08125344796191497
0.045618410687873374
0.05481830751220761
0.11058238733266468
0.0583029935472753
0.02958756495674538
-0.029381413245347335
0.03465334875755864
0.0440276823255617
0.016038415224025597
0.10634224112820062
0.021279574286373722
0.0967811277496718
0.0182276380486638
0.12362480382934232
0.06720850000740766
0.06824461403197965
0.10648939952202209
0.05756673082484017
0.1406664477380328
0.1273522976810041
0.13341022048340825
0.07576449743625616
0.012069396182604712
0.05673822099912769
0.08557264090729158
0.03467095323911063
0.07102165561005759
0.15114324155513453
0.05368404003461065
0.08243715571881473
0.07497665444944938
0.12712898931392633
0.076996149543787
0.03744214639932784
-0.008168910116508022
0.06179530387979807
0.026197995682593424
0.02838688040571461
0.09008666066599749
0.048684575272250966
0.012875111803176062
0.08174515726759916
0.029259757610526568
0.09212805295634754
0.05965641684180128
0.07296122647325062
0.10922498975644582
0.12417870282186318
0.0631186244039984
0.094323930306877
0.029998374154455693
0.15230998018832315
0.10321712751558226
0.020651477757666386
0.07157485113465029
0.06135139024081059
0.15613364364718024
0.021641133843337386
0.09152167112625127
0.12774721067731157
0.07501923612985863
0.009836668346684209
0.1156228753034432
0.13525672131106894
0.0666046472617018
0.061676894770315224
0.14084559772715416
-0.008382097843039074
0.10249717173960965
0.11714570657735027
0.07151351420531256
0.05437482438720443
0.018168640750351905
0.0753968750214325
0.05417086339014624
0.11871132956682053
0.08101405372960876
0.07782952676572522
-0.0003648408220631571
0.004434483902504727
0.03662171907493411
0.14985096859607824
0.08438817060350115
-0.015438718836538929
0.019176928660361293
0.03587239146753196
0.052151938856764286
0.08017653145763258
0.0484946525500974
0.024094445474417303
0.03229569068122602
0.05205824759818325
0.007541043343008709
0.037401362914008515
0.10098706900622938
0.005866755902885899
0.07770776503453208
0.044056712251299715
0.09808960614130141
0.15860340882223356
0.10087834053115846
0.08789826163808731
0.00952498814474545
0.025458319848984865
0.008730415676118528
0.05770735558636822
0.044277913965196494
0.05723853200978889
0.045654237735694075
