-0.5819323319896408
0.586240370463073
0.6004850483696411
0.5029550469800658
0.5176249068760429
0.42999031280806477
0.4382851716714858
0.3789486758177686
0.3530101568188584
0.30667826837637296
0.2664704009378525
0.22765916200201916
0.16391375893334298
0.15919493454741201
0.17058251095169324
0.11045453197087302
0.056965059558167885
0.03183325307093174
-0.018262771341767188
-0.07211384725837068
-0.0859598926353628
-0.13806198476409665
-0.1730463681306667
-0.20666753794847872
-0.2456568249758235
-0.2800346925403011
-0.30064996316665954
-0.35779446445538954
-0.383451569973983
-0.4223399145318288
-0.4588302830779416
-0.5349468507729437
-0.5127770105221948
-0.5942553858835736
-0.6547097256779266
0.5889090473913308
0.5504927228651371
0.5408316011692159
0.4703316502973072
0.4635679187891986
0.4038924496200505
0.360663118658572
0.3331870221668071
0.24765329779128986
0.2431057765830474
0.1812812647788378
0.168465578852934
0.1294763385870055
0.1097988236911743
0.08106255611539717
0.06429820451871465
-0.005102030974177687
-0.027183430601199716
-0.05768875665481274
-0.10807606067025474
-0.15835019714917284
-0.21262182696535942
-0.2449464753002727
-0.27089575588699777
-0.28652233911755126
-0.3590796265123109
-0.3481056277211555
-0.43039828432752986
-0.4871639187226158
-0.48026871119259623
-0.5702660923141943
-0.576325558528212
-0.6306885908150813
0.5993840682963029
0.5926895575497023
0.5131238912124972
0.49959713464721744
0.4748450862690678
0.4259523126385125
0.3867549562239313
0.3308366723130305
0.32494859096505657
0.28195224862187734
0.23319426914969058
0.23527893299671743
0.11684232239063383
0.09255766126189366
0.07180147855654485
0.047841723834392405
0.0025973823258810987
-0.0038921611566189555
-0.049799066522046055
-0.1080675656198917
-0.15584203288749618
-0.1914171261344529
-0.22338332136523908
-0.2526083596243992
-0.273784334636905
-0.33622369770546273
-0.3659629962869992
-0.42479620817448865
-0.42652206441297774
-0.4463349038475302
-0.5381595492603076
-0.5460740204981926
-0.5451439426972682
-0.5906974926275852
0.5868492930533996
0.5707324312027772
0.5091988616529033
0.4328656104450153
0.4329144297363543
0.3553994667632769
0.38752136590848935
0.3531025145840867
0.31048823177590495
0.2662419349871889
0.22735863991504707
0.16265206715307662
0.10952192173937406
0.0788257163691278
0.06215820401113131
0.005881274050143753
0.005622680869326357
-0.005395734523981011
-0.1064543645862368
-0.13051506609799818
-0.1596761601971116
-0.12970040713614892
-0.22009581596076194
-0.293333857395795
-0.3180387303233822
-0.3784079251332039
-0.36476899649565264
-0.43035506598541784
-0.39867552141752366
-0.47624814112116304
-0.5423358505003701
-0.5613235893659025
-0.591716190660371
0.5836208025400368
0.5822723239001873
0.5397561448913377
0.5111541263022465
0.4441761208357441
0.4056268238675301
0.37536655916448597
0.3081371304606893
0.33710594516513837
0.2614857336608821
0.2209156491872963
0.19677079982718845
0.15953793708004757
0.12608488889477212
0.05422292944062407
0.05371135234993702
0.020899137716830454
-0.01696024075911608
-0.07582651400633568
-0.1292415156307645
-0.13631926939332728
-0.16162191476395657
-0.19692068078764743
-0.24216658487322376
-0.27907862273735184
-0.34868537501694175
-0.37462292473386716
-0.38541060975097724
-0.4678800334243963
-0.45402571918874723
-0.5080085793765914
-0.5712092848436324
-0.5900322555241504
0.631885842764038
0.5930771982221028
0.5164689297211562
0.5109556968504624
0.4478446326761851
0.4434064338219981
0.4342537339466626
0.36144747996339355
0.3376266638194092
0.3138042261529669
0.20985930487702847
0.207748337601719
0.1647093501742354
0.1529529990229385
0.09958101505672452
0.05506269777722835
0.031349752281094
-0.03883033026518857
-0.07074517874109801
-0.09029121476022656
-0.12809974987505046
-0.1601780193989778
-0.16553157353137993
-0.25241831039070595
-0.29247633799010986
-0.2997837146303048
-0.35743587187782455
-0.39989138583369604
-0.43898729364603656
-0.48641467603061916
-0.5082838573863839
-0.5447950858080172
-0.5894500390048614
-0.5949020077705887
0.6408462968631204
0.5571249201235031
0.5018550606190937
0.502395243270993
0.46868745542275764
0.44068395845282177
0.38481468715472594
0.31838825805709836
0.3058574874326415
0.26504143762105364
0.2286095794537823
0.20648053132279548
0.15031613588209217
0.11087426626749115
0.08222893347946292
0.00013689424907763204
-0.008549400007303285
-0.00635124646651598
-0.05031935336971978
-0.10286572586918319
-0.14509221838981992
-0.16206556101797123
-0.22263042057920712
-0.24602498092862793
-0.28285265135208415
-0.3281467152250394
-0.35371741054196854
-0.37835018116474267
-0.4612216224554086
-0.48534486092555895
-0.5107008109502933
-0.5165469042099617
-0.6009544557591255
0.635496088398385
0.5996478157211409
0.5557663471323935
0.5059980836545689
0.4466171933304922
0.4211834416281058
0.41820408811378196
0.35452347568526954
0.3327659946525773
0.2866665284143099
0.23628158820350578
0.1733270845782217
0.17142648378563427
0.16227420251409425
0.0845266189179125
0.08889322452944766
-0.005362748908072132
-0.022097141695672853
-0.06455885050117055
-0.1194829011094978
-0.13799413670099636
