0.046775599563398856
0.693651895331741
0.0582856752335791
0.6228197030693248
0.4048122732049549
0.37016070568547416
0.7235260935593019
0.042814987061083
0.3634729937108457
0.5056181875293105
0.5471153552255347
0.011996704399408588
0.12497155506411117
0.14686581537822857
0.32627193743763777
0.12765071231499994
0.0703210029141772
0.2875821227876449
0.25748032042628316
0.6966301151636412
0.6746440300814941
0.10237972764409299
0.13483044731508662
0.05147202084011699
0.17988697684071517
0.1209024978770372
0.24380223845952642
0.14305220966645046
0.5111205996572395
0.7396020596549843
0.6506974474061503
0.30161813091165224
0.21335288939083447
0.6959017326962429
0.2535306845383941
0.3394316520214128
0.24391899279154294
0.19830530848871772
0.2771910006693353
0.27338341634329555
0.2909414742891538
0.36123923295155225
0.032093473904899916
0.4250565348733059
0.5443536988851281
0.18011302536736007
0.2670639560510637
0.3942477089954835
0.6864592863149357
0.19725173652483033
0.4838625492735443
0.1055652959987157
0.1906028649726494
0.14145377826423083
0.34796404037979967
0.2920219869416455
0.3495117023801508
0.28302029588024086
0.4134457120656983
0.7266882796604751
0.43092545044902447
0.7538233432028666
0.20905902775662735
0.46809240679153846
0.3885905759253163
0.33847409198800893
0.728805464987903
0.03047348721498084
0.018179648388531703
0.7031777556072343
0.5611609759377744
0.6493948367559177
0.5894977823522882
0.49947615976702087
0.3499562356690459
0.08621840243168637
0.048518284883246464
0.31887472035737685
0.6411082411908053
0.5868058946563889
0.6651657341705287
0.027895490512970474
0.2729498767993156
0.1921535647195956
0.7505572576920727
0.24997455208531627
0.26370844990495684
0.08466211911849361
0.7633970917570291
0.06714913250902303
0.5390654750938552
0.34104417980245655
0.15664383201448778
0.3458483278346851
0.19465988790628258
0.6184266381806431
0.37568242701744275
0.6313966701950666
0.6612052471765568
0.26287000275078914
0.22947772089875695
0.16642861221448424
0.11811621847801547
0.3434060572739476
0.5296054176592884
0.28792302231189704
0.17099716156940717
0.2606298684678776
0.24800703532767443
0.3745916484023648
0.548491414948468
0.6797443896253407
0.6257972503795729
0.16251929691223121
0.6477136860389214
0.3185502118268262
0.6087848493018151
0.06924606490499534
0.08056153958736717
0.33031282726853245
0.15203858975672432
0.145629004281328
0.29722402913283513
0.46396705576262004
0.7442525931810465
0.7003429008780073
0.5742178592550713
0.7286411369418087
0.19979894388553596
0.41722444412866994
0.6961814315933662
0.24624026271902322
0.6923050216177479
0.2444136817057792
0.12185070419346039
0.5770512367736834
0.538245924835057
0.6156339383866647
0.28169496211633416
0.26084965218285316
0.635343875694
0.49065334997202537
0.16534634723447844
0.5012861095306163
0.12109820244635221
0.4127208239330326
0.764033844196567
0.18867814793997675
0.5828155308627894
0.1714825770426942
0.6614993474968041
0.6837138416691029
0.12642052164219444
0.19067118533859795
0.6512595455763711
0.1047166142817565
0.6112222029458684
0.22525008261176074
0.7019649455704103
0.18933592099792124
0.6800929034729559
0.13902133770905548
0.2842437681136659
0.6639508217334092
0.48494985897931203
0.3867408021418208
0.030255735674135906
0.4055853930454039
0.15864057209050786
0.10878723436933282
0.6397966513764186
0.4771172592530302
0.5449003465647305
0.37770265096176736
0.4370558549977079
0.1152333313853649
0.2042632350629042
0.42876165196648314
0.4664700246811853
0.061326280098926836
0.15870990021974915
0.05412643195790315
0.07444197099422298
0.35826654644703293
0.7609807671294632
0.12837118960084115
0.5004494760330016
0.343578731346668
0.21897207862448254
0.25115883919528403
0.2725934815448254
0.6024324121064568
0.17088271656083157
0.4863315013803456
0.15375696632417515
0.7601878009605247
0.21076665714713239
0.13606981326615547
0.15284663744209115
0.30789801125196875
0.6704017343674848
0.611247055044945
0.5381713885134357
0.3122097619122273
0.6799574910550799
0.4635839714872764
0.693350570487543
0.12065240578558727
0.25350138180352355
0.5492392607538112
0.20702840041058101
0.533994472787012
0.7172378725787524
0.1790185096433865
0.22010712562140017
0.06892046682605632
0.18858923483137546
0.5695972579447918
0.12579388166598776
0.1600797469987226
0.09089240864845463
0.39681005612233483
0.6359598380121936
0.4265179287597147
0.45405182151293505
0.16595646197653693
0.5899066915574496
0.3619846384855443
0.39481020916326015
0.3900356270254726
0.14281192525778488
0.5543023930864427
0.3711215310444514
0.6615890831879104
0.02861135762153219
0.4024551258432552
-0.011309444783611743
0.43956753723530056
0.1942126289454309
0.3999594761745435
0.434632707920629
0.04130003708576087
0.7419638263285332
0.18963309006240617
0.1601770045880347
0.5700961283877891
0.7327462857629521
0.5157259424937691
0.2521857102025421
0.7078337742041355
0.18089469579717288
0.5281153634290403
0.2252682461384911
0.43349542321396367
0.7279107980340876
0.6446981414401944
