0.3393660088765819
0.28641273645428095
0.23222468963592585
0.19800548725539457
0.15795772059297072
0.13561957754741208
0.015792691972775434
0.04716125373648111
0.01789918648860374
-0.04289069040088074
-0.12949237249515688
-0.11073003624306242
-0.1854973469025262
-0.17798606332067887
-0.283554187056726
-0.34383732315272414
-0.32432552573050216
-0.4114668365882237
-0.4301193455560234
-0.46495889502651966
-0.5408540865367332
-0.5499544721128803
-0.585423558353887
-0.6147512681489221
-0.6405578576538128
0.7029049168481707
0.6516095663149734
0.6094373205460416
0.551487003206827
0.5211730905670761
0.4425131119451248
0.40843915847246043
0.3759302768275556
0.3800134559643158
0.3374737670910557
0.24744298878721407
0.22299806994859311
0.1850795722534682
0.14990977509346415
0.07739956685423817
0.030451760757286506
-0.0006550116966285713
-0.01583708047785721
-0.04472203444509245
-0.11370351245831196
-0.17209184332368255
-0.1852576291448691
-0.22169651845005833
-0.2715404740666455
-0.31580546514039187
-0.34671387463028924
-0.3679462478336706
-0.45745830724938213
-0.4684645894538463
-0.520433546275793
-0.5491951508586145
-0.6141433344035434
-0.6088678706602393
-0.6994807785857307
0.6869643078078724
0.6259629784494553
0.5519472400817166
0.5493774105691958
0.479157221309234
0.46586345509856203
0.406140044254864
0.38155324326333034
0.3130543500016571
0.2651393531699447
0.22897863808539806
0.1696571844500837
0.19119048972709174
0.12497010463149878
0.08378142614893871
0.03625288923309315
0.034015664985674515
-0.05682412936100211
-0.10154903907004444
-0.1474893589569798
-0.19196168607018677
-0.1829195519798813
-0.2616241828449843
-0.31676065453643015
-0.32039898764659447
-0.3701488097607934
-0.41783578356608025
-0.42025194294253254
-0.485080104588025
-0.5451527226746458
-0.5986436737176865
-0.6412212478974406
-0.6870125073423657
0.6769956667880864
0.6400701367435117
0.6180283241648293
0.5647149526103358
0.5148359057069274
0.4746051943333337
0.40595836422305553
0.38576785133330943
0.33735839336215345
0.2804115318236742
0.20870009334665324
0.17804679447696603
0.15588928539567098
0.12316573220325443
0.0900858541290589
0.052562970786932214
0.028583854400792662
-0.025309059416259463
-0.07938289479924693
-0.1364961543897148
-0.1497360102532955
-0.17237873752973332
-0.22847699893306617
-0.3015817907901206
-0.3361822443984102
-0.40019177068124967
-0.4035297524191547
-0.41145018946031947
-0.5098519915507941
-0.5178491230568115
-0.5700654869559107
-0.6211429132445472
-0.6549656311564765
0.6852907130309678
0.6407701037060508
0.6289758069918697
0.5614909929311459
0.5646320354494345
0.5059531141455836
0.44159062848248976
0.37344653834054276
0.3789001937037408
0.32067404723730714
0.2968920418862944
0.23012123581909438
0.19038528902861626
0.1556065583176337
0.13004461405366924
0.03675924907861995
0.03231576468409732
-0.02718670163702274
-0.06289197959129673
-0.1146618662309182
-0.16757931074846397
-0.22549660418007358
-0.22944135542535227
-0.30012087965414364
-0.3138225644355894
-0.33043225689377304
-0.37048169833727074
-0.41306666246791773
-0.4302398788691463
-0.5524604066616101
-0.6091617541175549
-0.6177205012863126
-0.6556275968772252
-0.6983452288222168
0.6738318265072155
0.6140641451638142
0.6169842141359632
0.5563066528200166
0.47510738879319714
0.44584130440080133
0.4161558869720605
0.3549028517925724
0.3159947653197502
0.30495321466834624
0.2713579478746126
0.20899288857620363
0.19350421378552105
0.12641841576297722
0.12381519382567557
0.04787552063682764
-0.005589188738086431
-0.01736092143461535
-0.07776248150145182
-0.10152014993862879
-0.15468884039648925
-0.22437304884068093
-0.2317741780262615
-0.296217724020278
-0.30979705789965606
-0.3525849528626397
-0.4252239776262179
-0.4639857614554792
-0.4889588048442811
-0.574685101298831
-0.571245563766048
-0.6183314536772174
-0.6390238805159979
0.6667546531391975
0.6418176921424769
0.6339949083559758
0.5764306887945077
0.5336888846225665
0.45400701949211386
0.4493463137053898
0.3906684680685524
0.3619845395209475
0.33580002239388645
0.2632434900982546
0.22165317160146256
0.18602367194757163
0.13847446107563025
0.09395095242812973
0.07003282972300974
0.008463923487416243
-0.03234588648872261
-0.047257859667813776
-0.0911530417907706
-0.15924327452882192
-0.16895776031598275
-0.25472770416641966
-0.29451639050453793
-0.3553658032237549
-0.37109696016032134
-0.41282942013165635
-0.41600037941200824
-0.4527568750772338
-0.5362608785015592
-0.5706866570134934
-0.6038787265168026
-0.6584626813221032
-0.7026906286460728
0.6682247601640193
0.6198575511953578
0.5820239785962128
0.5401607177376961
0.5024775720506386
0.45832014423891715
0.4378893883946469
0.3588332460876505
0.3156192351988666
0.26373906172525785
0.28772907958859983
0.18606907475841442
0.14683661024355477
0.12506827786883404
0.044389552603681166
0.03800800422997201
-0.011182360373821212
-0.017806318009556274
-0.07653695460530321
-0.10333700837513946
-0.1609874757630421
-0.21259334788422635
-0.2640771888190409
-0.3218737961147247
-0.3164206546160469
-0.34861755976578124
-0.40157385457245354
-0.505245661641668
-0.4668701409373785
-0.5710445539079674
