-0.2279747063676003
-0.006756396957560022
-0.010907432198349838
-0.059375843119377
-0.2559989568787665
-0.08067590944184959
-0.11406025796886068
0.009253322001090908
-0.05341055398426761
-0.509119831678652
-0.40286733046285367
-0.10280736295007561
-0.006340344075052563
-0.18361974635269537
-0.2347100170099673
-0.20288394587798228
-0.48985315924657985
-0.43998361958285104
-0.17587539859407023
-0.397654960171241
-0.49716144734799406
-0.3191844442572981
-0.32671762816127575
-0.18790078078144948
-0.44851148008089914
-0.2579777952674545
-0.18099553424355597
-0.08335952586219796
-0.22201552119470078
-0.24507603199913414
-0.20147784372735858
-0.05957359975300994
-0.15018832779013852
-0.1599529076176934
-0.21054680063947756
-0.007952554794426064
-0.4639705219811709
-0.31803989607068195
-0.47811695740702925
-0.32655547411542757
-0.2067045088624696
-0.3967497857307466
-0.5116905244326789
-0.47569186893741366
-0.01993077720934218
-0.09065994293067545
-0.02649186271174346
-0.5297702628160438
-0.4289181517754843
-0.26020673040264186
-0.24834487346002
-0.1622711249907098
-0.08855245153056913
-0.004610306563454266
-0.35374090231558575
-0.2570539167753301
-0.3509621105807185
-0.2381953053688988
-0.47819672961265014
-0.3941145153194624
0.006008062628529584
-0.5236249991667894
-0.1670934613389546
-0.5143150042037468
-0.12021017445892497
-0.14715821261549283
-0.4800081600465318
-0.4042809530807006
-0.1109539972769518
-0.3006349790450462
-0.1259588734259502
-0.1453787824717214
-0.217931919193748
-0.5018893769943152
-0.31781281891338165
-0.49157329877691186
-0.35594152629721604
-0.27153011655306647
-0.07378933075085152
-0.3852163611527976
-0.30155072182708076
-0.4504014579596335
-0.45955131683621586
-0.05652750879687236
-0.08343271005052899
-0.04478919350326655
-0.22532561006218021
-0.24608486863243223
-0.20914103610397783
-0.3196442025905645
-0.15345669176094434
-0.2427683946210652
-0.20670055758430922
-0.062146911838578775
-0.34119342477370096
-0.05522039854895626
-0.22910308656558154
-0.2224465542699491
-0.22397264785732104
-0.16000551703667687
-0.12712360610583387
-0.5044123306771872
-0.21281360584429315
-0.33700422951120346
-0.41250010395206393
-0.12680023659605627
-0.2230123467315887
-0.4161050729315647
-0.10001115998353363
-0.42000872220642516
-0.20696580668591383
-0.023345258110567653
-0.40123780953132754
-0.30285063945281365
-0.15755272206010384
-0.39574060981597603
-0.022779856638433526
-0.07471720474192452
-0.4389338416388946
-0.3169881264163773
-0.49168079966129463
-0.3213221163688209
-0.23827474172346083
-0.35274613927721277
-0.03736341997640335
-0.2765501379191041
-0.17836174400487748
-0.43557177494605104
-0.05230420271890093
-0.35707414937099646
-0.3648674150342586
-0.4039884509891838
-0.3887412159535821
-0.4743487525387163
-0.24101115768619483
-0.250119114725942
-0.1297307656613235
-0.2723073009635794
-0.3142955329555055
-0.518281270496141
-0.40956985640427274
-0.016658475605028367
-0.5349572865529056
-0.2832664073431959
-0.15177674004700795
-0.1807900929013904
-0.4090064981183315
-0.2949251276078169
-0.12839466322878207
-0.35096925669754314
-0.45773480111361625
-0.16894189371926893
-0.3720563361520902
0.012815716978635391
-0.24032506443199866
-0.20585543935962847
-0.008947565902524698
-0.30660652758872825
-0.2357698175782345
-0.15256208653917191
-0.4363690124901589
-0.13147484949190177
-0.1848011671248556
-0.28537384624784423
-0.18482592844949178
-0.23939443398976815
-0.5239517669124525
-0.4887957254076623
-0.4533579099247147
-0.22895332286117837
-0.20804528169364017
-0.09708603136597332
-0.2565845549304464
-0.03412401742862149
-0.4062333194217382
-0.3515305393255861
-0.2701158671481926
-0.32059457859903545
-0.44960298377020497
-0.005522141324140093
-0.49689236281691573
-0.14856790529399774
-0.039359972710473694
-0.2463416702739748
-0.4198109525586476
-0.04450137494272819
-0.1828942321957121
-0.15065302212257675
-0.2730264946824002
-0.054347699940107644
-0.21840928498813889
-0.01745631521863893
-0.3629975208668179
-0.24976881965169725
-0.48004728978310596
-0.2638130800393583
-0.2941419317053177
-0.2607133808754974
-0.03570987406139192
-0.3643244763529861
-0.4040643996374725
-0.12893603508953108
-0.0344401924687898
-0.1208751993755795
-0.2515528121416368
-0.08934808262523436
-0.10010051199060774
-0.0068666776339282205
-0.10676542332972974
-0.18237544692771201
-0.39166510453372166
-0.05594457375242165
-0.1619536814270009
-0.4028137762543989
-0.03915461993492399
-0.19432376809720406
-0.27278001384196177
-0.11303455901398007
-0.4083387244927789
-0.16085047066960523
-0.3749657707350278
-0.0564855475215148
-0.07257054989027062
-0.09911881897845773
-0.5251722369084093
-0.2312589661399778
-0.4586607576272979
-0.1594303490005292
-0.4690983839783819
-0.24933940944281824
-0.25134300046186137
-0.13461890073318147
-0.03659311079764072
-0.12073544970723207
-0.5172317271348372
-0.48871200583798086
-0.37718007240213053
-0.4068078056657348
-0.21872029696789655
-0.2893087518127975
-0.4108291710326383
-0.013196160587985818
-0.038984915389938896
0.019370861380547177
-0.4161620620349776
-0.006478240475640508
-0.04442052919781314
-0.5181476043558593
-0.2764180683962437
-0.17417892704952814
-0.407857893089216
-0.26870767059222256
-0.1824515191609094
-0.00678405249223174
-0.41179913418765285
-0.138265438018779
