0.20679894859058978
0.06410662810684925
0.042648373905831025
0.02545637000076022
0.12038188968381859
0.2765121049087198
0.11548754008855429
0.2741491670670795
0.018717587757787583
0.07470774766876942
0.22595230572620223
0.23804759600803657
0.22904468134131448
-0.0071266487727008505
0.2538115545619049
0.008021139980942928
0.21040229811109282
0.23543266794578777
0.12458564030855108
0.24161851560023068
0.10852971677497636
0.14709924010940645
0.20734808839189944
0.22216555192007206
0.2869350186414928
0.23743868080532723
0.14451015049210642
0.2618695120489861
0.10662530793255595
0.2717889916977328
0.00030427001741076265
0.22477722174004372
0.06615973658388251
0.26100556998771407
0.03894142522796684
0.31498517085075717
0.05204399957738409
0.002281098483829215
0.09529450124780275
0.2360677622001929
0.06253834187116353
0.024209004407459732
0.2062672004985074
0.2680056565200797
0.0035553020630532325
0.1518152469469364
0.026325655711017103
0.19103850201068634
0.08415490123581555
0.03227693618379358
0.1565126240806611
0.20465970129534544
0.0022238090710747643
0.1375817188695856
0.024313590298621637
0.1596073399511547
0.07136802243800366
0.016251409893559134
0.10929193011272027
0.10513254847791767
0.06793778436264081
0.30652106864741346
0.12750820999015644
0.24157724040902337
0.1272733321410698
0.09823498577673241
0.18890855291059702
0.0848793521475113
0.19004400957888992
0.23155295939843873
0.2951853154737244
0.09540131550538877
0.03911060983183374
0.16504758581661
0.23854536648714533
0.03191718110118302
0.3277523226564552
0.16674727414514212
0.07816163360295342
0.09088531324550114
0.32381838814164016
0.2816118775754209
0.3060585069312955
0.09169091154056222
0.034745128569526704
0.13057311663251245
0.1030501061852473
0.16969654544253635
0.07258707469313998
0.3025693080632901
0.161024774725183
0.2751302342524157
0.07728948808258178
0.11357144219577411
0.3129234821472589
0.2927364389799108
0.17629667149877687
0.07827419099474867
0.1467505257002666
0.1414276176871272
0.07191542081345895
0.22634288773296762
0.3008482695865664
0.3416783908312861
0.06385989997370971
0.13706789414879592
0.1673313170252218
0.11854850082559645
0.19273537881751168
0.05216818294681988
-0.014010316950501636
0.15515965683919464
0.06963860954245461
0.12895899270463224
-0.029078749908189382
0.18765280302818954
0.228210771027382
0.18224647377349407
0.09298709094650734
0.0433463653810965
0.15349876051189507
0.22642765558844016
0.23498539904005772
0.08828632601859741
0.23133505842193375
0.11179006131763734
0.10760859731201196
0.28589869184189776
0.17185796892072303
0.027106129692360127
0.27670809614041486
0.10109925583086374
0.23608980841602267
0.22185924177185312
0.02732811519604554
0.19182324004589416
0.13529942607378376
0.1389799239083245
0.0899297751974086
0.2699658923767214
0.269044005339975
0.08159963928657976
0.2332006847264587
0.1139044143093715
0.11351790387339711
0.1080333606380949
0.1257392003274338
0.2319529367241053
0.1653464838522583
0.07449522827165735
0.32638311138121295
0.17304363946260137
0.16911761223884186
0.3109766482083375
0.13321494265143843
0.3051208134839776
0.20274634989614926
0.2664386665059066
0.2063933593574372
0.1406114332012242
0.28549321969714647
0.1571993828753891
0.15049177473728295
0.12635412223161896
0.3300124648736163
0.19019534922095468
0.10228811263993368
0.06333294271614137
0.09865224733292322
0.26244147471385093
0.2432262207376175
0.12838401853756798
0.21045959066357076
0.20647689037862285
0.2616925167594793
0.2831316082642964
0.21935456180838087
0.13560281246144507
0.1598105875996583
0.3056284415029529
0.0500647424743419
0.2752540102735548
0.0028187790720968706
0.13474649320851145
0.16264703256543828
0.09353417936055877
0.2571156024615853
0.2011361120392767
0.08044054386718079
-0.017142501133879065
0.18412717324934322
0.14175544749069816
0.06964920919151849
0.034260751287324864
0.008228301500539494
0.08549791326102736
0.08973726782368356
0.25918748859497076
0.22142199634450704
0.08166727989134
0.2522536338102359
0.2439113706549604
0.046130075580707454
0.12102353610852024
0.31193164515356675
0.17310423975829417
0.16243998464708545
0.12737121023956013
0.34559442649150635
0.3099316321030585
0.25952396203157996
-0.0019114136087356355
0.14729669197629913
0.21967445707807443
0.23103795051696174
0.06102151369503774
0.3051703384107921
0.08271893636463891
0.14807088254349846
0.07433669582464078
0.26859358309440867
0.1312592157898812
0.33319615787961093
0.2396963720990801
0.19875129963981064
0.11064017183930579
0.23083248531165557
0.053875841335271166
0.27580844933376686
0.3000934479523329
0.20804131441572132
0.029672396393835402
0.21882411320879783
0.26574104922347996
0.1823198744077591
0.07562453977902145
0.01604318201516585
0.0856748765869375
0.2769474338244787
0.006279574177415832
0.09288387340307519
0.14256551637997236
0.2142000809122036
0.3355641411163947
0.21734089228518322
0.3185041908632355
0.27449353850400526
0.2636369164066985
0.17665992732620517
0.07970440347694534
0.06600362064927906
0.07874648893666335
0.1826577905116024
0.08559264337661418
0.05351584518914797
0.041545883263777915
