0.8666869513962601
0.835947522886457
0.8893828046014024
0.8316438425629348
0.8199583799536182
0.7822901339261329
0.7335669507139011
0.6467462465672416
0.5878055814117018
0.534199965912018
0.46870349665850286
0.2980465653564052
0.24685832799777446
0.11179716231652342
0.013808790957948701
-0.043428216108884025
-0.1735819937069066
-0.31786563618306196
-0.3909782058963713
-0.4785608139008339
-0.5525176631259188
-0.6460489112105274
-0.6879763195468682
-0.766511965885648
-0.8118472206426154
-0.8735437601108704
-0.8447510271022782
-0.8620893243794323
-0.8391417405016777
-0.8305480579210104
-0.7798331466668197
-0.7092773981775351
-0.7041096453270596
-0.5977672889998696
-0.5608033503582978
-0.4265058826637877
-0.3840078481228609
-0.2726854508813699
-0.15127138237416676
-0.020933431199287533
0.0934181783933908
0.2049396084119784
0.28309834753815843
0.3897766836708972
0.47530955790416884
0.5568046400007438
0.6393351733962163
0.7356028977579155
0.7746255969629899
0.7964280287159504
0.8549638036541711
0.8517173892478462
0.8268683792374744
0.8338410671056262
0.8279063535035182
0.7981951400692884
0.7723705859764182
0.6974231593733348
0.642115202763378
0.5555369174465106
0.46205754836679863
0.36550154671005963
0.27743124463003416
0.12265493211969092
0.02640160909143842
-0.09159955102394551
-0.13978172431560634
-0.2848190211530266
-0.37561092278110647
-0.48427333073833995
-0.5569206293636112
-0.6327337072168994
-0.6917308058278328
-0.757333790732997
-0.8340761359788673
-0.8240978416716459
-0.8546614365535885
-0.8659615517133283
-0.8636699831024927
-0.7924447626352178
-0.7902603560997656
-0.7186067643737616
-0.7082795343785657
-0.6328913473210456
-0.5855906758426725
-0.4572619595526804
-0.3602829610419459
-0.2799812323513361
-0.1338507217332572
-0.03753785695782809
0.07781923834476095
0.15864793167378727
0.3081124512001672
0.3743938602140066
0.4453937755582426
0.557462250278522
0.6275134426402832
0.6931693996035392
0.7232301577370479
0.8022997218743171
0.8410781683195088
0.8483223793234741
0.8791306444264404
0.8554182405760166
0.8236943996034328
0.8100073769520908
0.7504872139498967
0.7116470922882069
0.6426817286233473
0.5655086760751683
0.48025801632805776
0.35232806797955885
0.263612620591104
0.1754649743830865
0.059936999757680576
-0.047164849821099676
-0.18436609618669886
-0.2783922719110997
-0.3458065829531259
-0.48486622617495867
-0.5390064173633801
-0.6851600271688718
-0.6461026861333984
-0.770823393206394
-0.7779879663457779
-0.8552829373966553
-0.8468209855083159
-0.8794851337370575
-0.8850819540834622
-0.8648814049043949
-0.789540063263214
-0.7466148109526999
-0.7070557734240109
-0.6345804567530959
-0.5359028379072035
-0.47737052090097354
-0.3352876453242124
-0.25474061435051415
-0.15237110873336193
-0.055235246170557604
0.02568520109265751
0.15884989672036398
0.26075290149753466
0.3531050145753336
0.41794617551958885
0.5577039356433903
0.6081880575481314
0.6706744260351135
0.738840109776348
0.8070972244692362
0.8148050391717617
0.8650271316375291
0.8856893622756923
0.8685909836863562
0.8276451415375696
0.8261727304420331
0.7697055588537511
0.7276065703003934
0.5880624797502776
0.5408570278394168
0.4481465557011066
0.34755314691480527
0.29017401888319416
0.15156978236053795
0.07612994809836326
-0.06622440143004321
-0.1638393531908709
-0.22569939496265445
-0.33475070031263926
-0.4489533163961614
-0.5140837861624722
-0.5984715886763536
-0.6607405329228392
-0.7462021389450706
-0.7869147230260726
-0.8208862242874767
-0.86799476798107
-0.8977556313630262
-0.857455394943151
-0.8432331251227033
-0.8207497918177992
-0.7893870724350491
-0.7172469043991414
-0.6467485225082461
-0.5777710440140487
-0.4789803003672849
-0.3623176293588754
-0.27270286508806885
-0.21170607902769986
-0.09470243637412677
0.04818774350604489
0.14272395974475036
0.2490897336708163
0.3638717885381553
0.44910512748067066
0.5166450787888608
0.6158687750519362
0.6766402347775796
0.7424702918760124
0.7984010544455149
0.8502227037676476
0.8356379466731182
0.8632829974657746
0.8554454969232449
0.8286169756607751
0.8138126029735231
0.7584354969527033
0.7009571613658628
0.638569008425418
0.5444604070314337
0.4717791718422894
0.389560652948247
0.27451912628795905
0.21002983704985295
0.07628173965542971
-0.004213273916162288
-0.15528788006689967
-0.24237588505681856
-0.36179242707074166
-0.4287581445796506
-0.5302551296408716
-0.5978231905060168
-0.686508104217904
-0.7230187605372591
-0.785123273296352
-0.7957169140725102
-0.8154848763801226
-0.8451944297142892
-0.8617818537556284
-0.8308806125420575
-0.8189728265911166
-0.7827360964764272
-0.7459684788692323
-0.6320035399601348
-0.576771616764865
-0.4704988439822075
-0.3972211243438819
-0.2777370706364597
-0.16495271461465175
-0.08116127568761933
0.004056302281134131
0.11049609696546361
0.22237572424284374
0.3255211284096787
0.45407818380862447
0.5324912839212754
0.6022352534977127
0.658208401702315
0.7515575455686049
0.8176861736318362
0.821222401097359
0.8783671362773079
0.8664849699050622
0.8295500905899228
0.842220270213348
0.794032280164313
