0.1321231018599276
0.12167010017907101
0.14234120345846518
0.13659340840580086
0.0869922741976756
0.09412237759191053
0.07993366805001538
0.09646083523516163
0.08990049506504652
0.03962600467296779
0.025693172955153134
0.04494857282795893
0.038598393052257166
0.007432341517739961
0.02121440575930699
0.021715757715250507
0.0007607391084240786
0.02163385239651292
-0.028987910811669532
-0.0020401837647636978
-0.033387814366870834
-0.0551849095189391
-0.08605072873501503
-0.09032744676597203
-0.09217505834813597
-0.08842450573029423
-0.13448159584627017
-0.09146139302630904
-0.07387508034458633
-0.12805332992037807
-0.14810481527108743
-0.10127458615664134
-0.16145027267539597
-0.17746187800557398
-0.11298912095143883
-0.16123309315632606
-0.0774946641177861
-0.09537198268673822
-0.08614757939834809
-0.0713135244811693
-0.05954490032760502
-0.02858382108942637
-0.05794724162189808
-0.0672607298403822
-0.05603055837018997
-0.023068955063110175
-0.038317693094749555
-0.001835754907149283
0.0036776430639464605
0.017337757545357685
0.016959312518045718
0.021783033114640755
-0.006480165149892546
0.011348958003937315
0.07236479765841891
0.056993151059750925
0.09420879668826872
0.0691668824824949
0.08209520597571236
0.10440268888382327
0.08305305623226544
0.13335957652002065
0.17940087317603265
0.12135746416996444
0.13533772273718328
0.15311693071326235
0.1696493544598705
0.12006029187936795
0.10970634001828972
0.13389560423323255
0.1370470992064108
0.08546241849799494
0.08596288418296737
0.09549069783433235
0.051856229149737074
0.06588908189910088
0.07557508808774337
0.06608612142826745
0.027855079544430564
0.014618551447758175
0.039584064721656625
-0.023745560737351817
-0.001817476530234903
0.0025668563518362834
-0.05422930966825584
-0.01673140770624651
-0.011225154916632962
-0.04226026444562443
-0.08108168610420025
-0.046436936898415104
-0.07958899120112439
-0.024960515274560578
-0.08444463672535109
-0.11460655622244591
-0.12483599229956623
-0.1547487705199053
-0.11197995576318166
-0.13890303632143675
-0.1615950386871813
-0.14607560394841726
-0.14081638062036975
-0.15362108672447586
-0.10625083197683152
-0.12034542585005407
-0.09135247594070564
-0.07431084972040511
-0.06561034702327864
-0.1025094864122745
-0.07501485323337496
-0.015213809367570878
-0.023101992084498257
-0.05639874096161088
-0.02739840197849859
-0.04082146692046845
-0.004569303482674538
0.011215663877013438
0.034430581717651475
0.031764548630201825
0.047654799226022754
0.02586688340896042
0.0939658275084611
0.04151055674212793
0.08011266133087647
0.09811323643136964
0.09469479486464946
0.09213155271172652
0.135118184179297
0.14430629660369942
0.08279111009773574
0.14117842434845576
0.11375873007469614
0.1480073061033507
0.17338473279453193
0.12114949294564815
0.1506034004481465
0.1340767224382874
0.10134013251498626
0.11523919674331409
0.08206049407836893
0.06027033617920424
0.08151650073654333
0.09931867099889852
0.04896777516616485
0.03975203936307459
0.03513693563549212
0.049355373189369084
0.017103552529645332
0.021701866316154315
0.012282755023812111
-0.023186649131602916
-0.005254763860271798
0.004656623148307636
-0.06489169700141029
-0.03376541196285308
-0.08057646353376169
-0.04263265122773652
-0.08756951404312699
-0.09422931426985769
-0.11654500867429442
-0.12129904011734305
-0.07818822598409374
-0.10740453988593834
-0.10535770897751809
-0.1182403818532848
-0.17981694702637707
-0.15635184695342488
-0.12998261232039085
-0.1455183650576041
-0.16505143260026695
-0.15313288012016602
-0.10788066757650401
-0.08781668495494413
-0.10642627555057585
-0.07835870968408175
-0.08506743919233355
-0.0718297163085555
-0.08106999555848406
-0.04037395034887282
-0.02761639414816231
-0.01751243027688043
-0.020569163603317484
-0.03309660770211656
0.03593883721549267
0.012163412842209072
0.02041291265633465
0.0491198199228558
0.036547576907410416
0.027156649872785408
0.04758960633873863
0.07444026497822441
0.0589722069476874
0.033963615513221045
0.07949210230371438
0.06519310804040435
0.09768799689839437
0.1386693743377772
0.10001813283048469
0.10776590650188005
0.1254715978833685
0.1689872175536215
0.16265870747827813
0.11364903362454894
0.11886657554899248
0.13895460892490435
0.1334408677082837
0.1204399771232683
0.10408682994113559
0.06897886956032957
0.025030155446693937
0.11785849239737511
0.039020077482355836
0.06830919774343563
0.044180631887508176
0.014725486352143068
0.019700293211543377
0.005231451317700877
-0.0002181201908681759
-0.053382084453733485
-0.06663463298642386
-0.03905511852161299
-0.04207704710376198
-0.05173543278606668
-0.0663998563915329
-0.061096105135428985
-0.10381490981241968
-0.09697605309246385
-0.14657686717880336
-0.1372610626974146
-0.11089405881620037
-0.13340884568829384
-0.14004508463594637
-0.13621544237742259
-0.1353288008178183
-0.14900884278341558
-0.16716506232652695
-0.14075251090058125
-0.1325861824866767
-0.1203836558156787
-0.07388835864231352
-0.12401503142669505
-0.08845134763770687
-0.07498329534288162
-0.03943729651162604
-0.09338973075899087
-0.04296931382234202
-0.007632739435584922
-0.06950936324251748
-0.014699525796071899
-0.011756053724973965
0.012477881449647914
0.032594380948916694
0.035204950512826794
-0.0010944669321930507
0.040423619164582154
0.034168804510906786
0.06190292988988409
