0.13291066149679692
0.13330302771244623
0.18269930291521383
0.206234900231235
0.25561081844361505
0.3235258445795881
0.3355473930717907
0.33871053885150393
0.387917840250305
0.3803224544708046
0.4261839381221608
0.4424198557385082
0.5269349571355652
0.5976546623471919
0.5743327095342079
0.5669769916399326
0.6530949408360209
0.659092776079382
0.7103533911770648
0.7011950175933777
0.7250235260609139
0.783144635881343
0.7710675553460243
0.7385662567612097
0.7343112006248991
0.6612922182469411
0.6392738768629508
0.6349231456698629
0.5664488980470973
0.5758698990683173
0.5262069631355619
0.47927907848158346
0.491985303854009
0.4451181206738897
0.39357907785372775
0.3747563572118113
0.36294152172636995
0.313359715705917
0.2792852103509941
0.2356784855464896
0.18049931590708324
0.16234249538293308
0.12451784852386634
0.11769881101575042
0.07676860440373574
0.060225643586023454
0.07388520874394598
0.0033288674915589213
-0.057460977734735796
-0.07480359934082115
-0.13650995254703926
-0.15001033623814528
-0.1944689388193218
-0.22222593783497063
-0.24589812868948388
-0.2878760432166958
-0.310237115218569
-0.3441458092547993
-0.38398248372738775
-0.4225721287268707
-0.40450421256855296
-0.43897510683816116
-0.4867608761108631
-0.5498217784281787
-0.5607505229027068
-0.5630503983602485
-0.6481577648198331
-0.6957303104475805
-0.6967828393479587
-0.7109856045742733
-0.7196860423525226
-0.780089676877263
-0.766763421114321
-0.7665783336186618
-0.7165743037599459
-0.6987501219197898
-0.6866082503843869
-0.6428752079241914
-0.5914589594248312
-0.5495117515795167
-0.5298132932845869
-0.4895150875986958
-0.4404637231080959
-0.43364730300465903
-0.40550453666064223
-0.3682005197323993
-0.34968921803934644
-0.25736603087457094
-0.2830184206236368
-0.2701754566851176
-0.20603343143746222
-0.1796438822904259
-0.16455068699205902
-0.12107076944991949
-0.05570479526469714
-0.04048579322050681
-0.019625438762728806
0.012266864116009387
0.03779016595688016
0.09945275278209806
0.1277320296271561
0.11689552542366183
0.200717847830164
0.1983759439763358
0.23934257209248064
0.2612988884388216
0.32965174884502707
0.3253876701543578
0.34570671946498627
0.42826023063901886
0.4217572363476806
0.4570589315696857
0.47733839716466486
0.5242154896458607
0.5146085946506284
0.6178822898682496
0.6133461275652929
0.6449270432756882
0.6917462853608008
0.7040799208170879
0.746410003953727
0.7978675537155753
0.7772302746065808
0.7395336346126722
0.7353166412774184
0.6947051391499487
0.6373653864351492
0.661846315743574
0.6495875812870573
0.5764202759790777
0.5267458986329432
0.4999983674072831
0.46708415800338576
0.41960004548296953
0.3807511679612991
0.34725457173569585
0.348706489543057
0.287653987496386
0.27384444816172676
0.26987687758081524
0.20862553719469246
0.2197677176156452
0.168237833045058
0.13057985847534803
0.07064168924942886
0.056353285154339815
0.02105429810264251
-0.019871236429206386
-0.05736885377078557
-0.047253685284772
-0.09567682069720647
-0.11787648765578579
-0.18459751666164817
-0.16985215667263234
-0.2466750527165001
-0.3110739190557539
-0.31813280491280493
-0.31916431103281545
-0.3558775758567684
-0.36965002411972364
-0.4315125886577334
-0.4508276330587902
-0.5114839035525213
-0.5248722769881791
-0.5450734288768485
-0.5989369863978424
-0.6157179407225594
-0.6506971577536408
-0.6853320087919987
-0.750295771196082
-0.7377137453669942
-0.8036522495976091
-0.814663641528247
-0.7587550705592591
-0.7372646905536291
-0.7342154020508166
-0.6674233692614416
-0.6176860080736807
-0.6181925190110968
-0.5731933521852222
-0.5934492329248567
-0.4829711309844714
-0.4988328188150012
-0.4666391742189853
-0.42265664359912875
-0.3671101689834654
-0.3857570569238669
-0.3317945448785748
-0.2879841855826285
-0.280391792218048
-0.20644093590783286
-0.19131402360233535
-0.19298689655401363
-0.11171438876606839
-0.12638655601264295
-0.08938073470548316
-0.037539554747747145
0.021729338156342405
0.05586824250394193
0.02042738485585459
0.1004186361351475
0.11936940832456017
0.17097298727358032
0.19127724966629442
0.22303711349963604
0.3027747624807873
0.32208471051735543
0.32586715584206405
0.36561587418717567
0.37871668401929715
0.4112871438659943
0.4703342787567043
0.4554076108108194
0.5009685777537695
0.55527840523765
0.5598581170022433
0.5897197355080996
0.6662698395526998
0.684366634663333
0.695361248765092
0.7389081634103922
0.7633031259750662
0.8294423677253241
0.7775119542794461
0.7205834813963689
0.6751187491964055
0.6732786116501676
0.6102685505893555
0.6166326853603654
0.5658371654902098
0.5768563776719982
0.46741526406737904
0.497679479742039
0.4079106936099213
0.4059999307316348
0.40158373981656464
0.33714057469635184
0.321734513981158
0.2785927109964134
0.24683145113781627
0.1908212092692862
0.20393256794968942
0.18798197033151384
0.14376955811528902
0.13393003482532145
0.048179876384204665
0.04959431584079263
-0.008096452782100047
-0.009019437481733911
-0.027311741062340522
-0.1290839888682966
-0.12609514859196624
-0.15183827754662668
-0.19060315673505573
-0.2213017076594423
-0.24352561479701254
