0.07022822730775344
0.06652303393543005
0.06745428723593043
-0.08528893358020406
-0.08155354119012005
-0.09926772838102405
-0.08282601040664
-0.05604313646765901
-0.07482842197791778
-0.0372284927409108
-0.062269632362989505
-0.08899974948598253
-0.08076662217205956
-0.07652702567835715
-0.12408098327395015
-0.07455247855989312
-0.0726440739222417
-0.07266419230910887
-0.04847794802302535
-0.07661185858931596
0.05864960312889151
0.06489171524235542
0.09726329520893118
0.07345108533212769
0.06996191721228127
0.06561137197603714
0.0724447090544332
0.09876609807260722
0.08403653461500302
0.05588486493888437
0.09463654414198083
0.049702498094628164
0.04739253255561778
0.03315441614704832
0.04467030929360911
0.06507923367365309
0.07384207283298377
-0.04986773677850968
-0.10912791343967691
-0.03370551043601493
-0.04358236059283384
-0.09926608529247827
-0.06308478654007933
-0.08964534751754177
-0.06758137777428473
-0.06617025524067185
-0.07948931728703841
-0.04418186968242126
-0.04180937857044678
-0.060430513549312746
-0.06263317782801422
-0.03830644871323968
-0.05257293260781775
0.11070765049773601
0.07771968868117762
0.07390106359379331
0.04313671475130952
0.09014443682682598
0.0973306230583383
0.06415871200781618
0.08863106968494008
0.05026066623253571
0.08040345682780295
0.09313303163440403
0.05584858924876072
0.0861755246565197
0.07617037439114077
0.07484003998460668
0.06130402343975834
0.09854934532490513
-0.08816032317355021
-0.041490481462368785
-0.08110696130717113
-0.08201091900490508
-0.07593666693243406
-0.052016167464801415
-0.09209446507056188
-0.10320755912543356
-0.05600240438558714
-0.05980300837658953
-0.08530429697222716
-0.0764176173518457
-0.09382186092680429
-0.07894602314617784
-0.06846486926675328
-0.07280108546950068
-0.04499697698340398
0.08521200748565033
0.039766041851066095
0.08416882955944807
0.06262834421750818
0.04277538145900752
0.08907060062205191
0.08593686478284127
0.055532915653973655
0.09990743896472695
0.059643339809558486
0.09949766380527472
0.0735626244560551
0.06111502211660602
0.07713001682880505
0.05919310875375983
0.030531820024993543
0.057943107792932616
-0.08416563123432895
-0.03447787240051464
-0.055964280826484226
-0.06914507276616655
-0.04028000913582083
-0.0932554073672518
-0.11197757289954154
-0.068245673488813
-0.0970107486093078
-0.09447616707744294
-0.05147089230226354
-0.07349665877348624
-0.056110662311989724
-0.08470483401436155
-0.08192728068957443
-0.08968105671815094
0.08401945514077543
0.08376445326893121
0.08641220883018579
0.054259066447278265
0.08230313508052599
0.08347797252343477
0.06825120871287162
0.05464808621431787
0.05068106129526414
0.07886652987601898
0.0842311694741617
0.07443855633711441
0.07738539756060682
0.06833050523663026
0.04958568223832782
0.11071807641132078
0.07589062593773331
-0.09490654818635977
-0.05109760612088439
-0.09774277691102295
-0.06282287735745522
-0.09420208401305506
-0.07972849666008183
-0.06836373753794701
-0.06634894650855078
-0.041484339403054356
-0.0601204850242658
-0.06554834745214483
-0.07737652919602825
-0.07383459540261665
-0.06995450310617835
-0.07735501503955117
-0.08924833124167002
-0.047711496924391375
0.07945569322185306
0.07142104053258769
0.05558815573350935
0.043648026991234296
0.08038441390229742
0.06126849715731926
0.03199347936616359
0.07388792244051164
0.05287443882425908
0.04270396163053719
0.08717747812220458
0.06696232297276954
0.06136452480740815
0.11388374131953964
0.045895090944558514
0.08110918801681234
-0.07685647260314918
-0.0519439166568593
-0.05690692072965206
-0.11210038975615685
-0.05560872507299401
-0.04455326110078703
-0.05005663047880538
-0.0773959088474344
-0.07058304541661321
-0.0547867311191067
-0.05702488904107783
-0.09594903209424019
-0.09726124944315606
-0.06194502382123075
-0.06715307375999136
-0.09463201195669277
-0.10317359732801112
0.04182750540594808
0.060495148640479945
0.08616508132846566
0.05154784065170306
0.07041951723880399
0.09269674135047336
0.10939663038576358
0.08490739488795108
0.09001013377552848
0.061043791367443784
0.036008141086049716
0.06105716730307206
0.08875196858272336
0.08055595207062105
0.04898243483461178
0.04702671874094271
0.0682614556753719
-0.11714048061176847
-0.051033770804746637
-0.07631448118851954
-0.08255101870052022
-0.07360798828401094
-0.05930956381908112
-0.1277759063920241
-0.0979982523474823
-0.0692816200456024
-0.07181892401366213
-0.061710558241521
-0.08553455783298344
-0.08204209952689616
-0.09402434990416933
-0.04869279672609493
-0.06545771425106506
-0.07891998626061471
0.090948723337876
0.09483177875285176
0.08052158595812159
0.07273444541698233
0.06239575705847821
0.06320116350937818
0.03939143925503656
0.06541276894612923
0.05683038377780582
0.044059038278415334
0.041161800678586644
0.10932330613270817
0.07413205691042525
0.02443766783262185
0.051902791536217546
0.068400170528129
-0.06553275293549442
-0.0762089572197274
-0.06232635337929696
-0.06845814169987262
-0.06619259865195967
-0.04427948384842229
-0.06115044973199703
-0.0463893930884402
-0.03529622282001267
-0.06503953548949074
-0.05228692788179372
-0.11002083503268167
-0.0739798413642274
-0.0552526844062301
-0.06181433605790497
-0.046185730627947806
-0.07573147865798772
0.07286478141006975
0.09565281236063403
