-0.347127336896879
-0.3439253803769136
-0.3271923885876594
-0.3362522828018079
0.33327701424860695
0.3289821643300627
0.32044777374154654
0.3510952941519929
0.34751627210756353
0.3392847382026671
0.35009969861970225
0.31955403949305355
0.31620444465645126
0.34928876899093614
0.3209485522725163
0.33904637611162936
-0.35881103118489144
-0.33445346196606246
-0.3320818867166286
-0.3258245195131902
-0.31474209575155965
-0.32901675109396916
-0.3273865154314695
-0.332225810921781
-0.32417916297832344
-0.32229148475005315
-0.35436592705634334
-0.3301432080387893
-0.34546880429257637
0.347260956785586
0.335663884153937
0.3239000485484296
0.33432530004812944
0.3481153677435199
0.3374918120937253
0.3445634514811012
0.32585535412519523
0.323140526992367
0.3445806044253716
0.3457622542997854
0.34220287072153677
-0.3274877240529425
-0.29089903790058397
-0.3110709583963608
-0.3521336766635329
-0.32640847176809656
-0.3157562265987665
-0.3483406040898872
-0.361763624570894
-0.3164990341351245
-0.32358341499624116
-0.34233695487239335
-0.3405421831076296
-0.3139978253362927
0.33772959734258545
0.3337673824385413
0.31480875066058217
0.3323628104156509
0.3392195970747967
0.3289451051063041
0.3436811575051206
0.3223436304120927
0.35702102235586536
0.3471260039042507
0.3574583608609685
0.359542666768262
-0.3171549532697136
-0.33899012580875854
-0.32403964086021425
-0.35579848528907543
-0.31387443980872703
-0.3248330082174948
-0.30806472487248043
-0.31140036851431996
-0.3345751893123182
-0.3122227973785799
-0.3129970765242225
-0.31341873646759305
-0.3631570718719803
0.30704258324123096
0.3309327685530975
0.33365817686575205
0.30219495026489723
0.3235492554543335
0.3271765010716538
0.32442270220885594
0.33927074604767044
0.35422204411447145
0.3433950768731178
0.33929328223765437
0.3306958184988805
-0.3304023587166936
-0.307271221330095
-0.32182721353452864
-0.3294583510727234
-0.34399653504805905
-0.30824654873222557
-0.3556529247543545
-0.3099601475730413
-0.34271486218362013
-0.3072021104178876
-0.33387847283674627
-0.32862408780132873
-0.31120678145943426
0.3358519501574241
0.34417372004340635
0.3196134533138453
0.3376112427444904
0.3328277820981779
0.3342824344415856
0.3455128894827375
0.3579812850952285
0.3322131245356496
0.3222346466792573
0.29809338278624703
0.2981600335268876
-0.3241235205765165
-0.29081960604488655
-0.34468437277119607
-0.36733549100437746
-0.32659705554151397
-0.3059194977051447
-0.3302739002074157
-0.31531840863057864
-0.29642217285506745
-0.3141333818399124
-0.3160356168922611
-0.3213815050949512
-0.3326243706486642
0.3129582759406305
0.3238851060872352
0.3606963652506574
0.3171455791074713
0.33877549254641454
0.3492061619864124
0.3620112719343501
0.30005323464457556
0.35131433934863154
0.31914742388544404
0.36947492256679376
0.3471407480171311
-0.32044846842389907
-0.3279678481664666
-0.3556312654207494
-0.32410642216824004
-0.33204457180375524
-0.3201436765612913
-0.3287977401800998
-0.33511969925982626
-0.328297859404909
-0.323058393523497
-0.31461637758940086
-0.3454185801921253
-0.31276340978922845
0.3494183296423517
0.30755439268270307
0.3183202613873865
0.34315835705003483
0.34307406961203646
0.35356803445493634
0.36852756009126386
0.3272138249552958
0.36367598203883317
0.29947046489050794
0.29699339622310517
0.34009727502911213
0.3155441413803598
-0.3360847457207935
-0.2993047623687062
-0.3387763152649491
-0.3165837926368796
-0.32148151418607745
-0.32738898118055937
-0.2983244381353523
-0.3467759116268243
-0.32507881616613954
-0.36928241954035995
-0.3348491852154461
-0.29971085157314414
0.31831194251572464
0.3151501333707405
0.3181123423874288
0.35352496972758995
0.3465763414027144
0.3512560960082244
0.3537429449958165
0.31920055652697893
0.36626121297592557
0.3259667957777392
0.3463861629416106
0.355011942448478
0.3469571509091268
-0.3224753298925366
-0.36429401683917556
-0.2820988543475053
-0.31112557311522554
-0.3331454136332059
-0.3245181629833394
-0.3265151602482053
-0.33036424538042797
-0.3004282770286272
-0.3351329729041571
-0.3320055502115201
-0.33258331659005497
0.34660718400414403
0.31548141494958704
0.31698151616853165
0.3433227567921035
0.3169911992899703
0.3418589797978977
0.3251127419495966
0.2985094908187119
0.355932807815071
0.32537811390500854
0.3805068892258932
0.30444356570020165
0.3324706418902313
-0.32998101500769567
-0.3352041848397275
-0.33876704232280486
-0.30768196648751345
-0.31661675308502346
-0.33943031497926796
-0.3354020220477506
-0.33590985204701923
-0.35139481229367153
-0.35368998474169033
-0.30276722571034065
-0.3150922956913639
0.29104273086037136
0.3399108015169903
0.327837612865872
0.3678716527774253
0.3230227834468239
0.32185296436975497
0.3479074467805177
0.3430957600797661
0.3352742196926218
0.32381332955227954
0.356591813301347
0.3171802704607842
0.3547270190690694
-0.3215017139697213
-0.33164386380114486
-0.3249836263126331
-0.32167925925864227
-0.3285288856124708
-0.3534275687020497
-0.32416254564441244
-0.33811586262744137
-0.33156706930840285
-0.3661289182988434
-0.34505839037888675
-0.3236173260487423
0.32788077983985614
0.34473522397542206
