-0.003647649993774288
-0.01197506406395022
0.025073017370188376
-0.02135597554556098
0.0033631836798092545
-0.023300345812322286
-0.01604970138590979
-0.012624577532061457
-0.0451803220352753
-0.02716337541796303
-0.05100000400935307
0.012459581999868241
-0.012389674861591114
-0.05228021918489415
0.03535621834288119
-0.01591130279640846
-0.01784441986426168
0.006260518158263222
-0.024075311940255275
-0.04728270313226639
-0.009558256416239305
-0.05095095884511225
-0.018846683313618114
-0.015876891496447172
-0.0036306629126418143
-0.012131524790678687
-0.0128875557805456
0.007622590349927183
-0.023872499547056295
-0.024312953397410717
-0.0038919217830444765
0.020680506094845747
0.017119958187888418
0.005692515035361021
0.018586624034464014
-0.016319358323381522
0.01074001830396083
0.01744235747921782
-0.0032635599014365912
-0.02588675006053484
-0.015662865621325933
0.011412483781359423
0.061431584002764314
0.04085964530095144
0.04892072070111084
0.03959749239275054
0.010456497600637774
0.023125773236523546
0.04099863614536739
0.03889435204583183
0.036018925474710105
0.004274740692719214
0.05653622301541383
0.016749288125839194
0.057630054164465004
0.013202181075774332
0.06661379047009129
0.01039163888883771
-0.0034899201182542576
0.007442831042537264
0.03398110039195614
-0.0002066049738007822
-0.018411684564135732
-0.008496398582807627
-0.05219926569057017
-0.03422218315159917
0.009954709051226567
-0.014514439453778288
0.010662980928429338
0.01198999488126233
0.0201432900298472
-0.015344614143373073
0.00367738883924202
-0.00542183204494737
-0.028291591650590454
-0.016189124062786494
0.0075937540964926345
-0.008220487826682953
-0.035843626053339316
-0.051179302577207306
-0.013242539841866048
0.0086740700741877
-0.029557345538394078
-0.005822855187403143
-0.04493239155125475
-0.06263719995985259
-0.02437439934707858
-0.010428479485226103
-0.0010625843034129182
-0.01869912719300583
-0.008306552229886053
-0.03455803030896895
-0.020011430979092176
-0.03383753544908068
-0.0018998688673385507
-0.003826170424628389
-0.0360471694901244
-0.02418791565807124
-0.0029349090647226433
-0.01052577454600386
0.019836052683261825
0.0025765310497696705
-0.03593442064365859
-0.014420867459925869
-0.02212131921216946
0.005041866045113647
-0.0243757122141647
-0.012444964696394898
-0.01111033518597827
0.043020129545945904
0.04185943530744851
0.022576301879443664
0.023338410097627705
0.05898557664171149
0.037675287600617564
-0.003951362208054643
0.009035840625967358
0.018131744201206248
0.05771858805722874
0.046534618533998984
0.017815394426544222
0.023822102237970648
-0.0018267972354998122
0.04426750027437623
0.044781160470951265
0.04132157741934009
-0.021665909314940897
-0.01409820121559971
0.0511122000455725
0.004996872620069013
-0.013485946750308451
0.018698366343253343
0.00447301864765243
-0.014030920476909053
0.0013997143402275094
0.019790357715818902
-0.002485930401703481
0.008756078553310788
-0.05815156276287266
-0.0036925000992396404
0.013357121675760425
-0.01678076883834379
-0.0373191765136557
-0.03639663292426828
-0.01917302187508289
-0.06252189401154536
-0.03246445691951293
-0.002618780578065867
-0.01659458940773744
-0.040176383327870775
0.0035870891327289267
-0.04479893396362743
-0.05186889453578554
-0.0005251968622130947
-0.07042390598655421
-0.013753901573875058
-0.03288136016800347
0.050019401781249195
-0.03455278301021071
-0.043764296345942054
-0.023495386890264244
-0.010894341152474578
-0.024361656172744106
-0.021407131491046737
-0.019436939673624015
0.006708554359465674
-0.0565887649258845
-0.0202708181005074
0.02306495108999023
-0.01250007814952328
0.01886696295038098
0.016341496030120077
0.010173008974970277
-0.016231312991109678
0.003657953428365574
0.007856167877618019
0.004934498770174855
0.01515987444002299
0.035300462249471705
0.04251360973817486
0.02653094097621938
0.01231798899882586
0.005194908924852627
0.00797979598464725
0.019413556819791924
0.0019507353536326287
0.04039679257069316
0.026372783965048163
0.014482435857859913
0.015522695440746878
0.04201115418928938
0.019224398228391313
0.006577809661263015
0.05691470923092516
-0.035553079076482294
-0.005070355193252907
0.041404878377040794
0.002752291671272519
-0.02313049175407144
-0.03461717629989379
-0.022271816105371805
-0.020975428586356155
0.00930725457217649
-0.0013592823745183
-0.020478738291247738
-0.04394254919533515
-0.015915005430195105
0.007483095424879011
-0.017022649962771044
0.0006940638443089439
-0.02045309179451767
-0.02887605365671324
-0.018700492927481462
-0.009680749225808812
-0.020559553530849844
-0.016590797752431143
-0.06539435239609655
-0.031719464769278054
-0.03738609387629837
-0.02202670679673204
-0.01943154987818675
-0.03895939346968023
-0.032994517844941944
-0.01652005314873784
-0.013929418700788775
-0.024804915374392198
0.00036230548555191144
0.014270817024361414
0.044860882426381594
0.003394666684604022
-0.02462991087943724
0.008233631967512589
0.004724976534169088
0.020418080136884696
-0.004649631208940548
-0.009392672938045932
0.010480375260063138
-0.010506278139825126
0.016624146219589908
0.04007271981808657
-0.03185683446584133
0.011895055327589762
0.005851678953341381
0.02371120934481933
0.059534163024173026
0.02594015726495084
0.0059004693124739375
0.002951565201351272
0.04808815199165284
0.046515863305910385
0.043705225269337074
0.04255796599980363
0.03813854286039321
-0.00505025919102731
-0.02510235567272407
0.06020629101543269
