0.19211862186000916
0.18194042493331614
0.19714611528872192
0.19008123115969222
0.18266538686646044
0.1798690251413717
0.19741442501544118
0.20853919076637562
0.1798856418014684
0.1861583680091368
0.17603987968500528
0.21246080248513716
0.2009949890613215
0.22296999137003362
0.1951353707136129
0.19500923143082505
0.18803880410394974
0.19782174887928594
-0.19865104942695008
-0.2182264260899304
-0.23459397089519715
-0.1895076588848008
-0.18812707478866011
-0.21974612748992578
-0.20630900463320137
-0.18987924912170667
-0.1873784149485749
-0.21934535205391412
-0.23561815118694776
-0.2216909693903122
-0.2222448243396584
-0.23354570580470377
-0.22121247140580677
-0.1914429228371855
-0.18974608525109415
-0.20407463798652054
-0.1985954664558633
-0.2500536436214787
-0.18530987066875526
-0.1979091343060406
-0.18864910789029127
-0.18195104433832404
-0.19921149599125415
0.20388458226888448
0.22397103082469227
0.1856344839762275
0.17793258327003234
0.19604664210679576
0.20849928644953378
0.15605525933562037
0.18491536234932332
0.1815185681038381
0.20387191671744495
0.21062591344709825
0.1871640196755987
0.20402277651577402
0.20282791476749454
0.1714005327342467
0.18833647313871948
0.23195846758138033
0.208035863474392
0.2254447789105829
0.19862944728068743
0.14591246335115213
0.19528878855521087
0.21759919670564734
0.1845772378251316
0.18785401842961855
-0.21139765180332978
-0.18986627907752843
-0.222284782696543
-0.2320174582425988
-0.17359535573046653
-0.17522181600773282
-0.18142651358717077
-0.21557846373261041
-0.22077490067671157
-0.2172117351528506
-0.2084074565830608
-0.19810830853557204
-0.20352686573908377
-0.22963847046522917
-0.20282507547409487
-0.2080467221308482
-0.1586254331791766
-0.21596921806507058
-0.1964476358502768
-0.2126802032842786
-0.1648710855632639
-0.16650080866117128
-0.2124257599717555
-0.21040817529662806
-0.1911948181090577
0.17773532525253505
0.1870272594948509
0.19891434611530903
0.2198817041433916
0.21026061251551953
0.19447425516983372
0.218923537782827
0.16299865336469
0.21270120862733916
0.20460402222718774
0.16129868890198149
0.18628489329723252
0.190566938725461
0.22116791752036113
0.2045422784071999
0.16380660540990902
0.22037657021572543
0.18816555560086734
0.1881255815706331
0.22230559712789638
0.2466668774021241
0.17837057795348768
0.19172244727913323
0.2245033211282241
0.20077916834064677
-0.21909435669084826
-0.19324053748606942
-0.2071183033874283
-0.19407713897070208
-0.196538529256242
-0.1993476201775808
-0.19131747900079396
-0.15994824601011065
-0.1955488603356264
-0.19447580307159346
-0.20070956770205034
-0.21169293144380097
-0.1946079926281557
-0.17794406667898954
-0.20056722009766634
-0.22249932886107235
-0.20793650518248427
-0.2129531081189945
-0.18812091907897666
-0.22390740120580427
-0.1843080533211241
-0.18275397227125237
-0.1948379084052699
-0.18605941146274346
-0.22412309978411446
0.179546631327283
0.18792915868836646
0.18932338836650497
0.19725803887529905
0.19763602940461034
0.17985960463325854
0.14808899828337246
0.1968456673690181
0.2100051199068659
0.16207466805562015
0.2068289248590347
0.18618697747000099
0.17883218114102656
0.18526903060746158
0.16947744258513442
0.20255410983558111
0.20879240698955215
0.1904025497400929
0.18705543927348198
0.2023461340835136
0.1875097114242088
0.19954976750237244
0.20460029163253063
0.1719220979668506
0.2024723539950439
-0.20932525106437885
-0.1907173286078395
-0.18698350987477835
-0.16352637385690255
-0.20068375290091237
-0.17245077858840063
-0.2321630107808394
-0.19909019163067532
-0.1810848901598726
-0.19804722707420305
-0.20995277440822835
-0.20233629706326112
-0.18889530112289926
-0.2206208973796131
-0.1795696299988165
-0.23598156358872469
-0.23342333381175867
-0.20308290092483244
-0.19820647416893952
-0.1912777757930526
-0.20034463402415356
-0.21497041476919765
-0.21003008947034885
-0.20110711336893283
-0.2176031830687042
0.17035952390076312
0.19761645197795452
0.2267943039857501
0.17379712884512857
0.2267977306369688
0.19691199932739908
0.1893461702035841
0.20825793981759028
0.20463976961285368
0.19666795361671133
0.199816935444317
0.21028571335606225
0.19268801297991425
0.21820604887440617
0.20580590345459449
0.2183246365335206
0.16090711097635646
0.20222270096626713
0.19035809382525795
0.2459076519896798
0.1828139814636925
0.19870882846015142
0.1765557632312731
0.19067266663344887
0.16634135782771722
-0.21313977643633075
-0.1953570166796231
-0.15438634647403743
-0.16820403443270557
-0.144873385998566
-0.20247241916013786
-0.1965324138788149
-0.207634047262927
-0.19196451058115913
-0.19732275334926908
-0.1957660555028272
-0.17160568527880157
-0.1753861258722629
-0.22170041382400282
-0.19916835731563703
-0.18143125651373535
-0.21057522501855716
-0.18887995560196683
-0.16903756141179865
-0.22740720264965855
-0.18526544254745686
-0.1641807346482896
-0.19844847163039905
-0.2136679609026387
-0.18500675776090594
0.22555960560924884
0.1977626559948505
0.20085453145969476
0.18737911012551486
0.202444600113602
0.1854609465866477
0.18958064680202816
0.19030132590871315
0.20369774241824443
0.16310414797111555
0.18249164801921283
0.1909928430831639
0.19707227902820773
