0.05657923384240393
0.015557126781123061
-0.0011209436348954954
0.00456447286374753
-0.021167943004294476
-0.039154010030556595
-0.0725654935293833
0.004069767965541891
-0.061664648852307394
-0.09255671074712613
-0.07703049393128063
-0.10261330467015224
-0.10905815188229073
-0.10236708236374055
-0.1268713808169771
-0.12750887525489463
-0.09804939485172824
-0.14017913201860094
-0.1016331534031905
-0.11606934746396305
-0.08904795638812354
-0.08086175835992783
-0.07506733140530933
-0.03988162302411873
-0.0410543561818962
-0.00766859890402144
0.020508932759212672
-0.01141818677322896
-0.02243721981382359
0.04855845167071783
0.06506042025334963
0.027945911746412175
0.02078210355181656
0.04055091102197927
0.08080487415295852
0.09093273712902049
0.09337160237278117
0.06965371555482394
0.11070410960826609
0.11341074717726926
0.11557837407015391
0.11100808251812544
0.07474858691546701
0.0955914173220301
0.05514682465062618
0.11374647350235158
0.07656948665956859
0.09931295493969113
0.06012534871681047
0.019757750159591164
0.026655819945294982
0.010286461613904552
-0.011324183978842932
-0.017798869498479645
0.019046812167198012
-0.02504500652325886
-0.010112316936209967
-0.09849367729840919
-0.09192127909579956
-0.04494919951049696
-0.0857564012520885
-0.10047732437685779
-0.0852307349517818
-0.09177671310587002
-0.11977279298502173
-0.1085672546484221
-0.11649806220202738
-0.11591594492352855
-0.10614294162598195
-0.0857981241854795
-0.0725605518284054
-0.05774139633451501
-0.047905954703727736
-0.054913476421827576
-0.05513894941668631
-0.03515540825207798
0.010990180191757608
0.01614256110348878
0.0033979555826414423
0.050978252522448426
0.01455212181459186
0.02828358250998434
0.06015794480076547
0.08751530107519745
0.10418681681699535
0.10344540149196149
0.09159800024076165
0.09989917950296805
0.08539779440037688
0.1004281809604982
0.11041114408350385
0.0984762151477169
0.10392513882234727
0.09237765747166626
0.060859896728587014
0.09545039071228682
0.09033068938290492
0.03428658320972205
0.06561272850879186
0.04517539341558989
0.005360353592678776
0.03435361056291526
0.03995705230887764
-0.017418582419668798
-0.018269626553057118
-0.042425506468338633
-0.07991234591802665
-0.045940055907127485
-0.06630659451420816
-0.08932658474750775
-0.0786320685168085
-0.10384501386643721
-0.10440575368895665
-0.1023087490631372
-0.07374411039950073
-0.09846396722256397
-0.11840280486680987
-0.09896476028260938
-0.07758001004176304
-0.10804793922648935
-0.10595660730175747
-0.058956112988232195
-0.059522750540148606
-0.07279415654000901
-0.022484166164681352
-0.03305214961214114
-0.044601535065061135
-0.04308914068581294
0.03361726642179656
0.020880082544882845
0.027924167232078176
0.0589750275655104
0.08261478914943478
0.054178004495275024
0.03582401689662541
0.06957172844978048
0.08542972342136473
0.09434388028115878
0.1332956646416902
0.12461559131777936
0.11791811514635316
0.08632220302089562
0.10217082974997119
0.07478285900738972
0.08554145372495543
0.12316749723455925
0.01391863667972719
0.09478756472906558
0.03306372263288848
0.046834009618542484
0.03316876215110914
0.011231312287231263
0.01795931813471361
-0.005242966599148617
-0.018438919249715288
-0.004601193348791364
-0.07429596882038549
-0.07462540827675801
-0.04289202925301608
-0.0516927411525661
-0.05160346169089888
-0.0973735804189218
-0.0970260120091944
-0.07988181862953772
-0.10622919424075415
-0.09271031533933832
-0.11339207304779379
-0.077897144124923
-0.08896315625395587
-0.09013739558611535
-0.07848402950638957
-0.08434374014505003
-0.039731655343138765
-0.057332462729022655
0.008090191505909401
-0.02653724604610324
-0.034235478946836366
-0.008451808434997097
0.0005206568902082808
-0.0036888674694039586
0.06472639683405948
0.024600136680709015
0.06025825832392798
0.08153613062571699
0.07777162252173156
0.07551089166089553
0.0915772375667189
0.06882970179107796
0.07786462273676906
0.06511547375139236
0.10197369954197232
0.1077184270065327
0.1067335994994198
0.1100598911728301
0.08012113275965294
0.08819313112508029
0.08740860171538026
0.048264087941064
0.10417848394718593
0.03222826912924457
0.06212148908699415
0.02457125557052599
0.018509950839754437
0.002576600048018825
-0.023716689056781117
-0.03003512126983903
-0.049599076945369316
-0.04882368980151774
-0.06650552237489253
-0.07007004986582493
-0.10035529865936764
-0.09928075415916895
-0.11051620963059677
-0.11509628828465297
-0.05401602034207954
-0.11426474255296994
-0.11318752158025555
-0.11776011501992713
-0.07480974128232132
-0.06642968913280183
-0.06382223527665032
-0.11111579851112668
-0.06985890463489226
-0.058382056790922954
0.0005565261291224088
-0.05416266523917185
-0.015417831401319382
0.0160456045573235
-0.00036188013531145233
0.006051335913581764
0.01967089604083428
0.05633019598459367
0.056266219829763965
0.06979731066334993
0.06698118711155214
0.07002844190357253
0.11069360420498331
0.05834080502524896
0.11006164670990679
0.09156469059532332
0.11460109598073505
0.09779533914418179
0.12109288217246936
0.0697902463787544
0.0645098471172455
0.11710807070643038
0.09300593050819506
0.057282011980591685
0.03201190237796969
0.048252281814211324
0.03396989674165759
0.04303143846928795
-0.01893405187820582
-0.024033125511388767
-0.03261537107196168
-0.019578004317108547
