0.03722290272334272
0.019754084877449025
-0.023752492614207397
0.013976382162775493
-0.035433585453632066
0.0018222427191198053
-0.018236305571407523
0.010843709018518943
0.004473563038208391
-0.012613037064301946
-0.013919406206969555
0.013501489836994961
-0.002231221717459384
0.00672540157662392
0.003918272819270565
0.0021115739803679026
-0.021881718433559454
-0.010831803466177682
0.002706910055719932
0.023679593953114655
0.023813635063846296
0.04653563150855351
0.03360847858464679
-0.00934083403226757
0.03620191620925013
0.02067126518680669
0.009436845488600765
-0.005280226024856934
0.04608229733227411
0.00939811496511555
0.004200217425666139
-0.006588531254388588
-0.02979595111052693
-0.03983878913599018
-0.0028703576897543878
-0.026005097269025453
-0.03840603670308031
-0.07926352771016136
-0.018539836734588186
-0.037797914780509256
0.0376525687397944
0.00024047104854096456
0.004405144877377444
0.034113425043972634
0.014066943085291935
-0.012719728742219879
0.0053993396048872214
0.009071726395148612
0.0035182510151584717
-0.008082353501771347
0.023225593885558667
-0.02401521141294601
-0.007523972753260084
-0.011911239551433708
-0.027107532150581322
-0.011627635418655033
-0.040126941116576206
-0.010313757706559495
-0.01812939898109726
-0.011825035035842174
-0.04267198887655205
-0.02832538348541798
-0.022952224347152654
0.022793899790557477
-0.026085449450670248
-0.02999425661691513
-0.00531350041314219
0.0015792002991079322
-0.0028722153813132093
0.012154911244540677
0.030851071981838066
0.01829131155065474
0.029729318025128244
0.03938975819653472
0.031550560982949796
0.0027255843759488125
0.014635987123931694
0.017783523051237166
0.01834698993248732
0.027144852505416654
-0.022936912370227797
0.01192751820871908
-0.04011264691418899
-0.033709283797230656
-0.05138601810656933
-0.0032997453504109864
-0.03828694700799806
-0.022823515696715327
0.02065359007605169
-0.030713900863046314
0.017275914107588934
0.01781174503933835
0.04157352989647578
0.046367018003164846
0.009501320136278165
0.040503107782705675
0.056482555435012634
-0.004417680230828291
0.01767107849235505
-0.011889817752868778
0.002847821632540776
0.0080555603094144
0.00512566792669303
0.012493363009702711
-0.008218728496957749
-0.006334432740576817
0.007734230847983534
-0.01877911632944466
-0.022965391756054172
-0.027792045185140175
-0.034299914745854816
-0.013071863354589852
0.014178458886284342
0.0014636807964366538
0.007571284162068297
0.027783466588572794
0.0012602700316985656
0.0043112358006038454
0.010698669925919715
-0.006994372879789185
0.03152528016106948
0.047337669715121315
0.0048510553200680345
0.022902611247608253
-0.01579166224107556
0.018759595862770886
-0.013692795739150684
-0.0005373609714150976
-0.029952037433882864
-0.04873820607992818
0.02698370396611487
-0.0008802660658023785
-0.0646751049652334
-0.010129677744788294
0.025350264010238426
-0.031986754248654325
-0.008386140865117096
-0.0023419078841446592
-0.006359375450621561
-0.0022633783601895582
0.012089590586304598
0.0024195389638738576
-0.021484374446060626
0.03328894130817702
0.053537078490930645
0.01727104463169012
-0.02399929767193711
0.053654880465425506
0.03754784150431484
0.03707918044092751
0.0616267313247975
-0.030130698986955914
-0.0231888216222711
-0.0076377956082843215
0.018186059962864924
0.009615245162120097
-0.02737785659616533
0.021308077545304394
-0.0020343083608263916
-0.006416274444758299
-0.023508346600166628
-0.02979620330615397
0.01437107085681511
-0.013170875283788984
-0.014147232551773465
0.026439152399151934
0.0018194863981847412
0.02080345240358604
0.016275284671565516
0.007160632043224263
-0.031094766112933686
0.015630416649450574
0.040430053974249626
0.03469096147585491
0.0059740698460592195
-0.033087260821016755
0.007303717988701372
-0.04869563386555492
-0.0026752455569911395
-0.0007247039480547286
-0.01641631717571653
-0.011247369683668
0.03485297372488266
-0.04062310529695324
-0.022584697613275785
-0.001865617237918794
0.000948237952769564
-0.01817369450229233
-0.009389948585902395
-0.020500403566757284
0.016703840598892364
-0.0026512053605455173
0.008977878349105404
0.007273292554610596
0.014474171474336375
0.0635775709111548
0.0413850932673774
0.03163797323853622
0.0017110952317095432
0.012559217323818431
0.017542599736950888
0.011181551017821388
0.03638919266481146
0.019431157688993846
-0.00818778025345131
-0.005204206735571928
-0.0030862385487225186
-0.010462062668599975
-0.04855187007411668
-0.01532818389123225
-0.036267968098381516
-0.010100917911899807
-0.042845372197544376
0.0030956405167684815
0.020050115378240786
-0.01279194968392518
0.012523222402258965
0.0220081854323921
0.013264895866570906
0.04065859990166235
0.011582498206452093
0.021733505231147223
-0.0025056261672612677
-0.03767321218544193
0.03575700370073942
0.023192714007738986
0.02748771869587453
-0.0028887729879727734
-0.006255845207669133
-0.007590972271013343
0.004639683307109175
-0.0006413818884918217
-0.02969861738554261
-0.05381217767823286
-0.03226241572779693
-0.01656231573439257
-0.03025361269993253
0.002615033577371641
-0.017765241899776206
-0.017702649111939514
0.015109028649830523
0.032317465058681195
0.00418206217606551
0.003930798459076174
0.036060498714484496
0.035410944773068734
0.011736163050087796
-0.012890654562807757
-0.0012292630729680513
0.0008446997161103854
-0.010029529780496564
0.029384434985689326
-0.0063041520874650555
-0.024016317909521048
-0.006720026131068236
0.02461308543401539
