-0.02191673206724723
-0.011413728931732484
-0.0013092921460238608
-0.005290795508761305
0.004922176742185504
0.03930393068972581
0.07612454455029471
0.07518730519157915
0.08239339309284743
0.10276565366068541
0.11725820541307584
0.13222237744570864
0.1704648935015158
0.19421325397829894
0.15743176420098448
0.20089656879837184
0.2119072393262305
0.22897382601597913
0.21464197261498946
-0.2512380399786955
-0.2556269999494494
-0.18349991998812493
-0.21483161414329002
-0.21145269527769872
-0.13340907969625596
-0.14053027637624807
-0.12289501450766008
-0.11318562378174143
-0.07470595975718075
-0.09762844224196536
-0.08664297646301533
-0.020428234799163697
-0.09284426935128123
-0.018519701008468094
-0.03088821819086226
0.015439858808580335
-0.0033008588462846086
-0.0005551945163969549
0.05080648780838786
0.040075163657006016
0.07364526903166242
0.08414233397856559
0.07931633871625582
0.10045918443552813
0.12100841351209161
0.11940564085840205
0.1905743088096652
0.16470006722996994
0.2114418719613888
0.20615749941761066
0.2216936673170549
0.2175512750244474
0.2680309379926556
-0.2330948920698437
-0.18889220981371957
-0.197881228892052
-0.1507957682100749
-0.1767616121286218
-0.15152628957368303
-0.12764395490032449
-0.13259834031568876
-0.10656721631818412
-0.14645643435402364
-0.09901576655569111
-0.09358517988961867
-0.10464037857548043
-0.03624406096820448
-0.03267136165461927
0.020462429598618194
0.035382303793903086
0.053542173425984226
0.0544106691242483
0.04598359217187033
0.06525050520165485
0.07409835030352764
0.10157448316962761
0.11692121571495094
0.1323681772635195
0.10727470805496589
0.15298704189459736
0.1529063790564912
0.1815601515647415
0.20458376981992513
0.20415929698793087
0.2039362580044901
0.24804340284463583
-0.23602376050510313
-0.21533186552630396
-0.1752740466618961
-0.20824817793138983
-0.14370809835978682
-0.16729651753470653
-0.20241200520814184
-0.11910660936335023
-0.13082441712524728
-0.10827841507101646
-0.09763723446357475
-0.07746189837670257
-0.0740256356722965
-0.062364390716780516
0.0030179923947012133
-0.034168047478695604
0.00011506094839341691
0.0031825911453503856
0.020098780911069508
0.07622459929700406
0.03317489405757222
0.0607760542955039
0.08003044634412709
0.06783623675762966
0.13588668772989154
0.16397618703745337
0.14851459864404612
0.14916262727731902
0.17946828075925256
0.21894334683072975
0.19046841037367185
0.2431488254424321
0.19990437036635939
-0.23059870151965894
-0.21771520572765565
-0.23658851360650604
-0.20497857921388538
-0.16256189359288725
-0.17530990604047117
-0.1853078249953002
-0.1625009862698876
-0.14208012149777363
-0.10080283040300642
-0.07887397656210962
-0.06880238713847234
-0.06528736674025623
-0.02037804241666906
-0.039074015730808966
-0.018593350835846956
-0.004136791705349177
-0.032701860682342564
0.013558411820430626
0.022431865617780176
0.07763988310159597
0.04296182775332396
0.07227241216262725
0.066929713186146
0.09134913423139882
0.11725706192992161
0.1370500327727754
0.1497535200351659
0.1650713080478071
0.16821306843811945
0.20218545414608913
0.17540894333507837
0.25874326140661336
0.25878579790200357
-0.2332221793788118
-0.20070494177984208
-0.20443005646363535
-0.17220331740715275
-0.20838399827702253
-0.14903832692125663
-0.1418215428146541
-0.16157879885713727
-0.10544868787227012
-0.11143411087984861
-0.09274710660612484
-0.04071743714555132
-0.0307669307655154
-0.03131919117743212
-0.042294125006325
-0.05316920403574116
-0.0018666118044083596
-0.003161130514571219
0.00580440457263285
0.07566227779375873
0.017912635571913485
0.06698529995442683
0.08408457188695621
0.09198133897765806
0.0740603965492019
0.15174653751184877
0.12354837895380706
0.13283487365658087
0.1315130455053099
0.20354036627946268
0.22461219623508477
0.2128400434899956
0.26577716947525776
-0.25122778991911915
-0.2250792913677987
-0.21968218670909107
-0.21707146486460902
-0.2072674629076154
-0.1988997318142912
-0.1494381784988114
-0.1696482927684841
-0.13256038151100336
-0.10215813969608098
-0.06971060079203496
-0.05130980793853167
-0.05341631735705428
-0.042647990433227125
-0.007985162153581884
-0.023558943490408196
0.012865010107955979
0.019280228008643943
0.014029246284701369
0.04591679303800516
0.0727315491958315
0.07047081064948635
0.0834435793508064
0.06940426680572837
0.10479996964996494
0.12820879775944152
0.14929713995838514
0.14146222282703602
0.1875017334700856
0.16908253004335555
0.191661678259335
0.22127978813087598
0.22901618730267811
0.25057882797685355
-0.2408584109312332
-0.2564906667314157
-0.19397315019305333
-0.15742554968600955
-0.145677377480281
-0.18950347748572244
-0.1451621491581583
-0.11004962140596984
-0.09515394422890636
-0.09326878605198084
-0.11519492609061889
-0.0843166878912295
-0.09082049482306995
-0.08897279575920936
-0.02411950593365523
-0.009678882101803277
-0.004612175255980889
-0.0093267337238012
-0.0019743093048546975
0.05052149940929718
0.039915264585853566
0.08970852011746953
0.06718599119795769
0.09628439791532017
0.07127398956736475
0.12802269969707575
0.16718635815429403
0.12814531115578334
0.1351992240595986
0.18326808357121638
0.19712101468032064
0.20228068359121268
0.2501452866299284
-0.24852416174632547
-0.23461690817916198
-0.19649619783148836
