0.031237674206189843
-0.01188250422832057
0.0006057001849429054
0.007833762557702618
0.014971142187320766
0.01473356452055671
-0.0026253012921054527
-0.00576754148355217
-0.014185387648721608
-0.001601587530530569
-0.005654729604565997
0.010462580400701775
-0.00263554762403914
-0.0008285306461014398
0.0008686157291191874
0.03967495647357857
0.020271143262561842
0.01673181296798334
-0.01932698838337422
-0.02291679677369038
-0.0172860800253425
0.004073647062813195
-0.021304511289264805
-0.021151047218797986
-0.009337723562981225
-0.006599250286069211
0.026314613632921365
0.019698919395006127
-0.015997431641563073
0.003190908842011937
-0.03044679200351917
-0.0026117347468595916
0.017059431425097908
0.04499556209722379
0.027180871925485003
0.009916508393511183
0.0015250612208160125
-0.005688414873162909
0.019957703796072
-0.018077146750972134
0.006748596999960376
-0.027868255231818725
-4.631477409340959e-05
0.023456761290226086
0.03004587438218982
-0.012882684986697401
0.013287976985684319
0.023751181423354875
0.002648691376653714
-0.007429867198142415
-0.026683597207391423
-0.03416415388205023
-0.023253913570262748
-0.04208310454240265
-0.017875365907037415
-0.012467379891446435
-0.0500962484157091
0.015449426529777294
-0.01467112223144204
-0.05076742279348412
0.01405814059023541
0.009503814914586507
-0.0024741112129043645
0.007244233867693266
0.007280588506037465
0.03956190590591677
0.015003134338343216
0.007868023776413574
-0.0018193944870258574
0.018259228961637883
0.03599334576578743
0.007296123227464216
0.01496495531042334
0.08023375239601716
-0.024533056821798457
0.008981808153482658
0.015313503574862091
0.025376811614708464
-0.0011641576678570018
-0.02800410564354232
-0.023703732665234643
-0.02950815819098058
-0.023551022875753384
-0.016306225475255627
-0.03643479205977263
-0.00207387062700712
0.01512239152916717
-0.027240028308089574
-0.0027407469755839405
0.0005554148958564903
-0.018594080515162266
-0.03374231629965809
-0.011069611302070691
0.03710723104414801
0.0014285931872101362
0.012610414980673796
-0.023772051023731935
0.03150163990405412
0.01939335310669292
0.018638334541948506
0.02525894549349511
0.04145557632596671
0.0004874346010307999
0.01687000144726136
-0.033017982395144155
0.01258363969573234
0.026653351554309854
0.044715228937322354
0.025208775800741684
-0.0471420942030969
0.01275733579325906
-0.01647912528457499
-0.0002141765093672714
-0.014947264740793656
-0.02167676177522693
-0.03242104842806172
0.0011660187365912407
-0.006625942815851348
0.004959765660539387
-0.008199144656741066
0.023805359471776918
-0.008051113914022938
-0.0091409762451142
0.0026800136981574626
-0.01601157739939743
-0.02498872319735167
0.02171985826519787
0.0021189096323963458
0.031132860666026437
-0.0059543937575318754
-0.015541622849842002
0.02053323000696105
-0.0020520673843938235
0.005134998740875362
0.04887223644324168
0.014048407677167177
0.027881286241707964
0.02180128512438606
-0.002553623983379197
-0.014385245943783322
0.032591420153148525
-0.016133663133565238
0.021979221853488384
-0.00569392253784054
0.007335825739186247
0.005228026943855623
0.007551863324164917
0.009052107705525041
-0.03539372005777409
0.02188014196451359
-0.037264136872013215
0.011632904992058064
0.0067864371915546395
-0.0005784462461786467
-0.04562830051009312
-0.0035459897540387666
0.029910858298104418
-0.002327597395216611
-0.009934482968200568
-0.003407866477963613
0.0023434625612922017
-0.005280394635443736
-0.007706271384424009
0.017722598938377854
0.022536364171742256
-0.005722838404265402
-0.017552478960706053
0.032683252389294176
-0.05604823871861721
0.02734479965016072
0.026642741742846567
0.014414259035031863
0.022172995507181426
0.01415508175021227
0.018587734774398047
0.005376102019255742
0.008550157985292586
0.027441112157886003
0.00927908123164083
-0.01942107365097733
-0.0006365982829293071
-0.00044461707276262363
-0.034392149816149624
-0.040646731038218475
0.03714654574391821
-0.025749657937340027
-0.025586904026194686
0.012399849840890285
0.008343548499418447
-0.028490917917642515
0.03198000649121585
0.00842945613559921
-0.006341667568789042
-0.00888933371887349
-0.005766836885919913
-0.03094897744262742
7.4736659402630315e-06
0.012406153213974404
0.04160716121850672
0.005639524436990447
0.0006645799034849936
0.022361646565654446
0.020039531238215374
-0.00649791180517496
0.03841835212969083
-3.9897103127366565e-05
0.00661830500968376
0.01589473421730354
0.008966512196149823
0.02787476430198568
-0.0015365279292626605
0.01636629164562556
-0.00333451004493189
0.002410496490230707
-0.01662495909383894
-0.019393290344083734
-0.030318054529226847
-0.013143168405137672
-0.03806036973647511
-0.03826680674931356
-0.03784186704946529
-0.008188024321286545
-0.05267199762338915
0.007827069035236082
-0.01272575832970214
-0.010972826038542213
-0.008398304975458638
-0.0019149218632947276
0.012576195858621571
-0.020195680328392952
-0.030615371174545117
0.03925668682637474
0.0451937693614821
0.0403256644557906
0.005211077856980813
-0.0004475092989846361
0.03292589615073552
0.010766004978092545
0.023414892615418494
0.008697488349593954
0.017813652832045748
0.0010018684105445172
-0.012376530961971121
0.014422068114405242
-0.0009053413003907123
0.03658008443971946
0.029188734540652884
-0.0006960432942877642
0.024302153796134963
0.019417973067031316
-0.045965721675878354
-0.035463882111139704
0.016402433710344264
-0.020808622255264007
0.0004026622387526581
0.020589042807577423
