0.01265581578676431
-0.1606281251232507
-0.0716857750128221
-0.10976466493512141
-0.14468242500887388
-0.10567942770539526
-0.07237073985302647
-0.044113256238781574
-0.017315630947309386
0.03786015310030455
-0.0881431062366766
-0.06892029523677706
-0.10247901769466156
-0.12749342394326624
-0.11829232289105852
-0.03582555145460436
-0.01257806420725243
-0.06040557939897785
-0.06508144546115532
-0.09773776305198963
-0.10404457513320373
-0.010319410552564842
-0.01934332582895472
-0.09969692012778605
-0.06271172023333002
-0.08732827594350065
-0.10324542550756889
-0.09686785119313697
-0.017490683268675818
-0.10282476694124978
-0.11479583876349087
-0.15286256957185043
-0.037086163809221535
-0.014949598836564177
-0.06096949945121927
-0.0022568816362939998
-0.041101759026215455
-0.06420709546851604
-0.04945516211757794
-0.1227987105339394
-0.0008503309648617806
-0.09012441975096905
-0.08123501999664898
-0.07473123431292111
-0.10189425781379251
-0.1559222528563635
-0.09268268811151006
-0.061869137280585004
-0.08652784198563622
-0.11445149015370362
-0.08222661121706762
-0.09342381387158064
-0.07598333600335148
-0.13781109442024558
-0.004017585589512707
-0.09042502786165542
-0.12630640056315268
-0.0022534664800598347
-0.06539972363899747
-0.02426275990996182
-0.14882641528938706
-0.09090709761823669
-0.03559650358459785
-0.022672089113264758
-0.02557080092380808
-0.011504373875167248
-0.11475781822280547
-0.05573241818710738
-0.1258774652775292
-0.07626792413062002
0.006415712710205433
-0.008694964037302383
-0.17833352278431738
-0.11042014460226929
0.0117700264066719
-0.05707755999272798
-0.12474693611880916
-0.13562897126952866
-0.02406555161775934
-0.012223627581247894
-0.03989895209445745
-0.08413901781793198
-0.014054493217538717
-0.041019833689188656
-0.11526480893622632
-0.12767591768651004
-0.14227567530141444
-0.08715808791579735
-0.15101458300445644
-0.06200101924281998
-0.09554593989907972
-0.12911403709834848
-0.12091946698201608
-0.08228932597279397
-0.1333232071041616
-0.11457627502308992
-0.01106770262329652
0.002019285351719635
-0.0723614205672109
-0.02317015147550717
-0.014187633540887454
-0.056503548030191315
-0.02719299928210086
-0.11750205082707
-0.089293576800301
-0.005855629278789437
-0.09775067688700635
-0.033537247318846726
-0.1281557199651026
-0.09980789843809375
-0.12197315372620524
-0.12695453118556807
-0.11788215059041193
-0.14492919757273115
-0.03454808352987229
-0.04153322346338908
-0.09452890114707407
-0.019675822223104197
-0.052397283832754105
-0.07124164462714505
-0.005572316692968572
-0.11270299017484761
-0.062191120401421954
-0.0857916773371348
-0.06348112576456011
-0.12240287209407237
-0.15231329359601184
-0.09002183041504308
-0.10926430522767983
-0.14763256455469742
-0.06229273548719689
-0.1126439319356866
-0.012841553485886496
-0.031924808428177624
-0.008835101550659313
-0.016516658095855508
-0.08551120054077442
-0.07140404072490598
-0.1076397109422607
-0.12301626837940864
0.014295258033619414
-0.051871191464046874
-0.06105736421297888
-0.09701910220743615
-0.11294026237347622
-0.09557645612088742
-0.07522333973106543
0.008891362203077131
-0.11337778783136752
0.006297723532070119
-0.06633010447672415
0.01757893065993301
0.0005593762492506153
-0.10763349526440792
-0.09694496367260072
-0.02475215631736151
-0.032320679574686956
-0.10036740669280604
-0.08214322546868506
-0.06698245494678805
0.01631922998986326
-0.017621937355077187
-0.0160536475678686
-0.13508828883988036
-0.010399309435839374
-0.05027380779924075
-0.026884288132239594
-0.04720031146942716
-0.02391814197641449
-0.005999258226872557
-0.08231769114453663
-0.04484853332443432
-0.1382821682796862
-0.04602285256776539
-0.005394350672887564
-0.11101658447521773
-0.051618828877547596
-0.04977220888770223
-0.04840257874089295
-0.08359015269651567
-0.05889253771463542
-0.03690166124923604
-0.1027258437335917
-0.031062288519422318
0.005293133096672599
-0.049476313934324875
-0.08180057286936684
-0.09242112383418685
-0.13262341144117432
-0.0877052298240021
-0.01515500360453359
-0.0638681254572098
-0.06218626795217748
-0.09312602742365347
0.00044536568165057244
-0.08456779685276711
-0.05883484636288361
-0.013759098883440164
-0.10683016251961261
-0.09853718363846983
-0.021805929843142977
-0.047736447780212465
0.021953168904519236
-0.09600742653294934
-0.13259973357264082
-0.047596181601332666
-0.032404975745944004
-0.11089070074863012
-0.06528208225378128
-0.09597655118843484
-0.01669584841841727
-0.08390158854404023
-0.052385684586937084
-0.12128736778504122
-0.04713345636530739
-0.0885720522743998
0.010891436449286307
-0.12572512206990472
-0.12401683573026376
-0.04210381464090733
-0.12108371081865257
-0.03185674994918764
-0.1368812967689189
-0.07380892365696329
-0.06979717706595476
-0.022762810157795382
-0.00038537460740917674
-0.17313479136792115
-0.02995446793582049
-0.01486035518602061
-0.02470589173939647
-0.10017161018927329
-0.11536423353062648
-0.06112669583066783
-0.08016801302259474
-0.09900746137956734
-0.14941899452418317
-0.05066181523637378
-0.03362623781255106
-0.024231744159945397
-0.0030963486230834794
-0.053978333889410715
-0.04030531626754589
-0.03534571433216656
-0.009272020109985043
-0.09165863946531932
-0.07957818156200767
-0.10985134711361018
-0.08186949261079723
-0.09773121279311743
-0.018255111916622088
0.01883155967861431
-0.0667895593912228
-0.1360872058113787
-0.059860623456586645
-0.10629400815264499
