-0.19507674932711064
-0.21897761969761537
-0.22328798510631218
-0.16804307363660473
-0.1764879050167489
-0.13030993627976378
-0.14220073103094877
-0.12399154489227907
-0.15305990826310323
-0.09806803564379471
-0.07207261357955302
-0.08310491902784013
-0.08141823979673009
-0.045311248001799975
-0.03430923232094042
-0.03452306309234558
0.013402785558537758
-0.040976480242431085
0.006824587252922898
0.02968434506653693
-0.006211531708231809
0.04289641664354048
-0.0018270457634106119
0.03567737603115463
0.01696151764030885
0.036495784678266814
0.091911296234555
0.09735181934778303
0.1182552986239763
0.08936788444486383
0.1100823931742983
0.12518462248619386
0.14609682640409133
0.15839858907908505
0.14927712881101493
0.16356349420921235
0.20460682871295915
0.20596988049779946
0.18383949006161387
0.23812478671044057
0.2592884718535112
0.23438957426681029
0.25988455778584135
0.2575670581963208
0.27234957717716896
0.23795080645957156
0.275391099143044
0.3079144380339057
0.3348308769333964
0.31710144650906813
0.3326191146425785
0.366291708396442
0.34982677489476527
0.3599625522018436
0.37947621454317637
0.40086797999397233
0.3712202477966662
0.4075183257338754
0.4414615573825395
0.45047661955809315
0.42062870640193745
0.45290813754615566
0.449616838830559
0.45639984455601273
0.4866464124711394
0.4904475810214563
0.51305309043843
0.5227121592654267
0.5317307787894872
-0.5590268212784184
-0.528508034852184
-0.4977392569983373
-0.5125831330949918
-0.5247003070972099
-0.4788136474456489
-0.4807679099746033
-0.4569339980499669
-0.4742869931971709
-0.42911666275051474
-0.4540323524277615
-0.4217933831199282
-0.3739045296122575
-0.4174724805368117
-0.37054314947529154
-0.3432205230644063
-0.3811489694759691
-0.38932122520892026
-0.35103994888677853
-0.34053917006640416
-0.3436734323081794
-0.29381054920583777
-0.31219231922306206
-0.28104797415501587
-0.2668299653247804
-0.27197787363230014
-0.28196258120340617
-0.24818054011067886
-0.2518947677591476
-0.21877748924057563
-0.22454524136870055
-0.1975280271781863
-0.16982302388332315
-0.19620060204783027
-0.1703617874470314
-0.1855411922110571
-0.15889989880562688
-0.1305391205759196
-0.14678396326529455
-0.1317463551388252
-0.09257410851272119
-0.09123139970905683
-0.061345227920771156
-0.09242867786729012
-0.05550208661487428
-0.0798382787122067
-0.020222125762260842
-0.03911750098058898
-0.04055585199613946
-0.011538395672707967
-0.012018314374174752
0.00801345293850729
-0.011627787649980577
0.026247910234091967
0.057784453603029536
0.06712013872974393
0.05400744435991957
0.08662854027889776
0.07031272859318029
0.08758382757768955
0.10989138193796426
0.14402402033575104
0.15984363880303373
0.10912055707414706
0.1383220548343242
0.17284695425841026
0.17630163587282643
0.17552177658483184
0.21215815733809584
0.22549022591870768
0.24101565164707905
0.2311043070358798
0.23490826622744249
0.2218479742950468
0.21027074585543162
0.2844936030308567
0.29298272624898297
0.2812129006350846
0.3098619427311009
0.3275213390333349
0.3103809881372336
0.30752651180333285
0.3254380478279087
0.3789737576978039
0.3730944925311364
0.3649849042031399
0.39799898852672033
0.4196012735403247
0.3951728169106582
0.4416182747236917
0.44028396163204264
0.4345582759363756
0.4126466990133689
0.46178132551617
0.49785974184205933
0.4702234988466215
0.508814079903593
0.5054579272780058
0.5167370736636971
0.5568103074037388
0.5174961082247538
-0.5118240858517582
-0.49229994165819246
-0.47282500255729326
-0.5144300527287902
-0.511488279625411
-0.47507889457380187
-0.4913380497933963
-0.4667744635940255
-0.43443967095797204
-0.4645871367769708
-0.43056347786607857
-0.4075166941051599
-0.3688071177165714
-0.38915198274342877
-0.35209448789193326
-0.37560190811427346
-0.3308868003344404
-0.3558400868062884
-0.33838821399518054
-0.33137896867438943
-0.3069180505372496
-0.32698446586402496
-0.29860250388969506
-0.3131295971972313
-0.2794375569923548
-0.26668133744472927
-0.27996310877352765
-0.2543009386898673
-0.192941927019995
-0.20061399685809217
-0.22796433387351359
-0.17830574427092277
-0.1897217992390988
-0.18661142907536005
-0.10296003142807186
-0.15344235209278612
-0.15109754739807219
-0.13589629311734858
-0.1295189027414063
-0.12655042377318027
-0.13853153252560013
-0.07938012369806528
-0.08088059295404063
-0.08017942200345331
-0.03988715305309576
-0.040476748074094265
-0.03839231131646406
-0.017634133908813326
-0.03598442136969879
-0.023334191260890483
0.005997653357650855
-0.014934130731348427
0.06672923752657955
0.042204346485284046
0.05566489289690426
0.06597196267117626
0.05711506263038221
0.09410853152869417
0.1096790191395012
0.11145015970998047
0.08020592515050085
0.10070321558576202
0.11857319975532743
0.15527639283217873
0.15990875327689302
0.2121792983275643
0.1910186746436299
0.1766695224586795
0.20104289266455677
0.24266567648164378
0.21830945338947377
0.21967576080442072
0.21859189439735366
0.2770541448846039
0.25666621479938095
0.27721357913671896
0.28361064854743134
0.2626488650678173
0.2973035180208296
0.30635004054831033
0.30727126796364984
0.3525922267339962
0.37810447551153487
0.34287733091074835
0.36364593763805897
0.4283701225018068
