0.6801561566333321
0.6939979864684436
0.6895461570662541
0.6612390941306459
0.6421512134517207
0.6350840072867623
0.599201298288211
0.6188821745734825
0.5711324993615321
0.5261926553581587
0.5293558628359867
0.552673518739909
0.4707803318569362
0.45831309724832564
0.41697634601059613
0.4287711722712402
0.3884452415063393
0.3209925486096498
0.28412833737323107
0.2274722498104465
0.2327166752663392
0.19388362325030675
0.11583485187924468
0.07563976293097817
0.008076914135114271
-0.012537312736150132
-0.02893109055847377
-0.10245684259284318
-0.10359828901565205
-0.1834128048224661
-0.20324818995810262
-0.2532392929552634
-0.27883285243473943
-0.2999830950324271
-0.3532313845509028
-0.42564753583841575
-0.4340516422958196
-0.44154259050826045
-0.48560248147101664
-0.5205388290107028
-0.502361399660498
-0.5811372259958935
-0.5917104103936631
-0.622979132029516
-0.603935240253197
-0.6423201618493641
-0.6039739883382319
-0.6670184929997968
-0.6473029745703742
-0.6762018621075053
-0.6905587298023165
-0.7081221806460315
-0.6482202458751323
-0.652256025453548
-0.6640676875552793
-0.651090771384594
-0.5972453702905542
-0.6240031194570178
-0.6135131690736264
-0.5804182740678745
-0.5163740379687619
-0.5212765191084842
-0.4813988698767536
-0.48996108444347053
-0.4178231403176838
-0.4334869459134996
-0.3639682542764815
-0.34268164475335633
-0.2818066294734439
-0.2454818450844667
-0.23305894611225653
-0.14761220973350772
-0.07976504852371802
-0.09926280873274926
-0.07794472807370798
-0.028120079893954878
0.0222233742141687
0.08484825926014974
0.11862817350074346
0.1760442230834666
0.19188019144695576
0.24425944615832337
0.2755693115194771
0.34372734267629856
0.3283544681328535
0.392755470621201
0.42459371312237465
0.4725219739841712
0.48087261844989554
0.5764435466927534
0.4775063324186383
0.5459953262290658
0.5696231245063771
0.5814928115734282
0.6258608485826938
0.6629231392284729
0.636517084982237
0.6673121284980247
0.6519470488218295
0.6479238890998346
0.672628194700641
0.7134888877782095
0.6580645741272592
0.6876236048200728
0.6724232768858553
0.6487919191428286
0.6515782368160924
0.6025369197774231
0.5871885258546168
0.5912775939482705
0.5453589254250959
0.5209616355532358
0.48872602184456587
0.47493943941682815
0.42929610483402175
0.40563266365420964
0.39229982153618054
0.3698194432228441
0.27405145406925213
0.2886488451183271
0.21978064259901106
0.1841792367083635
0.1550584313289099
0.1183371300759857
0.012941291440478855
0.015421018931822506
-0.011809681762084977
-0.06957163685143747
-0.09421132032356361
-0.1622939310916873
-0.19270871238355106
-0.2418133459657943
-0.2865348779588049
-0.3223132094545703
-0.34686026832363553
-0.35312178967995755
-0.41287638562060003
-0.44167856861724697
-0.4837851720587662
-0.5045457455459479
-0.5102182597014996
-0.5767879328371439
-0.5861475711998104
-0.551457999535314
-0.6345562082088236
-0.6674119995766192
-0.6244363218346847
-0.6430801509797046
-0.6748625669763035
-0.6706606379308326
-0.678930307969362
-0.6776395953950003
-0.6782067714117498
-0.6695511693135998
-0.700275987357309
-0.629403971780328
-0.6613878146065999
-0.6229733596313403
-0.6094358985607665
-0.5724978422182684
-0.5528417407544269
-0.5328004943504668
-0.47083002552654596
-0.4983639904118087
-0.4337805161334612
-0.3786948828017162
-0.39018859823627206
-0.36541588299310357
-0.3325497573578458
-0.21420459880763487
-0.21447590772127156
-0.18627965663514418
-0.1345546692907152
-0.1246613881632435
-0.09907656993818809
-0.027709240514176843
0.029552005389808563
0.0761248445503232
0.14113288264565932
0.14409861517848582
0.1894087286579617
0.2426541593561846
0.2768569030106593
0.32537324211602625
0.35643689857487393
0.3740436232088349
0.4069793113655444
0.4546675384441338
0.49555888067942344
0.5353951827715802
0.5309824911813935
0.5305733050047831
0.5694847679377482
0.5822376242008498
0.6212782136604511
0.6269553973303257
0.6493488836651522
0.6352948134847173
0.6485172204750854
0.6706902300365085
0.6530176168860288
0.6545189867089876
0.69051147539285
0.6232256938198732
0.6443635924272865
0.6277032313276256
0.6232219976461306
0.6285510888734953
0.5872138606404794
0.5478832018437685
0.5689269164523332
0.5110816304927114
0.5165733411219825
0.48735882255312174
0.4880741417607851
0.4439373496508039
0.35686091144033305
0.36122522049176764
0.31445513909531086
0.28595522226393166
0.21749313033514114
0.18508908151814285
0.1589183432830688
0.12744234080864586
0.03002852051686137
0.030995413619825267
0.001975648572430124
-0.06253313955643307
-0.08622744409113674
-0.13308674356479588
-0.15147867077212435
-0.22490751204116072
-0.275960879482891
-0.3068448965406449
-0.3616106047438501
-0.3956727290697698
-0.4253654734791294
-0.45413266802252694
-0.48862565946777187
-0.49626362578361866
-0.5412173139441256
-0.5693095372490993
-0.5743111904819833
-0.6080707065454709
-0.6258295253024948
-0.6281361889640378
-0.6172831616641125
-0.6398354773024639
-0.6720573694201689
-0.6462797236423682
-0.706794632989966
-0.6481542085838743
-0.6447329451534659
-0.6627501908786962
-0.652826058327709
-0.608300380763825
