0.028487534675957448
0.006279376641786407
-0.011483354243882703
0.04514796295872604
-0.02127303810909314
0.007545693959723926
0.016262682517927528
0.007984092783443086
0.004423548464703764
-0.04405630434299014
-0.05421341963545826
-0.01558634549845997
-0.018438481200645576
-0.03610055017165351
-0.04699783394298265
-0.016448118682103795
0.010493216171121172
-0.01928188354556216
-0.025129373275633957
-0.006558114677307051
0.050377814249230046
-0.002706032269819518
-0.007754641514784284
0.00020981178335614456
0.0004621766690826555
0.02464998690070338
0.02657468258391771
0.0363574047726771
0.024739334544386427
-0.008873612039599563
0.02121900614074316
0.010251965896950262
0.013777499214857498
0.004460066759375138
-0.02764295037534227
-0.017324204194562577
-0.01900651589033617
-0.04501614110669832
-0.0054969414765320326
-0.03930635618981946
-0.008721251107714895
-0.022993875792260678
-0.017562684813577083
0.005897524050715339
-0.012371306039538177
-0.004371807417005217
-0.02102875293228343
0.004176350828028922
0.04780117581672893
0.0012441918939203774
-0.0039027422129769562
0.010415645541393738
0.0007509886340091865
0.06815301726771789
0.018834986930120017
0.011812128510438592
0.01467792287975039
0.008126563398758117
0.011697302441262731
-0.05040775211234694
-0.004915988342864908
-0.010376922657155153
-0.01942272200794232
-0.0014000492826396933
0.01606460411181107
0.01903366520158755
-0.0008781303064455959
-0.026462683720046364
0.0011795470637641498
-0.030162792413822064
0.0055344335692991565
0.010609844906615916
0.028575637158979025
-0.007879007528860182
0.035255907857040844
0.003873732809320284
0.050624312308865965
-0.01106680226898096
-0.013131328398973033
0.01947761914323259
-0.0036380502415345357
0.018513578406128717
-0.008727726311015678
-0.002272890048174152
0.014752915028085102
-0.028695402025777538
-0.028503748605626385
-0.006952810933089549
-0.05372962540076129
-0.018058018609784184
-0.018496793228524332
-0.0009544271315605861
-0.04850938333493614
-0.027690052140117646
0.01774174545342029
0.008153794833084607
0.04133182256662461
0.019812785043524114
0.03430439517032143
0.03027882182725388
-0.00023122578292270046
0.015941430441388165
0.031537712329002335
0.0022784066705876446
0.025696552696944285
-0.02872911254211604
0.06810825300712425
-0.04253406227842448
-0.005568981513229538
-0.019176928170036665
-0.007443085563774007
-0.03489741354997618
-0.018596427771970302
0.004716884333625208
-0.01092876904704461
-0.017135654516474766
-0.032034731387959044
-0.02102572417657394
0.0021920508865155564
0.0011866948271679334
0.009868784322858436
0.024303357703084998
0.009527378722321253
0.03397323909574563
-0.009733262527972082
0.01627399344632776
0.03470304030633102
0.038922278405365704
0.039939050625606085
0.01489699126746767
0.05092268617956712
0.05209326178782386
-0.03441356806100511
-0.004298669954277133
-0.01993257581348726
-0.0008371202508948503
-0.013969394635092988
-0.023287819938064225
0.0007378894337517275
0.009978169122082884
-0.03393395026142004
-0.04344225076788219
-0.028642645103726105
-0.007811994103377677
-0.0026386280368977458
0.03667127131656861
0.006023854866602851
-0.006519838202646299
-0.012403467756723428
0.007836901174166045
0.02167124759088684
0.02566197448740661
0.010793125885161074
0.03506138929665417
-0.007604422614439277
0.041724200775522004
0.04691388407642874
-0.02193064591934231
-0.011727150150738271
-0.008120128428880958
0.0021603242359572797
-0.05470357980918061
-0.017537211925322996
-0.030239948357197767
-0.02412134375446638
-0.022629138959205545
0.0039767087232003145
-0.025213958438063164
-0.016745899244562597
-0.027971396375884916
0.023766194240538656
0.023046882441592965
-0.00015999770167388072
-0.0006329389448186638
0.022525503878717018
0.03797408169367166
0.010400544462733393
0.034209265093515434
0.022229992738174584
0.0058007564570269135
0.04811076560310577
0.024318486957678416
-0.04716551021813228
-0.05669941237150633
-0.026503008400719192
-0.02288605835972325
-0.034297558531918244
-0.039524734654810496
-0.03703492461355291
-0.005353891465367381
-0.03271814275603402
0.008162867788251548
-0.02295100411223746
-0.021033231850179974
-0.06353489226322068
0.030363842667377378
-0.0131124251948848
-0.004579806852999628
0.005672333367754067
0.022624980050948283
0.037683496456209234
0.01868362545318373
0.009025569823745767
0.004843151322950498
-0.0023630290408491114
0.03709139069225505
-0.0073306956290204485
-0.01819580327792939
0.015790869233249627
-0.036091718058680736
-0.037442914734766145
-0.009668768153133833
-0.03766506908914953
0.02329598007338706
-0.041437642800360254
0.0010466525351051428
0.0210406091017606
-0.023608349080267134
0.01606600430700858
-0.007405184800675478
0.03059104423329098
-0.0005722968852205045
0.020643220985189708
0.015164553669727233
0.01608528107667898
0.04717662539246548
0.002114271288894125
-0.003538618293214682
0.004149976789039509
0.006402883113769544
-0.03324045998677089
0.022346080223908202
-0.0471453242317071
-0.05711908942665724
-0.056521411179148426
-0.024320788037531026
-0.019506081623185303
-0.0035021235721456913
-0.030556496292052295
0.020514043368025446
0.002450000748287131
-0.006525659841088289
-0.013017561081392171
-0.04513255881790173
-0.04028893824345622
0.04449740144780422
0.02368273719512089
0.012214251053885686
0.015606573608825117
0.05008783008613713
0.02472127970937582
0.017440887623454873
0.044721373888178574
0.002050412290677487
0.0118537156525328
0.01096058750071803
