0.7005032812838345
0.6984813917006347
0.7501384275038733
0.7921375637103855
0.8383386675154874
0.8784965472556038
-0.8514493402551374
-0.789132060706962
-0.8198694694617048
-0.7953717635511789
-0.7263377597001618
-0.6823222223237221
-0.6095108838495774
-0.6140973308283827
-0.6102300216659026
-0.5279920740037342
-0.4915064715337292
-0.462205292045277
-0.43778120255323044
-0.3859563887408842
-0.3849043421332308
-0.34771729930408457
-0.32980844730199854
-0.29418100002361697
-0.2529092897054528
-0.2092045816995056
-0.16514288348639353
-0.1251348890658968
-0.11718189300495359
-0.026670549633201562
-0.04105606264246141
0.019834887237857
0.03165479405644686
0.09556325955242982
0.08676660679193442
0.14074059830697272
0.17032183501044387
0.22764017730931058
0.23606956601667586
0.2910073110440914
0.3210158754079348
0.34197139711240876
0.3835918338918529
0.3933797452438809
0.5094540699277881
0.4977611356468306
0.5739427409031774
0.5434494545956331
0.5853915688208063
0.6619211271747
0.6841572156726887
0.7301783853952037
0.7736856186380888
0.7920280388641538
0.8514754053413831
0.8318249328556824
-0.8990760745298327
-0.8171776439654184
-0.8132323298433475
-0.7559133581924897
-0.6998146694186062
-0.6923801423786902
-0.6673955162720998
-0.6673338934825124
-0.6069281122787228
-0.5650287914917874
-0.5192947528004644
-0.47177037630410795
-0.47921813320749124
-0.4348233450043232
-0.3693084091558807
-0.34355024188343136
-0.3069477572348773
-0.29020663896959464
-0.21843382358414834
-0.21550027348587913
-0.17053199889294832
-0.11742926854472685
-0.0737510942315072
-0.04734728150700453
-0.02565637089488508
0.01031600618643696
0.06493153223761006
0.05783633857250679
0.13304990071711773
0.14644736030196046
0.16784271586785454
0.20225079107061397
0.24132414501305244
0.3001398059256123
0.30314303191436254
0.3710616900560317
0.4332678575693141
0.4730460022154762
0.4368954245716195
0.5148453206032252
0.4964076926602328
0.5771897896777611
0.607908450849177
0.6414109246358188
0.6650123332055886
0.711031227107161
0.7265090034725425
0.77669387486959
0.819797539789553
0.8396419532468336
-0.8337371194633811
-0.8788587794898904
-0.8162129464163748
-0.7770271043207577
-0.7479797636751802
-0.7209677202984969
-0.66297099655818
-0.6048114078995807
-0.5760618409207584
-0.540571199606028
-0.5154963741737335
-0.4622273597046644
-0.43649085788079117
-0.40983801642351536
-0.3706096898604727
-0.35757235373156987
-0.29849814171868716
-0.264891221095436
-0.2163949313587728
-0.2000999215341973
-0.12413190352249288
-0.1585394993882745
-0.0880115302331945
-0.03150224170959496
-0.035066872008438145
0.01159064425049895
0.04798786148190712
0.07214667786849387
0.08362382933231487
0.1448300263681111
0.2045085429084547
0.18722435399394216
0.2432254643422963
0.31914082555515416
0.32364776400246714
0.35886153989206
0.3830462562478755
0.4259706799496479
0.4817832733644742
0.5080508689624722
0.539299833470195
0.5611389308144078
0.6199867901291709
0.6107017678024386
0.6427838337011831
0.7057775764795416
0.739384982853651
0.8238132069981953
0.8059946102103103
0.8169977283883068
-0.8961746034464442
-0.8552771497633627
-0.8092583599368512
-0.7886059336336081
-0.7759179169902201
-0.6952949072422859
-0.6737389373726652
-0.6370300914117765
-0.5948817264676168
-0.5682479692271927
-0.5373424873142554
-0.4919503496239792
-0.4740325020606491
-0.40035654786368813
-0.38331391126976583
-0.3246585707849315
-0.3138918063762105
-0.3144937994659902
-0.2832384416663342
-0.18911531786628405
-0.17750322826704182
-0.18094454507663643
-0.1266215755893904
-0.0960183666570485
-0.016262976694440316
0.013396200120550518
0.08076917872133225
0.08428781852090057
0.11671680658674284
0.15620585154454192
0.1922557301131278
0.19058798230388926
0.2929028493828009
0.29948323519916703
0.325499291853819
0.3289457716817933
0.3802747640492696
0.43433420408759393
0.4458243352847998
0.48166254415766646
0.5449408035305523
0.5796226340063565
0.551122024532106
0.5941558143772565
0.6536755540616951
0.6965149627450354
0.7129327282363748
0.770320556882064
0.7987479704938263
0.8542964991693052
0.8239998081706781
-0.8344557219967321
-0.8155757197412113
-0.7485407894779935
-0.7297402247888307
-0.7236668283025501
-0.6749288251231699
-0.6278620999075675
-0.5721230825029621
-0.5612842273502054
-0.5234294208817674
-0.4891470608756077
-0.4666386864672697
-0.40894243234625716
-0.3930415770993829
-0.3605086284398051
-0.34889732489699454
-0.2612392377780704
-0.21495451548880934
-0.17608990808845912
-0.19136530639882626
-0.1258714385810829
-0.11046462285032804
-0.07674785044699839
-0.0057621050067589025
0.004840844251044947
-0.009117114725221823
0.08500329624889721
0.1577596675650817
0.1689411648324628
0.15297012565309542
0.1752958037101834
0.23809857909615997
0.29086537684775426
0.3197310986870937
0.3317221175140396
0.35365130517453885
0.40894208199087057
0.4871019213548004
0.516071719883244
0.529161476451028
0.5240687051099776
0.5881927997198638
0.6248390162680237
0.649996881361112
0.6985601286954597
0.7511230463013094
0.7634826699331401
0.7846805459399805
0.8118540275582119
