-0.2068671276168253
-0.2101757412430043
-0.22507291155587955
0.21646800629767804
0.23482494803320844
0.1740880592736206
0.21133363703322608
0.22521748618758333
0.22719054765082736
0.23173506281328188
0.2347261991504475
0.23491862095186594
0.22342882668746672
0.2182873679923439
0.17228334567212822
0.21222980526327356
0.22142177654632295
0.24408973882909565
0.2120546796729139
0.23885434865519464
-0.2097224043911491
-0.24506190390509508
-0.2323132737938694
-0.2171070063143708
-0.20710822030492604
-0.216441008310932
-0.21350390784906662
-0.23826462288053424
-0.25033778876024804
-0.20164490754346598
-0.21635474872751423
-0.20082804897430237
-0.2328204250335533
-0.2523619248581236
-0.22389781651163673
-0.2284225195186115
-0.22174838245734763
0.20285559203407738
0.1910111509193066
0.23397715019879384
0.23539980000819438
0.24316551374554815
0.2158217333744203
0.22266248491630278
0.25200832988958355
0.15637844123433348
0.22723761331968306
0.20532463999989736
0.20323670984446648
0.22940924345283115
0.22986976238119838
0.2460690897106571
0.23666428930157077
-0.20423648113577403
-0.2527991345996171
-0.20764911086034157
-0.23226881642816444
-0.20211319592240712
-0.19592887141060972
-0.22364164980599185
-0.209934186666116
-0.26561507975162163
-0.24145988776202004
-0.23170827725155524
-0.24120185835194355
-0.21706899465514434
-0.1797802714907474
-0.24419513872786186
-0.19870897442323227
-0.2334655276621931
0.2162553854961068
0.19103332076790996
0.1985438959211935
0.2395200925188046
0.23334647796021918
0.19510674048027754
0.21907879448028245
0.2213946781665862
0.2277115071675609
0.22005917791958884
0.18448479491842204
0.2220879327521956
0.2371707364130431
0.1972665418251833
0.2196343828906156
0.210361199611324
0.2170520551044407
-0.22517275207882514
-0.22362473606889768
-0.20807879374988542
-0.2458933151541787
-0.22583960942478706
-0.2315435214449613
-0.22798411693108778
-0.25992412170587986
-0.22620297603451828
-0.24286961597443874
-0.2231388605745166
-0.1647493650983755
-0.24047374762877735
-0.20199962533925295
-0.22757533335073574
-0.23065074733199467
-0.21056374761048507
0.22219737996673503
0.23115175817188052
0.21314287650327812
0.19751635567745715
0.1879903591142393
0.20850087814868146
0.2246955495192831
0.22008027423461235
0.23323384603649575
0.21665510224603549
0.2040090095291107
0.21254307096850597
0.18661887562227036
0.191264513779609
0.2085263631864495
0.20744784581485018
-0.2326189142801401
-0.22509883407769274
-0.2226740595230651
-0.2249662257230228
-0.24835379065391014
-0.23641025559886078
-0.20270431075359618
-0.25219554782650677
-0.2271926724509512
-0.2139991960290083
-0.21968038854158448
-0.21868723847544277
-0.1986570983835788
-0.24003574366454206
-0.24693123305890236
-0.23428913961924938
-0.2167884025386901
0.2404724478586112
0.22161481962596444
0.23079335437881227
0.22436266763191715
0.232559673635694
0.18663456087001873
0.2184408546610381
0.19765816920196988
0.2123903131190097
0.19200199803492463
0.21072258610838646
0.19435572099171794
0.22980787681467535
0.21087527395125127
0.24042775473627148
0.2166358077563054
0.19653877529412392
-0.21390783121819845
-0.21228421169654382
-0.2281072751363735
-0.2126922610959075
-0.2186957469856136
-0.24160812527670805
-0.1990734976970391
-0.22621413754561548
-0.2183428578578247
-0.21911074266069816
-0.20805499251816428
-0.2143510886523645
-0.19438315472783788
-0.20678714437886608
-0.2107231513063694
-0.19525350099903283
0.19952579136196139
0.19500748010470498
0.2485805943673741
0.2004861857344368
0.23281826650739967
0.21833896991222973
0.21096646093830668
0.19868157617698973
0.21397355060696907
0.26086698898579963
0.22893710117780575
0.21566146356030624
0.20826343374096423
0.20573234884947092
0.24996078886783196
0.23544382666040756
0.22665186790201378
-0.18938287644873722
-0.2152338599348205
-0.2074345400210268
-0.21245029640777496
-0.22040401825875033
-0.2362591310751359
-0.2263203310530756
-0.208928441354849
-0.22029835430195174
-0.22710894048989574
-0.22466716416904672
-0.20860679208210325
-0.2155816211005638
-0.2282741917389083
-0.20945817348310738
-0.2125418005806502
-0.2658626510259823
0.21166217320431585
0.1747244170111011
0.21706628535010053
0.2315602934176649
0.1945438581472662
0.2315826610169406
0.19493547874104192
0.22341850036260055
0.2111695587978117
0.22237095604619292
0.21854744605189752
0.18435434955879926
0.19567690666797233
0.2601849885467227
0.20085512552569457
0.19242252772760837
0.1645042666981875
-0.22480004100086856
-0.1622649585486211
-0.22025793956524456
-0.23577100530112838
-0.1985959292571602
-0.243067809458376
-0.2273174818128811
-0.19829547746583015
-0.18770023639561267
-0.22208014261182069
-0.1930496905373621
-0.22574051789639552
-0.21516815843925954
-0.22452396149705303
-0.24357800974486804
-0.22585636615813884
0.20380620062157798
0.22072017029718896
0.1946154056847164
0.18834411674010307
0.20233110016977465
0.22186009039362206
0.23835518936077518
0.19834447832541818
0.244910148209054
0.1997538633665933
0.22293171276271068
0.2567858010539565
0.20497082420974053
0.23256288163734654
0.2315229023971067
0.21693448458585665
0.21527290678803168
-0.2223187255906852
-0.1820947001456551
