-0.036989679712107496
0.015211070316896983
0.02306730880578862
0.005340095602816253
-0.016647219313968363
-0.02166896490806767
0.03686188260235967
-0.02599836506083219
-0.019827589290662917
0.03091546465405825
-0.06188972872839394
0.03807162010735783
0.02540695739606597
-0.004953132331411926
0.04402542532404672
0.0067610262551419525
0.003397595936516233
-0.01416731043631053
0.03309518869282281
-0.0019908481932923556
-0.034561782491522315
-0.01614566943271234
0.011092651737434725
-0.04435150284338965
-0.009307382512322252
-0.02333958367488176
0.008177303094639397
0.01829769269698223
-0.010043108427647243
-0.005496015409487758
0.006261749135471672
-0.024717171176002205
0.014283926958770832
0.010859368265493722
-0.005586288302223875
0.033012136481302544
0.021016009567395764
0.01874519187475336
-0.012132969310459745
0.04805801397635153
0.0029764745773375664
0.01041784690674882
0.01208529611942757
-0.010417453930839841
-0.016203069330017954
-0.0574427094717674
0.0025725912853950548
-0.03424148013529692
-0.00460349678277096
0.002119561983528955
-0.020390100664657955
0.01522961297115453
-0.02270074071643321
-0.00832648555761237
0.007503558672876023
-0.012313065725322073
-0.028638786998799664
-0.014671291729394237
0.011117682340570777
0.019346012759560337
0.020969246027194768
-0.007158116111649008
-0.003849893719886963
0.002498054946618245
0.014854785553933646
0.001295652221351644
0.01879445068395228
-0.013946611872664863
-0.011318281854270251
-0.0035052529639748357
0.00430425322675117
0.009166579807780349
-0.007956538306967008
-0.01633779551734747
-0.022854581380933416
0.0014246123567080364
-0.006267662217489131
0.0009730984956786424
0.04302197575007519
-0.002731975064793493
0.009553561723242237
0.011231786053212133
-0.01500750068636684
0.014934660238059214
0.01815164121950728
0.011714703754350589
-0.006432865052156463
-0.035744149506307214
-0.002085325295651766
0.015241789655472949
0.04034682819969633
0.0070108018783580995
-0.0001819159611923758
-0.01984794172235964
0.04245619885728797
4.64029371896298e-06
0.019745562225146847
0.038023578430041914
0.01618075092169616
-0.017675699063012362
0.018426665605436793
-0.027794066662702562
-0.017906200112564562
-3.2924628600151896e-05
0.027003026740162056
0.025801163922304728
0.018883509211534925
-0.010796419326538
0.008613441518902086
-0.011528820132888001
-0.011392601941231323
0.02159461918964677
-0.026442399698860745
0.0094420109029242
0.029634318096533236
0.019461636133957915
0.0055852786836127705
0.00044221913221642454
0.018967882442171048
-0.0314371674151605
0.015526252409123191
0.002712261844432492
-0.015668517318188767
-0.006066406502090785
-0.014387710985570588
0.003459128689009502
0.008051816856207596
0.031144495527670263
0.022840706252564683
0.002068822458682778
0.0020815901009881193
0.02504842676086092
-0.027772769316235364
0.036301865840116174
0.02550677186983122
-0.002648875386385259
0.019359679962284597
-0.008877419424844437
0.01195128719990512
-0.009572874163653412
-0.011538926754063568
-0.02367556439286091
0.020484473177490945
-0.014011235716765399
0.02012945131870729
0.009471312106664336
-0.003434268917372901
-0.025640322781465545
-0.026185225294274826
0.012393067092817586
0.026330349118447508
0.004707849357362433
0.017715870641894487
-0.0197740771623001
0.005100208744418799
0.005444615887215081
-0.03427156695911735
0.010635062753885262
-0.002382179903227042
-0.005884120843595655
-0.02220734443245799
-0.003266626540101192
0.009066328676643788
-0.018187892555645804
0.02084262573529698
0.005944283946711024
0.0007524376226994102
-0.015231402998286452
0.004338790388643311
0.01647867800662539
0.002248792086346371
0.014756118945452144
0.02067185654360247
0.03702818689060143
0.009492787208287102
-0.015859184060717596
-0.00939204823006638
-0.03245177975157907
-0.005737321028947155
-0.02259996588145748
0.041051606030391125
0.008715068992989409
0.014901159370068478
-0.01578398065698904
0.009039779125986719
0.02014958239336348
0.02753641833203889
0.025424458635690924
0.006007062435600263
-0.01207662993195123
-0.018058174834923724
-0.009387206655044372
0.002333958622446678
0.004835375735459659
-0.029588498729594757
0.012887844174497778
-0.012039458396715353
-0.032707682729109525
-0.007475505261554978
0.003117105271913152
-0.01736096126795129
0.014092594135444062
-0.010847474271195125
0.006656043752369032
-0.0043305034410019705
0.0141222883456419
-0.00488285849975547
-0.040038176490756756
-0.007115125338652837
-0.03631553537248654
0.016278260931391633
-0.020865098581479856
0.015001903511372646
-0.002175936787070858
-0.01645597372866558
0.004237013573512087
-0.015598376528461898
0.01510046813720028
0.040990289524969976
8.756054444591292e-05
-0.00585984078389648
-0.041935334977374374
-0.04549761489478653
0.014561306762112543
0.0029598034772650747
-0.01424499875333356
-0.0007849410511543255
-0.029488514611051547
0.0026665449667355122
0.01442657035388096
0.0028995741432842293
0.04028812271209147
-0.0034125293676634466
-0.016051011596346074
0.002210401224791768
0.01934363808250752
-0.007786603546782917
0.022456302539065755
0.035422887068502336
-0.002726411427236307
0.01592691693927283
0.006803685113243515
0.009654828432958118
-0.008416236917165388
-0.015933988465057274
0.01399671079098811
-0.0074254432430318805
0.015521064160016095
0.03338226048842893
-0.023380751358244963
0.016613712939550326
-0.025257219222354337
0.023480646175550228
-0.004530284972354936
-0.015561042600875626
0.038945057159832173
