-0.5285876078696804
-0.5122149749667945
-0.5500656104777403
-0.5647495791428296
-0.6072782635266452
0.5852412214817494
0.567820247141282
0.5149143521602526
0.5046065443402201
0.47980842725075146
0.43955754267755587
0.4191510327550089
0.3974008805366648
0.365223357130229
0.35525429950731224
0.3543623410400853
0.3155759117819004
0.32383898685576284
0.2552190018415
0.23075352152797038
0.24837700691614792
0.2036903831034619
0.17695898727377152
0.17545511001266093
0.11953969401954165
0.09069838495220017
0.08796243466666089
0.0596336267298392
0.04021780155815428
-0.025946746763626776
-0.053093042261642645
-0.04033142217980807
-0.06107660247009194
-0.08521110034335808
-0.12154860628128351
-0.10876260508434654
-0.15521859708085312
-0.2292400991243488
-0.19295228095218722
-0.2432590495004874
-0.23093699652396982
-0.30037206372083036
-0.3587013506884869
-0.3544697369285293
-0.3605626588077884
-0.40948998906918954
-0.3907908649581935
-0.4436958903584429
-0.4433116958559587
-0.45964103831822306
-0.5048205775039192
-0.5212683366510369
-0.5593836404271996
-0.5487795569014765
-0.5955864420237357
0.5752861306769382
0.5495836169175521
0.5537939382828283
0.5191239874826175
0.478765040232519
0.4665179740063107
0.4244767078676676
0.40283714793934794
0.41980538747672075
0.39581100853922385
0.30514412852831757
0.29057956252915335
0.2515805008876995
0.2766699067575779
0.25594281542631775
0.21024765833422485
0.16241765690876442
0.18351881417383392
0.15365619003129954
0.14408233550602825
0.11309786406804828
0.01737819923652087
0.04121860193548756
0.015577326570951712
-0.0008928425369987072
-0.010289219433444172
-0.050563667962487624
-0.07613997676122705
-0.0984255724634065
-0.11130884489678418
-0.11828829726069315
-0.13490113432225564
-0.15235132951325608
-0.20887466137512312
-0.18600754375135303
-0.23964790491569984
-0.30199520804410773
-0.31890637293780566
-0.3402095510341226
-0.3272787598416597
-0.38169354553174095
-0.35233558885343313
-0.4058685475993343
-0.45335885031748036
-0.4769152600162993
-0.4908503800715821
-0.5558590871180181
-0.5420798465048152
-0.5654298894544515
-0.6117325044577726
0.5823248515264939
0.5580678349823849
0.5303705518567281
0.5103968426743731
0.46246926842351144
0.4517435799875307
0.44838635158698753
0.4320940323667536
0.39263450563061586
0.3473135278340131
0.3028627288550979
0.3061122444799408
0.28711370572346834
0.2894801851434139
0.24577178123899754
0.2087920431544184
0.22013103916702148
0.17581832883333207
0.13184688618019658
0.1435442669654174
0.1023172834474285
0.09487829239333441
0.05305873658425349
-0.0023537966413909456
-0.043426427787938385
-0.03269484020276146
-0.009051671611746054
-0.08057043573277983
-0.10021150337889222
-0.1416748872291461
-0.08455123927466382
-0.19379570404357832
-0.23004198183659091
-0.20008402956043983
-0.2109233480087588
-0.27040033935723495
-0.2733891016036328
-0.290970727395034
-0.29775025840583824
-0.34399805080848445
-0.35191116780687853
-0.3949417154426344
-0.3892075049486531
-0.4506147912889677
-0.448553264366467
-0.48336680055326636
-0.5274306765258479
-0.5206732965001576
-0.5784079754505048
-0.5781867549871594
0.6215377977682669
0.578867141783701
0.5902449980993559
0.47327684476487997
0.4466573591965802
0.4524190305650413
0.4321791910016801
0.4260873977146226
0.3677161369498483
0.39358222834229567
0.3576238439663807
0.26737816320548224
0.3038671573820228
0.2560513818644625
0.24446370461848319
0.19173743416437697
0.2107425084652135
0.18844970378033873
0.1515200446335705
0.143048202296234
0.12430308304202699
0.04553817562236861
0.0542076669949097
0.004483643087416389
0.04046807508364805
-0.04235952814349686
-0.0665230080314991
-0.08274465576256167
-0.11685387914828513
-0.0992798376063419
-0.15311574649039295
-0.15331280697115182
-0.17062948509551917
-0.20782379491511413
-0.21913622320951223
-0.24397222298834093
-0.2859066064916726
-0.3212389896893214
-0.348273051651034
-0.3721543504328096
-0.3811882672654107
-0.39396756738751537
-0.4043155559130949
-0.44373913059095754
-0.44536498695317084
-0.5013836948498136
-0.507050045356834
-0.5587412389439937
-0.5750408619385291
-0.5819918889829833
0.5543698132077096
0.5587885120132698
0.5490007477838743
0.5202955759455601
0.48830743574360985
0.4642299602473468
0.44862709797904654
0.3994676783647849
0.3895897046051823
0.3891323467122967
0.33210245968631896
0.3099942777069837
0.32486633904809004
0.3003047441583006
0.22618724797337306
0.21156365715585929
0.18880825472212537
0.20839060152034797
0.16196766601245693
0.11496254784077184
0.09368225149904214
0.07414640940629963
0.035101789748838444
0.025045854380262696
-0.007739724724456035
-0.015688760722726302
-0.027792889712027657
-0.04359431440119114
-0.09518449969124301
-0.10372245327596498
-0.1168588770526577
-0.17041244153963575
-0.1761807191794091
-0.19584569206209893
-0.21846232423354622
-0.24519274602055083
-0.26191660248050247
-0.3049675951998145
-0.34980270810311803
-0.3167083366040514
-0.3755986432495146
-0.41090559922488545
-0.40202800564679003
-0.44923393091634567
-0.46590015939238694
-0.5099834979352951
-0.5483913916159048
-0.5084039048606924
-0.5775618404746378
-0.5928243010500779
0.5797623683356605
