-0.2287300626213469
-0.17654291572322686
-0.16267862541334466
-0.16735802352535703
-0.2117531825939962
-0.21784864650361113
-0.2147013404999621
-0.21189569879777262
-0.1932184414629829
-0.20964887184725306
-0.1639572861018226
-0.18842494825192183
-0.17327897697830316
-0.1762365137643001
-0.20214564276277275
-0.2216904465104987
-0.2147814672505692
-0.16077628530810556
-0.20152559607787307
-0.21582426708919256
-0.15511988686510098
-0.16680821956234299
-0.16731856708764117
-0.2080501116430973
-0.18512817495059822
-0.18895487780828657
-0.16883259582207333
-0.18358868801975853
-0.17842242477754863
-0.1912410080489119
-0.19770656975047232
-0.22407654851977932
-0.19419590410377727
-0.21876315874977154
0.16405482861165363
0.21030570779384705
0.16887008108536203
0.22843061196431258
0.1836503412587409
0.2380145035100984
0.22274744041420558
0.20269883425335683
0.15230500461588004
0.1909924585243119
0.21055525679490872
0.1631664010168639
0.18511672276340257
0.18231826090607708
0.19199277361961684
0.2158431226906844
0.1813089369035875
0.19070797295801342
0.1982076944753529
0.192272525808386
0.16833657882015238
0.16881851295479466
0.19997599780232955
0.17554826354048256
0.18456712825379942
0.18049881620689354
0.20247298497989452
0.16677508509822386
0.1289222094497877
0.1710232328747576
0.17791882144618268
0.21340073290650416
0.16538575352956
-0.18433192040237856
-0.1668690985309526
-0.22407934061331436
-0.1765151986756676
-0.19034949727305778
-0.17979786358571423
-0.2138012936955207
-0.20725845256451758
-0.15984690174448804
-0.16950175166281312
-0.2150549015244202
-0.19696639219974824
-0.18150776347013886
-0.1879509185607583
-0.248883364585675
-0.20350439801895218
-0.21638313300027362
-0.22412842245726117
-0.1850891863666598
-0.18572737188276722
-0.1920884630363841
-0.1653310535845274
-0.1677259214354024
-0.20848476039096242
-0.19904889766603104
-0.15586295811196252
-0.22324276003544133
-0.17145741835598172
-0.20121268183413601
-0.19346511300866065
-0.19997049757415378
-0.1802536911254609
-0.1801980461186718
0.17126644642187894
0.1917409819939572
0.18443343951215552
0.19670004986042885
0.18807862087718624
0.18828859793904446
0.17774800117698408
0.2166973874701124
0.21180345328699565
0.19634256247130624
0.2085645304647961
0.17365515724722194
0.22071350956961697
0.16203422452417013
0.1740933180981906
0.2082217698330543
0.18863680436193042
0.19498625608543063
0.18565919229903655
0.2022133027439188
0.1412512468060617
0.18766306104569247
0.2111762310073332
0.18164233647626674
0.17553532024094012
0.20940993162421856
0.20542508426213416
0.2023620152785242
0.17010941728357548
0.1974700005829129
0.15994077465468787
0.20499398871006602
0.17809444105695713
0.14586622266107982
-0.21325799928753314
-0.17657100492009664
-0.15210304422762116
-0.1941573560759593
-0.16098522086438838
-0.136252591290571
-0.19032265150110061
-0.1848017940940688
-0.22216654130241079
-0.19200262189717582
-0.2199019897171799
-0.1681609402669425
-0.17529231024379885
-0.1842390733694766
-0.18951077990621082
-0.2107236365522907
-0.17335151798643306
-0.21130641221731672
-0.18465184793744346
-0.17694931793324042
-0.16832685348462764
-0.1788968621747267
-0.25581140842228894
-0.18121194631393273
-0.2083889988090338
-0.1955442600449138
-0.1714151102584003
-0.2042893056804403
-0.19711111104892773
-0.19909280636897275
-0.18347375264365534
-0.16199148113475198
-0.1693466019943966
0.16178630219140722
0.16728015251715794
0.16688813499846825
0.20505364259646663
0.2013225945341701
0.16446687742861546
0.18436874707984718
0.1658396497566994
0.22724930475855526
0.13509069655530676
0.2172774797802293
0.21114033629237108
0.20641128935526293
0.19675430039306907
0.18260484918642478
0.18416474616815834
0.18966240415178856
0.15049279377590172
0.2015189745809337
0.1919377466377857
0.2013933366070827
0.21134665149516418
0.17348628937674807
0.2068516352264775
0.19578721043496247
0.21436513813935337
0.21306469267404937
0.19672577464973307
0.14447900626100096
0.20122204190363763
0.1682662573633502
0.1915157205271654
0.17421311382646362
0.20400881365998547
-0.1654187183987636
-0.23235555662331245
-0.17803491927280643
-0.20386833142324035
-0.18357330255942156
-0.170688848904656
-0.2000602475094164
-0.21622898419083592
-0.18692953702045365
-0.20514142742310867
-0.1868043443689655
-0.20230407648642085
-0.1780264132124942
-0.20078746957068727
-0.2441588112048716
-0.17171053017969654
-0.19248910260820187
-0.18056056245978477
-0.17406820786305896
-0.21480899961234237
-0.22371833234811217
-0.18757747340821562
-0.21282771326859723
-0.19010444132396806
-0.19559574163833585
-0.22855876552533427
-0.17343198444940405
-0.19100210646283666
-0.1629421193238836
-0.1803693013056038
-0.1844944211423593
-0.17058742910081476
-0.21095027143692072
0.17474312483797058
0.16858464310146115
0.16639090954708022
0.17553772193279413
0.17085916459218195
0.19880440726538684
0.2012988865445652
0.21129448765216324
0.16227814930948747
0.16813582417763404
0.1801847798245385
0.193498891276136
0.23713529490784824
0.18761799632339757
0.17245751193612333
0.19178177857336492
0.19369455406620215
0.19845039343485238
0.17970106615331713
0.19137067423067955
0.2422317471800338
0.1983131527024603
