-0.22300859335365017
-0.19210061506617215
-0.16277675031818828
-0.12593283287627094
-0.14009966213501363
-0.06848926098794886
-0.006998741527004783
0.0432646726719156
0.04866089001406867
0.10590365109502281
0.1180853274994105
0.16842847118848261
0.2022905845872209
0.1885458877364323
0.2415246416300528
0.2824533526215226
0.2916968884322905
0.3382277967009036
0.3421641965596197
0.3986474416395126
0.4057552174398703
0.428082184175431
0.43196423003967677
0.4610067351055438
0.47514330531769755
0.51985809964377
0.49260979489604645
0.4623260413252248
0.5168874185781157
0.4972914244482341
0.5487386304973181
0.5318920811259775
0.550059734823259
0.49918473773993954
0.5558974341502491
0.5701298510531846
0.5375036915857067
0.5221449936857585
0.4912243094784869
0.4793118688276934
0.45391188639183294
0.47787866734594026
0.4197945457007597
0.4457211634017005
0.41997810196133856
0.38032864764625857
0.3654565382948444
0.33486922325253854
0.3330233818899326
0.28877407461919147
0.2466390723805027
0.14596208886226258
0.17196189555108796
0.1366524229491771
0.08124048095808103
0.0970407917635022
0.04961745348577444
0.025980741493967893
-0.053338931426000664
-0.040959041176024114
-0.10315787878777767
-0.14876516472316598
-0.17174964261878364
-0.20892104733557992
-0.20818078029169576
-0.27306861369217916
-0.3100799089012059
-0.3142386887205263
-0.38235680900044544
-0.40014078266736713
-0.4098639837618329
-0.4179657714225155
-0.4472288438913877
-0.48285993480278516
-0.4791303533029451
-0.49426696434217393
-0.4945972644294603
-0.5298023510994138
-0.5331284298118871
-0.5218331337062478
-0.5485766923690522
-0.542773888072444
-0.5516496735664209
-0.5400205233950015
-0.5702917249393789
-0.5633733358659584
-0.5029902388933764
-0.5403222613910568
-0.5362957355512352
-0.4748920342881689
-0.4988801084206867
-0.44594103633916654
-0.4534887058544584
-0.4127542052911505
-0.39558977404760887
-0.3580149865868009
-0.34627524487225025
-0.3356931947557567
-0.32462625569203946
-0.2748333733739343
-0.1974496316035081
-0.21434863447657546
-0.13790739192167983
-0.09465808338282448
-0.1161984323658397
-0.06304116021302167
-0.04495325464968306
0.03909464604295572
0.031143479027619
0.07580331503030661
0.10409394357690241
0.16171394557804764
0.19990350978596272
0.18163063205340904
0.2004181824980612
0.21354834879401766
0.2683369238738632
0.3324678231478959
0.3612700711030207
0.38244897365213115
0.41594511016243335
0.3989512725707636
0.45955599300934
0.4605900897205741
0.5087235554753505
0.4929013584862551
0.49413685677371477
0.5256564883223814
0.5087667047970624
0.5561601136922537
0.5507502253968751
0.5464522776766457
0.5289538527848511
0.5391069738238352
0.5867620841815363
0.5438239941257175
0.5018074735980023
0.5121398868201129
0.5277759801168744
0.47593915211644083
0.4411357887739664
0.4751079217833005
0.40634441525901954
0.41476160628834846
0.4494723301017197
0.3310412695841702
0.32895253606935637
0.3068908005906731
0.2896788130128291
0.2544272939717321
0.23147111096779982
0.18782342531244603
0.1606708539342146
0.10320098480637804
0.10878832070031186
0.061413483687952394
0.021252899163432124
0.012118020583812197
-0.03683371349933798
-0.029796476342542115
-0.11691853235067722
-0.1484915945234397
-0.18317836046285185
-0.172412547020683
-0.20413644542027598
-0.28884891595746687
-0.2828632927473548
-0.29249414740478874
-0.3705450913947049
-0.36558379490043086
-0.38595610598321267
-0.4242521840093542
-0.4450473029241547
-0.46647965966552235
-0.458980582329804
-0.4892726137383153
-0.4988566565999228
-0.5159967215889296
-0.5253228554392784
-0.5099135296464196
-0.5467383069399453
-0.5244930715319326
-0.5456916254694766
-0.5135874418590374
-0.5534171154434951
-0.5266083961501671
-0.5342569254964116
-0.5240261033890541
-0.5064436659530887
-0.5516499437762193
-0.4832787995214067
-0.45025621538280836
-0.4318096326392388
-0.418812308536085
-0.40722634889916925
-0.3830954733253634
-0.3373401151697974
-0.34509063800609235
-0.28165573923113774
-0.25666606308256984
-0.2601116235597584
-0.18852024769366085
-0.14831065666506338
-0.13259282515090684
-0.08425259974161423
-0.056375517700650156
-0.05853025775839594
-0.004077182236409957
0.017339819980294206
0.03686929441186054
0.10083458981761545
0.10771156333465697
0.14163740118048823
0.19670612449105476
0.25164835694806825
0.25053492972714403
0.2784663216340215
0.3293289747003552
0.34072718693806664
0.38242299978241345
0.4234779076714615
0.41499262663801634
0.4452240121010443
0.4465947664227191
0.5039016369071225
0.5200144066523708
0.5232384084237448
0.4773508541984862
0.5136014257207048
0.533105904931704
0.5504819828121612
0.5256358440997553
0.5216459539870524
0.5532136337283498
0.5465269811385178
0.5491806774609566
0.5518249137954025
0.5474773359926444
0.5427629178299991
0.5320482180794444
0.4525353864705388
0.47764717271931384
0.47798393405398537
0.41906516667114446
0.40022766002514637
0.37484998455193286
0.39306368723431395
0.32674514326499954
0.25930231924872094
0.23528958402820316
0.22914332866289902
0.21976729379258292
0.22335424503903617
0.14114654089148962
0.13760407427348592
0.07026320515089421
