0.23952583716082362
0.24532555646278828
-0.027714107400866363
0.15157944029760057
0.2092339903957881
0.12832731228354124
0.07359453453573334
0.29428375093154535
0.1576981206978849
0.06425092514729995
0.17404698407660904
0.35059407696683437
0.03469088014438398
0.24037464557589802
0.20483552572132774
0.16480627753311128
0.1400553904730616
0.12188656560336106
0.06344449903778936
0.08799205733365759
0.2362799701914323
0.21714044149158254
0.37195467000032895
0.33882922272175714
0.10101202791872119
0.06121587705089377
0.39706388340888427
0.25746477336559087
0.21764623180987067
0.33078056535135836
0.32377028582778566
0.2906465467625288
0.2047378720833995
0.01326902597185724
0.2354359833883273
0.17567096842567456
0.1237113345657831
0.08451820375199462
0.3409661264558331
0.37023103691401005
0.2606199030080805
0.10830184927752057
0.28577812889441434
0.19918656157096656
0.26935908192914654
0.3750463744349792
0.26521986513957496
0.027634973434654098
0.16923810305181997
0.2562684492661719
0.009290693559760959
0.41722467156589704
0.18159991479152698
0.01931637423240545
0.04709929799866752
0.36918942187732656
0.33456325549162624
0.3296119247791729
0.38632242881062856
0.12058103949614442
0.12427984434672963
0.03360606222568139
0.25979585408522093
0.2877493837734622
0.07819065077904906
0.2594830526785715
0.13754013839552204
0.003318037197134501
0.07075710316306029
0.4023864416154053
0.1936878827695202
0.0914424644603065
0.4151758100310431
0.07522341812334304
0.16197945116006773
0.02193352091254958
-0.0041960515314194615
0.16619930608006633
0.41070771940272516
0.28932294498045474
0.28040525935705274
0.08049474743235083
0.06642449153737737
0.1009298193434286
0.1461172886830319
0.38551698353464403
0.3019451417585988
0.23852593651937445
0.2000763213126472
0.04241755288933419
0.08084007700864684
0.05606154370816032
0.06425803036209746
0.13598709028121533
0.033769705935867735
0.09069292894439393
0.04843275723729893
0.3532823117629907
0.18519156581125437
0.3734361254265477
0.11990081867901389
0.03733396733674979
0.22702394916382598
0.08615723424827082
0.14584884738905668
0.02062760884432225
0.3977162945457703
0.11499457491720318
0.13640168447202974
0.3342344133919303
0.08543883594073685
0.35277593536661495
0.16744546594322154
0.2604052695016632
0.25690134438824014
0.15765650767586686
0.23350425300148347
0.047275940771575785
0.2047912970064301
0.34820722332928716
0.22336131253664673
0.2310517359555503
0.4116549135377657
0.14329560298729715
0.31519683582653685
0.14079591491961735
0.25160728203152083
0.08304205742912571
0.017235597779725886
0.3628846808827429
0.15708244401476015
0.09168851017295575
0.3497604680584182
0.3256251437259866
0.3698864998832576
0.3785732156689614
0.29611485077981736
0.023834539558804643
0.29516352887805863
0.058363135312419566
0.21193420845361316
0.287386061671872
0.18069632554820375
0.1769395250382893
0.12792773951199013
0.07608263042197017
0.08491897132216752
0.4055819477595428
0.13976352848088333
0.12856385595561087
0.23197711211032085
0.29526657021384195
0.13801587734212
0.17593160249756562
0.09710415525847337
0.140176617968279
0.19194705986622043
0.20109971592879614
0.13250665024040595
0.3243455693882876
0.16406151248826992
0.25607522173369834
0.0585491299212634
0.23536042455891157
0.1056490372785493
0.2626467123937044
0.16972512869699224
0.2602364777582869
0.24763495869696908
0.128628316573679
0.06530297808718731
0.046749221720616047
0.1885954095118406
0.10829937161167502
0.34568081130058553
0.06178428911682333
0.17115089764501676
0.2082714708283746
0.2020299370937902
0.301607642142581
0.2570750320373229
0.04961351282850234
0.016057141475067028
0.017595975763083412
0.03787783348577557
0.0634583745986041
0.28309734184770907
0.0674556447055853
0.06439719344619504
0.2496926593754778
0.29378222171751345
0.03418627621330843
0.33369737145230394
0.23530138761221814
0.1790184408636738
0.015868573794921074
0.18408088430927672
0.04300383153010998
0.07651783754237283
0.3308797912111949
0.1712773498755836
0.14157410154703476
0.2003228637917682
0.3103818703198969
0.17964866796006201
0.17906173170411224
0.3766657425091522
0.11046406963153765
0.1092978660224451
0.20265119881022722
0.29180322856493235
0.34812239175838083
0.22881701278389044
0.18571501183886854
0.3991553355805328
0.2682833332027541
0.046927553962357205
0.33420151342122134
0.07769774503554736
0.37388395300284977
0.1698870570983248
0.37064361070231777
0.3361907652132282
0.17862298692686623
0.20639353510054148
0.04125805788482821
0.12953401052552602
0.30654093685290723
0.3732400323557241
0.21731438126005193
0.14415974932618975
0.12633353213462248
0.38198391892114963
0.13800228445755275
0.0946281496541348
0.17236011310150626
0.4259898794986892
0.2768068050294726
0.26467087492606667
0.20176455312790925
0.13645333728923623
0.10490725315987832
0.33875174807932656
0.34081548197044126
0.23171329487105272
0.33798835036943553
0.15833338816896594
0.26780022109818313
0.0664273424157991
0.134301973005594
0.3631501325088495
0.13816528167016748
0.04069888530747311
0.04306020975939292
0.21787023556756233
0.19110345959412667
