-0.3598363908459362
-0.47410169338254166
-0.6671534427785764
-0.769997403169326
-0.834633081116839
-0.8564655318536015
-0.7798186703698815
-0.7174152562019527
-0.5285301034128537
-0.39033689425463297
-0.19160230406611797
0.01997151684869191
0.23931878901099926
0.4240061296121533
0.5795184023679493
0.7034854638248957
0.8119777076317565
0.8311743115633529
0.8275462812351401
0.7599379585929222
0.5788891242672268
0.4513446917158709
0.2834597941526837
0.06236793021569809
-0.10067593677099046
-0.32323954640121927
-0.5349896337343575
-0.6584569903830847
-0.742830149320952
-0.8341025915018097
-0.8183857620988118
-0.7881728519284668
-0.6713348157251899
-0.556721422720346
-0.4100739681006918
-0.16831333237531726
0.030399720258739212
0.22968103069413034
0.41035464728367993
0.557817882499533
0.6945265060332615
0.7657103095456589
0.8342028901824151
0.7889435033009986
0.7731096504900533
0.6073373893419634
0.4833383453520801
0.3056947886030029
0.09529133775520915
-0.12049979155904332
-0.2864244710284526
-0.49596571721571336
-0.6263173413376507
-0.7669258202328788
-0.8224958826575618
-0.8766699633869953
-0.7854277815128407
-0.6542901036559166
-0.5180584531370325
-0.36616689884711423
-0.19203692943746012
0.027437972984538532
0.20086254902841674
0.389483006355228
0.5749709355877379
0.6781718065594622
0.7695464935875794
0.8619329411827593
0.8357866747489543
0.7885013278467244
0.6010128104043957
0.4890843271086001
0.33059333518493944
0.1370678076717843
-0.11679010589403849
-0.29598906330574914
-0.5071809147771139
-0.6532964113904258
-0.7863244480686458
-0.8172370151319676
-0.844319775959149
-0.7737614744884375
-0.7220041248241582
-0.5838065817673869
-0.4104139202407997
-0.1848205348736624
-0.0029419482066876473
0.2431466028776536
0.3891551090988791
0.5495149154232275
0.7003207496548519
0.7820606074219342
0.8214740733314414
0.8041707642083704
0.7224220593002241
0.6269012950163421
0.5092241720778231
0.33158847638618044
0.10547476597703609
-0.0930614946068969
-0.2506181967844643
-0.4626305073098761
-0.6300647829208181
-0.7378389084138239
-0.8184469089251609
-0.8157264021191042
-0.7941280576774368
-0.7476307975879066
-0.5861369281044426
-0.41821868827722547
-0.2288968210636405
-0.02491472167395064
0.18907667307345338
0.3929976595202073
0.5492787500303346
0.6813071649250524
0.7713378860619772
0.8387641305990263
0.8327197176241389
0.7856013634398841
0.6690069411610873
0.49601634557336444
0.3338074475611457
0.09965058332313036
-0.06055330960407178
-0.27415390977552284
-0.4500393202869953
-0.6050716169260779
-0.742339138479853
-0.8039752807403652
-0.8306449328260072
-0.8097159325465418
-0.7184630455453244
-0.5776938237989051
-0.37869535249886377
-0.24204500357697808
-0.035885621634521164
0.1605254815572108
0.38339120867071874
0.5628097271857961
0.7081876267831293
0.7684777276582163
0.853955787912301
0.822350322136446
0.7763892073413955
0.6676854118118426
0.5010671230999185
0.32090123529632697
0.15583336419911006
-0.05511427967653636
-0.2779127665686606
-0.4570991233748538
-0.6064181234803544
-0.7315862951056787
-0.8075762616212179
-0.8539673851293342
-0.8261487559342975
-0.7195099076972159
-0.6216744408871269
-0.41507742324283436
-0.2436156353491474
-0.03510073583762636
0.18835948913463432
0.38071130095633837
0.5254630588593124
0.6757620846329281
0.7786399647439378
0.8224293935361379
0.8380304869854021
0.7247991202805476
0.6904136329085827
0.4713625519332726
0.3522600259573739
0.15513886042436634
-0.048548197865655646
-0.2702272244654477
-0.4368071313501564
-0.6035648303453143
-0.7241745364185329
-0.7815341430699083
-0.8227598549270341
-0.7730435005337933
-0.7263469078004743
-0.5730080617620054
-0.4389838985486014
-0.24408832655261603
-0.08131166318610024
0.17372284939688765
0.3526947170552904
0.5261221683214988
0.6877142440516288
0.7175187182328506
0.8224842359498548
0.8103163380779531
0.7546425707603536
0.6567986922531214
0.5488683281467995
0.35388030478399946
0.18907228512915444
-0.031157652419089854
-0.2182602818309417
-0.4274614794200975
-0.5978708921510777
-0.7347165153346646
-0.7638594841399479
-0.8110359488848731
-0.8097931608839687
-0.6797577634771372
-0.6059054164351252
-0.4360959760645482
-0.27161192204096035
-0.06808788358534375
0.1201195801630465
0.33899009139935893
0.49300130129971825
0.6946965475574869
0.7273137799631842
0.8357545524223522
0.8478820420910694
0.7629725869868919
0.683480569236115
0.5319818667666032
0.35032917424297855
0.19560122253754111
-0.004217278190664052
-0.22907532297944816
-0.4027185898165562
-0.5697366232302334
-0.6986239277098087
-0.8226077156147618
-0.8008942214603998
-0.8028900660525761
-0.725556562334223
-0.6392704807643462
-0.46129328981517
-0.25465368196361493
-0.10786434394764627
0.11846480220378905
0.34149186183063596
0.5250092402382839
0.6358036276237873
0.7787982605171367
0.7976506696361295
0.8091137380092478
0.751597077023438
0.7127769338647694
0.5617857070639108
0.3457594400814488
0.2388027046247981
0.009197293550452162
-0.22114820664479518
-0.39682987220181903
-0.5889582850432098
-0.7330772102301497
-0.7726981424544499
-0.8058185746512018
