-0.39730850310774196
-0.4324099420943008
-0.4258502993231298
0.44917058009599253
0.4324488756827014
0.42079956477281144
0.3763442702792749
0.40893373320569354
0.3467626586911368
0.3198247314946653
0.34286977512962263
0.2983642740637387
0.2792053668070903
0.2589540105043873
0.27885643982140357
0.21337496445131562
0.22260836606941614
0.17600491725280182
0.15281801843615853
0.11101448978581277
0.17303400952938533
0.1288943516289698
0.12455780629909181
0.10921685602558025
0.07555897869520951
0.050641236092192135
0.023844282517067605
-0.018657909038254535
0.0015321350571680685
-0.059359041849438486
-0.0403409319998397
-0.06084507247226553
-0.061443899499604375
-0.08593246455640272
-0.10682266089633645
-0.10255670579928457
-0.12847455952462514
-0.1765455408377669
-0.19689096590639812
-0.1804891256955259
-0.17068399664568734
-0.23548325769095133
-0.2711088950647835
-0.28503344990875007
-0.2756547753483889
-0.28046599595726973
-0.33855424671790285
-0.34073457553263636
-0.33302376218275925
-0.33036603428212463
-0.3918188630512119
-0.40098367447531547
-0.45060446512740193
0.43902192154281117
0.4336316940570308
0.40518755091579955
0.3940253456727322
0.3771125477280436
0.3596513949749503
0.3430508189243544
0.3036408304817068
0.2706029672193695
0.322266430574205
0.28037673865351714
0.2384716311415153
0.24507684263895932
0.212728042892984
0.1856325682472651
0.18061240701017048
0.1472457539753156
0.1802676707987217
0.12484239338022607
0.1143722553650925
0.07669083699936478
0.07411960096719876
0.037314475074663914
0.05411967556260267
0.011840225057911455
-0.01803265719287657
-0.01625747907845763
-0.03597092246479109
-0.03839197142884554
-0.07743761441123857
-0.08653592939910831
-0.08528997740069787
-0.11710033562022097
-0.1458552629377682
-0.17568830932093082
-0.14676385646907905
-0.188379166816835
-0.2177187324229893
-0.19238506071675315
-0.2999884423264977
-0.25575640443034975
-0.250986458026118
-0.27182951336167804
-0.27487671601604297
-0.34715836054313626
-0.3485063317868986
-0.37778309421158224
-0.4111276464428361
-0.4456279910548528
-0.42081706682017195
-0.47640805765397565
0.4366819971531536
0.41234707830999295
0.40041691323064
0.3853182091712059
0.31878079082342203
0.3429114638017189
0.2940115742639891
0.29295271690151636
0.2775748101956956
0.28533413582895606
0.2596113683702616
0.2272908977695861
0.1734496388313581
0.2057601747866899
0.15423600884656313
0.16226745621989858
0.13671607254176202
0.10356768675958967
0.16443062986060836
0.10611588509624911
0.06967314924196524
0.058412949810838825
0.019590716861546613
0.002996830505802805
-0.007956924789805767
-0.004625132522403708
-0.04186717095004507
-0.062329760497812386
-0.06493459270891788
-0.0693680965834704
-0.10031308126354872
-0.1254409956205043
-0.1771831146047108
-0.13137239186780825
-0.19166040181655122
-0.2185814150306204
-0.17481211220777482
-0.23720846388308153
-0.25708863330575665
-0.22679600389588558
-0.2928979326460404
-0.33881123623963316
-0.3341819437854418
-0.3217531322633255
-0.335888829277969
-0.33286870716409256
-0.4017413806737933
-0.42572136892144724
-0.41699570458304225
-0.4613890258750886
0.4349445705802908
0.41222036400977297
0.40128938182462104
0.3699269424833691
0.35064626688521394
0.3279219843518476
0.30832330758688237
0.28915259505130253
0.30213873149781567
0.28638925306122953
0.22916236177578808
0.22156461274358374
0.18797428891752474
0.18412272479893027
0.17051488769803405
0.20005637505816798
0.17169419402920857
0.11919957973413828
0.11220370187849481
0.10974063655915905
0.06513665835117718
0.05985024061824266
0.031512731370417574
0.029371651817496937
0.02163514178271987
-0.025829718291005332
-0.06535049870120713
-0.07062231696546517
-0.09367799850321473
-0.07641840846587138
-0.13061135061428236
-0.16290007917770377
-0.12284072325064775
-0.12123828313211658
-0.18739761223440443
-0.18762203466257982
-0.22328613507953712
-0.22058331612693458
-0.22043695239896163
-0.22655656895144857
-0.25817988022114313
-0.2937599894831226
-0.2638319464993599
-0.3466874911142608
-0.36131589433747396
-0.4125260925287904
-0.3855246134652944
-0.4185711787049918
-0.4430350596018351
-0.4560200544546833
0.48709472380314445
0.43404068962609743
0.3935965362206432
0.32435756001021765
0.35244025859033207
0.35753064791185807
0.3032713275892782
0.3171883964009361
0.31118677025210956
0.24523632999252487
0.24646327129756282
0.24562288501133195
0.23866573322613432
0.1957061530972795
0.16348359005995472
0.17058916088603407
0.1912131612097643
0.12000140670603707
0.12634203187755577
0.08335916315495848
0.11517970662470703
0.03854985085441722
0.04141916040172636
-0.0060557219872321814
0.028502890397814923
-0.029519178801472562
-0.0548577675841188
-0.030545514647012145
-0.06861148114750662
-0.06757452137185457
-0.09215298127905044
-0.1398919091260395
-0.1236537379402878
-0.14274577330320912
-0.19179062850567577
-0.2004073085849446
-0.23314422218649442
-0.23458933044264843
-0.23998153730167254
-0.25512898753910657
-0.27975757372074933
-0.3053159921929528
-0.305197019193405
-0.30083916021767126
-0.38070718963407185
-0.3777574722245519
-0.3731530358571869
-0.42207788314344474
-0.3864206771259768
-0.4686578491816399
0.4027771777639733
0.39676323741246566
