-0.2611419457471353
-0.19209679179792055
-0.12735251945021736
-0.11539013355768288
-0.06504020366799079
-0.0673674848342363
0.02195434180261801
0.03219940754770036
0.05978866528971627
0.14559550845413236
0.12497879822142866
0.2327582689810065
0.21112025116658875
0.2526909901869526
0.28837191640033066
0.32204064366087987
0.36589742203725767
0.41935334313651074
0.44548713301931375
0.46459113205309593
0.5054187361253398
0.5192857605861658
0.5272651811102624
0.5401504347893292
0.5679192661466848
0.600884958396553
0.5927807326968279
0.6137658585850896
0.6595393376460444
0.6425144795549227
0.6222839830400859
0.6283693978999332
0.6427501431454975
0.6183121900711157
0.6171741216498171
0.6067818402062181
0.6143980233020192
0.6192449264128949
0.5658218476932798
0.5482301424929573
0.516801181178489
0.5239762432003835
0.4971563032814923
0.4692116889296894
0.40486752965293765
0.39123558181864243
0.39464467010916754
0.35245460830473296
0.2786705217229776
0.2682382449577377
0.26869517999677633
0.18177829646991536
0.14628603895422015
0.07698882161995507
0.10301691323469202
0.0477826797734007
-0.02469454004517959
-0.0733995691549458
-0.09874827128481078
-0.13484292371828605
-0.1375747723245187
-0.18524220070729472
-0.25264580542799553
-0.2440002234305148
-0.303511348567798
-0.34680166189184736
-0.3803832371625635
-0.38153754149559616
-0.45718806151275315
-0.44340372477823853
-0.4842475082973594
-0.5008438196670317
-0.5536092102329602
-0.5465003518716612
-0.5934171437534871
-0.6169955446525944
-0.6227204604386493
-0.6467030383750095
-0.6252107584126649
-0.6032645802687612
-0.6429138123869331
-0.6368714006382313
-0.5998095087722118
-0.6241267286352186
-0.60472706450431
-0.5875232803699932
-0.5997846389604158
-0.5976960845401377
-0.541239460669942
-0.56587127231685
-0.57257809204632
-0.5402850230484297
-0.49404552370923277
-0.4783535369748047
-0.4416788773247752
-0.41573239979274207
-0.37504117605133896
-0.30049310778681004
-0.30793498051942136
-0.27065007992116746
-0.27046712823703567
-0.2548730752229307
-0.1679278976248017
-0.10437092139005145
-0.08405983697439036
-0.04861340707416642
0.006397558584169118
0.048165161760299155
0.06812393868439742
0.08221990868314108
0.13846377845089322
0.20323116612280623
0.17903619221264974
0.318443049759441
0.3075574799551001
0.3511110908062622
0.372708151493225
0.4151048946852425
0.4347817771791408
0.47874591389177346
0.4636595251341914
0.5210828243696115
0.5192529738888141
0.5256469452038943
0.5698324480264326
0.5692722447311054
0.5964813143282771
0.632823659477875
0.5945694341536445
0.6384221904022599
0.6465779635409569
0.6460899986452576
0.6388114744071034
0.6425597607299411
0.6024259159961436
0.5845198312491141
0.6006190966557012
0.5826047289494615
0.5925054515414019
0.5597417479359894
0.5437460143090997
0.5232096680110697
0.5022852958520032
0.4476818381749506
0.42281495636512095
0.4591772464523364
0.3971357717828689
0.38547574083119707
0.29036948399740736
0.28197005862835245
0.24475573571891684
0.18550988621976655
0.16040173981656894
0.11257675984919953
0.12733736164460152
0.04422931130711537
0.0011937144537372962
-0.019643954769260903
-0.04908477920403899
-0.11108394640701555
-0.19581617252829803
-0.16966072749168465
-0.217015416074501
-0.27576321594686093
-0.3386484372652824
-0.281431294319452
-0.3753896778360079
-0.39818925613894685
-0.41013812495436525
-0.4688687405031698
-0.5072170182368749
-0.5102046755387905
-0.5167237716640942
-0.5311659064570061
-0.5726211274664827
-0.5831891611627228
-0.6059061201429773
-0.5948795936949349
-0.6133699347312209
-0.6030165737430174
-0.6446694051803828
-0.6019516111733598
-0.6280402044498252
-0.6132549430299481
-0.605991083922647
-0.6029325101326432
-0.6170257868626772
-0.5971655055353063
-0.5885516434519912
-0.5181954004777769
-0.5705223868933736
-0.5253101966941194
-0.4694449521053095
-0.429733633366165
-0.42549160577781364
-0.4229061998748419
-0.3945757816922128
-0.34668057210264597
-0.3163966985100405
-0.2907386986361641
-0.28734028419677043
-0.2296534571699821
-0.14620936565595083
-0.1223074266708797
-0.08253304091987847
-0.044590852768426587
0.002272788893953685
0.037446794140308826
0.06405814446745732
0.0947692613621411
0.13307506318930096
0.20031565997068249
0.20982267520777273
0.2804657248479831
0.3245332156348988
0.33837961420318063
0.34482988035205053
0.39014503532686856
0.43391694422834315
0.4519063878863243
0.46587622095313586
0.4802846634455078
0.5059618717461207
0.5783999885798528
0.6082117800324419
0.5894967928251816
0.6407562126907966
0.6086181742603127
0.6262463398636203
0.613568325122819
0.6107635621053241
0.615268673916776
0.6428124633931014
0.6288442984783307
0.6423311746361541
0.6242127985725947
0.5947868211712198
0.5941527690332249
0.5863266355308161
0.5665724964041284
0.5422054285298227
0.5240784275873415
0.526775590507033
0.48175723135841625
0.4005509839509486
0.41907208754041736
0.4468213580933923
0.33258400382418163
0.33598216523043106
0.2917053833634505
0.2383931260619328
0.22524067636421188
0.17086524790331858
0.13788678671978788
0.10637206030170607
0.06128572787656946
