0.2832341206076102
0.34229489008521213
0.3012393564093948
0.364528710796678
-0.25409597323353084
-0.28455815725375755
-0.3408531995260606
-0.32181130491291704
-0.32277186006835484
-0.30022027306720017
-0.3432266026208722
-0.31859520022220916
-0.2862957826636915
-0.31319365027285895
-0.2913292635368284
-0.3097550076929082
0.3229595838590571
0.34855431925642794
0.3007320885247959
0.33038041756904163
0.34497290279942716
0.30502149656040006
0.29074933634246597
0.3094765422115245
0.34470349526966104
0.2994066440588299
0.32060278882196935
0.301057673551937
0.3195542153439281
-0.2930901926227896
-0.30776507304284223
-0.29176098930754063
-0.3424249697298728
-0.3115360111211356
-0.30396449394506886
-0.2811622071360204
-0.30299607887484986
-0.2920810548857121
-0.3509628367505657
-0.33412322721299675
-0.3076690287418214
0.3245719633270692
0.3159750589914335
0.28148441805679003
0.3121699903066467
0.31280887101241167
0.3073826468428018
0.29017837162763144
0.3092494907422589
0.3219614252718458
0.3065703999865905
0.2961287201377326
0.31005618183769384
0.31146588453183455
-0.2907782896490521
-0.3177325105090351
-0.3077011256265654
-0.31424313960251443
-0.29124254916881687
-0.3146124665836407
-0.3197468821838513
-0.31582595805457947
-0.3381285005511583
-0.28485942934517533
-0.3222812556721671
-0.3406710695413257
0.2814513983796242
0.30149582709967193
0.3097061924961766
0.32614827368975824
0.3147220598116268
0.2873794555780315
0.3029011057999004
0.3114445797874896
0.3243150684107938
0.3170436568310786
0.3123514467328214
0.3193819677442273
0.3248647798685105
-0.28277882599547305
-0.2990962149922277
-0.29017110099830207
-0.32041645543883523
-0.29644638685092206
-0.3098103460258844
-0.2919774274852679
-0.3046856666387318
-0.2958950159001893
-0.33487348823515106
-0.3182020419633236
-0.28073980918826313
0.3277688825857909
0.32050431943896207
0.3030319184898781
0.3412609471205112
0.3318065596241325
0.3150344001930665
0.27549436897642
0.3032756829711403
0.31896107092230014
0.30215243560413213
0.280825323869305
0.29865184084361573
0.30358115070271413
-0.32276295209725014
-0.31318693330896463
-0.2910674045552619
-0.33376683481488933
-0.28671558694288846
-0.3330005929877719
-0.31715627021657605
-0.2914317256627139
-0.2818874417539084
-0.29238165163512486
-0.26206104857411316
-0.30921408424057606
0.30314675942253855
0.3167713555215477
0.2830817655105409
0.29349943163479403
0.32488311018101723
0.34804729802008494
0.32737222191943166
0.3037082726940035
0.3170593699514672
0.3040646384104889
0.31264091365391034
0.3049871710339843
0.3148249836315401
-0.2849008797761608
-0.30722813050985315
-0.2583203105079784
-0.31435755912506425
-0.3166954525460993
-0.2979538328518371
-0.3219823311768578
-0.2400413690135682
-0.2787444497550441
-0.2853777035848176
-0.2819278438999746
-0.3232880533508302
0.3168936516992217
0.34748851126463165
0.3131429165891413
0.2883854608012612
0.3195296379464173
0.3175853734007322
0.34832056893626145
0.3491938527457837
0.2764408201213479
0.30812446139098537
0.3277100897804566
0.30723424401778954
0.31848154682900504
-0.309625190516777
-0.3294193382927408
-0.32361949245144084
-0.27427715052820645
-0.32089268589940867
-0.29891444568887465
-0.2946277866803004
-0.26717610297395933
-0.2800659414700705
-0.30621622385169506
-0.30983277846990187
-0.3008380604669208
0.27852865830960116
0.2662593416594276
0.3297565620845622
0.32037843758709905
0.35022875980085805
0.3057700278973295
0.2748565971917365
0.3141722056970606
0.31129642931441576
0.31385291693311707
0.326288055779661
0.2975673636903568
0.286537930374734
-0.2967778836835598
-0.3346417606371572
-0.2719485892562291
-0.3179745523672884
-0.31327784693220045
-0.33638764012163863
-0.3064313123597477
-0.3137276348131082
-0.2840330955775643
-0.31382837198894253
-0.3305683942391877
-0.30103904750076776
0.31646936132932885
0.31129658491595164
0.3073940905863089
0.33167060598135073
0.270874150128109
0.3591949777858915
0.3143547440663551
0.33697194799569835
0.2969617383072848
0.28965049726273917
0.3308482263194614
0.3213808160831782
0.2914983705795477
-0.2824395813478734
-0.2977309608270092
-0.31504482276182516
-0.3104138039603986
-0.3172867801760979
-0.3173698268709342
-0.30536801531492086
-0.29437495230334504
-0.2709398346262226
-0.31259451103812524
-0.27255007095267614
-0.3016627485117526
-0.29710108169110294
0.2854907441017811
0.28841672081681374
0.2970372934773033
0.32626639099577315
0.30038600084410283
0.3359246073928332
0.28725424934007765
0.28022287659935396
0.31682295658348275
0.26314211971374335
0.31549899320263125
0.31120530205343644
-0.3252807214060329
-0.2884111485856413
-0.2958052338617464
-0.3144301630273157
-0.2928200818143713
-0.32241949680128684
-0.31248950855615604
-0.2939791393125402
-0.34997057018351996
-0.2922837715545532
-0.3186056265133632
-0.29918543545031673
-0.2917090046396098
0.3079983811171011
0.3085005867020231
0.2959460283115581
0.2966283417086631
0.32247363150196307
0.3076177751980997
0.33768705392978204
0.3338105806539712
0.3083395772387278
0.30972823382195264
0.3191002520899138
0.31346065208123186
-0.31623033669370604
-0.2642034770283268
