-0.5239004342483936
-0.6659079355830415
-0.7776055711385328
-0.8218494634660364
-0.823195551567325
-0.8420468080334297
-0.7892195506899627
-0.7264116680232376
-0.6731231685264799
-0.5575633713652455
-0.42838017871025086
-0.31648417157244496
-0.10971856289810178
0.022745680467147908
0.16648135888456522
0.32247948093437906
0.4937526886992604
0.595370312866905
0.7061559007614366
0.7834577035450623
0.7877909657161196
0.8774622334183727
0.8158881841368464
0.7787385531188814
0.7204978839485124
0.6721679808302617
0.5114175353197074
0.3925899855630661
0.22182301583414962
0.09655255853214002
-0.07402144894624754
-0.22140609894392319
-0.3743966469194508
-0.5067891984149211
-0.6280362316162202
-0.7300801914637629
-0.7791189090484615
-0.8387309642502534
-0.8459371225133604
-0.8541213944924544
-0.7873381752562812
-0.725921246228126
-0.5980354257751345
-0.486032184250995
-0.36071837665095463
-0.19894320008649208
-0.06316703535186503
0.15171243151985217
0.2586914252359904
0.39234878079114294
0.5794706893166914
0.6534924188562151
0.7762672081806978
0.811986628359858
0.8296905616932881
0.8527994670749942
0.7992766373273643
0.7804912836232598
0.7160948604960594
0.5208984384584953
0.4082974067357661
0.31268203019687746
0.1628282826450157
-0.005062247230389022
-0.16616997915990533
-0.3187775181082863
-0.47668031158902985
-0.5844369811279867
-0.6967110308346478
-0.7833010907845535
-0.8438614265063912
-0.8232299910173568
-0.8361822386459296
-0.8001189780905663
-0.7392049817421917
-0.6655575490649988
-0.548643081563085
-0.395802788814455
-0.25041738632428506
-0.09908569414857038
0.06516874182656572
0.17770423378817288
0.33580721713268047
0.4808200253408136
0.6099953162530534
0.6582350558111043
0.7881628406330895
0.8385413514589242
0.8450114556480441
0.8223089888768682
0.7567878786179417
0.7337048435886973
0.5979281756414923
0.47474341793330893
0.35045171998459157
0.2500308514580853
0.0405475596280014
-0.07221038144645016
-0.2260001208812436
-0.39722750351597863
-0.5521170193446814
-0.6959041616672235
-0.7090693505095459
-0.8041123778165931
-0.8230776842741199
-0.8179391041416809
-0.8039162512271323
-0.7743335296117896
-0.7128280947036839
-0.6082028157627983
-0.47120203447043835
-0.37479860750185506
-0.18185455791481403
-0.009651936979581024
0.11890197439571903
0.2813804889483272
0.4484683990847075
0.5530865970301344
0.6471002320783154
0.7405318766774892
0.7934415479069549
0.8530267571824878
0.8440213949373613
0.7983261859881108
0.7503121628916548
0.6775567428740218
0.5506548088369704
0.4198981594185148
0.3026116877628599
0.13350697238551418
-0.023433682142581173
-0.13954351331929327
-0.3355147406202755
-0.46209470199233194
-0.5886177873345522
-0.7115456244098997
-0.7745061305073327
-0.803554004565718
-0.8851636162099626
-0.8181967133573508
-0.8029789185158192
-0.7312841310171652
-0.6316108391724352
-0.5391273797432936
-0.3792541819377126
-0.23407795264786713
-0.09258651941846077
0.06749205658268098
0.21350045042343854
0.37185593954171714
0.521392118614516
0.6368847489948315
0.6809020732329418
0.781466558077598
0.8441380158592746
0.8260270688173098
0.8489604676911197
0.8068541944619075
0.7261262228522851
0.6318492631411208
0.47097022833755586
0.33284569960039756
0.2082225573231422
0.07209443404376273
-0.12446835383263628
-0.24323793854357356
-0.3664856096367026
-0.5361425028307045
-0.6627186129542523
-0.7341813494077024
-0.7895154360251824
-0.8335531719374584
-0.850175355936518
-0.8381300887995897
-0.7665980935604286
-0.6724743076344456
-0.582658858641074
-0.4543010515931028
-0.31957995936875344
-0.18882603593856825
-0.013937962298151288
0.14052394632351753
0.33833172310298376
0.4816978585609638
0.5464644082037795
0.6986719041445675
0.7795893711686793
0.7949616409823972
0.8812708392648482
0.8481617869810287
0.8143368834962796
0.7207116053472513
0.6699771513284216
0.5722239050513415
0.4228391535755551
0.2656453664658873
0.10684488761863642
-0.007107435547945316
-0.2173390348415866
-0.3210831249720073
-0.4807994710819016
-0.6241286711868175
-0.697023347448985
-0.7379881667496353
-0.8504937676617584
-0.8146996404296997
-0.8398090759064895
-0.7843308597408497
-0.6646709690003532
-0.6064903789011317
-0.5279291788203838
-0.36080794048750153
-0.2218099167888114
-0.10508720790247925
0.04101067547121795
0.20764152608871136
0.43353439980400926
0.4810173567633263
0.659655429264727
0.706449033370484
0.7840872405549036
0.8184026116349146
0.8254979103597584
0.8467614048266489
0.7525502761058167
0.7349966859011823
0.5935035477220292
0.4527816450354966
0.34145002804791047
0.1975681359461223
0.025814049476350732
-0.10452493915290431
-0.25088435316226787
-0.41581586671877196
-0.5428831189380626
-0.6562248473863361
-0.7658414148911585
-0.7642900664046246
-0.8469703424177173
-0.8726696740759584
-0.8650032506375207
-0.7529334850919925
-0.6339049590849873
-0.5458329647921829
-0.49153015801910727
-0.2659622167364049
-0.08474813038826395
-0.005375925668545038
0.10714681982300085
0.3035611110126283
0.4338881281567869
0.572103185603016
0.7030700323937153
0.7495707863286546
0.8694514555674673
0.8541979690248213
