-0.25498351378129824
-0.5631760354230395
-0.6331093195723159
-0.19986991365859247
-0.04611041767402943
-0.43717523709245676
-0.12566468214854745
-0.4809588184391561
-0.09358025581560778
-0.26029031331599756
-0.2633338332072045
-0.05474973824618074
-0.40206079715168525
-0.5320728664653352
-0.2572598034464037
-0.24380132276598848
-0.4555056906753429
-0.31862869486679724
-0.36308320869874994
-0.5979236034743872
-0.5715751705689801
-0.23437553699330385
-0.28543270742438664
-0.5637407011497815
-0.4658054228430887
-0.18857764447659695
-0.13287237480646166
-0.119235437042089
-0.5182272316074783
-0.4820979305125871
-0.35525870241292345
-0.483578839297784
-0.20762634845053074
-0.3317896659088643
-0.41943344088887796
-0.05076529077326732
-0.5040814688870644
-0.12268427014476943
-0.26164115401817817
-0.340466255369287
-0.09940901412635184
-0.2069931241834797
-0.6004745168523294
-0.23323323402271007
-0.4965995875562367
-0.42477539463395203
-0.5776779698187939
-0.3450783747708174
-0.6063876304674486
-0.5006851287577071
-0.6097477296690147
-0.24104100164005782
-0.03993154971872082
-0.5767910937557813
-0.0918540201485263
-0.45943691180906615
-0.08943997508440575
-0.3117359834381473
-0.10581571904883637
-0.32143514901002085
-0.27987489156593864
-0.17980014732663435
-0.21953912445364748
-0.20938084632275225
-0.22456308324704063
-0.47691141585747077
-0.24807866939284923
-0.12254406308959932
-0.5825770482971737
-0.10687970078162232
-0.039800064113279784
-0.5738644386862365
-0.41402115762704367
-0.10841342865025798
-0.1279140077521553
-0.12660550275513688
-0.112419221514187
-0.6222070717095088
-0.12852187757150155
-0.14966232814805722
-0.2832036479254142
-0.5855868341485176
-0.48004013401528506
-0.2629555783371786
-0.2526718227680757
-0.2707808818466466
-0.3010868948447996
-0.510411275107163
-0.2638460543464373
-0.005634180613265181
-0.276000982761213
-0.2069542675456397
-0.29004968974533796
-0.06482647832474209
-0.17187109709933204
-0.19548537848397088
-0.4385062365278608
-0.3534770593740838
-0.3632930192394478
-0.06593256560571734
-0.5270679579475819
-0.059935310199997524
-0.10589103266532673
-0.15426336768276758
0.007846793686319456
-0.5468275183317326
-0.4967580545768703
-0.2608525460364808
-0.22801619909239632
-0.03351446305031877
-0.4470567694038567
-0.5954929283130221
-0.4404211080689219
-0.3764488290028502
-0.36402842496291404
-0.42482300302984105
-0.08079832024377191
-0.0910380469676171
-0.293380289143944
-0.621812976674164
-0.5479291574231355
-0.5537229210200912
-0.057553856366945606
-0.11703345194669143
-0.014992039867604312
-0.40461997008588607
-0.3827926663184573
-0.3980684189424667
-0.09893161936267421
-0.48131521210037403
-0.29577660757551794
-0.32861434645148657
-0.14338523002429956
-0.4780698454004017
-0.016142964126126414
-0.38853707533622295
-0.36314743118210496
-0.17495253990178306
-0.5448013741419723
-0.42120565626075734
-0.29088199460632314
-0.34990069829417303
-0.07548148292473217
-0.34186703911050553
-0.4978309187093994
-0.43709041190433534
-0.07486539803117763
-0.1509116152347655
-0.34264569346233775
-0.36374497703484376
-0.46181246976290097
-0.5138790941241509
-0.37639639422170157
-0.016398630318736042
-0.45218485549196374
-0.5630720331689154
-0.3372321741897967
-0.605011548287114
-0.3699607767001132
-0.49910330170502915
-0.5665064803758805
-0.402273771051873
-0.47337708887021546
-0.11148157254496292
-0.015480273751083145
-0.5674103836907082
-0.2766784927293427
-0.059121606940092025
-0.17572752507963738
-0.24845488955221598
0.018628520705671343
-0.5786515547928138
-0.34239257878367413
-0.053090136031220245
-0.6017589485606397
-0.3688392020597296
-0.30246192218594514
-0.297264457498038
-0.23983447860321672
-0.5012280834803853
-0.3085041616823756
-0.4529971838510468
-0.6223455089839852
-0.42750339353073974
-0.3452637335195047
-0.27348982826434215
-0.042230233226307326
-0.5438872273149694
-0.10718732404714422
-0.5563354022491032
-0.02980132778492396
-0.4585892014279285
-0.3631946215295484
-0.1467761983782431
0.006683793042615194
-0.5653789233131861
-0.18024049668426867
-0.3569233339379576
-0.027738338288492453
-0.4693326923126747
-0.26433838195245307
-0.1580448796692153
-0.4947981900921118
-0.4556246727069037
-0.5146918907664543
-0.44373949720751094
-0.22064486155178714
-0.07870183051179885
-0.0975833320143929
-0.36093854406086345
-0.2863996869851701
-0.6322130803213275
-0.09086558192617503
-0.6119359632194239
-0.16213894819655014
-0.3932346060998572
-0.29907081222358195
-0.25155180973994207
-0.11615455472272278
-0.29032822977205325
-0.23792364052513806
-0.2635557743864481
-0.3299181508857373
-0.010548274899712738
-0.590206573725983
-0.1302158586419833
-0.5599827853280029
-0.21876219382996318
-0.3232034440762078
-0.11402983530036034
-0.5325633657668751
-0.612709988940681
-0.10689717916258504
-0.08540665808784673
-0.2025521092967823
-0.455201684447626
-0.33684092915291236
-0.47317413823243437
-0.06575442943902324
-0.4771053684170521
-0.03883697960856021
-0.2360933557057212
-0.11140268385485322
-0.023677662118710145
-0.33812694847063646
-0.2754655613361672
-0.14782191879866174
-0.5731551670421556
-0.03577298215203396
-0.42828314886184843
-0.12741518296126722
-0.1886006717345455
-0.23613997505523882
-0.08596330639577417
-0.5913555900768923
-0.5485578370006957
