-0.42839271959490444
-0.37477837030981476
-0.33897061617781227
-0.3233452575708887
-0.28232934959610034
-0.25869025031873705
-0.17908460720132685
-0.17656518721971498
-0.16671906270536946
-0.08474264625539073
-0.09833373225822988
-0.02631976746878673
0.05107479350080185
0.10272175499502827
0.11595900650468406
0.16555116154389135
0.22067815368972873
0.19578990935258547
0.29523991178825715
0.2945739855226037
0.3414746324579937
0.42166873054092174
0.4656699503387084
0.43819486801035423
0.49047855457569717
0.5365806847051027
0.5928770657714326
0.6401774414078366
0.6590689884432762
0.700290330444343
0.7571759064705902
0.8174448718189006
0.8234531766196195
0.9122553408389614
0.951850293355762
0.9655975370808938
0.9720056724782037
0.9760787598496428
0.942494596127508
0.8886068258100168
0.8814910637395952
0.8053229610384397
0.7737951980458099
0.7417426554895257
0.6845070271261702
0.6426268274260263
0.5889034436253962
0.5776241739061124
0.5291541291712162
0.4781480251181689
0.40600376598213006
0.3940480766693203
0.378755429700048
0.31729576063709497
0.273811521764623
0.2481525581536411
0.172922450431189
0.13874864885030683
0.1192100755245458
0.10174325554253161
0.07010001635276941
0.0037949485384989024
-0.04282766718852396
-0.04029864488876463
-0.12037077106213878
-0.13734237013649606
-0.1911579753060708
-0.1921666117097742
-0.2453331517084382
-0.3206278918965253
-0.36193206617615326
-0.382175287362564
-0.46048223251815307
-0.4594957046588007
-0.4913421953353542
-0.5517428981342773
-0.5718679958482225
-0.6214622416853686
-0.6490207291758365
-0.68866301384776
-0.7344266908033515
-0.781532472590248
-0.8599492124639279
-0.8752405641580611
-0.9215176714502346
-0.9545316858305684
-0.9748057415404818
-0.9530117967327366
-0.9169876114694884
-0.8908660005697476
-0.8608524713317404
-0.7765577359748443
-0.7444339893503062
-0.7489641185775553
-0.6820446155201019
-0.6481985147479146
-0.6166036265938485
-0.6004909189263867
-0.5430891987814069
-0.4966433778762304
-0.46025598561112996
-0.41948341137965695
-0.3578043640917405
-0.30195112696306065
-0.31771920310082097
-0.2779931917809787
-0.20494608939746867
-0.15871090638208502
-0.15146161822398008
-0.10302420948141114
-0.06106835816118173
-0.038659427115077194
0.027143129748366714
0.05900055916498125
0.1282754601678667
0.12407601278476911
0.16587433381014816
0.20591069252308702
0.23660315169809082
0.2783911756399435
0.34997752914197416
0.3738410766168772
0.40146357118460685
0.4629779415558797
0.4866163440033356
0.5723415965090592
0.6063382627979794
0.6107441410829807
0.663769814527306
0.7012296911112073
0.7211305291833958
0.7791400682788561
0.8153788655579125
0.8615445714405253
0.9032471415613853
0.9440502027592285
0.9984203757479315
0.9906451560185372
0.9578091824185456
0.9301994812751717
0.8765726365369624
0.8210117097987094
0.769283399990888
0.7443839576328294
0.7011280131414152
0.6516870172411258
0.6202877289374252
0.5908310017430105
0.5509814028200755
0.4980397128408336
0.4576350693514188
0.427483087401857
0.36511878355639943
0.28879033343331767
0.3149174666738587
0.24703684717390842
0.2120683970321923
0.17473748260977273
0.12166881472883648
0.10640292822845443
0.050315711227600084
-0.009714512953193054
-0.01952126754269282
-0.045606967624093026
-0.09155867447241052
-0.12083437109428556
-0.1730563552537162
-0.19598641022569535
-0.23022427596349962
-0.32853361525058744
-0.3433050816802813
-0.39604096368055236
-0.40087844889384383
-0.44553149422559374
-0.5216009188151823
-0.517070526966693
-0.5811819869600474
-0.593772445490507
-0.6635888818933257
-0.716173841552431
-0.6981176247336811
-0.7877341147393998
-0.8183252509298194
-0.8544002663040187
-0.9148173330128506
-0.943321883801165
-1.0051762354848806
-0.9770640277891073
-0.9292208968678293
-0.890775583912688
-0.8801803691509079
-0.7889674597403697
-0.7933419879267378
-0.724986010682065
-0.7236957029343684
-0.6577525360815096
-0.6077819546745264
-0.5380796088405095
-0.5256039147151019
-0.5103802042041984
-0.4649793839582726
-0.3854860804367258
-0.33677504978934325
-0.3365001400140792
-0.2558429802644333
-0.24473868916719976
-0.22410318783207933
-0.20937855480655024
-0.1234187463345477
-0.11245966496915966
-0.09591741902056083
-0.01747180931970432
-0.019697508544056996
0.06877942074559891
0.0943622068403784
0.15716192741176244
0.17900520780860252
0.20570431258541813
0.2573622462376482
0.3391131986775276
0.3301948375368211
0.35236355284060716
0.4068351855131031
0.46969719811216615
0.5031884782402853
0.5106733737334517
0.5881413993180631
0.6509857130712537
0.6825610166131921
0.721377022843571
0.7330256519723098
0.7940549407487864
0.8063705096618586
0.8461332553978304
0.9004567215997852
0.9706698502300066
0.9726083518872863
0.9959634153325063
0.9385857654340107
0.9026642551950702
0.8754358332809389
0.8462103291373276
0.8069409136299633
0.7351684691687188
0.7213258788561113
0.6382866360673176
0.6411321411369176
0.5784186868708255
0.5463089859122541
0.5165835902608903
0.4541817187304347
0.3931765038692807
0.4053830302464825
0.306771311614032
0.34300635327085943
0.29069095594308864
