-0.034708958381295216
-0.01802429676961096
-0.01647030840149917
0.004558502519831618
-0.06490926274980943
0.018492598553074443
0.015377041849471109
0.021571597163053364
-0.000996977999932991
-0.014941474112973111
-0.008120773420666059
0.031175027836841375
-0.0253040090883077
0.028317464289885852
0.008326629467168868
0.027523747934977045
0.028954827613907882
0.023480669785906107
-0.06998556304949535
-0.0002018980519846239
-0.032430152859699315
-0.05564593614605731
-0.02464917894046379
-0.026880974741780656
0.017958464413827223
0.0009460892809133124
-0.005013421425298742
0.0006970209174433049
0.006550552187370587
-0.0012037118772015654
-0.034345743863892365
-0.00164412950803002
-0.013913292642932461
0.0050786848714771534
-0.023826496268257554
0.0495227768791226
-0.0018723799591083244
0.01834715164561482
0.025143308922571026
-0.01467952594565608
-0.00936809437939145
0.04261651388640561
0.06010698150082981
-0.001131144933896669
-0.01582720079289502
-0.04563378709935844
0.00867591042357536
0.008490412386383941
-0.012209505810525208
0.004381597211308687
-0.005886117076980865
-0.0038947021361054107
-0.015616641603521797
0.039844241323710144
0.01926742732380543
-0.030369828296932674
0.00366677396466209
-0.017052906630643138
0.001540737294851398
0.0003572954713262702
0.00849669815045161
0.027538064974912256
0.01783075758570875
0.010084930046951037
0.02694415093085797
0.02213152458741553
0.01264652672680527
0.043920852398489835
-0.061410594344660674
-0.03446278915220262
-0.006855486209244536
0.005608734205964701
-0.06364125103596519
-0.033623607380664264
-0.042309586524991984
-0.004097834703860877
0.023045991781119497
-0.04140196195841927
0.006207127546390836
0.012010960968044743
0.04721890529029898
-0.009402604195235236
0.017512583187952444
0.01209487737313019
-0.027126384251998703
-0.0037276628336635025
-0.024986163354827635
0.04267587620050693
0.03829543909933948
0.011831119979151657
0.029476874853330157
0.06460269874710689
0.02245893466907962
-0.03448480293311977
-0.06251273560111067
-0.009196091705675334
-0.013609553669317665
-0.02310446038514357
-0.03015377072483192
0.02524247264445209
-0.03962452841823768
-0.03858213640011442
-0.006331194646902047
0.024601189694020406
-0.009179240531614723
-0.03589329289981839
0.021370237219498392
-0.013218905623284859
0.04697417738246379
0.013962191880462271
0.011031991775371511
0.015204206615898249
-0.0016348221365395932
0.015667454934551944
0.03251513163034682
0.02188720501234845
0.018383176753403556
0.008876287471510445
0.026024006182411196
-0.027897833151938334
-0.015024512795589879
-0.022120423743254538
0.003871877694930099
-0.02252975947907132
-0.028046140400616166
0.007117579512960383
-0.046420723495779845
-0.024341378941180505
0.005409171917197666
-0.010088622250790949
-0.02193447141719823
-0.018910181604305274
0.006138732682862675
0.010226235032858997
0.003691349188397885
0.015022452231903356
0.035522566951077146
0.014766843756370373
0.015161546798624052
0.019048368917607368
-0.02704486203542967
0.032963974838597726
0.02529802061151584
0.04419303004560034
-0.00650459867651141
0.010535698631308286
-0.04703947681701137
0.009292428825778486
-0.025088777321806678
-0.04549071777639431
-0.01989919556377691
0.006796718423281677
-0.02743828551900243
0.007384430353357749
-0.05480187932114144
0.006491562096391611
-0.01028998949526652
-0.014238097242357247
0.02383879861117182
0.0005066013636663529
0.00956920768375766
0.045113514645522296
0.015267210292861532
-0.001638694272778348
0.010738769007463535
0.04224404777335843
0.04423324728852833
0.050366883815578786
0.06656465416456689
-0.04524817738559883
-0.013418949027230512
-0.054836698779155715
-0.041099531185112614
-0.019659912167724513
0.0014159351664704833
-0.024695639404212093
-0.031000734244833517
-0.03301696165641231
0.007876065548682108
0.034542005033339325
-0.0068426439201526
0.053846144998247115
-0.006600555867372139
0.04047201275478965
0.006390850708385758
0.03647966411424644
0.03953948966780734
-0.00013435665518117014
0.011410185449100009
0.043296875920117536
0.050531397289925006
0.0006103497990944708
0.01622907689152387
0.056064533076867804
-0.05065593745255452
-0.014530411915536697
-0.0423266260249893
-0.044229365943248417
-0.026543159480188573
-0.01681503967093929
0.015773530425390543
0.009676656640769936
0.012646985924021812
0.016804916292061448
-0.007821505479491874
0.025895951511001596
0.009696459755565157
0.012560113207487535
-0.00242198512878719
-0.005696007308629484
0.02322458813025387
0.03588897048095473
0.023285807910045093
0.03138860228794958
0.07373632435460803
0.023741754612615337
0.0113538665856534
0.05101514956722738
0.03898717930485682
-0.014733550492909999
-0.044667777737146044
-0.010528550916098809
-0.013274334602228667
1.5600696291216687e-05
-0.05176008971215177
-0.03827535133399855
-0.03990897715685591
-0.037539176207387726
-0.03513912792145031
-0.00798248375986535
-0.0033301014121907323
0.016405340281120062
-0.002350029990147334
-0.0010665895814300037
0.016939773453576418
-0.0316714666065126
-0.018076467749183957
0.03841642701764933
0.042190639461344964
0.04084426305206548
0.03413892899602551
-0.002050825923485343
0.03687715470113663
0.01748489573930328
-0.031980832735733884
-0.0031341969629472832
-0.030432628134594422
-0.05315803713360185
0.005194469440189475
-0.02326344583881685
0.002661012351295301
-0.02375294880575085
-0.0021807975217213033
-0.0336945740230546
0.014410707315213381
-0.0008252032466107078
