-0.2747933915608381
-0.29048449344628086
-0.3099752655303691
-0.3567211921280992
-0.39610539995199334
-0.3781000223245496
-0.35191725207892816
-0.3430654146506064
-0.3112602246702401
-0.2954032615811489
-0.2392737918837135
-0.19371507947194083
-0.19976338453068
-0.16048562919924078
-0.11231888453710376
-0.06549184425867512
-0.06246946664229555
-0.011360670718693929
0.0472755095469892
0.06517454268196601
0.07762243900405165
0.13096874469965022
0.1470507407682626
0.17590176398321805
0.21845231568851198
0.2262003943556647
0.2863491605884986
0.3116983613807122
0.38785336701883477
0.3649820215734078
0.4195136337708263
0.3701761224232125
0.3083337737060832
0.32107390692484755
0.26075133413488344
0.23132112676833458
0.2196586819325963
0.15732279492098608
0.14868046384620615
0.11520867591419191
0.06887328734622261
0.062456231562917
-0.005414070361245846
-0.05971996707985312
-0.04562632444095478
-0.09152010072540256
-0.14394212417542893
-0.1397591664384042
-0.1841071112277328
-0.225538741550268
-0.2514927111050203
-0.30412400954046753
-0.3255512511493787
-0.35232591520809475
-0.36987816770370835
-0.3918858315021794
-0.35882633270549974
-0.354748453036324
-0.30817934772066097
-0.2969435515051359
-0.22174825026135933
-0.21306682558424267
-0.16972820854924436
-0.15688717669486268
-0.11406467175767143
-0.09478620584317682
-0.002553273107875023
-0.031111928920406103
0.013657363647856427
0.04085650633484916
0.09718129543692336
0.13729577211826602
0.1789754811163785
0.18835921620547147
0.2182908039552752
0.2592385836728997
0.2972892989210583
0.30773298181647346
0.3575151185534612
0.38550701775833174
0.4038102375404643
0.32914933021878306
0.3222025316560712
0.3245641561535039
0.281752355884919
0.23622201311525434
0.17932941582738654
0.169893039828676
0.13863262784657424
0.09543607559185997
0.04904724879160356
0.04686429569028535
-0.0030545148315188238
-0.010156356255458967
-0.03375272800924842
-0.07405217791362846
-0.12658268253231597
-0.15390553277081442
-0.2008105460759278
-0.23037237250724338
-0.259141427937325
-0.3018218886561207
-0.3432947141613369
-0.3811145558074827
-0.4186778898428578
-0.39132027932829483
-0.3316271285988523
-0.32894838167209134
-0.34076263677600566
-0.2801451346481473
-0.2301681667652848
-0.223922844806044
-0.15593091124514316
-0.19510028322120748
-0.11972829318643126
-0.08942816086120464
-0.03838957049621038
-0.009068050469328619
0.021935354529989258
0.01236276168124014
0.08948535394702213
0.1678603452876554
0.12131333681449333
0.16280308640346727
0.20413503304932923
0.2787769038527323
0.2933641394791691
0.3040032739803441
0.3689588562487375
0.3989892607777809
0.41325904863510204
0.3913461010065621
0.31198945990557153
0.3035432175317284
0.2754986928286876
0.22523945452247757
0.17085631021725978
0.19898202863439915
0.15225447064266504
0.1048299574008342
0.07494819513021027
0.028745026609499683
0.03766525426254176
-0.0423974322708552
-0.02278120626846473
-0.11984276066788045
-0.12332449648078095
-0.19847648312989405
-0.17257768629330442
-0.26537272649845517
-0.30093846308743083
-0.29481412778231686
-0.3453091330154369
-0.3144403595995728
-0.4050754418434463
-0.4030074680125767
-0.37558078586465693
-0.332785800956625
-0.2999371304656635
-0.2788169929288994
-0.20922568550921802
-0.20525802489850734
-0.20953061770715434
-0.18340019294484664
-0.11011205392779146
-0.09850321465089658
-0.07022993864920779
-0.02226347956905021
-0.00436645909131486
0.055768120708860114
0.08575784295421907
0.10777855383369155
0.1432973602128169
0.19636221697924675
0.18433459420775342
0.2637499198712501
0.28998761381456106
0.3245835652712722
0.3287510959437888
0.39178286883534885
0.4019918571396114
0.394681038755785
0.36346508421562873
0.31586657926943257
0.2829463618120193
0.25154901971098653
0.21877358459168053
0.1775170927751827
0.1490799511953981
0.13657766709061417
0.10641397805750998
0.017535014671952398
0.03651785076082853
0.02560883652677475
-0.06011195513697932
-0.11492973300992629
-0.11870402606400415
-0.14187932613940993
-0.14332769519273708
-0.1973902030625297
-0.2480457681002197
-0.2855038417794114
-0.30658011119498846
-0.34061139907335314
-0.348164456698128
-0.4121676209450216
-0.3679295570216901
-0.34208224047240166
-0.3236761422812787
-0.2952424617280967
-0.2585133255373141
-0.22715212478846977
-0.17476157242341703
-0.13735640542425004
-0.11758785863990061
-0.1185467116203637
-0.037759786011322696
-0.04101215255448415
0.012627148683399012
0.022042157697815486
0.08331931009012095
0.08557834199100907
0.12014772660402658
0.1818938872393967
0.19037125062097676
0.21640678934792854
0.2633356333197853
0.28976649051709613
0.3522660853938109
0.3157880236365699
0.42325178307015404
0.39675314957145674
0.36618055113108194
0.30519083712521583
0.2738223202770827
0.24267892383352024
0.23182739648040965
0.17062588793168748
0.16167298309043088
0.10715871493789228
0.07015074120611742
0.037064792255359344
-0.028703697700815
0.023155214792798015
-0.04742477848378464
-0.09254310773963133
-0.10144921479199849
-0.16629371756919137
-0.18962313447275622
-0.2296058589563743
-0.27812080982775716
-0.2630556116690706
-0.29702435434105895
-0.3452339488952519
-0.4191164787811042
-0.40918680272095165
