-0.21234261141860078
-0.23316890216215774
-0.17505645217508922
-0.20577219884143494
-0.15524705269991643
-0.19691542605726298
-0.14497788728451505
-0.11498286842646499
-0.1252701969331952
-0.08537823956090503
-0.08505152671118221
-0.06598040161967549
-0.049732795250032796
-0.012317968758262965
-0.0183785627529555
0.02765017299713407
0.004502242711618934
0.05171081703076567
0.06834910381950074
0.041641342374357494
0.13955177143252395
0.13523614962949476
0.1211644507992478
0.15955546053391462
0.16636882363236616
0.18113614041035242
0.19420873028823504
0.2107676329988654
0.18594116648937198
0.19598975987754305
0.21797889868069525
0.26345390526754925
0.2730550711286642
0.2518508867135129
0.258328943364843
0.2798163071668846
0.2805402711603529
0.30263112655735114
0.2931268221769051
0.2664379774706369
0.3075070997882884
0.25403132904952175
0.2634876386395257
0.2723007979278875
0.2834149899866676
0.2715246237849606
0.2488755143816452
0.21104270207933395
0.24429089370915255
0.23192533643001378
0.18740247381691977
0.20170479971667846
0.18834613483594895
0.16262198788052007
0.1693959312105675
0.15850458892016958
0.1816544668878672
0.144924051863769
0.11757411677017307
0.1130742739634295
0.07195569641989837
0.07128106278200129
0.019559823389738867
0.08355512417334421
0.04350980095649461
-0.023989237789625403
-0.006446736083728814
-0.05184021397683519
-0.05766226012765735
-0.08661991608255004
-0.08790703762509637
-0.10911115451162613
-0.0969732684170843
-0.1149228975244211
-0.17660825013066803
-0.19781648255967393
-0.1850305373392755
-0.18762037518521976
-0.19750263315607816
-0.19208192959090237
-0.22524101935072685
-0.2618601677107826
-0.241363173260699
-0.2280505858450297
-0.2877773702579194
-0.324809873214991
-0.2858375030224104
-0.2889159653599626
-0.30779436535174287
-0.30180845927122874
-0.28820074182749233
-0.26038645108308683
-0.2778101188977511
-0.28909677615569235
-0.27460208459357677
-0.2631631814706342
-0.2646517106180985
-0.23556235699235864
-0.24815485303140064
-0.21912462282042755
-0.23719757636890315
-0.23490780785390822
-0.20612302551146058
-0.1532826438122405
-0.17958228848932062
-0.13850796265858153
-0.12485475821847668
-0.13153571703082334
-0.1077858572966694
-0.10121055767961584
-0.07178811876113798
-0.04317271321823113
-0.021788695026510096
-0.03494812641973474
0.011180198504049228
-0.007495692757878409
0.04127324635362309
0.04316273387446122
0.0583429220473182
0.09359674599318209
0.09249146496345995
0.09858394623759552
0.12281503869337676
0.15516638518511502
0.16126217570287157
0.18999158077592043
0.21844970506867256
0.1936176177080358
0.20997108789318955
0.20030736131017066
0.22266846109938035
0.22803405366335092
0.2707535122620326
0.2787715947654268
0.2704066256016281
0.2703877039962463
0.2911186003628184
0.26474844823973254
0.22978481380139887
0.2504217108336816
0.2697261456287516
0.261295671502195
0.26664006367027343
0.31051891543369176
0.289230891167093
0.2820479664881419
0.2735006678909867
0.23481269776189004
0.22068231877856764
0.21630066828325
0.21519323395836687
0.23305203273188035
0.21535545143081708
0.19816992042010842
0.17171108149249104
0.1349477437440275
0.13698535698071698
0.14219425497265287
0.1439035208147818
0.11158270915182811
0.11391899383889617
0.06578545973875423
0.042210277343511224
0.04703434589049186
0.052465877546597886
0.007910725526523998
-0.01837909639047414
-0.02720602670282099
-0.04287324855918197
-0.06223346742451967
-0.09939829067208253
-0.07708279837803403
-0.1091118170451043
-0.13068904831636224
-0.13737529740766988
-0.19471625347857516
-0.1850484721697496
-0.20774841557548038
-0.23746752723551878
-0.22344310970639386
-0.22464899615165307
-0.2458461102285337
-0.2033848300452613
-0.2828539958494527
-0.250937143693198
-0.26766929634543085
-0.24626184957857467
-0.27027294504239613
-0.28307362308097656
-0.24710704888978285
-0.31262802857491806
-0.28290045587042245
-0.2637242690598631
-0.25522639035426564
-0.29162125310202486
-0.27146772975203654
-0.26753338190587367
-0.26222258638612694
-0.24156103055951395
-0.26837726454903965
-0.23331982223498746
-0.19911786164323544
-0.21219307756435132
-0.17571338872499093
-0.18954908975180443
-0.14482890193143846
-0.16200032854109353
-0.13130561364483767
-0.13859902745191352
-0.042949898438107315
-0.07480650821312985
-0.04227779952745421
-0.05046327371552363
-0.03375564357910102
-0.023038036313206337
-0.0002422734894009966
-0.01905025226418687
0.03664956871726643
0.0718883054254218
0.0376590303403714
0.057130630211172
0.10334851381336656
0.131191261737946
0.13213323420136933
0.14814001212035816
0.1650589269877606
0.2068364474999706
0.21074006558835828
0.2007376060794523
0.22991935301865776
0.21711672774358118
0.2397561030014266
0.24862081563766839
0.26492030927214094
0.2564631755295082
0.2759508532962343
0.28548533528027875
0.2623391124373744
0.3022579432946007
0.28130792230349017
0.25459403177911427
0.27009749138308664
0.278741950785679
0.27200499689486396
0.259369436709905
0.23763492938787806
0.25307889335142486
0.2546748109814293
0.27312902329322203
0.27378741841812804
0.2319566167045738
0.24489225337234166
0.20889492728433834
0.16995078110678113
0.24682287130502417
0.1782569413477959
