0.5538393240915505
0.6188754353260741
0.5402006893051537
0.5285574600671358
0.46003856030418505
0.4146811207087066
0.3783090255676885
0.29670837031632197
0.26540042993033974
0.19087668902816304
0.14841134934039732
0.08483821838093929
0.04281043610012071
0.009746955284591758
-0.03267279012796891
-0.057010423246547426
-0.13562988885745805
-0.1499124775874712
-0.23143368063151173
-0.2432358075830143
-0.31458785370042275
-0.35909126336280706
-0.3875423610441293
-0.44324523098272134
-0.49774415639034925
-0.5373709796388368
-0.6273733713662751
-0.5835636844966622
-0.5277021414265074
-0.45799449159758643
-0.4125422182646911
-0.3757806169090424
-0.33250065924421685
-0.25966403717574227
-0.2065004834973269
-0.18733160813096306
-0.1157777950239973
-0.07793708473118727
-0.02248824994400529
0.02877088038385928
0.07932773879915582
0.12967584427661935
0.1515765890911239
0.2086741153930785
0.2628400967032278
0.3492576908253471
0.36481026473414924
0.40277436228228636
0.48785240713813366
0.5425715751232472
0.5452053645075092
0.5802850506279662
0.581380064286232
0.5341655374947066
0.46070253187080334
0.42690935843904404
0.347822387161755
0.35418870413401
0.2692206345080625
0.24386454116580492
0.1381350819717059
0.09376899137166449
0.08566812690878042
0.03999341142315871
-0.022880810189959803
-0.08010638313333214
-0.08936695581271523
-0.14774781901312933
-0.2036045342449134
-0.2788205073975352
-0.3064192893172852
-0.389634311501073
-0.4143363932316791
-0.49949261805094197
-0.4754917174626978
-0.570766851027586
-0.6029140074828119
-0.5770497621248868
-0.5401581000083694
-0.48816016943866763
-0.415824106956049
-0.36416732360234094
-0.31266460178477085
-0.27271775028471057
-0.21833428721988435
-0.1825214195700973
-0.14583590515527686
-0.11313839566392996
-0.005735476118134821
0.01815952389748381
0.051053609799521026
0.11975777100104797
0.19494615699273893
0.19689866936349673
0.23217459483547634
0.3078121747777737
0.3696082222226154
0.40973719699495487
0.4511772980215404
0.4831598467683294
0.5577139110289697
0.5877300669250781
0.6038894504294903
0.5421607079789232
0.4653316338556991
0.40299633097975357
0.3438153998088852
0.3280188386743878
0.27143131935617365
0.24650295987761683
0.15545067163786733
0.13230401305570183
0.10311033382831493
0.044799944152060074
-0.008539107611256248
-0.07627681826918818
-0.09659873790437576
-0.169494790565483
-0.2303104979982098
-0.25014117077067055
-0.326038611529402
-0.40127381179563776
-0.4136382076213742
-0.4666407910557779
-0.490048267309224
-0.5661424166986398
-0.6183738563436598
-0.54845966361108
-0.4810276406697981
-0.46781933811463833
-0.44563995631484693
-0.4066415669246249
-0.33497228772615956
-0.27543178389544887
-0.2246926936552849
-0.18580448052494114
-0.15325473017880897
-0.08348688552352225
-0.0013676725282668403
-0.012344756671530614
0.08569321101579963
0.09431168394887032
0.09841956403331122
0.2329299328327518
0.2784438844222033
0.3347293068440614
0.3342820054414465
0.405677145855026
0.43258095530164564
0.5045751087797542
0.5514880510069765
0.6020847209975101
0.5470543133293049
0.5480252676044844
0.468674438408941
0.4525733075870832
0.3532222172386987
0.33766221805957825
0.2589210132471739
0.25680671943559286
0.15315464027113235
0.13180328546476416
0.08018406184859939
0.020257132312410706
-0.03208950080173881
-0.023785014556712912
-0.11122136795788494
-0.14866103231533018
-0.1715975103698791
-0.24588699630126418
-0.28896167858934696
-0.34873146893764184
-0.4069092688126991
-0.44106464700688713
-0.49680568279479376
-0.5429654243302626
-0.5848518622431679
-0.5679690331975908
-0.5451315883694146
-0.46740537988219494
-0.42435885839508225
-0.42314172455449445
-0.3043589050946056
-0.30284196487097453
-0.20976238952126333
-0.18947276416699826
-0.1379968006886874
-0.09689980408975309
-0.023782701312560543
0.005704352919487833
0.06178697895487897
0.06027290491014843
0.14766620007732456
0.1933125258960741
0.2684312054513436
0.2778427202554949
0.3099421036130545
0.3953846255603617
0.4577737059410821
0.45829650497641605
0.5371022530692503
0.5429893124549265
0.5633848600333684
0.5478200337361362
0.4707580525400404
0.4441632934295195
0.43630896391283586
0.3188265935718669
0.2813172515368773
0.2257430557275729
0.20174335894352247
0.13369603482656134
0.1084466435886052
0.00681077956515188
0.014156326589940505
-0.052545689718673835
-0.1254373769161371
-0.13194900531950424
-0.225882104849402
-0.26752016113677674
-0.28112572470271785
-0.3887897133237896
-0.3609880236395826
-0.41487243450493394
-0.49299550767615596
-0.483252476595911
-0.5840350906655477
-0.6058997400512635
-0.5417507334003692
-0.4611807742902991
-0.40479783763610183
-0.3871576112654797
-0.32946640901712826
-0.28084978339979355
-0.22840988185586839
-0.1954834612585255
-0.13969823746056892
-0.08803935834731191
-0.06452819204034747
-0.0020176518677396072
0.028540904170761546
0.08469862824517499
0.18577036442752629
0.20372193403504266
0.2597146700561339
0.28258333950093545
0.346233384290725
0.39874711548765923
0.4321011690587021
0.489544430323063
0.5110907137188208
0.5733086838151463
0.5883104259996309
0.5746558831077212
0.4824158499149867
0.43702909120405287
