-0.29680080268304104
-0.3131940321930844
-0.31291225704098136
-0.31115431122994536
-0.28806087820971793
-0.33143141402841086
-0.288336907070394
-0.2948031432646266
-0.33852721186430584
-0.31334663623781817
-0.28366641721637303
-0.3081789439944978
-0.3425425519815986
-0.29052372966802287
-0.29936035666767463
-0.31062234060792143
-0.3277087923694632
-0.29574552150902395
-0.3414336097000601
0.31477085565790586
0.3230685062621403
0.28585026562536275
0.278487777273704
0.305061752301446
0.3244089493645879
0.3092675339054246
0.3160650883448771
0.2848432261459019
0.2757949415106201
0.28075663246825244
0.30087258831602287
0.2881330076057584
0.3320398112163282
0.3138597785493976
0.314981786788113
0.3187424888237153
0.3054162007060756
0.2840748097934917
0.3013896551533872
0.3063289690708462
0.3490861211482667
0.3038562796862136
0.34775213635572516
0.2874595440609171
0.3036764576441617
0.3139691083295211
0.3249666189538176
0.26261809694510824
0.26398041109369935
0.2736664957630708
0.3067743314292989
0.3166057229125457
-0.3095717245617199
-0.30939912109509293
-0.2808768268220999
-0.29559267487372065
-0.3445956478751787
-0.3474811963267439
-0.33470887987496356
-0.29755097537544584
-0.35680056942943816
-0.2912655131411441
-0.3229533777861393
-0.3072185535192903
-0.3140155013686383
-0.30126061769527285
-0.279816800631337
-0.28553615820454775
-0.3158608150087323
-0.32918395342528545
-0.28550212642019956
-0.2847944660291626
-0.27463751295371064
-0.27366544056816744
-0.30260914589404936
-0.3000197686238713
-0.30769793507991633
-0.3221726719532973
-0.32881538248847975
-0.33434966033657676
-0.30452087139160483
-0.3151246388722533
-0.28223589025099427
-0.3070589379663986
-0.2952773424045373
0.2972991393849649
0.30078524034761367
0.2981728518156479
0.27993551411570744
0.30173149469228777
0.31394813568443025
0.33724767183225113
0.30121173693584385
0.30897582529863704
0.3010337123998098
0.31461179392539496
0.3064638395583491
0.35465006391500953
0.33016086143298917
0.3161651355762306
0.2967183727459546
0.29123203751231924
0.2864711673583113
0.2879580318287284
0.3288685370440329
0.29676554902114644
0.32823657113713195
0.30999563854956064
0.2893090174349416
0.3133788479702904
0.2850454047557017
0.28289314551702777
0.3169531142628389
0.31413297176046245
0.27528746867221116
0.30063150454289006
0.2779185922939345
0.3088654916224732
0.3223596397642075
-0.32701605144502016
-0.33865773863553256
-0.3423723022407209
-0.3039082959184661
-0.34757975802183927
-0.3058108267466914
-0.27291709033390327
-0.3385243717300664
-0.29708021611373125
-0.3078545640239277
-0.31254767037532794
-0.29035472615299396
-0.2638113958678673
-0.29987377644932456
-0.2833901756857456
-0.2815438618512925
-0.2899927561452689
-0.3194903824820944
-0.32305561342039707
-0.29897819113276947
-0.31777122376165357
-0.2736890622431975
-0.2886402785210772
-0.28849951145048924
-0.32391639545062334
-0.30547381413293817
-0.31850778589920187
-0.29498031810327524
-0.2960478082723735
-0.28498510811007643
-0.30026669475272527
-0.3182693274688387
-0.3201500970285605
0.3004989929829516
0.32536253008466715
0.33238151692544077
0.30277528288786043
0.3256164349700693
0.2837593078699533
0.3041795698253829
0.3035116801328488
0.3249757065104486
0.2875843646666665
0.30766394005146336
0.2977973383409322
0.2955198420105102
0.3118812898192455
0.2917887822077142
0.3058810083911698
0.2963076897671394
0.3430731165417338
0.2921732664259443
0.30521755495872877
0.3199259775399992
0.2797198542333072
0.3040220850501252
0.29541291237104683
0.306634705707265
0.2904490199655046
0.2893282706675944
0.30339213907073287
0.3219345741157307
0.30229950334456773
0.31542328195891295
0.30712570530579875
0.317489567778118
0.28352617122960094
-0.32176645555684774
-0.28267883772001523
-0.33070826162180617
-0.30043697569946437
-0.30195276006250815
-0.31419416826219765
-0.3115935195172709
-0.3240375118465259
-0.32646456783785194
-0.321614357443843
-0.26063876373158573
-0.29907012928256593
-0.30818144622983845
-0.3142637257667378
-0.291532605995166
-0.27177795803195237
-0.34025895959663993
-0.3106239567539172
-0.3228539169073448
-0.29927613822465254
-0.3276298153542268
-0.31692084401899456
-0.32207605432746667
-0.27966699046701193
-0.3241336532971475
-0.32186331841881466
-0.26345654037448885
-0.28849369966223176
-0.32230460589745036
-0.30192303295770784
-0.30077981609660753
-0.281648854716101
-0.3034164365597109
0.2708332134766731
0.29968065670838884
0.3201357131840339
0.3216600923084847
0.31624432919968753
0.29322693783239967
0.30922414971103723
0.2982551723043558
0.32328623779044824
0.30402779751149334
0.277480873818842
0.28700336667668463
0.3053275464443841
0.28868046939344055
0.3144039472340643
0.30950643064968186
0.29377246153833747
0.3140023633640814
0.29109374333417515
0.2953351591199644
0.3253513173069325
0.34187682572237205
0.2861836750018615
0.32306004710937763
0.32221108875907817
0.32312207012813693
0.29667469588502227
0.305145433119189
0.3096246820138329
0.32181588446704906
0.3010833312941223
0.3110916607104678
0.2606611715836846
0.3176892146918724
-0.29908749526886025
-0.33925391354392237
-0.2848372010309091
