-0.312162929637511
-0.28205583070538665
-0.21018346498947746
-0.17831979201735138
-0.07975727127252026
-0.07596212850697084
-0.03035660243265638
0.015948640897405435
0.0960954384805313
0.1793672863514749
0.20805810552132784
0.29304623863721757
0.33828144871708454
0.3461206747893669
0.42042709105570875
0.43563468811145034
0.46615087886598183
0.5180239490777475
0.5198070035922754
0.5681255565198137
0.5746738279746972
0.622792093758962
0.6282370498008922
0.5811890754817436
0.5764607695723178
0.5495286022834849
0.5878898403849984
0.5340056410533772
0.5607254255382565
0.4684155785028299
0.44320289126510676
0.44182432991401643
0.3945112829271018
0.31267331698830975
0.329118102759559
0.3019846555208627
0.18037405110982174
0.09754261210335019
0.06880372426996373
0.016369089652835997
-0.006813636250800146
-0.0793577378212076
-0.16748064807225582
-0.17800701463815372
-0.2832629860589757
-0.30947807750363454
-0.33519648122389173
-0.4173615077049357
-0.3806197039380286
-0.4405843500493254
-0.5260115864393241
-0.5537418137338238
-0.546948956323496
-0.5855097728620845
-0.5680781013361202
-0.6052627216864787
-0.5926768743496186
-0.6106327941239744
-0.5922881914558028
-0.6121426546313806
-0.5473733444991351
-0.534278841440078
-0.5232628071611405
-0.4976764609050529
-0.43683295036171677
-0.39535210493599054
-0.3554132782216016
-0.32945264166403826
-0.24732006045126334
-0.17277775666199385
-0.16961839060113074
-0.09057227754174153
-0.03135053724237775
-0.02328488668285432
0.07987550416163859
0.1266460825937797
0.19959454354700415
0.24671116974276755
0.30652267209300993
0.3346315787069037
0.36141319991813353
0.4210742031584199
0.4429482846094861
0.45385210863731684
0.5291455240115192
0.5453979761231725
0.5748845559480248
0.5877871593519133
0.6037161535793778
0.6129818995005952
0.5750568179763351
0.5719519205944789
0.5753118407947548
0.5688809970741312
0.5379224560384405
0.555048994682034
0.4856510583003714
0.44967573576991393
0.43110200219397543
0.37550810119796363
0.2988388171512966
0.3156574681468786
0.23240936525800923
0.1957449102307582
0.11635073737397647
0.07522790449769466
0.015491380996633393
-0.04185699104436409
-0.10881362302798299
-0.1765167750134911
-0.22681294517276426
-0.24033089070416233
-0.29821401046432394
-0.3789869876075938
-0.3789772918300038
-0.39361351684113466
-0.43997721537658946
-0.5047343959348851
-0.5521226117741722
-0.5794406108952527
-0.5758447001924464
-0.592863395117407
-0.6086406341672776
-0.6100174730204785
-0.5841633337847248
-0.5771341566171961
-0.5915082295015756
-0.584331214720247
-0.517883265910377
-0.5266622996094926
-0.4882506783228088
-0.4464789580395063
-0.38557957684978156
-0.3326391920936195
-0.3032842316635331
-0.2932486171271545
-0.2186011464201455
-0.14396223838713207
-0.09392237715290268
-0.054798256043816565
0.012886114034523662
0.08810121573040951
0.1340863975472023
0.19362543274244176
0.23249818996542887
0.3049421488912587
0.33078949461912843
0.34824529625833694
0.42926252345898064
0.44739326447298305
0.510681192049028
0.5458939225579945
0.5220911313011627
0.5940846041086405
0.5602444238872636
0.5952733794554536
0.5695777546463873
0.6069151736625821
0.5827229957652309
0.5924588217355918
0.5760472274908989
0.5619062658286825
0.5058502417829935
0.4739607150503149
0.436804501747785
0.3787920918841827
0.36110948231799994
0.33350963412371887
0.30540482428453003
0.26178064509111026
0.20940113495521673
0.11174321705324124
0.06399967961993408
0.02537209765632878
-0.061937272728567194
-0.1333794391137328
-0.14384474903891148
-0.22046846667070072
-0.2598487857951355
-0.31947645567606564
-0.3668382156232283
-0.3707914532046281
-0.4294109390899865
-0.4848971689167569
-0.49805771902529006
-0.5396943983435745
-0.536368787917291
-0.5560001565204763
-0.6039932289971309
-0.6174671001344075
-0.5781264045642996
-0.5461731907345471
-0.5685638407546592
-0.5399359343512486
-0.6007391553133481
-0.539233379207575
-0.5134190734637136
-0.44402456792002465
-0.42594999764127656
-0.4271138552662098
-0.3457133445757133
-0.3109238280575806
-0.23511367030467784
-0.25264786864101446
-0.1546177295602685
-0.06447829465592558
-0.0024850684388485964
0.01467561799508838
0.09134428125012296
0.15443374182802558
0.2174815231624402
0.24103858696722313
0.29787768654472935
0.34985376364352244
0.3887985570594962
0.4313307508328704
0.46703554284871424
0.49336601296867555
0.5430631313093297
0.5292270930526397
0.5463313775870663
0.5565258568137027
0.5627910851577309
0.5891164297627828
0.5846421415801832
0.5490801012533519
0.5907855025670066
0.5410095450663815
0.5240213670473898
0.5319723116261404
0.47377220521332897
0.4112144259412559
0.3508617445723506
0.3576464573314435
0.29973846493324274
0.30784224891386436
0.19909599015792528
0.17036644179754784
0.11531133511525664
0.04721649300240462
-0.02260615158272234
-0.04789252368894588
-0.10796939217603067
-0.16705256229618354
-0.19102134958028763
-0.27076067847862967
-0.2872656801930809
-0.3572432173969265
-0.4292359584131012
-0.4334737233739568
-0.4624627192489806
-0.507931777359874
-0.5479766012764258
-0.5749128896235858
-0.578542012683881
-0.5834442803437644
