0.32627595569766366
0.26505260742370756
0.2599889260117777
0.26504929831702667
0.27237867096746526
0.27965218262023606
0.27627162404094
0.22561899373967642
0.21059573422767208
0.21226475287495136
0.21591170297357967
0.24653327177972548
0.18467482775485217
0.20021996655433955
0.14705290166570184
0.187885695012239
0.196065923800689
0.13802972860491297
0.1349341405798261
0.14532508768586427
0.13637340253260535
0.12136427307992996
0.09763061857453306
0.09147133348007534
0.0770829566019887
0.075359736321556
0.05443966004158384
0.03179293593992881
0.08432254977003058
0.032087754624970995
0.02768254493173653
0.014617274833089982
0.01166846642955666
-0.017338702251191364
-0.020986746790315453
-0.03612349548722175
-0.023684772215923914
-0.06526892918024796
-0.053345608014900264
-0.04326022954730536
-0.061910259495056325
-0.05967564701225461
-0.0735836905465479
-0.03462919735979241
-0.09277176917817326
-0.08301721440121543
-0.07497556308866471
-0.10449258150082943
-0.10539815245772641
-0.12796951940484147
-0.1667017398962962
-0.15632507464735673
-0.17093198774971294
-0.16865389991687274
-0.1805223479500833
-0.18711909174903024
-0.1721523636983822
-0.1880520986179823
-0.2581372491225977
-0.2184618160097398
-0.21930899730974335
-0.22701260408311064
-0.24715650909735015
-0.24101726710183394
-0.2867897604544841
-0.25716295963268804
-0.28698399478453684
-0.3217998266559791
-0.31797610517185415
-0.30260279572357185
-0.3131061350831172
-0.3344500985407039
-0.3222924192461243
-0.37789300645249246
-0.3705217837827894
-0.3748207001935011
-0.3747065845485912
-0.3931926916349596
-0.40525757693729647
-0.3950584426312094
-0.3964323019004201
-0.39401872801416177
-0.41649986477044093
-0.429518562734995
-0.43410651443942566
0.4566130788241771
0.38912486783422234
0.3882676140073316
0.40522212783148637
0.3893017356780452
0.35018853313207804
0.3601978848102752
0.38060099349905935
0.3221484853983515
0.3310218346695846
0.3565638809717131
0.31254045106228084
0.3212324510428774
0.30024516614633306
0.335203249727303
0.33380705648954323
0.28673156934601685
0.29577638294680236
0.27651763550303443
0.2784021219787732
0.24451436779100957
0.2791794769548302
0.26716961109979054
0.24533621554319315
0.22080975242898104
0.23841241804568247
0.20913148243598945
0.20181798126686798
0.17708660087967132
0.1651773900606093
0.13173263214312145
0.142302134800542
0.1749242172160322
0.13167851817213821
0.12642742203187163
0.1367221978266846
0.13520709027664385
0.11009976845664984
0.13605977264212776
0.07620641029581425
0.08291212463143875
0.07346164646227138
0.055089501277984496
0.06706642101358223
0.052606658853293964
0.04409757008590258
0.0027052134863561755
0.04223041937006184
0.00812502879166206
-0.03719862667167564
-0.0021575830500521996
-0.022714013668963896
-0.045154535952862195
-0.009229898910244876
-0.055600920619171997
-0.012516101906829287
-0.06368028013024656
-0.03873823209160707
-0.10238005090656851
-0.10123567810792208
-0.12725635358617762
-0.10539912710171662
-0.11155728910870745
-0.13217235659118723
-0.10978466278807375
-0.16762965504332356
-0.1771284978817298
-0.14428559886518136
-0.17400208015848903
-0.1714265106164381
-0.18774442022170923
-0.19160672727444314
-0.1956713074782335
-0.21269999738658438
-0.19019309921923053
-0.20423229445760238
-0.24232420464301696
-0.22360567075685064
-0.25329400274587355
-0.24792996365324882
-0.2853374866761296
-0.2708974611936087
-0.26443992167451885
-0.2941153646571236
-0.33094149973441866
-0.325771793657193
-0.3078215408251649
-0.328522450095628
-0.3370301138614657
-0.32584202065056145
-0.34146021959594053
-0.3841429224468077
-0.37377862431425224
-0.3275373236053394
-0.41993212225339976
-0.4253520452018132
-0.41629348845002506
-0.4365343303574909
-0.4110377651929243
-0.4737570464477632
0.45782171443270514
0.44027329853125297
0.4267706920160187
0.4033804502896093
0.39877789707679634
0.40223449007863527
0.3470315413898925
0.37198084256797526
0.3820568616617719
0.3477728385356086
0.3675329905933956
0.3349020690000414
0.3243515947515681
0.34102160865434683
0.3364053178458372
0.25359328207630805
0.26418656348350184
0.27629150118359924
0.298898194492938
0.2624907119873687
0.21905633819839185
0.22625156875722208
0.2163510410384755
0.21038459452643757
0.21253690464694788
0.21957285165657042
0.24014756164863565
0.18413497650777502
0.1869829850134865
0.1916070640917092
0.15722642164309206
0.17051750454611658
0.18895393791985246
0.15265833809299217
0.1775520117594307
0.14440083076974947
0.1092203245894998
0.06988030287793003
0.09865848329514255
0.10215544428726447
0.09364846088642885
0.09631982761130392
0.0953754468766372
0.05059095592198103
0.05752112937148734
0.05303255921485622
0.08765451793273363
0.010857931387778503
-0.00539286923461727
0.013515628023790157
-0.023713866531782368
-0.0190713243821805
-0.04101740640343728
-0.08715120787870465
-0.07668887325037664
-0.04238575493001698
-0.09699077741535576
-0.07523725039972722
-0.07450378365403455
-0.1259673780975277
-0.08074494490254812
-0.09848780748683612
-0.13140187692096003
-0.06739532190444567
-0.1462587998396733
-0.15527976428755944
-0.1561412686649076
-0.14472961775909857
-0.18241823121105705
-0.1697641378952322
-0.19917645495363623
