-0.6763501190680117
-0.7107453057201789
-0.7132367104811186
-0.6857845589904067
-0.7249870933509107
-0.7032839840150047
-0.7009455635789283
-0.6647756163750879
-0.6623652784870674
-0.6078594532373112
-0.5303965430479309
-0.5489572339616704
-0.5121164414691216
-0.4721716694846415
-0.3881208166304796
-0.3270619949656928
-0.29205248101950704
-0.18890782089682956
-0.12683329465745602
-0.053751066230822826
0.05139685869619469
0.06896740095208756
0.1370402849949861
0.19078238251255591
0.258678203366787
0.3222111571945392
0.39026061546459295
0.45446219311259106
0.490528638225752
0.5498107629019574
0.5822283969552168
0.6053175443799127
0.6603360103419191
0.6745986540994875
0.6987264077906995
0.7174070243100432
0.7055333222643605
0.7105612904366115
0.7235356887834073
0.7044191564257676
0.6670608378961522
0.6632557869622064
0.6474848078979752
0.6371161703576809
0.5752051323193089
0.4863627740315495
0.4463087285984003
0.41635888941947885
0.35184063074650895
0.3196276484853574
0.20502948402273086
0.14247799132488184
0.07995395021907706
0.014125881594520216
-0.053492756761830206
-0.0900453614441234
-0.14294007181521512
-0.2296807766117102
-0.31234066065792143
-0.40554255436575587
-0.37380034386359867
-0.4806247580143835
-0.5301072555166859
-0.6043422154468014
-0.6025724196220373
-0.6589533752233859
-0.7014012090823497
-0.7032754446286732
-0.6802877916900221
-0.7481829590574829
-0.6688406045500837
-0.7096980183893153
-0.6939846951313046
-0.6724132276855633
-0.6785365498907276
-0.6437804774097947
-0.6072112039062012
-0.5985130811288925
-0.538004527360714
-0.5231214497284195
-0.4068474905056743
-0.37992218603393546
-0.2849990999584122
-0.2613909266255776
-0.179381555268121
-0.1118350246222524
-0.05058847120009172
-0.015340276775842274
0.09576957068665559
0.1297356428036012
0.20196138387137508
0.2245354173202349
0.36838981332669696
0.3812241625168054
0.4461624621317333
0.5211855944117433
0.5311643817140694
0.5571815723704772
0.6350883068648778
0.675156962114298
0.6706525537838418
0.7113978840336116
0.7220262754742816
0.7390458097040098
0.739943414939588
0.686322106232059
0.7317266496372963
0.6890066072303036
0.6731571096986598
0.6454447659921015
0.5744481675577018
0.49944548061043564
0.4940481065812755
0.44542739806902
0.40965307501570314
0.33385451303241076
0.28214202741801947
0.24857403071785933
0.12693873863779617
0.06415784820395701
0.024447039336375678
-0.036300413460291774
-0.11608434308402626
-0.1663635470621476
-0.28177402332383983
-0.3080282487000933
-0.35703752133978156
-0.42488052811042815
-0.4719335240827533
-0.5478749750058288
-0.5908402441661516
-0.5416964977392955
-0.6435487663521515
-0.7014528608540256
-0.6982230331297671
-0.6876066104626755
-0.690797347704067
-0.7260297983852154
-0.7485970121545451
-0.7410725521949424
-0.6718468141692391
-0.6408304327095892
-0.6736282120765907
-0.5675399592281828
-0.5756077555379059
-0.514685490006017
-0.4855706554313944
-0.37835084874706426
-0.4182365525594718
-0.3308174865461005
-0.23414840121457595
-0.20040050664834155
-0.12369468755311643
-0.053347856104420735
0.011933550946326166
0.10895087800561865
0.1419837822549909
0.22533576358465188
0.26738077604102456
0.3358254187107108
0.418501211603555
0.4564656520665736
0.5184864246191183
0.5276548221666384
0.6049788522807644
0.6369199367760671
0.6529372393709081
0.6483224158874135
0.7069370853945353
0.719322503576186
0.7100174276672027
0.7220017635444346
0.7101686004857747
0.7031050593921917
0.6943850374025322
0.6766860428968433
0.6332713638331722
0.5746269979659522
0.5645877907887349
0.518425803920147
0.4743823919019039
0.36814123804215254
0.33986219086375963
0.25306018805221475
0.2037826681731816
0.16854014817639984
0.10342178993043252
0.0025825125089721703
-0.07106897953007213
-0.14061573878744774
-0.19524859986616935
-0.2670868335501764
-0.30799193506936273
-0.37089067081048954
-0.41493143379967284
-0.46361844545445074
-0.5307768011726012
-0.5768709608360817
-0.6095438587074016
-0.62633601935657
-0.6738896857873816
-0.721513297704987
-0.6784207017514525
-0.7353677581897381
-0.7516341776312623
-0.6950523640846024
-0.6882084574905685
-0.6952458399487429
-0.6656632573104797
-0.6225620097519781
-0.5870596055724915
-0.5759679170624454
-0.49933411234259134
-0.4725757962737839
-0.4033905321139596
-0.3590167788671043
-0.3099102417253579
-0.2036874043502938
-0.20324434838427646
-0.11891662910602381
-0.047254649549770184
0.007111600657064034
0.07421221035210544
0.15746765557125758
0.21651793936574917
0.2990350026256751
0.338992320610115
0.3927745755799003
0.47539902647148036
0.5101694584644452
0.5710435902250466
0.5796428876434512
0.6456994681267558
0.6457765925982557
0.6926975759548368
0.7002055756209279
0.7088533367752206
0.7066906778050537
0.7051337117490001
0.6947333673484162
0.6946108127644547
0.6685192442566159
0.6776107739064628
0.619906673013536
0.6024974116899763
0.5026029669493638
0.4693465084600635
0.44270656354507815
0.3667431083945929
0.3233790290726859
0.28135080772249244
0.21644563292615432
0.13511447056327705
0.09104982097728254
-0.01939085710495454
-0.09372547652632077
