0.2713764584592846
0.22791411855339563
0.17634272564071954
0.14805880590787446
0.12857465197890577
0.09075327734610254
0.06862632630053993
0.03483810915292832
-0.004258007196458304
-0.04510752709071409
-0.11992553166831771
-0.13667624085635122
-0.19370138759686478
-0.22031256437729083
-0.2305525206265031
-0.2892885401672238
-0.27938683404729536
-0.26724017224638963
-0.26143216898081584
-0.2121376270674234
-0.17366291914902143
-0.08874402072691781
-0.056329521042350866
-0.017568831013256795
-0.01600904735298456
0.0655081340932668
0.037209316098413284
0.10363554264119938
0.12932064997664094
0.20042652183652568
0.18790650332168307
0.22332169737002788
0.2906748229607108
0.3242380324527929
0.2682053060143692
0.20455725907861955
0.18629260323700408
0.12225005842140341
0.11997114967406113
0.06341624262461062
0.038202542718246274
-0.0037375642392889286
-0.04536654948261534
-0.10604785724573906
-0.13080964869418318
-0.14904091981036735
-0.1867764314286945
-0.2362694803144592
-0.23984532134650274
-0.2796938836957091
-0.2542461108320223
-0.24512762643060745
-0.2068500849912666
-0.15283504398435765
-0.12984882949360935
-0.10999222946058275
-0.04814086438740398
-0.034663910746319374
0.013066008185322237
0.03586086587323917
0.07147228161958967
0.10610466160283005
0.16368321157072904
0.19624377647743455
0.2282322475209293
0.24722316549161094
0.30185157404435237
0.2622929611243895
0.21966890440774497
0.20226901659032237
0.17320694664286265
0.10326978451468738
0.11842479485197682
0.04705780501668006
0.03550520173186849
-0.05572832006982448
-0.03501503132297597
-0.10311739022954754
-0.13317794500181127
-0.17694099672917057
-0.2379331521117233
-0.20924437287233374
-0.2929950286864773
-0.30257592770333164
-0.27042065553469397
-0.21220882344657446
-0.17595151873960835
-0.16654091316529318
-0.10184748861379452
-0.11073290064304647
-0.018355931558963038
-0.019050207726862996
0.005475123543329151
0.06611061888429892
0.1081697708003979
0.13407617119762338
0.15716172365887732
0.23689230861898758
0.21861758038066395
0.2629954961472252
0.2664652185124799
0.22473584964683938
0.23198979866122946
0.16421913726156606
0.14749500104501664
0.07660371606484281
0.039005050679001306
0.04597452538103097
-0.018121598190060317
-0.06015861042344924
-0.051433375151774506
-0.08293659173281737
-0.1468368447157328
-0.17079305566460626
-0.22443656306672002
-0.27567291728986315
-0.29468872723524386
-0.2710605264420514
-0.23576040285221533
-0.23094437528115108
-0.15223431884279054
-0.14136186741727036
-0.07001157514267364
-0.03663439241351053
-0.02217322398581667
0.027265202205969518
0.06609999358654278
0.06128510166007144
0.1250216604765429
0.15103255760671333
0.1947986291567709
0.18654653985394434
0.257264610224479
0.28854259371550517
0.2255699843108424
0.21322148371226418
0.19287927477396521
0.16376176156592176
0.10304940279406309
0.09006653279450881
0.040486275305084266
0.03643771736564824
0.001567086723680864
-0.05876474856279927
-0.11521756257435208
-0.14242154761622544
-0.14750050105259382
-0.22014485152134947
-0.19424622717284204
-0.2788927791511349
-0.27734413859769114
-0.31276087071147085
-0.20848066541342777
-0.21857431392954058
-0.14468174536757694
-0.11960102567945183
-0.09575566582019528
-0.02453389548203937
-0.014002988467744585
0.05836335719593834
0.04664243436410222
0.11178047773333857
0.12439816452151811
0.20926141983158758
0.23444824900476513
0.2688438502833954
0.31734135455670154
0.3009976554749007
0.2350116278813739
0.17894228789181824
0.13897051703575575
0.17764170574648297
0.11493908554117556
0.04625813253651861
0.06003214989568684
-0.03664893241986843
-0.0540762742396249
-0.08952747132303743
-0.1264454464616214
-0.13201346272175554
-0.1877626571544079
-0.21523501397407596
-0.2472834575222602
-0.25180492517529485
-0.24207378436106025
-0.2187010873114374
-0.1956470174362566
-0.13335509811198054
-0.09938198935296445
-0.09817810176998452
-0.040547191090619245
-0.00741881347373991
0.04589957345586376
0.038490331980199396
0.08649267457585258
0.10484540600915011
0.17147366128257802
0.23078398433285355
0.22434918544023533
0.26702684605673493
0.27633839674391525
0.21563113757376665
0.18646537863237778
0.2139838648592559
0.13345423895829112
0.1056577279046597
0.061738085904764275
0.018819063529555834
0.02537822567087259
-0.04552004951219739
-0.08909738909272891
-0.10539998154119208
-0.14679605513958544
-0.14488432983898947
-0.25453288680637765
-0.24436199038256812
-0.25553057465394197
-0.28415545819593374
-0.25117125282447444
-0.20627727016281838
-0.18315958501380122
-0.13300676805390138
-0.12437822583992954
-0.040723222284652943
-0.04964600872853605
0.00011335736042659321
0.03256169578096792
0.04988767355846552
0.15885537216415443
0.14828642121814087
0.17163029143815778
0.20267549262616477
0.26160877370590685
0.28791225107716795
0.2766103817089536
0.2601181695772205
0.20437398418052843
0.16945125181941018
0.12220795065788345
0.0985087232107126
0.07005638227210596
0.08125676418253269
-0.01948283179793803
-0.07060412454801462
-0.061392935167293106
-0.11614808092420582
-0.15283718489327344
-0.1602189667745026
-0.2313277811605591
-0.27142665334890875
-0.2775307706552704
-0.2534478571248612
-0.25238531605890413
-0.1911763340321246
-0.16821302632995078
-0.09053122214446743
