0.15182479177910974
0.10152846371278233
0.04847767535049824
0.09895456738224967
0.08866945020452001
0.08491800016464711
0.02537148220688077
0.025733630788161176
0.026375422360116765
0.015625280827690744
-0.008678054587928972
-0.020994599624252718
-0.02131913114206037
-0.06061796850048276
-0.07119040725054313
-0.07422479019254338
-0.07258403711139044
-0.1137518531996371
-0.10098856950898676
-0.1266790346008555
-0.14698407119746784
-0.15875555187436097
-0.1843317735615587
-0.15357940096648948
-0.12854036773529898
-0.12053972079894629
-0.08551985442960428
-0.08712658233516113
-0.08366118449979547
-0.07019686816933267
-0.03978949145413808
-0.07069860655995118
-0.04063089649531286
-0.037007721139544106
0.004701863653086781
0.008236586497613337
-0.012648595495416887
0.0412349824888823
0.0378991743961869
0.0784626626431015
0.10041773372812832
0.08072412061474162
0.07127402537072697
0.11056904611299544
0.13042719829308452
0.13209341064812058
0.15804258663883017
0.16957659299432012
0.16627730697244236
0.12024606699048518
0.14832579278640304
0.14553515601579858
0.11157091785603522
0.10210851730758665
0.04479456721978449
0.060777436365549505
0.05167831243718908
0.05163030915762661
0.045788833854566516
0.021131430278507966
0.0042915828537440324
-0.019727631076789837
-0.05143252592564411
-0.01923615929258563
-0.03191601031387288
-0.04980297226691579
-0.0924297311916428
-0.09716067166259568
-0.1448745428218965
-0.10079521648763044
-0.14862210760342856
-0.15645643932401432
-0.12828924751498
-0.17507048343323933
-0.15726342253944486
-0.14225184027832433
-0.08893844070806588
-0.08344308922924555
-0.1111208378149877
-0.06968819328202992
-0.08247229017955793
-0.03001940343864046
-0.032071770931425415
0.0009135223101311152
-0.018830239845780375
0.0084334537854695
0.01959316116826977
0.03111862118347898
0.03428495989537132
0.06648228294070693
0.048026866446941624
0.07250101301180822
0.09053300632535718
0.07330228776302541
0.1024674086102798
0.1276021183610088
0.12654941793986643
0.15301428041266552
0.16632646799390324
0.1666475558442855
0.11291901949537779
0.13995329573536852
0.09874420495502895
0.07412425601894822
0.06750195543210841
0.05194407995787788
0.01907303337585789
0.042619325277651075
-0.016388541570993953
-0.0035242238783374426
0.012465317926581303
-0.039330196252866906
-0.0309004794839658
-0.035501906837284235
-0.0685081897105304
-0.09682846024238678
-0.07928658639619084
-0.10806895732673798
-0.1060046441836065
-0.0959338333234083
-0.1196587785831582
-0.13408814222527546
-0.13100684384580047
-0.1397177120618691
-0.1644131763201807
-0.14427003122943258
-0.06859518274787832
-0.12530072906366058
-0.10904905681814235
-0.05905207001161873
-0.07764930525090084
-0.03314080152225879
-0.05119018374496647
-0.015773526197831907
-0.01401804701031141
-0.004468857740118432
0.026164193608228963
0.042277401473681836
0.055121694709259386
0.07266086282346529
0.088916612862668
0.09397614404979317
0.08714610129683957
0.13360964301990214
0.10546254847565008
0.14623205555425858
0.14512055943767543
0.13243138194530474
0.128505794507887
0.11603083166138006
0.1259121632862144
0.10861341782199832
0.0862088570726197
0.08537077164322468
0.0915327752657028
0.09246239298048924
0.08107813275402911
0.03052097925327885
0.010628662585153043
0.009632232804290526
-0.019584548538501924
-0.02170439217300095
-0.050442681125712804
-0.021020765286022428
-0.06221752974161674
-0.049438166432918415
-0.06880642560127356
-0.07968903135453781
-0.08908472401118561
-0.17284534174998148
-0.1412685887538833
-0.1535755325718323
-0.1793758896909985
-0.14683310264010224
-0.17702401097723525
-0.10824593890860985
-0.1112584850049765
-0.10818927073285586
-0.07677406004380681
-0.10248668246594972
-0.07775932137899594
-0.06469885512314874
-0.04590247228976806
0.0038647028022871822
-0.025942761918667595
-0.042815851861988864
0.02652464165555153
0.015284827958913616
0.032418958529961225
0.0647285401470615
0.04840923151576902
0.09438610954784796
0.09385201265420182
0.08963593614473316
0.1113399447006875
0.13632246688835986
0.19223737784973974
0.1557062892705953
0.18220132486427093
0.12740839967512343
0.15362305859158185
0.11398081338216615
0.10557479478973116
0.08553952327439092
0.10890702482978917
0.0701445745453575
0.06924076117763656
0.026633651547984527
0.02620072700600458
0.03781454905081707
-0.03416937698252349
0.0024572700858959805
-0.006351890329759996
-0.007926941880208392
-0.06357753022586393
-0.04721425960295764
-0.07879240054049423
-0.06117274708517176
-0.1510167463146254
-0.08853413232307757
-0.14409938719590043
-0.17676779355808847
-0.1409384857662162
-0.11295565284216122
-0.17935905003036168
-0.15123800271913623
-0.12934748437637417
-0.07762078715264595
-0.09696432093008957
-0.09893145102048247
-0.06400353256637174
-0.060595757335946535
-0.0410220573678551
-0.01666271417535225
-0.02295116693359121
0.008526855689713475
-0.005562511896494295
0.019436263110683735
0.06977056083055105
0.030708229161635004
0.08106749671507554
0.07559887532746414
0.09281523800995103
0.14530674529631976
0.11759119811326822
0.10325825561880682
0.1286583491465784
0.17196246279311586
0.14276532621845564
0.16102723710215153
0.1200775237157607
0.12163385630293534
0.15558949922723544
0.11027149138247565
0.06184814764588733
0.047918196850403216
