-0.2018763018614278
-0.22309232749091576
-0.19539805308360064
-0.2283520656275875
-0.2707427019599381
-0.2735972213142882
-0.3165572674308371
-0.3125656827096506
-0.3430770282271985
-0.34985604552561117
-0.38511334472706643
-0.43772334849490935
-0.4328539904589293
-0.41346373923481916
-0.45462983797765805
-0.4496498821022479
-0.38815517761257634
-0.38693662619262736
-0.3420057424839073
-0.3855211387452246
-0.3665910751498354
-0.2929916535392941
-0.3516831370638607
-0.2544985240302279
-0.2808842869626169
-0.24749105533399565
-0.22382045514545407
-0.20179826824356703
-0.16543898600582288
-0.15962423529433056
-0.16934386819463712
-0.16146683427450673
-0.12328992273350338
-0.11205003421013264
-0.10839666268492018
-0.07348545788097197
-0.05502455448588403
-0.005692541157099294
-0.03232052876537019
0.029394198627852728
0.004300172761474354
0.0678009003887273
0.053865405280178795
0.02426423850327951
0.10256752725643303
0.0878591694458413
0.11096268285397426
0.16395951837987122
0.15319174179536946
0.1726280976095303
0.17795478491765085
0.1822894933759066
0.20996823041556034
0.2607406629271006
0.2703300030034818
0.29618548187617394
0.3364865409758044
0.3374284306676766
0.34425025763474054
0.3284718657472398
0.38407151668740924
0.3552097611217056
0.4217606324462131
0.43810311850571565
0.42054031632666117
0.43439598845195143
0.40586242014473767
0.3944504003080439
0.36738630070308087
0.35723849701617544
0.3518995986821951
0.2955625635576452
0.3316675222378298
0.29433778078910167
0.28204759948651564
0.2771078201772639
0.24235863175039496
0.2470641965845058
0.20205131884135544
0.17619056511889047
0.14792381161389076
0.1373509074271573
0.1620653342265538
0.10898151840650445
0.13398563756216209
0.11842689442374368
0.08712994508238504
0.0498363906002488
0.010661630530424354
-0.0026123193333417415
-0.027227368342387297
-0.054182022734315834
-0.020593926810421655
-0.0750333449198812
-0.05513406294686639
-0.08205998761212163
-0.12393537654451797
-0.11982799618439137
-0.1594125736301527
-0.1572641998793643
-0.16707556171487048
-0.20148226670867248
-0.24529287540294767
-0.20843792873390374
-0.2999537605414071
-0.27637768313119543
-0.27565870857662284
-0.34867310167292304
-0.3464841613941535
-0.3542340684564688
-0.3793482148145084
-0.37064288060183764
-0.3908414519738228
-0.4116770377699422
-0.45874969362710033
-0.4251913068250966
-0.45475444259286896
-0.4130941008570081
-0.39634437913261356
-0.37746386150915434
-0.3772123836398414
-0.3487342963977322
-0.3028727583026967
-0.2793245018720939
-0.2685786294733571
-0.2773153126541762
-0.23575554827938264
-0.24466686061619128
-0.19049428262459228
-0.2005149660701624
-0.1469526526617459
-0.12341539715883985
-0.12327632489901451
-0.12802099069025963
-0.0867223944323264
-0.033967555619234195
-0.055238135703690364
-0.06748051868918259
-0.033422915760206784
0.011797993479944844
-0.011658159466179872
0.03231060506259251
0.03904335002454498
0.055057480949601355
0.08509852790394361
0.11924730033408469
0.07046231023615081
0.19755615678668426
0.16873900302944814
0.16750169297952522
0.1513922489559008
0.22648380504566576
0.19514238866204234
0.2894233755776932
0.2654780075281933
0.2508188846854111
0.3513811744348177
0.3109432985402703
0.28629128606571114
0.37936829533440536
0.3586685728998357
0.37445605891617245
0.3985858243852425
0.4264514279243009
0.4345926235839778
0.44029374451629866
0.45068450919993996
0.4075854163324533
0.41075166265292956
0.35242123348039245
0.37263476572208276
0.32694678768461705
0.32403781118992814
0.28828765625613445
0.2684944933933154
0.26488253276803725
0.23489774350287176
0.2594422023079068
0.1949056431242299
0.18367330990645453
0.19834593918997054
0.14012608739176075
0.1555111920601655
0.10852703138804264
0.0948095922303812
0.07877454810156968
0.038534762751596764
0.022673344260537194
0.01844617679098064
-0.029880324054484618
-0.008016211482419926
-0.035140689352497034
-0.06389340572711678
-0.07062346678686306
-0.06834231624539945
-0.08418608360767416
-0.11077018045972725
-0.08691495295120188
-0.1027281176000015
-0.18870366461616042
-0.18782958553465864
-0.1832533204650209
-0.2519737955577194
-0.24263228530442427
-0.24937721138992097
-0.2761217316052256
-0.2671386623772767
-0.3137552428190881
-0.31291219338980636
-0.34016716359837235
-0.33704384120682085
-0.3747397045388209
-0.42271974192060174
-0.38790382592933104
-0.48284193947103166
-0.45687557703249904
-0.4422470291059864
-0.459418839060835
-0.37829313468570325
-0.38390106566428417
-0.35050697552171173
-0.3474696802708992
-0.3462590498852129
-0.2987046753052533
-0.27292799719170685
-0.2849054214798141
-0.22218507144096183
-0.2407132190315651
-0.2063179554725759
-0.19678517249967054
-0.17076063614886788
-0.1315671419680939
-0.12861268268155487
-0.11058162915776375
-0.10398192798866712
-0.06331721965713676
-0.08000834063992346
-0.034552344424662505
-0.037865207284816675
-0.011358729292112199
0.02417633669661364
0.02399741722047433
0.028479033577339285
0.0713087599834163
0.09818609409229985
0.09737506782719663
0.1083369809627313
0.1548015787563708
0.15785453851357303
0.18464470971810162
0.15612088640354946
0.1949347822678332
0.22673153741360674
0.2641959686392711
0.2494424554744029
0.2824764941618444
