-0.1318388462323692
-0.13576540047339475
-0.14040079521008209
-0.16161102952221967
-0.17641506206104685
-0.14787907373566592
-0.14117297794793712
-0.15199804647014242
-0.1810632358877271
-0.1682517003497671
-0.1386240783972247
-0.14046651955146125
-0.14130567566871097
-0.16659452695355942
-0.156004331149996
-0.11746459119631203
-0.17571148906851766
-0.17436503343368928
-0.1483541905864382
-0.11997711313399802
-0.13473755236011206
0.1557213739186404
0.12736749368980896
0.13135710872452114
0.14742689406770987
0.13545855191259062
0.1367501923968216
0.13223888187166494
0.10923816450271487
0.12267501945820065
0.16567808541119478
0.16655631479671712
0.15395701302643489
0.1660425897420797
0.13040543301012936
0.13318319829811093
0.1332646668609947
0.13956705616382423
0.1754753426823659
0.16968463147906715
0.15343670659365116
0.1378798246341009
0.1158263363813026
0.14862548406127704
0.13807850137070085
0.15124020724836224
-0.11868307603175948
-0.16803345442996478
-0.1438039030278554
-0.14659277520326236
-0.13837561593355494
-0.1793267903338239
-0.13356746670305117
-0.1668861172196413
-0.14542171709363588
-0.08286893585453678
-0.15796135746261947
-0.1641469302393491
-0.1747577009332187
-0.16704529204216045
-0.12768177173181397
-0.11516423317093245
-0.15459524376883094
-0.1502539305995023
-0.1353978622287697
-0.1449965115105293
-0.11775525190423075
-0.14495566544558472
-0.1371174990171643
-0.1223056434494948
-0.1290028442699896
0.13656964777749356
0.13639868273693875
0.1694906151481614
0.15084137360559688
0.12532411536944799
0.11399133400171924
0.10152981813019275
0.1626502254875358
0.15471204825827617
0.15292947202597923
0.16358028445922643
0.13867351937735037
0.16800886094208917
0.11831563816509062
0.13239012963866825
0.14729183091557055
0.1328116225075938
0.15413786786588796
0.16127733565226268
0.1534791216448183
0.17791927001632635
0.1657992166628309
0.17452153625081396
0.17869338523348716
0.1552876516623624
-0.14835329520401563
-0.15609463309783447
-0.15268790832835338
-0.14320319493103764
-0.14735289311882463
-0.14333522347820735
-0.13924346658030157
-0.1654874471250795
-0.14555503001665188
-0.13165876996991857
-0.156886556065917
-0.11943659307236493
-0.133668000625048
-0.14945137254873653
-0.14200330745753728
-0.1566901674689932
-0.15124720216518997
-0.15130796235640123
-0.13826660501596602
-0.12214799638584986
-0.13789003654928078
-0.1328784275983533
-0.1453734763551345
-0.14890479455921837
-0.1298445512937564
0.12776184765940235
0.14292910982041504
0.19101896133427812
0.11653652758057545
0.1448098529416017
0.11716214546398077
0.16029403680342355
0.15338703975122872
0.12686946267378915
0.18971783723515256
0.10633883572656308
0.1292313351481638
0.19231704174225897
0.1547487110017778
0.14371494958172332
0.18771007134543624
0.166993575511224
0.18767566421858575
0.1338832425075343
0.17029902651833398
0.17953987476836103
0.16258018280853465
0.18288695554266565
0.13547455516790097
0.14274678709530275
-0.11777812258510166
-0.16113723452061288
-0.13161680737177622
-0.128535398821615
-0.13304513419574293
-0.153738325808297
-0.1523761026613392
-0.12243417669685362
-0.12386983241702282
-0.19352914515582478
-0.1874576108472248
-0.15173331815781435
-0.12511405980483328
-0.14640418889255896
-0.1552557186476358
-0.13860965085660476
-0.13304538499958934
-0.176101347921208
-0.14082042915772294
-0.1771330698545072
-0.14154660085407816
-0.1379123962966216
-0.12666565364756938
-0.09923290471525192
-0.1503231069566777
0.15675344287820728
0.12722013540441174
0.14251539402446245
0.13150286512739315
0.12014023940842275
0.1557994167579903
0.13949786812747447
0.1192754911461668
0.17500232147943334
0.17668238733541775
0.12309425596256025
0.1579894473583482
0.1598016503162702
0.1584817360743217
0.13274101950960177
0.156485656524428
0.15788794153380872
0.17022130403343264
0.1473620371601845
0.13580465069894293
0.17979876963870733
0.14081867793130104
0.15191412228489176
0.11890613148277118
0.12071731029570476
-0.15742909159830543
-0.13632874508890272
-0.14024724566656765
-0.1312919839316898
-0.1331748522106952
-0.14598116482323573
-0.13270230483000361
-0.14171677284727185
-0.13870275834085155
-0.16154880638512703
-0.12862022356608688
-0.16074691368190056
-0.13247667895030749
-0.14733794821377177
-0.15213081264730824
-0.14215804451254577
-0.1523203821756989
-0.1745680885018927
-0.14296401383241278
-0.15282019673571282
-0.15069972243328522
-0.12989638264254788
-0.14335381156971885
-0.13448017596223366
-0.13665325604281917
0.12047107496780372
0.1274804240750218
0.1513646745021559
0.1532729505484571
0.13213710498197506
0.15152271305986223
0.1426617394298447
0.14128996003088365
0.17037160716014857
0.13790216308389205
0.13606902009158442
0.12463010435341913
0.18816985169730782
0.14490460858933202
0.17566029903657635
0.12880797128031046
0.16059789532160326
0.14741590690017137
0.14397959406486283
0.1478594657405658
0.16125809816014658
0.1602870397523079
0.16187775506530314
0.174606220062409
0.15077407323341507
0.1355341095105735
-0.1720588372256536
-0.15184129780235264
-0.1224324869667294
-0.1318642966116205
-0.1143169372495568
-0.16650310774260546
-0.12028191071351658
-0.1520084716262971
-0.17508121233130755
