-0.18576835473959072
-0.24767837450013025
-0.18604717886263963
-0.22914794282783207
-0.24872770811411954
-0.21047770038304983
-0.1589256595610751
-0.1761657835390046
-0.14653261402904966
-0.0874622488035479
-0.10548889835787699
-0.13764220147451273
-0.11786582777279785
-0.12381913127445282
-0.04192912001313324
-0.08926751117158913
-0.033689627278573844
-0.03615440601109316
-0.018537077828284784
-0.03690925288640493
-0.00403393812720621
0.022850702496832714
0.027171680680744152
0.022326950235336943
0.0720966123703089
0.08344575375104592
0.09125919544668007
0.08775797668836821
0.10921074083823788
0.12329065622484328
0.12341057237580623
0.11440697038587397
0.16948217183429382
0.1864952946630164
0.21052661432828215
0.21390194807929844
0.20123758090855973
0.23843035780296784
0.1677167155807378
0.21714014330555462
0.17091740820271228
0.15388624642481938
0.1714947773309029
0.10957561445759409
0.13349169138084024
0.056371939688527446
0.08260430347326238
0.04191986656918461
0.027207898957721598
0.06377324356323592
0.016699308254961465
0.030118381167648006
-0.0011878688008199276
0.013260890168828768
0.015909990252013947
-0.011062864551116314
-0.040306381302729295
-0.03289420171025716
-0.0746690514374743
-0.06020864083356862
-0.0890218516829125
-0.11225235034753207
-0.1164422613710935
-0.1392981619358761
-0.12444017788051547
-0.13080018956677344
-0.1852400187347266
-0.18481677161187682
-0.21708197410273036
-0.2349084966706041
-0.21296101019849847
-0.1823591643029185
-0.21114095502229754
-0.1788064257321027
-0.11803624974969933
-0.16197731562042791
-0.14019068818942612
-0.12150310320024671
-0.08374246637559468
-0.09765262711089556
-0.09047025826008054
-0.0914831532199348
-0.05980898749510626
-0.05829879489075777
-0.014323775983642376
-0.011461940697544654
-0.02869163374830868
-0.022747342859073504
0.04404800974261075
0.005958204162268849
0.04102805922925238
0.09556622173611323
0.08422081071067557
0.07505924459462313
0.12856137437350695
0.13072090142723464
0.127324685485074
0.13506691570525636
0.16007325168854514
0.1498344471931973
0.1848352111157604
0.18372442004573125
0.22421451213948834
0.229145702536969
0.2125934086969678
0.19563241949903862
0.1889009131629383
0.16962170584410183
0.16717693235239714
0.14643523209871773
0.15535681388700498
0.09609951325287679
0.07720179782485427
0.09287445144090113
0.04354749746920761
0.055537414708474446
0.0455557520953154
0.03297809251778318
0.023952734399010203
0.017710766258751433
0.0017827573525992279
-0.04644508616853991
-0.02113427265587347
-0.056919778503213135
-0.035232144995215695
-0.06825146046230596
-0.09751896395124529
-0.13485183069131038
-0.09509754401007954
-0.09667176114819624
-0.11629959391956865
-0.17334653764313146
-0.16018535163727501
-0.20076138760972118
-0.20633674849424422
-0.18041659342134975
-0.21897064517085435
-0.2111849981554815
-0.20266680589220112
-0.13429175472336413
-0.18639963533317994
-0.15007027926886002
-0.14847078554086854
-0.14078356674065623
-0.10592009249424557
-0.1200931071884483
-0.14715906922362482
-0.08936715755218207
-0.09440315093288122
-0.06806634598188968
-0.05408934200624009
-0.05761069473158008
-0.019359676411838528
-0.012378204851494786
-0.0022070519609180776
0.04464390132974596
0.029697088878366945
0.06737554861106744
0.04857714328185612
0.06857152047318679
0.07755317357321667
0.11905266952042659
0.11136774998571498
0.109077047888824
0.19283732223146435
0.14835029806145375
0.18638654913626965
0.1696675846935246
0.18158613198777093
0.22612503416243962
0.18735115830630006
0.22799090775501202
0.17124988701992316
0.18574070533997994
0.14414944772824984
0.17438375781157167
0.11403830515225294
0.12708088758965214
0.07812704141382207
0.08282765916968637
0.11451611985642496
0.06984960127527279
0.0784763819873553
0.0024103914291590325
0.020248476413222784
0.026394771222673603
-0.03677039593977384
0.00021888135705417245
-0.043219082173604574
-0.05544359924220246
-0.004228699913341023
-0.0654584777170885
-0.07302012727130675
-0.0745604693024377
-0.09048632759799673
-0.10843134474170013
-0.1411745507340539
-0.1514259849379673
-0.1525469917501883
-0.16202018459753809
-0.1754095653430644
-0.16736767424041826
-0.18199784941295583
-0.19406465262207154
-0.22996723613847922
-0.21317800119752367
-0.17599782750058618
-0.16163711294725078
-0.1429542642751443
-0.1444824453188938
-0.1109737423514582
-0.11578193620012872
-0.1313246315052058
-0.10480197625732313
-0.0702313805910589
-0.07510580590921392
-0.025470513901722246
-0.03183685953962888
-0.026867801897060773
-0.01981867688094293
0.018360741240071
-0.006407694928341166
0.014693422274501386
0.07193087918847738
0.07824244059690882
0.08737086189295713
0.050189386210753216
0.08234906295241504
0.1343292268690081
0.11687010861398155
0.14025043086128464
0.1641854645155035
0.19152619617730865
0.17479835783831538
0.1944054923623862
0.16290296430908613
0.2074619037393808
0.2136878398927233
0.18935534334979157
0.1682969192233044
0.18030574792062676
0.14401789205280033
0.10861891753107145
0.16097080353180085
0.09163150378130937
0.12109801673137618
0.07569214666982614
0.06445849985042665
0.029606459723107006
0.07073741332961665
0.08074727846491436
0.0197133600535946
0.0276318404797377
-0.025623555117139905
-0.019057097389774156
-0.01128137388464986
