-0.030504437106789975
-0.0035629860170205523
0.05879672710060373
0.10641606757081763
0.1518667690040141
0.1937741713001021
0.2674321728825663
0.28043555053064073
0.2071372985319434
0.19998685274335465
0.1451541308750135
0.08280437382436945
0.03496415828403983
0.028935226267938687
-0.05153247470648641
-0.0728371036226562
-0.15859911980267466
-0.16141991027903477
-0.24668828616080707
-0.2791013854384143
-0.22105715678669052
-0.21673294007679103
-0.18458496433412036
-0.14471120886479313
-0.06906870443029858
-0.05881282862657216
0.031185155333812692
0.07347525946518874
0.1111595020212819
0.15266646869967965
0.19589157306705537
0.26200007861117436
0.2411827357158939
0.25542644537838466
0.2037535430510296
0.17353492222212838
0.09350232929774485
0.04334145351391439
0.0411624087382927
-0.0460070306008153
-0.13418487341887456
-0.15830897374173786
-0.1315851827055676
-0.2185052100739955
-0.2803654192301949
-0.22668289473661019
-0.22867947205709693
-0.16232371483663213
-0.0835824168988055
-0.051217605552514846
-0.02812420203054728
-0.024540139965467965
0.04346513146573984
0.06540225239517217
0.1251212518833718
0.256806805852192
0.2802242513453828
0.2803014522522644
0.25003172009628255
0.184288474938881
0.16401181585559482
0.1038640453884111
0.009584240940184986
0.020868470833384
-0.07281446553640201
-0.08377220985544079
-0.11154936187898881
-0.19529142047180223
-0.2686950457035345
-0.2479813594324933
-0.2570732601712859
-0.22227698296892062
-0.1770508191860352
-0.1272270042408182
-0.1092530194896687
-0.03555497646182462
0.00542312284280278
0.030035120639350207
0.10329947893765826
0.12352423309835446
0.17877966431921904
0.21313137126240342
0.31496824792000194
0.24202990079323317
0.21563194775285596
0.18232317927628416
0.09853576260448883
0.09515538463402065
0.04984634194780647
-0.031872547199608796
-0.09993844075864639
-0.15072199043176449
-0.18511815134204213
-0.1835540184595314
-0.24006078720308532
-0.3011981393038398
-0.2107910121977377
-0.21292843102774078
-0.15842682083707876
-0.11749891030486276
-0.04145313609689798
0.0032583225636990043
0.025209713533830842
0.11103934309451806
0.1475681127703975
0.18987398202860462
0.2463666254568798
0.298209350122575
0.24721731638113767
0.21882006043116956
0.17976294628159617
0.12532130524955465
0.09602001719237957
0.010831802552239193
-0.05636965090059133
-0.09127917909434978
-0.1486588136622436
-0.1850148629105251
-0.21832919091920097
-0.2892967424612385
-0.2463922961109578
-0.25244199940904943
-0.17200017617085386
-0.11273202502398685
-0.0611859651670891
0.005307034280594966
-0.017127424211354
0.07787815430365158
0.09228396118966001
0.1437041223656495
0.21008449444375554
0.23377638502407644
0.2674002293218984
0.24721447405707558
0.2234115363439651
0.15700731315721994
0.12477754201220939
0.05412315143022237
0.01053628744713248
-0.05684477873393669
-0.07062613883074761
-0.11912083978117764
-0.17343941922828712
-0.22285700407043169
-0.25369473271825055
-0.25713914387775777
-0.21446611523461362
-0.186883471383901
-0.15563086591605546
-0.1095697051037862
-0.05340728331301596
0.04556037862131589
0.030597476449614802
0.07829745605851998
0.15865267577842682
0.19714736174762199
0.2332629439215926
0.3052536647260123
0.26005600785850475
0.20097073359385273
0.17932448426899059
0.1063184399333147
0.056053977532155325
0.022442423040743495
-0.026265987609703622
-0.045805854593290646
-0.15008984400092146
-0.16492712373040896
-0.22728967898431982
-0.3033911858531644
-0.3058394067384406
-0.24630429716101976
-0.18905521249591878
-0.16768979969631453
-0.0820963617594536
-0.06362413926855817
-0.03525990056860801
0.043427944918099044
0.14244655402896464
0.13326933043773578
0.21777177573025294
0.21572989116375452
0.31607148347691494
0.24760848521192233
0.21398615901968565
0.19699348477819015
0.15123646740355168
0.07444937420330071
-0.0017338843382935475
-0.02643214765351142
-0.061822258173073394
-0.17213759591489908
-0.1777427205677192
-0.22100387762543858
-0.2555122346690323
-0.3102356243702419
-0.21648880766847142
-0.22182313092614664
-0.19137874091767293
-0.09924333221954211
-0.06615010273940539
-0.022133757773304202
0.08965032225696752
0.09489288281356084
0.1150817476497985
0.15917718742600492
0.26168897445356715
0.29222561621314075
0.25941663325112574
0.19066433262833668
0.16584921263587957
0.1136278254553675
0.09372924161083919
0.022578729780804378
-0.006632728923385628
-0.09690188899763832
-0.11198954525068659
-0.11167790147833853
-0.190529047595434
-0.2514899911813421
-0.26163811298858075
-0.2603826926328252
-0.1891974246964725
-0.11902083587992124
-0.11168037189050303
-0.07607495689097515
-0.020299748201731506
0.06874708653385606
0.09429689255110182
0.08120986028724805
0.2010359486761637
0.18713317992974304
0.28016018292137534
0.2784221789628435
0.20018874906523162
0.18869339267873467
0.13893694459729358
0.06585685989707958
0.021939833910044775
-0.017044328476622028
-0.07135832313475797
-0.12726909389182367
-0.13090770405908614
-0.250912539513248
-0.24599940288694405
-0.3046787050258068
-0.21200196637033272
-0.18577509119608954
-0.15735014176988887
-0.10045463692980172
-0.06789000849192482
-0.04402437172117212
0.007921003813726527
0.10962741819695797
0.13532002910990873
0.16301271327739214
