0.42271594381254707
0.38076619826154595
0.40302574289139226
0.44068820904321354
0.4150882214352792
0.39563825567348426
0.39703818759035997
-0.4089740556201543
-0.3665512502652624
-0.42602222222931285
-0.4119976954697773
-0.40970667240560044
-0.3838339157952995
-0.4054861992376984
-0.37340782490316776
-0.41942256764652786
-0.3929439180672467
-0.3915128604398221
-0.4208629867674649
-0.40557784581329864
-0.41337933303204866
-0.3897817342806525
-0.40398457433329665
-0.3529114045616079
-0.3857827610756957
-0.421231887806503
-0.402565693855747
-0.36362323261736473
-0.401183308926318
-0.41390925039113813
-0.36871833585154523
-0.42772548784538456
0.37860743284418696
0.3816734252917123
0.3896906286294995
0.37888612744722316
0.3933430490392125
0.4339951128806433
0.4198757220240977
0.3970928948975392
0.4278815383460887
0.40016819728322184
0.4195318024951181
0.38277898736301313
0.3655026701554885
0.4125110432218819
0.3975762645000762
0.40382620508958184
0.4047169204607192
0.3805058242517465
0.3771450984602694
0.40695677763718874
0.4042268837195881
0.41834160649410707
0.35616233655563123
0.41400376139369843
0.40000142210599265
-0.39753432172783026
-0.3778340301125571
-0.4017831769008604
-0.3731503060857223
-0.40048565281951287
-0.45615724531353435
-0.40294051801124436
-0.4015975295972625
-0.37938037192614443
-0.3977406620357744
-0.4021043555372577
-0.3947620928508242
-0.38133193019141437
-0.3785293007245599
-0.3929250874367528
-0.3713774797439331
-0.40438703640347035
-0.3970394220937269
-0.37954503336357764
-0.3689760538478467
-0.38594699883909217
-0.4036921113859266
-0.3856893881793773
-0.382230511296184
-0.38106802865867884
0.3738771905731937
0.37347690453054516
0.418585420959942
0.3854291090996274
0.3758708804451153
0.41345467224861754
0.4001226518814608
0.41419421375172455
0.39685670105835763
0.42516730619449267
0.40636735695825815
0.46759690881449045
0.4125930075837403
0.41487466905941844
0.397541150538553
0.4180587072133659
0.40318369766885354
0.4266191183406946
0.4280726872933759
0.3641670109296871
0.4020777994366583
0.36824397794441843
0.4110831681053452
0.39666176142856635
0.3819665930815512
-0.4324821775213742
-0.4288763072437753
-0.40706376773730757
-0.40731898163290425
-0.39126336033096376
-0.3812063062857137
-0.389290626017661
-0.39458534002376733
-0.4160607806638245
-0.4009925205116243
-0.4233926139957626
-0.42686563682465395
-0.4223466188199488
-0.4020007666211325
-0.40474018613887186
-0.42112268513824763
-0.4357316408771515
-0.43343932164616494
-0.3822422048538793
-0.4147373187360093
-0.3964264722357224
-0.3842039767973606
-0.40123553490390773
-0.40289836167552007
-0.39807350167709726
0.4067279204011435
0.3726007716533889
0.397464533305835
0.412689063659991
0.3626105646084414
0.3971165843572145
0.4180119609666801
0.3955138093857328
0.37935673510839146
0.4192061390226991
0.4261962917940302
0.4061496871038483
0.40447236553115073
0.37948184588725836
0.39166602299997383
0.3928900772067843
0.3925175088037544
0.40964443672957096
0.42972692121778244
0.3582661292642053
0.39265692402596175
0.37068785997725406
0.4144788376629126
0.38592228210751034
0.3814586301612768
-0.40477347882193987
-0.37316134840024845
-0.43951445394523003
-0.3771798770336655
-0.34907838520376344
-0.36832743843036625
-0.38443209746150764
-0.40645964739868684
-0.39854526334747975
-0.37151635514797043
-0.40653011377497583
-0.3942424417253635
-0.40124629619892654
-0.413216443125418
-0.41197975311104235
-0.4150218183145019
-0.3805212836556584
-0.37358100297769753
-0.46613326526457277
-0.39320432586348825
-0.3871445065056667
-0.4093574345096022
-0.3865048755067326
-0.4061607965300106
-0.43162245551400447
0.42036992141813695
0.42952700704579827
0.42752888288459806
0.3839388576306868
0.4126563258364893
0.4008312503897009
0.3788756090511921
0.40533668454265537
0.3872775577555123
0.39055635758751783
0.4113809824549328
0.39116784132191607
0.4059530392407846
0.38092066559569426
0.4173985923436447
0.4106464116853011
0.4088126897556567
0.3712865486728996
0.415253155132141
0.3666265698264328
0.38808749137401777
0.3835815658687463
0.39389619299622264
0.3968433137347145
0.4005801937076671
-0.4156461928944788
-0.4041151659228706
-0.4068328587736983
-0.39086172279456516
-0.399725493358207
-0.3708955843962818
-0.42688550692190697
-0.42584618512632916
-0.35926193360191344
-0.4253434638382529
-0.3792830863245227
-0.4128820799401853
-0.4057764324300542
-0.4387460595081086
-0.4161928343525326
-0.41595763133781477
-0.4035259847310666
-0.39073983148460045
-0.37340875258941225
-0.3625406234123826
-0.40613602903453117
-0.43826529570020195
-0.42966272068972206
-0.3778692041704759
-0.4062940299340272
0.43462676544520334
0.40735659016487413
0.3856551027857191
0.398873967666128
0.3855431772345687
0.42589493646323484
0.39342041593055793
0.4139748793243667
0.4043090097701368
0.4232292822974652
0.3828482046362338
0.3931648733511629
0.4099705815529761
0.390811057611483
0.41766274399596726
0.3655447131323463
0.37550286774552566
0.4131189813019652
0.3981079913038504
0.39701807139005335
0.42388196627154245
0.4019695304375259
0.37886713980015224
0.40748956375375245
