0.01906319494053197
0.03655128236226248
0.0014419204771206036
-0.005990014121953988
-0.027100537407647545
0.005318163355879177
0.014701474233462854
0.014337569747780754
-0.029247858851106274
0.027672624870405248
8.997857209594971e-05
0.002450743129534242
-0.030524076628982353
0.017157209230519894
-0.014491399438160805
0.04407767864516224
-0.015342921937040756
0.02141630065908716
0.02489757477764583
0.017696125907333295
0.04285262939027573
0.035044626698083114
0.006547937127757047
-0.0011773446069239099
-0.024075276151161288
-0.02043650748945335
-0.011176247946300191
0.02845438414242084
-0.000361739843916185
0.03253841911707553
0.02682732000744943
0.01671587081819341
0.012215807192616206
0.00904154285512255
0.018306386899197568
-0.0005125555560879062
0.013520005343616047
-0.01586060618614825
-0.010726436212064427
0.019513933590025602
-0.030400618580666502
0.010232397306524883
0.023699122253523667
-0.005384053695996541
0.03323198803570304
0.023916439762080105
-0.005375278783013405
-0.008485470472642535
-0.007336454022678971
-0.03881844399577695
0.009414846277291965
0.06280039524062514
-0.011719268127275032
0.017893749190176295
0.04074153981810689
-0.026424876878146354
0.01820634608816793
0.03500207099607102
-0.009345257318012348
0.016143577712845657
0.05861570092936833
0.014439222343351092
0.017413997889729072
-0.02734108485904052
0.008187346686568777
0.03583813765801585
-0.008074161461269453
-0.00951810085850547
0.021638483284543694
-0.004316524969669349
0.0351114764539506
0.031848975629774505
-0.02049127839505759
0.02116138555424582
0.04271329392485901
0.0046629166196467875
-0.017080099169835463
0.04002332901426522
0.02642809680455032
-0.013552177190075343
0.013980491727279262
0.022790116794376425
-0.004661634476097323
-0.01799198072442324
0.013721710700690441
0.008273506498081206
-0.025093625159714188
-0.006415262930457537
0.008718508230111832
0.04442895019745479
-0.0022020425019165886
-0.009184703433142748
-0.00668538649545275
0.016206367133825665
0.026821833282219085
0.017746369081778155
0.0034400314145785105
-0.015652501163344233
-0.0016317109720090477
0.015122516560545215
-0.006758814945666136
-0.015930597545160987
0.013113875673916323
0.01176965449605276
0.010144066697048348
0.012715748447599559
0.002105340499817229
0.02294970956120817
0.008689074186374303
-0.0033855349478141505
-0.0021841202163210816
0.02928989859524403
0.004726783038385744
0.0024624886922574585
0.0005555884380663741
0.01957611189367359
-0.024241356110040364
-0.001845693917718277
-0.0028748572400991547
-0.021890219076741872
0.009988340748222283
0.00762146563320368
-0.002233174958916973
-0.0017329433300503436
-0.020718562313823775
0.025731810161527903
0.025485474827793272
-0.00930774930270403
-0.005369305538467404
0.03984745124345421
0.02839220620045041
0.022585464673145823
-0.04973660503161538
0.03851055492616957
0.06172700037180287
0.005054303295774311
0.002478140236106466
-0.03243078694168615
-0.0009289591111094498
-0.023123788360054555
0.0042774221494060105
0.017275860687961612
-0.0006287963815720249
0.029022559435836835
0.047643950060772045
0.0146806324674805
-0.009568011973827412
0.054147753639796466
-0.013777773104433427
0.03649180854669022
0.00873838046870097
-0.014403314239188494
-0.0047067441616316825
-0.0012153567125182257
0.028562192327922762
0.02533835684545129
0.0367352730006993
-0.020172097209053767
0.0171103984266082
-0.011179549485895196
0.014384381166150702
-0.012387745860606052
0.013086133723393727
-0.046025675813977734
-0.008262987971874029
-0.00662802377631999
0.02530312260141687
-0.014686517864984951
-0.009668146810699947
-0.008785896591862172
-0.013561543309735314
-0.002950233242167967
0.017146388505005418
0.0067506043271917445
0.03583158749144082
0.0009378175241707819
-0.0072779342602711785
-0.006466061231606542
-0.003140446856196471
0.023384036476460663
0.025005268469099475
-0.04436348800397885
0.0055099564025827795
-0.011016131833930807
0.030664946585960494
0.032279063408421974
0.015721773516689703
0.009163081049347547
0.009401397081926359
0.017435600295502337
0.014331223120336576
0.026810208860799156
0.004079722633589724
-0.014142180358979043
0.009864074483581637
0.0224714997274943
-0.04799326006065604
-0.006212725295120985
0.009155817029569096
0.018751338501906602
0.013954526844660187
-0.0023114934342274747
-0.020716065841269594
0.011857677494742225
0.03356179850674063
-0.04132447025136204
0.021663705232769153
0.047480237129392394
-0.022773237647824726
0.0036842312127618286
0.02004877997561036
0.016736501535355493
0.009805194219899853
-0.00415855949158822
0.005404835634715191
0.06032180482276128
-0.0015573850748228785
0.004981458390789086
-0.005117221724136435
-0.007699459435127258
0.00895891571463529
-0.022213668805350494
0.0323806416115714
-0.02880909196757534
0.015650375223975378
0.006735315977395128
0.037420561551618756
-0.009537532608588186
0.014521204876531251
-0.013292492932418468
0.011887896067004529
-0.02673577748974124
-0.015919364798024218
0.02259375815652797
-0.014450567671270327
0.036450173516609445
0.00521296857094665
-0.016330807719152816
-0.0188891714157475
0.0025126462686642596
-0.012436646603286371
-0.004551809573679824
0.02515048547395818
0.02519265479144965
0.002327698006109184
0.0016962788619263886
0.005453928937025312
0.021731218143452188
-0.004061511292450125
0.0014888320287532982
0.026138324005400042
0.003818738445317456
0.010759290973164672
0.010079397116666184
0.014772236714087839
-0.013545357875118017
