0.6379121287378576
0.7534284333221949
0.8475365893797945
0.8568340469714816
0.677445178891412
0.6106287025580471
0.5201155706771275
0.4376351580803499
0.31853663411417027
0.20338762506321773
0.05758376360927328
-0.03203522689728584
-0.11420028345443953
-0.2548587550777582
-0.30252524695813554
-0.4130918514546716
-0.5636324230216768
-0.6583081103726665
-0.7499597086403591
-0.8649737372111299
-0.8069046355199604
-0.7118431426187313
-0.6409060032537461
-0.5193568100879908
-0.3860474489729371
-0.2863462441226983
-0.1587563173136286
-0.05329182776947838
0.05497474722032637
0.12437862545153054
0.251349603741615
0.3613376515165955
0.437745512655981
0.5451072168151447
0.672651024328153
0.7753925746786143
0.8174681429578186
0.7986655912384651
0.6536757398387738
0.5523581566409288
0.43690695568486226
0.3622575141011247
0.23840173916014545
0.12901936333795314
0.03835896316908699
-0.08102861484078812
-0.1691574085131751
-0.32449867640627494
-0.389159231799274
-0.46684228500827546
-0.6208154606273539
-0.7182365526869648
-0.8238079411123299
-0.8636853907800505
-0.7283788391126523
-0.6310014078882311
-0.5302706136095457
-0.4061416262673802
-0.3111872076148185
-0.22139683037183785
-0.1495854914027847
-0.006102968759676344
0.10485858131065144
0.254807706180992
0.340106266000917
0.4127090181858006
0.5060796658008817
0.6584485584942006
0.7521406041908498
0.8604580843685481
0.8244355086897385
0.6991740026816252
0.6264454936944575
0.49867567973990246
0.4047595693593322
0.2972277055449982
0.172604435633807
0.08990189803322482
-0.0025717980054215626
-0.17673986632897137
-0.22323593152727753
-0.3182661182391148
-0.46055586799213893
-0.5537030300717163
-0.6752998801159612
-0.8078911805447708
-0.8872938995106707
-0.7792346654750433
-0.6899273638610566
-0.5995792193802694
-0.42787903924384085
-0.3744926563735464
-0.2566073474063135
-0.1834824164277497
-0.06631887342276775
0.052745889972970264
0.18868605030209637
0.2729241519930155
0.39580058808631413
0.48864830602655607
0.5871047047455379
0.6680909307265058
0.7901615411131341
0.8520212570966349
0.7448292100571846
0.6773971765439797
0.5394157480066951
0.4306973490004339
0.36043791814197046
0.256894926726963
0.12359277693420004
0.04167419667744413
-0.09426975355804716
-0.1876334298428636
-0.2681187403797889
-0.39266513554665305
-0.5252527478344436
-0.6210052362091383
-0.7068614430012105
-0.8332613725320523
-0.8325524681643346
-0.7216471218438599
-0.6003459299241537
-0.506873532145329
-0.4030528799649434
-0.27919664760309654
-0.1917435244680019
-0.0930929869559877
0.056144963498118455
0.12317610707405341
0.17575716787408976
0.3468785852372902
0.4531652667321336
0.5433578519960223
0.6129252408451838
0.741112538505318
0.8169990390957717
0.8226813492884866
0.7075171143716616
0.5953719797908054
0.45864321131756813
0.36296679610550503
0.27630474048819276
0.1829499244987878
0.08173071841986786
-0.03629520507837278
-0.15342493278987407
-0.23043325318226734
-0.37989351025783014
-0.49043544988940635
-0.5689115931397873
-0.6812312653773751
-0.7706355481705186
-0.8932527141682917
-0.7952212750871063
-0.6707723634227281
-0.5430821151885695
-0.45774567115562165
-0.36622266747723997
-0.2456615569243131
-0.13006897192811379
-0.03447134600166802
0.05309917637986309
0.19250420942596527
0.25794006214098036
0.37288499753879756
0.49345942525235376
0.5710971433853136
0.6687113806107462
0.824147039435067
0.8510486168832104
0.7764456452529366
0.6313943955834739
0.5442832563203821
0.41950811908015256
0.3658359607468375
0.22793513213007927
0.10898947122226448
0.019237052921125403
-0.08827693305248416
-0.21041762183896973
-0.3003791490910722
-0.3853625786547498
-0.5274881131142536
-0.5992275888260739
-0.7646115259536209
-0.8403363058264893
-0.8412427947555953
-0.6838330512512559
-0.5950077309097017
-0.46170426031355855
-0.409533703625006
-0.29594661702586433
-0.18220494181658942
-0.08327910903898575
0.029265082149212536
0.1271099586836747
0.22827783596716858
0.3523328979266017
0.45317465978487215
0.5385824499381388
0.6494497614073651
0.7670976371230277
0.8862907753655941
0.8017637827509353
0.6537785243189072
0.5401833146854486
0.4648980305512252
0.3856082875317613
0.2579404134703241
0.1943064054434414
0.07769175115732199
-0.04525757786768504
-0.1297654306016221
-0.24329213216734483
-0.3521813771637111
-0.46512761213914344
-0.5694926583916511
-0.6935292781294242
-0.8410885729740643
-0.8501726762132839
-0.7503743322886395
-0.6473713207527698
-0.533850573895215
-0.4516864419979806
-0.3318992564058405
-0.23182385314936346
-0.1392424403434655
-0.06494278568732573
0.06577739646896077
0.19810659582402174
0.3253967672090026
0.37778699789867815
0.490905843778073
0.5755773804792554
0.7277756902967314
0.8184490406776235
0.8363367655151439
0.730967199904399
0.5784750005185697
0.5182297487962585
0.42767829045525974
0.31198394312416544
0.19529958606667794
0.10077329641480412
0.008979394737904461
-0.1237854806021398
-0.1748071644532236
-0.30988788911381865
-0.42505639070699014
-0.5351177167593728
-0.6427869712909938
-0.7368648657040148
-0.8423454649556378
-0.7698577652902517
-0.7207189045219902
