-0.2706573548704744
-0.34737918104550825
-0.40601185108897775
-0.3830249611498481
-0.30547236360578756
-0.272044648971912
-0.14703095223040513
-0.11033528577994572
0.0001244474014035768
0.01394834585447361
0.11968881423617876
0.13985792740248462
0.2134567035587202
0.3397730107516196
0.404006199184053
0.4388457891525148
0.3692819985931016
0.2406850399566136
0.18877616367917663
0.14968604918671735
0.07195574618102887
-0.0024426178999956962
-0.07894236491342943
-0.1674795662575824
-0.20916483793136886
-0.2962914969611539
-0.331663732265614
-0.41283956448461384
-0.35581609239068196
-0.30269338302697
-0.24015797284438
-0.20527774127916018
-0.12030847001391856
-0.03073732922642846
0.038612854384010555
0.057715656479347836
0.17132247940904607
0.26636634162549416
0.3018419903516787
0.39078322016504696
0.4299818326334159
0.34484575463377193
0.2780646371543185
0.19627662632092496
0.16400227855180186
0.0818997494271827
-0.04766736686102442
-0.05617159737802704
-0.17000789291906135
-0.19597233015037616
-0.3092305443558568
-0.3285576877688603
-0.43829155501793626
-0.37042258369091446
-0.3168814450200901
-0.2511061479965427
-0.18485649184038058
-0.11433967690806686
-0.047441792912062304
0.02046480840483079
0.07808693301665964
0.15070248814847367
0.22321332773249275
0.3380359712469186
0.3919661175027414
0.4338996251907458
0.38838585675755233
0.23779442662988085
0.16811773246365017
0.14690898151643458
0.07311517378211475
0.009759848453759438
-0.05874483355949483
-0.16538548192597974
-0.20994081150611493
-0.2877522408008042
-0.31429720560288704
-0.4298264601030798
-0.3935886344533229
-0.3346728077255154
-0.2417829371985257
-0.1941833046196272
-0.07871586572816683
-0.07298893108046836
0.04667377993238616
0.06854256061896212
0.1485153631641567
0.20206953486254634
0.33064404043358886
0.39024218486240125
0.45154969449518667
0.40135038447538063
0.2901032617765543
0.22772278491990094
0.14326815853304073
0.07766666016507885
0.019569216218600482
-0.04105655803132842
-0.15415429879751313
-0.15848234128533137
-0.2824029603971846
-0.2762788861215839
-0.3816110272512664
-0.38276408973892734
-0.305715096255021
-0.2731159749317583
-0.17720730910865354
-0.09431575733846008
-0.020004143573424418
0.030444328388510647
0.0950644498724045
0.1418688404184109
0.21754395640738441
0.2989593397748964
0.3617217584945751
0.44953786664652406
0.3223831235494144
0.254094001792264
0.26630023304448824
0.13221813159152035
0.0723368692206763
0.025529291531731252
-0.08216757674576328
-0.12330690261007732
-0.20612316171340933
-0.27582754015045907
-0.3549505852100957
-0.4013482096483613
-0.3843571044215729
-0.2685673802808118
-0.24404613383051532
-0.21388079257676434
-0.11027534541420232
-0.014769305194906254
0.0003452219723764187
0.06940705492827107
0.14352026148667166
0.2156135420973581
0.278868548279943
0.38649927290226593
0.4223891826420574
0.37565956991986943
0.337473660446289
0.2381276007150715
0.15103240078918967
0.10424366471309926
0.021190981883819453
-0.07769965195200093
-0.13341857945873525
-0.22813047352392585
-0.21306168211974524
-0.33677536917991463
-0.4356117505175553
-0.42648364608298056
-0.3607343727644987
-0.2664192733354275
-0.16844241157170375
-0.1365531835223287
-0.05929314065088847
0.010947945228229453
0.12218097275616438
0.16264306577727056
0.2272477224323969
0.28392053300018166
0.3251408541963672
0.4254955439107861
0.34062520726131473
0.3104182647977268
0.2292440537044663
0.15640688487708712
0.09268485488401636
0.054346635027175766
-0.04463395746621895
-0.10591953211378496
-0.18119820589860997
-0.269784624429176
-0.3225186978802445
-0.38473605580548037
-0.38036389896319656
-0.33132861928772456
-0.2821407214650221
-0.189020296076537
-0.11893788047833458
-0.09600429760106827
0.019389248155171086
0.06236979381569879
0.13263049272643992
0.23211698362733252
0.2570309430707192
0.35195295277006633
0.4291069693524138
0.3729991061931877
0.3280925613072183
0.21907582965769407
0.18488911570286745
0.1311825601995868
0.021904788423237512
-0.043277549974132974
-0.10926755179313159
-0.16299666705395985
-0.24423250838389726
-0.30509591679269393
-0.3932680132513343
-0.41468035104216716
-0.3705708479279267
-0.2706345887593541
-0.20199857524131049
-0.14355719419545357
-0.04292946214031887
0.035833160878234974
0.100325166420321
0.16658979291025808
0.2190625420092998
0.3091057592511144
0.36521035861885065
0.43766646517308
0.37906707618944285
0.30453067189280486
0.2341625284445322
0.19249105631931418
0.09524166624724738
0.05571537015797171
-0.00910102205163138
-0.128990987593965
-0.20164322073549812
-0.2677871328134343
-0.3174983011709164
-0.39344288456203064
-0.4355559455109783
-0.36200228646364996
-0.2907515663219126
-0.2092549848617163
-0.10680638812825884
-0.07873564845604974
-0.014863654195829596
0.0674796161252961
0.1329779619785491
0.233145773127156
0.2822113744672929
0.36483264264980075
0.4592402974815339
0.3779403905445307
0.30358751276658935
0.18578062414627805
0.16690664931700577
0.07991925321377738
0.03163646292651508
-0.09092764428546943
-0.10332647037803659
-0.19784090323608797
-0.24103458506579728
-0.35257820758220476
-0.39339363888405643
-0.4230206060264638
-0.37670893381631904
-0.2582433711089664
