-0.0869410864712595
-0.2905526011755358
-0.4997101738918451
-0.6525057308608138
-0.7680001165885733
-0.8443050345486119
-0.8406317348396124
-0.8403856559813996
-0.6986641289350345
-0.6288276513878066
-0.37339578726397227
-0.22632966471074933
-0.004227575144047511
0.19953123972202758
0.4266163350429534
0.5772654169476291
0.7481934706785395
0.8217194879156854
0.8594911249871519
0.9040459546979622
0.774029855698028
0.6805197327811219
0.508182446845521
0.3485586281487161
0.13386613523092036
-0.11159816875790657
-0.2918646824224212
-0.4742430702192948
-0.6514047987125177
-0.7868008771754893
-0.8554699406467159
-0.9014038458796928
-0.8513215570821551
-0.7225158795517203
-0.5921239752997395
-0.4337816464985464
-0.23475758738056776
-0.045923570442893566
0.20210802724890017
0.3872655229469011
0.5666025807956844
0.7374710716380213
0.7863710980290334
0.8339718712006462
0.8250807616983759
0.8066587731282164
0.6770482880827794
0.525573579543047
0.3565393140239514
0.10811580849912257
-0.07822682971836303
-0.27386753087355287
-0.465790160479288
-0.6578376724818843
-0.7850694568102022
-0.8514744634774639
-0.8974754955302654
-0.842680811696376
-0.7736585399433762
-0.599465330935986
-0.46294501750100764
-0.24529661814532502
-0.038840221010226474
0.1413991264795969
0.3912201299652705
0.5449437185043726
0.7139881642566345
0.8243935905862023
0.8526055547715948
0.8653865821468385
0.7940115561571061
0.6893731421825272
0.5483269166239523
0.3206417333519508
0.1649890775133018
-0.0875949059961023
-0.2901613893295032
-0.4901425494752194
-0.6449858725742084
-0.7551847071007203
-0.8281871850457279
-0.8879166667024714
-0.8273290316121377
-0.7491196280244325
-0.5997951139933315
-0.4547608473117063
-0.26417311102132907
-0.06243742119413585
0.1557590949916026
0.32257939215528536
0.5523344581303663
0.6649256891820697
0.8277481825531319
0.8423931608506828
0.8501959688045156
0.8521662643281889
0.6874337866253393
0.5606325331041191
0.3765792852768364
0.14487687706506786
-0.05630623321359718
-0.25133307707072244
-0.4598082282918944
-0.5930639671778338
-0.7620517916141247
-0.8111116539502545
-0.8781680712898186
-0.8253426543219322
-0.7587699808095608
-0.6521698677994817
-0.4770951146908499
-0.25891080644445325
-0.06134109576959873
0.15542745174820913
0.3392364355478653
0.528950059542629
0.6885423364361898
0.7961453623914652
0.8630223256729935
0.8588007657473641
0.8334833210565049
0.720256465420945
0.5395230363581667
0.4123964577493218
0.18403136729851916
-0.0366033510927642
-0.23703319286746338
-0.43469614271180707
-0.6362924987917643
-0.736823661797644
-0.8515932331818599
-0.8212618701414649
-0.831987359267735
-0.767377566020042
-0.64669075087137
-0.48715389773687834
-0.31740494791764773
-0.07668245718726763
0.14830331593277515
0.3451034140228149
0.5232610684216915
0.6755704170649042
0.778901894909256
0.831693406577401
0.8575157017391812
0.8465928922455018
0.7098609873852308
0.5771137362156533
0.42496750090445545
0.19629269379583503
-0.043022604485362784
-0.20954685526432595
-0.4237075721419358
-0.5691259794221579
-0.7461281512082409
-0.8173508229992572
-0.8344502710980273
-0.8137245391922912
-0.7792016458224529
-0.6473617487450636
-0.5161774527439816
-0.24508906049963752
-0.09969265611040325
0.11715149229485548
0.3402772317793055
0.5186098003250665
0.6820299869568847
0.7484085712034712
0.8497851100814818
0.86838668871556
0.802536518875512
0.708788400442076
0.5803458251262616
0.4023634912563041
0.2059557452464474
0.021689742587425054
-0.22799375278174036
-0.44642257696954923
-0.5978939749521487
-0.7563595742007532
-0.8514436991112234
-0.8573594185556089
-0.8272643741226736
-0.8055701283320107
-0.6596579698775258
-0.49102595827815143
-0.33408149160810635
-0.09754194379521783
0.1247339827805887
0.34575072727699757
0.5080828090029548
0.6567846155626522
0.7891774343059424
0.8579478881884016
0.8679196934127256
0.7875236024927109
0.7358261736708169
0.5908485718373322
0.3882975848867346
0.20900976370448857
0.014918007963299125
-0.23080721666297976
-0.41597570710209675
-0.5936676186720294
-0.7632207423996142
-0.8072465787608573
-0.7973051011197985
-0.8353510955526173
-0.8047550890446815
-0.6726066414031491
-0.5262779660089036
-0.3258918353582719
-0.11374477183184264
0.12575373769087206
0.28725489384710556
0.5080139477181066
0.6344132779662256
0.742323504929456
0.8245301526324558
0.873016177642019
0.8374549952617225
0.7164775360697956
0.6216370907187171
0.42939156643276877
0.19464753766126439
-0.004637808348324928
-0.20366936962739765
-0.41271077840294323
-0.5742065932434112
-0.6908896341550691
-0.8344747173388136
-0.8511726381393437
-0.8481837157844946
-0.8103715398638092
-0.6733693206292671
-0.5236028150670211
-0.36093407359809127
-0.16853682170636017
0.12875646849700603
0.30814374162677316
0.4966405387227373
0.647982855575696
0.7527918619742119
0.823514162981492
0.8315716202235971
0.8170907403603986
0.7458345185238057
0.6196772847934024
0.44811524785736034
0.2757148779100648
-0.010369488174488437
-0.20371949354414254
-0.4284174281328271
-0.550044097440291
-0.7118894080622946
-0.8062081889212336
