0.2116282784880252
0.23021301963720692
0.23395344554774533
0.2670087999215375
0.24420462215663924
0.22929818477597275
0.2155986111321967
0.14459223839347238
0.14726685868682077
0.07206305008341665
-0.010916216450172756
-0.11887998694776725
-0.10770890019337334
-0.19489503861346227
-0.22285540296880038
-0.2742447731555282
-0.24316108088396307
-0.25679523809314886
-0.25091184793967675
-0.16539045947758763
-0.14937962216510398
-0.0924752428057632
-0.030141516390324367
0.052522033013644255
0.11253888043206392
0.15248526205979732
0.20137752629330852
0.2835102932833132
0.2541074729448207
0.28787738693087633
0.2373406652960476
0.24232283676244154
0.19701992797458243
0.06219650530062274
0.022875282941503115
0.018243905758211713
-0.07251675941118838
-0.11736977407856083
-0.16240118814266188
-0.25026198488219387
-0.27872561852248234
-0.26585304890283507
-0.24456272097678713
-0.2582265179079403
-0.20875701956295817
-0.16270734642087903
-0.09428184802094916
-0.08791747492233029
0.06784304265700697
0.11046146725546656
0.12486937889392682
0.17849389812880684
0.2332531056431703
0.28290094107047115
0.25052565859627285
0.24242942444696156
0.24796680519841208
0.14524271530589258
0.10544495037244872
0.05374281774319587
0.008714981677752228
-0.05501546239998506
-0.11857379678141514
-0.19380061960000483
-0.26395928742590413
-0.27589870922722387
-0.2357538746740273
-0.25734689295549773
-0.24873529824166624
-0.21057459485199828
-0.16180319912343924
-0.10462198614512719
-0.05138089748123498
0.02377020397427017
0.09815978477350817
0.13074376380018068
0.20884008666679074
0.2696699190768114
0.25536755942267014
0.24406656937493093
0.21774704263260186
0.23263413779196365
0.18442429781473185
0.12206429075639652
0.049619477561016194
-0.013977511828491058
-0.05552573254135762
-0.16648734641095875
-0.18729231151747536
-0.2297104820369775
-0.26740555801188975
-0.2735415903726513
-0.23967117074568398
-0.21160510183421521
-0.1928132754527796
-0.1582376585721391
-0.12235335994606791
-0.05193852686483792
-0.017080326967646386
0.10006809123213448
0.15861325319985042
0.23457713506972508
0.2556235631993888
0.22908079071047546
0.25652728486362575
0.2351976630183023
0.23971734069243406
0.2164431369122693
0.12386553777622143
0.015737106296785916
0.0015355326012418129
-0.06893475091597598
-0.16291238985339718
-0.2001595970147092
-0.24751495700379963
-0.23860451509729488
-0.2535661173646152
-0.2870648309647067
-0.228353084577643
-0.19676683147696683
-0.12955888276389188
-0.048242539138099366
-0.013752905433842832
0.10579255625886158
0.08245582363931145
0.08634198426495102
0.20082193350068708
0.2607160451939813
0.2642467004514355
0.22929919485539285
0.24916348875669048
0.2519408220230054
0.15387470754898905
0.13849949935421624
0.0331282555269078
-0.041848401691893695
-0.06036001688818496
-0.0989837546948757
-0.16706120212636283
-0.21784223030346728
-0.2154513248068204
-0.24583311771775426
-0.24274980008494568
-0.22770335964095625
-0.21281344207576128
-0.14200758802434246
-0.10383988331590967
-0.031153037292447457
0.027371527759094273
0.08957776607280037
0.15202075923726166
0.21557908903720274
0.21050679129261107
0.2798155859266048
0.28376038074004023
0.2461741680677368
0.2430383727301094
0.18302523078785288
0.16608062134769086
0.05604737128420472
0.00010087162404042241
-0.058570234585204425
-0.14079414446578253
-0.22698731131525823
-0.265506892705374
-0.23465441248382543
-0.2807378841423244
-0.2841075406988455
-0.27662693304939756
-0.1836141282418885
-0.14269745297729944
-0.12028812910312528
-0.05849887286388327
0.007273803467868396
0.08986533966467614
0.1383327389994708
0.1792935521471094
0.23685047179247767
0.2640104388838048
0.2779808585950563
0.2573098885618734
0.212069031609821
0.1904607151250879
0.16012196328830933
0.08699550374990654
-0.005218548847303248
-0.08182776019826282
-0.1263630188962152
-0.18426039847600284
-0.2156978318187892
-0.23698628794476517
-0.2549718979461644
-0.2530697484396437
-0.22561098552551975
-0.2159013770128996
-0.19982931455681072
-0.09461749778234853
-0.06183996465506593
0.034355130492251834
0.10124303840055346
0.13757319192370213
0.18727618375360255
0.19880607421553637
0.25639124395771606
0.25779439397114334
0.26651132384114157
0.217064677667086
0.20471212697634597
0.11737618205890174
0.054748019077833415
0.012180969397725346
-0.06311215741324555
-0.06687934934588494
-0.17452038660843955
-0.22892600309585434
-0.242361159275121
-0.24655468273860756
-0.27760376823748195
-0.257306031823718
-0.20733612472510413
-0.1572856624533756
-0.11244794096965216
-0.05589000152737294
0.0050342002959465355
0.0647639005053686
0.15101230872332055
0.20016997506168474
0.2588064367103291
0.2762257264579875
0.30384563995827774
0.2665170576779004
0.23119512589026375
0.16712396684011954
0.1556928392602868
0.050873421016825904
-0.00918886469369751
-0.011976600055897665
-0.1648777530130014
-0.2133576141799121
-0.194451873137346
-0.26259352835550753
-0.2918650766192012
-0.2395557265902627
-0.22974279569552902
-0.2304316575927847
-0.16792709949974952
-0.1160467715732849
-0.05078111821126639
0.013938284051791287
0.07155855122224898
0.10481104779347714
0.20484384927937144
0.2024621390671049
0.26310092801931134
0.24603382121179315
0.2827264475819771
