-0.0033211580585885067
-0.02899771072359595
-0.030571467172956297
-0.04616330965192363
-0.02031365662863756
-0.0443658872283154
-0.04807665685605484
-0.036293595686737054
-0.0483571928975617
0.03819826270642948
0.07419285185192366
0.019249671010301922
0.0767620776788976
0.022496213986457243
0.04032635603603494
0.005843106056387947
0.045035955972050665
0.01903168437771048
0.007105958258232705
-0.0001945103656371414
0.0008753391709904494
0.03486805250325915
0.02520671631102592
-0.007608893608269522
-0.03575591617719933
-0.00032523495933521954
-0.08686752938455697
-0.05212713300947444
-0.02575553952800512
-0.03805869233163551
-0.02340414984956281
-0.03744995867895554
-0.02919535278922387
-0.06641738896192567
0.08111298187359912
0.030725361422508084
0.028273898106207708
0.044338659811363014
0.06614627585650443
0.03397349883292266
0.01391275677691196
0.04319173232159502
0.013430729815385106
0.005490070565580328
0.00438687200753915
-0.02383968228057981
0.013267774056033594
-0.020966479410821717
0.0007022336126922112
0.006290337597456067
-0.01657423334960801
-0.03724968546081091
-0.013181152096508105
-0.01711178299263562
-0.04036499864960367
-0.03573007531195866
-0.06824435667343899
-0.07581366903341424
-0.07949614441720618
0.06597914522466429
0.06105739818597228
0.06031846918796487
0.08096703754496652
0.06238106188192945
0.05668597763317379
0.03304315295755849
0.041304009078082154
0.02803209796062956
0.01342572440595191
0.009095792109270041
0.021191153911809
0.0062802621042752785
-0.019553287512366357
-0.021541747152914327
-0.01260093405697825
-0.048064987115467264
-0.044154492796352016
-0.040852927530983726
-0.023274929618566614
-0.042196835927141144
-0.03654532553989477
-0.04839629804029274
-0.06019776261589044
-0.08514274382563876
0.05689712836604829
0.042342861513321485
0.06421764373378325
0.061369682939956635
0.030431952722989163
0.05063810568742488
-0.002949426958694105
0.039262407508442426
0.014345809635455477
0.020330491963595057
-0.01942637469890978
0.02871317219465917
-0.0033902478920663755
0.016136896763875856
-0.012878819616861015
0.002273567059919976
0.003735669436849911
-0.039762915339948524
-0.01615228547418165
-0.04856037940986528
-0.027110225232898716
-0.0290667406599415
-0.014135108095480325
-0.04447739001264908
-0.03909631836268694
0.04486303032181037
0.05790933232655947
0.0019448722627310108
0.04906418543955772
0.03939611339293137
0.008724929274193823
0.03230211062976572
0.032793039411555786
0.01945758350923025
0.008537385019728448
-0.0015453898021140743
0.010337705750866278
0.019911843465624395
-0.020783054630650975
0.005762224613977159
-0.03375281197398458
-0.005121302740930023
-0.004144329872999505
-0.006599684077119982
-0.05427033322682072
-0.03888642695456782
-0.039429038044489884
-0.07812967216363681
-0.07720811586332064
-0.06005834605926645
0.039712875860351646
0.04971882980157476
0.05749443210246501
0.04831540264228628
0.026038321073889908
0.04851892968741814
0.028837746883078982
-0.013321164326952465
0.01608229946177079
0.011482915146359348
-0.019163100054093544
0.041595656402079614
0.04665064144493829
-0.05410299443465612
-0.00022371062335527214
-0.0027977573683117905
-0.022988185477141997
-0.05936314503309993
-0.03214329037659758
-0.03301745701567424
-0.05970070482295977
-0.04999302777550393
-0.07012138963031657
-0.04042951640002612
-0.06594042378137217
0.05145677267211496
0.053394205281093184
0.06482279646163971
0.07368821827036205
0.03608584184774971
0.07146947756112154
0.0647889299691376
0.031701364266770164
0.048386358360217714
0.029744885925969716
0.02096189113287602
-0.00041754676299601747
0.03524395602545779
-0.04747723937369569
0.012947048011096501
-0.03646135079277636
-0.027766054749100898
-0.009463296812010451
-0.03879355135459452
-0.05450980526125605
-0.047250449826522926
-0.02947170892741949
-0.059699113512424865
-0.04108749439435826
-0.03826451026266674
0.06052022209978978
0.019983937628020858
0.07076430399551265
0.02947707800665309
0.00908619754640276
0.023630092818850743
0.03639590153785254
0.03273876737556078
0.029834782195533184
0.03780389933501131
0.008784420079434236
-0.012971847723121072
0.005394916513035878
0.011519668373075644
-0.03645504043469314
0.014555652137470362
0.005433236011994556
-0.037311478297945455
-0.023586336405079063
-0.029063647437207272
-0.030655669693690803
0.002920112543761025
-0.048031595720486334
-0.06078827442998776
-0.08233257327770221
0.05251204085206122
0.05527674699820053
0.09410881598404891
0.04154756945912559
0.047445027238483414
0.0010156354033375378
0.053621378344542725
0.016792437818844933
0.016449431964478674
-0.03427240472960054
0.04159691039903786
0.018815472875905494
-0.013121822643639716
-0.025768258038284007
0.02606634936301718
0.028487629039782737
-0.03821992400463976
-0.007980286840490059
-0.05031198929833229
-0.020099583144638278
-0.05916977629798584
-0.014474789881651799
-0.05564479795678448
-0.05244814996791644
-0.060987098872980955
0.06635456638824551
0.0757934003620403
0.07178296034165085
0.024717719161866523
0.02374575903223861
0.05487439289555912
0.02826891147289964
0.012536502417437449
0.029324395960061117
0.014051911175666731
-0.01812948121741359
-0.01661671668985311
0.0029232914184894854
0.026181981509066816
-0.024509486369192125
-0.027931995697779245
0.01487410355965452
-0.016952142021791086
-0.02530026884561928
-0.043989715836061934
-0.04741680447066784
-0.08114224334203374
