0.01640803779787757
-0.07732472565276743
-0.11936450978031704
-0.1649442079105543
-0.2560861041229747
-0.33391146618495926
-0.3934661117301101
-0.4590798626913736
-0.5434345410195219
-0.5867284732003513
-0.6965856570391572
-0.7271684810006149
-0.8246058909523317
0.8803375002555248
0.8094082708049346
0.7521389000920597
0.628577692516046
0.6062592492062072
0.4960406606241478
0.486947665120968
0.39032981539255573
0.3383549602112183
0.25010043375893953
0.2010391731869699
0.08295980876600272
0.042712132079387774
-0.03711448532254294
-0.10580316982397549
-0.19534909669709785
-0.2438304898352099
-0.3286979089661737
-0.386401532638323
-0.45546944243741627
-0.5330705782299554
-0.6060646829192189
-0.6818479600203465
-0.7021434515877714
-0.8316345712718415
0.8595517068493624
0.833418910481971
0.7661042924339642
0.6822760144986393
0.594630591258754
0.609496097842063
0.4801816882221001
0.39051184644556136
0.3240413082921501
0.27101919203518327
0.15518560685679772
0.10762675259552913
-0.0026210289337384174
-0.0015498863869124677
-0.10443834377989299
-0.17454202091044727
-0.2751154859992769
-0.3008057168882385
-0.4259256354947099
-0.436632116713136
-0.536847072347313
-0.5754591016315006
-0.6633011916981537
-0.7424393782687623
-0.8231412939779958
-0.9141536872523217
0.8125623743295611
0.7619714447917161
0.6697875022578929
0.598888345964756
0.5119267310841892
0.4374571106263994
0.38551365316065495
0.31856388681764536
0.27901747822930734
0.1629370699030671
0.11677465298193267
0.014993646353540797
-0.024117742690649802
-0.1148779688506121
-0.15250099905393594
-0.20813311806213253
-0.3222714087831987
-0.32025889014102044
-0.4491628006882459
-0.5135831709037775
-0.5898578567039734
-0.6743446122439676
-0.7237749817240062
-0.7912708134289768
-0.8728267386733624
0.8454914607224817
0.7588255724366447
0.683809786214834
0.5803165755614091
0.5887953759287219
0.4622773436099973
0.3701765540336261
0.33198802151127815
0.2633092863519535
0.18459094116959726
0.1600273417018481
0.030309832827400542
-0.0048349091011334125
-0.0961827998913997
-0.14982517399050324
-0.2652959971963336
-0.3114083670402687
-0.35541541531204746
-0.4834420696618508
-0.5274751749275596
-0.5979843166206671
-0.679320917643643
-0.7353391892148595
-0.8168319825632518
-0.8569080120158337
0.8211408391678965
0.7430718171237836
0.6685393300453861
0.5825193993826333
0.5309627227464082
0.5132530399135847
0.3682823925154464
0.31853895353071005
0.22436452350642702
0.1687526715873138
0.15060466264908945
0.040800042912874604
0.009217944324822806
-0.07398107067042037
-0.17012048343768532
-0.206759488390432
-0.3008332394230344
-0.39220668486960303
-0.4809569058663952
-0.5330230628381721
-0.5539472765625862
-0.6831112227945042
-0.693115955960361
-0.8148816460230178
-0.8532596481125699
0.818909831677545
0.7401484289352308
0.6864334180557635
0.632412377944054
0.5262104912411745
0.5037151519632683
0.454707382400802
0.3287310758177381
0.26154123024782056
0.1706253985725338
0.14388778898908516
0.07638549933805777
-0.007734239155441419
-0.13987827734662728
-0.14507998992700477
-0.22432960214746075
-0.2791643453934473
-0.3590833615372366
-0.45599807596426734
-0.5113008313750881
-0.5802649976338278
-0.6824125969411359
-0.7498802936487342
-0.7961512544300325
-0.85171833454335
0.8434794286969877
0.7459993556997697
0.6891277560180735
0.6175078959087192
0.5923057442952695
0.47130858077262233
0.34783417894250984
0.3306445320462269
0.2413974728994799
0.18622841696221698
0.12958849527569694
0.053190435346803976
-0.02115429962891992
-0.11550314201100689
-0.1624351187708442
-0.2554712374092094
-0.29953379298159416
-0.3863334862530291
-0.4089787938111757
-0.5069563359592321
-0.6007140252845801
-0.6635605062137412
-0.7308762717803212
-0.7912965478135061
-0.8613442985328454
0.828056468230448
0.7622418813967784
0.6999483027622795
0.649591318629716
0.5585454704970484
0.4563095207777632
0.4276537102348625
0.3631317489439188
0.2751416591707618
0.1871259991546078
0.14179260304266827
0.0434083455460084
-0.02266713679019964
-0.08802636183694468
-0.16396719240747146
-0.24043094970092777
-0.29576759533035385
-0.34602571333447274
-0.42679083152515035
-0.5251961199436636
-0.586959815184055
-0.6190526600447498
-0.7424814131368292
-0.7857529556718054
-0.8580961825139015
0.8305719371627807
0.7650446646798219
0.7444528301947193
0.6609926760403249
0.5528643076664053
0.48164881204916116
0.43902254713550404
0.3565632489630598
0.2798004289411717
0.23187973029284087
0.13292816436298324
0.04159919502521395
-0.04276327440190546
-0.10591163142283813
-0.1661271477244823
-0.270965442062546
-0.30962540432750696
-0.36300664415384243
-0.4357270533282225
-0.5297509310569875
-0.5812488692634235
-0.6416450687596648
-0.7212382993359815
-0.7685560541339262
-0.863389964755205
0.845863915664277
0.7434806426590752
0.7339959064946365
0.5898413595756612
0.583775935128318
0.45867012913038185
0.42320922890477775
0.33521993832858943
0.28702941167905643
0.2042351578571811
0.1560491918272751
0.04429399204240956
-0.003605227682033729
-0.05458473305973474
-0.18029171299977087
-0.21628798550331238
-0.29738982130156644
