0.22204740951719112
0.11731085244952365
0.03868752875852058
-0.06169875921818046
-0.17619064262075562
-0.27518847191956497
-0.3419390443294208
-0.39571945286168136
-0.46760176449417856
-0.47151541989313284
-0.5157021680619172
-0.5325056854013784
-0.4967132651985945
-0.4542363845493944
-0.4326852732399698
-0.36822239708185917
-0.2758739851332019
-0.1934464843790067
-0.07872478933298113
0.012780538194390297
0.09876066466873484
0.20380292863611962
0.2805626647087985
0.37147970543211056
0.4039708501542418
0.48627802047462415
0.48203298041024684
0.5048582196626096
0.4817107069386732
0.5261691434930343
0.43632649720889605
0.3618041579961406
0.3098891657981925
0.1966942513615278
0.14321689149829187
0.03202403940213332
-0.03471750188945867
-0.11255699598208906
-0.21638306291221948
-0.2798094845145566
-0.4229729092148901
-0.4448764631310664
-0.4520145398140039
-0.5041266303204138
-0.5032182587914146
-0.5090311382295493
-0.4450045861291584
-0.4410836579628712
-0.3793610642417813
-0.30577829188132444
-0.21050131799144123
-0.11228791027845345
-0.040127482297270804
0.03500099925420965
0.15399292580545995
0.25692729135011505
0.3247233253323364
0.3989972998335236
0.4564173556954758
0.4875883966240127
0.5087738906004652
0.5172295746159976
0.47246939724448356
0.5000042781929922
0.41974901474808235
0.3468558507056064
0.3245443654301311
0.20944840420860586
0.09058280132469883
0.07535654174012635
-0.08986161587080083
-0.15566408023227146
-0.26809848543361126
-0.34446700654863394
-0.39695010464516456
-0.45288447757284933
-0.49555432463737287
-0.5351072110549993
-0.4866363607788369
-0.49759462114071235
-0.4756474446011542
-0.3850379806887213
-0.37273561114802944
-0.2660971973525548
-0.15996345075349075
-0.07135479323282466
0.029702527635801237
0.10374269096496005
0.16916559602745995
0.2852744231909021
0.31353202353035176
0.4278095209483582
0.4945900955798202
0.5324689488606633
0.5178000909644546
0.5502603683419909
0.46794700995877936
0.4141834908211093
0.3931973107968917
0.3423650116662807
0.22746504678045462
0.16093175637759327
0.06943218955958383
-0.027269382675348883
-0.13105547987301303
-0.23960570295870973
-0.3165450664740393
-0.4089494476439537
-0.4519114242919741
-0.4897512497947545
-0.5052876692642069
-0.51339245626127
-0.49378777671385843
-0.463848643715073
-0.40954531009050205
-0.3419179452488787
-0.2901693918651947
-0.23293342867541156
-0.1412783236054277
0.007999587963887368
0.07239580454072829
0.169843040997255
0.27153715011178076
0.3233080210339673
0.38129784941319744
0.4244360756867402
0.4738421985010524
0.5248005852808101
0.5567279118773028
0.4991676663063783
0.4683959116032479
0.3913813173547414
0.33828420160690564
0.27264469799862173
0.1958986885949451
0.07408025466955402
-0.010075229104508372
-0.08435658982352462
-0.16762526059408092
-0.2576449870229448
-0.3177295822953132
-0.38893762711720364
-0.465002205734277
-0.5307460278732685
-0.5375829675038453
-0.4736302448953429
-0.5006224455325262
-0.4635000101692281
-0.378859955478596
-0.2988675512923241
-0.22310552674322934
-0.1826891189533562
-0.07463204578661564
0.0037969070162582885
0.1308355956390392
0.20423549859244558
0.29544121314778915
0.36382477093046256
0.4156819821912522
0.48498032775738853
0.5179084309848596
0.519845423447744
0.5186199480701531
0.45736934920978173
0.48047301561560857
0.39869602049312003
0.34065583216166495
0.240244339896576
0.16686365744186715
0.03230576006231399
-0.023816687460902333
-0.12167781650499934
-0.23499666800716368
-0.29288113914774755
-0.3952179293243101
-0.4304802205887939
-0.48354443061949515
-0.5172845576909153
-0.4929396235220107
-0.5041181994768237
-0.4962504534931427
-0.48495055800587183
-0.36339953166860334
-0.2700806679497595
-0.22788900021708633
-0.14357204388911318
-0.043644421190909506
0.04475696010547193
0.17437192404274215
0.2529793236064117
0.35249947672568016
0.4200539709208022
0.47816914957030016
0.5122699340139549
0.5007418016297215
0.5143445744120002
0.46681268987582497
0.49545149600215643
0.4116688662196155
0.3692756891441197
0.30203343188516274
0.22594599428723106
0.11017954215364949
-0.04198085781934369
-0.14094875346145777
-0.2295356354191895
-0.3062461751538401
-0.3741182472439499
-0.45887161362246487
-0.5050083815795754
-0.47376932012529743
-0.5058844497072691
-0.5244401529153537
-0.5097087866131219
-0.4409951369637841
-0.419187319083549
-0.3405991459617719
-0.25914955875937823
-0.14746653011671979
-0.0476819525438563
0.0245165626421516
0.09224541215505314
0.22180856275044625
0.30294020981914704
0.3804487800853994
0.45260602179902837
0.47808253125472483
0.5295163938768028
0.5723540671449535
0.49079095251646754
0.47340710010521164
0.4391254821192208
0.4011775937189754
0.3213883944213247
0.2326498381747817
0.1183498470197466
0.020547287360576923
-0.06373536140515224
-0.1509706654469997
-0.23850198576834042
-0.3504186676880225
-0.4190463894767545
-0.4238452014950319
-0.49540071270135116
-0.551998590383679
-0.49752976216734784
-0.47692359049906974
-0.5072011050830232
-0.44746554927435167
-0.33975251313826615
-0.28819951702078084
-0.1760358939325898
-0.10498491746691888
-0.02859116006117442
0.08582866932522876
0.14459770836638386
