0.01469486807330419
-0.0005572311135583104
-0.014378448584868404
-0.031931245245716396
-0.028802720727878026
-0.031083859799133574
-0.04053549135448538
-0.09587831146272073
-0.07107559320015878
-0.07399380515925084
-0.08316037664419478
-0.071737534986774
-0.08284808493836501
-0.09505181216432877
-0.09083982476829222
0.016758220253424647
0.0003799319081788585
-0.06933655799195002
-0.03266447519995836
-0.02388404543838135
-0.0129971488302295
0.000637131844626446
0.011577986380576617
-0.0122590423496651
0.0011139671333021918
0.05733197462758822
0.02852346968313179
0.05227308379193797
0.04086797474066838
0.02809178310616122
0.0683613365062958
0.050704140894718155
0.048245350632593165
0.051517588002045686
0.0962872927365115
0.07694133416437286
0.06790994976052972
0.0687115468665069
0.07619921923817004
0.07377301840841839
0.03653954410121152
0.04759772380490198
0.05633548160247649
0.03671279046123087
0.02710842141377504
0.033245080733834906
0.0102406107909283
-0.01222063265157666
-0.035487234413370476
-0.02752075071131551
-0.025952187747593572
-0.029984034190843577
-0.015518396957217682
-0.06338578201952833
-0.03798813419079646
-0.08126845402281477
-0.03868393885319988
-0.0528477286284184
-0.05389803260092621
-0.07683752798208413
-0.059670236867339785
-0.06963130262733876
-0.0450327202410709
-0.0757274577759476
-0.06993718358160675
-0.04731319420523345
-0.02468518260985474
-0.03433251408362149
-0.03941680156914801
-0.03384358726104401
-0.017376184251507585
0.003330048146632885
-0.015867668068035023
-0.011536496301469279
0.016949548126024623
0.020760661366566836
-0.008761392471040196
-0.013271494214757415
0.033757485405317776
0.01819180353847999
0.03242100044627817
0.049626209226599625
0.04863931004954127
0.08340655930380533
0.08840140477552251
0.07134894563426343
0.06874973536198892
0.051073497712800155
0.09482182743391918
0.07403270932395441
0.05123567566390924
0.04257827489281641
0.03735466818578853
0.035371609367772096
0.03922350487923164
0.02215816507265213
-0.03336290753083508
0.03469758248542907
0.0023940733220157223
-0.029322096699975937
0.025018620004260902
-0.039984377356037826
-0.024168784801419096
-0.05227231306796812
-0.02333477174908514
-0.023440537122486987
-0.03713149557828598
-0.07624738727750935
-0.09057647988434271
-0.07704735511288072
-0.09624417469237222
-0.06965644425192138
-0.07075736403379523
-0.058674028926170886
-0.0931869253759404
-0.026869836822961686
-0.04838352280117485
-0.026971596369710527
-0.03099311513899519
-0.042526652641134616
0.010447032948302081
-0.020874022635061766
-0.018179577198128016
-0.015100422627904694
-1.0716712365466986e-05
0.02947464536236384
0.007254821577448205
0.023832838668714478
0.028410708238310604
0.043041643443258976
0.053511591592042336
0.0593303641684101
0.09033386222455209
0.07277039721157609
0.04494500963476841
0.0376770715771822
0.1067117256200523
0.09104351857205041
0.0891607618246655
0.05698747746736778
0.052526596153057326
0.049582601537726874
0.04535480230328471
0.045268610834673505
0.030388032005547357
0.036285235614897444
0.05380790630433051
-0.022483157218710838
0.015037671442477708
-0.016414620734896995
-0.00736168801593542
-0.02242390668119167
-0.02625447898790624
-0.04980571884227092
-0.04234997514469599
-0.04613612316052866
-0.07293854135775005
-0.06779707919957031
-0.06703256016458291
-0.05822408185776104
-0.058367951358984545
-0.11457325700223855
-0.08162925766204421
-0.06953250141384584
-0.06249114026624948
-0.031502722998189514
-0.04611898307595067
-0.05275151244707537
-0.021434318477724236
-0.025725105501802285
-0.03349080398389198
-0.023411904355889624
-0.05569566162038492
-0.0028310625721838373
0.043193678713727195
0.019955520366356054
0.018530230733604793
0.04197099264580789
0.06813368852769681
0.05949955205412037
0.0738606750041588
0.034371166923912844
0.07575663732325849
0.08407864684885878
0.06618928972847202
0.06578190849064906
0.05247985013404455
0.05774477238102315
0.060753657642353534
0.08719765752104139
0.057244684059571414
0.03481495796132595
0.05965154680829905
0.05451171138106847
0.004062750132479594
0.007083969628814331
0.008299739610223789
0.02467421786468975
0.014329328163441415
0.0454454406465469
-0.01863936003214084
-0.000832877170214668
-0.01663981596808154
-0.024191120946196614
-0.0367322252125946
-0.07401938786209247
-0.04612346891895918
-0.0632437243452817
-0.07112766092041549
-0.06322844934842141
-0.09385002200874656
-0.0987326006829668
-0.09408289162644473
-0.09403547776985009
-0.08776210615704971
-0.05500633360130696
-0.04398029534265681
-0.06202404376428537
-0.02827614721955321
-0.04971792833871708
-0.04871500896764919
-0.02385709578682833
0.02671570626008204
-0.0025834524610590243
0.003684561443653409
0.015726006021927037
0.02610994698128786
0.04524945038483422
0.02629781924711803
0.02746837480215942
0.07786656399412906
0.05871124349127208
0.08598864332753793
0.06365496106261524
0.04171542419817757
0.1003201133818947
0.10668384748951122
0.07060164868252503
0.08831531338692619
0.08140964299710052
0.027974033135724292
0.005971234989178849
0.03367212362909764
0.06756267843596414
0.00025235308194758097
0.027179022260703026
0.04022513378761024
0.02445095284226542
0.005389411460663867
0.06428048516834836
-0.019154624784121818
-0.008985265656669085
-0.02600281155575721
-0.004185485367874886
-0.04384318792757765
-0.05060134437620351
