-0.29859709714185534
-0.20487892825667076
-0.15020085412672823
-0.015354115882725141
0.08461488505372995
0.14057414799524073
0.24226438592677182
0.31139650112754347
0.35450026057589257
0.44091756559995937
0.38081042764188894
0.35012996785289535
0.3455953924448788
0.22571590555317675
0.15409421468084777
0.010767651810731915
-0.04112853537184838
-0.1310695152562507
-0.21200748471421413
-0.2952023761483885
-0.35308259023126054
-0.3989463421052952
-0.40384575448903165
-0.39637490168644146
-0.3263493474658883
-0.28920311082948047
-0.2010882110388922
-0.08351055875049485
-0.03867640324502401
0.03558209137407607
0.19703357799456506
0.22426458957755474
0.30109491496336405
0.373130866979763
0.4038494765333777
0.40696762667066855
0.38166680943143994
0.3370316509511466
0.24687496971994044
0.21100337979559983
0.09073545317480274
-0.04611545389404527
-0.14855462630936533
-0.16428474562467604
-0.24415210472021753
-0.3154323276500436
-0.3956032467469759
-0.4062219267070283
-0.3741049587603186
-0.3083846726307745
-0.2945903651319181
-0.2639951860644514
-0.11473792809344095
-0.0454589325076679
0.0727392315604469
0.1516592527382002
0.23615096441421454
0.3216786618899417
0.3601221006300827
0.3966883228375654
0.4113309057898016
0.3486710228242851
0.33900588693042844
0.23743059880869305
0.17034006350900555
0.08681939761928223
0.007486202681693137
-0.11205822843907004
-0.19292058892256292
-0.26756735574669954
-0.37012322745326404
-0.3860953699052896
-0.4081840500961645
-0.3876118914861789
-0.34985199805479994
-0.3154449229799595
-0.22536771013482962
-0.133300014593475
-0.04200364514884566
0.0507502660868445
0.12583960750740472
0.2295086990403246
0.29775701662407766
0.3763869133791061
0.38743751502236473
0.40067825041562916
0.3510231997973432
0.33512491921163834
0.27828769667169084
0.12188405750091548
0.12743765569501253
-0.013895279255744363
-0.1200502356451787
-0.18561755039579408
-0.2753691440854643
-0.3448036682248068
-0.3852141865359545
-0.4434688002325361
-0.3944308172814862
-0.36154831165454493
-0.30748968522196946
-0.2574266211824211
-0.1920142206716582
-0.045332866420630134
0.08222360530283196
0.14280863985117104
0.22825658988583528
0.3469817794020889
0.3686139159372749
0.3993934715495697
0.3809086562168854
0.3723315567751581
0.35414135894130944
0.27426289862438796
0.206925703975007
0.12567280931220057
0.03782972007190663
-0.12033069533545515
-0.15343066408519415
-0.2667101369677878
-0.3567863305155551
-0.37136376368479135
-0.4116396422182338
-0.4146163428715041
-0.3771146484557899
-0.32251332323699
-0.24049165368804135
-0.1312336298436294
-0.06370217428883668
0.05776323862701332
0.1413294471346899
0.2469622476323915
0.3024660672450765
0.3912308516216979
0.3622584822343074
0.383532650825652
0.4171381483268499
0.31968648334008076
0.2892500181799864
0.21133013987355453
0.11529216226003465
0.007194442339834399
-0.07772157415374718
-0.19753001606549206
-0.2417237461795248
-0.34423951092502664
-0.3814373833519184
-0.40066313336187764
-0.40682049114206154
-0.3529602229716564
-0.36514732344893563
-0.21448921586229353
-0.16240869502640634
-0.0501754832738413
-0.003660826104304307
0.08583848273335556
0.22167615503572569
0.293236289746281
0.3494430060140083
0.40673836206346825
0.4008803720134135
0.4067790643319547
0.3809242082119661
0.2840262726674121
0.20506774133013408
0.12086063329385763
0.004371845328184933
-0.06768623483270685
-0.1664094815585967
-0.26647166208791356
-0.35713106249755017
-0.37576614559223537
-0.38239754676447735
-0.39684353413669915
-0.35225883912547795
-0.30706996640403994
-0.23717247967820929
-0.1302826804370965
-0.04154040391116169
0.04116710099957985
0.1347593012970975
0.2113487893056852
0.307175228897933
0.3690768493604263
0.41115372895283997
0.40447694703300646
0.36997279048320203
0.309679814708948
0.27166808779054535
0.19888618551761533
0.11130525389844557
0.008361695333887706
-0.07163732193848117
-0.18663463277848344
-0.22462585394088572
-0.34469046786715096
-0.38273680111721714
-0.38729487955133424
-0.37559679437217686
-0.3907284801853162
-0.2988498198347111
-0.289794546326603
-0.19901941857139158
-0.09641858534359177
0.03948049296731126
0.1423461853452673
0.18536387889603057
0.29383863003520644
0.3649981675016031
0.39511535395173464
0.41785682944139646
0.38694947774754707
0.34642497720370263
0.29799310346832475
0.18358840011317495
0.1489263856796625
0.00826785086232747
-0.10690645551888539
-0.1556162056563007
-0.25424623884998104
-0.3328771019443572
-0.3517511864793596
-0.3835363193466322
-0.37065671495772895
-0.34827509248820193
-0.34622493508773206
-0.2228769816868448
-0.1844553742345679
-0.07911182811109384
0.034963899018156615
0.14959836843988866
0.22931996543953576
0.28345094006703453
0.374341364636709
0.4247581880063359
0.3990777522487739
0.3976607550270187
0.34752170771406915
0.29059339760485425
0.18550234590881526
0.08853912954563278
0.028554481288913906
-0.062424625217525294
-0.17638532364857235
-0.24860224451608634
-0.3533909003965052
-0.33164447181264
-0.40686960135185757
-0.39991920831604816
-0.3694096516354591
-0.30550770988301623
-0.2756006688466064
-0.20327490796462405
-0.07509899088432184
0.038672678503662544
0.10425297074818841
