-0.14393751947475247
-0.06648248727784672
0.03580321859041259
0.0840662887081848
0.1932690249298902
0.2895189868706075
0.32633457777633834
0.409866951102359
0.4835816117466857
0.4424676538867318
0.3334432360388153
0.2517263775618395
0.15924765407598623
0.11434062829401026
0.0067507286900446144
-0.045532654295056964
-0.12845168975803534
-0.25443667365192735
-0.31037367534859817
-0.34675607518636403
-0.4673339408635789
-0.4496850317161426
-0.376847546554638
-0.3383475231563144
-0.23049634977138858
-0.13758032126213585
-0.07223266996629489
-0.011819959276563204
0.09390062487191625
0.19371680535600297
0.2474584904512098
0.3466256560350169
0.45136041682456834
0.5194394481815191
0.4197682471479074
0.34526046482662104
0.27286287802818077
0.17144563043643626
0.13152898007688885
0.014000765566038464
-0.06508620426317645
-0.14683188089165247
-0.2474063611039209
-0.2790443750634893
-0.3760312604035647
-0.46129353157222336
-0.4690407757154146
-0.36304577868774984
-0.2799594287048555
-0.20555094715096076
-0.15823199834856547
-0.056520533720782085
-0.0012258364812522023
0.11052395928131156
0.17330747868757368
0.24235694915401135
0.3646266709109154
0.43419029712414653
0.5010244219601534
0.43603051053960756
0.3173132484217246
0.29044801101378775
0.16392804329814384
0.12601041220977816
0.07021476571285029
-0.03012441158684908
-0.13578228228354777
-0.23654048768062932
-0.2690125629860369
-0.34849239434497065
-0.45250419112040197
-0.44340990510859046
-0.36228394954783033
-0.3158010052528501
-0.23803559022646256
-0.14830188210003364
-0.08322456674797024
0.021873446003876258
0.10462378633899919
0.14957615812023947
0.23923815065442727
0.31508039518778524
0.3886263947401937
0.49197522457671705
0.4202832474484448
0.3684145932165974
0.3018287123345111
0.1554638712747477
0.1274459241304812
-0.016594504424916848
-0.06855891348087881
-0.12829482080013838
-0.2192098400324054
-0.29600720362646693
-0.38464703239884335
-0.4521688844046061
-0.4872687129040036
-0.4028661746848311
-0.32583525609382114
-0.22378950023930985
-0.1635013275567124
-0.07842876834616035
-0.003380146289797383
0.08347410302072661
0.1133147348465015
0.26723272114418106
0.2985872274081843
0.38813917435241385
0.4912611125699859
0.4414964232278614
0.3906065006758058
0.29536908290091846
0.18838656685517813
0.07508479724336614
0.0037951482761037006
-0.048224383972481424
-0.16136293068314728
-0.18985796566885382
-0.2578438244557784
-0.3507329280578775
-0.44467295307607735
-0.47292222113044624
-0.41198183709464553
-0.32095959066601665
-0.26126171140782317
-0.12064534021544171
-0.07018851436487822
-0.04314032193308998
0.04528096521168321
0.16866602433871686
0.25960519006586597
0.3399939256288568
0.43132244451120627
0.45759235670843246
0.430688305070565
0.37195407668851765
0.28653763355398176
0.21334181042514083
0.11307806796458136
0.03139554300862537
-0.05404618816745267
-0.10995988782177157
-0.20218165236264757
-0.29245220566460906
-0.342544345340351
-0.4298652471046183
-0.4703362864932309
-0.39088566842285766
-0.33352573217986414
-0.2524482657905044
-0.1604971266776555
-0.09598406104178091
-0.022425078646383108
0.049718340375627154
0.16384361207546355
0.2381311731502693
0.31554876975200286
0.3754999755115447
0.4580866680925369
0.45124865967133854
0.3553578025404141
0.27987669608579513
0.18079836891831605
0.12963068566439528
0.03860553188794822
-0.040104520948418584
-0.1104867602987978
-0.1616804308135209
-0.28385433697720364
-0.34136340484705663
-0.4270444937082128
-0.5088391138139229
-0.39847460676127844
-0.3235346127249501
-0.24763879041685982
-0.16159112665205466
-0.09688778961639755
-0.026275207011269196
0.05544597765249443
0.17212696470754993
0.25411228735431823
0.3000723876424277
0.42202694799245943
0.4700905576258556
0.48889883567261766
0.3689186856142656
0.31943246781690504
0.22831588169626213
0.10125522111393125
0.023162455880245306
-0.01489464392878308
-0.07191604936292506
-0.20922894000806502
-0.28210985115176773
-0.33541529897244027
-0.411195305591296
-0.5316780500314526
-0.4124677160567422
-0.3087898141771213
-0.25636243397564673
-0.17874866792902877
-0.12170859828691014
0.012298269689582954
0.0923725796496984
0.12921316227846374
0.24169601743257008
0.348844305753913
0.36285125699060006
0.4543412241667847
0.45719527919311354
0.3694611356481537
0.30975954069489686
0.24798613605604236
0.1468763260801261
0.05061342493684924
-0.029615315674415273
-0.09168812218176832
-0.21798259377418117
-0.26628408062423575
-0.3439999222526226
-0.42798256076977514
-0.517684845626685
-0.43190708707623976
-0.3495840872413368
-0.2565738552216812
-0.18681629576614422
-0.10166406147033792
-0.02068910666020542
0.08981725319984732
0.16113774939280365
0.20025654554190314
0.309638821149955
0.36099263847086965
0.4920968510180823
0.4403819150706913
0.3889571535628413
0.2849388218596438
0.25040022504787496
0.09542676772121304
0.057974378565005334
-0.043110862704396846
-0.12298887196108982
-0.16528795902082766
-0.2470482073188948
-0.36230839227924777
-0.4401822393447328
-0.522935343999747
-0.40027321734197824
-0.3836292149374383
-0.25290762453671944
-0.17828130580789284
-0.1254305136095899
-0.031736940598679826
0.07240352088556487
0.1445299663010003
0.19710688853390668
