-0.807372978413428
-0.6386909814443088
-0.6607743910902296
-0.5147161133978098
-0.5726400307888867
-0.3176669333310079
-0.019471239560393996
-0.36679327483135504
-0.7780731934433116
-0.3078172848490175
-0.6269821580007561
-0.42868307266373834
-0.0696822914101499
-0.5568636190192674
-0.3772979075843663
-0.34033449389588943
-0.3681798673988258
-0.21900462612978658
-0.6321507248917034
-0.8338662316729942
-0.5159495447016684
-0.30882340729442154
-0.309045281472335
-0.6136495497828567
-0.6626245963468429
-0.11978440818205018
-0.43130001699187864
-0.6431150689847306
-0.6802305533818191
-0.3412188211389735
-0.26038423324372856
-0.7069582511665408
-0.8426189592271369
-0.11116055918331606
-0.859112378298896
-0.21358951266739243
-0.13970091314582853
-0.13810103805166854
-0.6915291789301741
-0.0412976385739396
-0.23021221142517398
-0.23204468927899702
-0.34485964465800173
-0.6129069723449342
-0.04107263601239617
-0.6118528426670248
-0.7193557769651037
-0.6309252956726263
-0.6165119366934965
-0.6022240102406382
-0.4017133173256145
-0.2795746213095989
-0.06527429218622761
-0.39749521223324585
-0.2596420813754241
-0.43835285931355233
-0.3164443928141238
-0.3175010266681684
-0.6440678489318957
-0.26916768006434183
-0.5966694437902751
-0.18588647636751185
-0.5790082948242328
-0.250950630677026
-0.0038133432105036235
-0.680794479239468
-0.4618362606423801
-0.7493469541079855
-0.49421475817124494
-0.7174473772977085
-0.5447261196755436
-0.7174369323896712
-0.733388326379234
-0.3069006586105456
-0.830848014761516
-0.3770811966196621
-0.40716881891719103
-0.5260647650135667
-0.5816630137232919
-0.48375830240498946
-0.10335204252443098
-0.6659479229681181
-0.050804436793083295
-0.05040011847289227
-0.5388204125241977
-0.8868809942701471
-0.753503705587523
-0.19075131805308448
-0.7554373292765805
-0.3103198285394009
-0.7658505902611322
-0.3042367013616604
-0.5609566263068622
-0.48754897911754375
-0.06751303622034917
-0.4274397841539717
-0.1396006796477594
-0.2605965013798901
-0.11916823174909427
-0.18786291980896047
-0.7046854620511758
-0.07219425887207612
-0.6405114874842621
-0.7834607040762227
-0.5777893417820434
-0.41318612879491423
-0.6741363160889483
-0.7130249450607552
-0.3328362679475297
-0.09321684347432148
-0.22001779942182204
-0.7474807766964018
-0.09320948768845241
-0.08635934257114566
-0.14506508398870757
-0.8001107178331517
-0.02276428460402721
-0.32073594709940945
-0.4740244769399496
-0.26494857952063616
-0.14226935162051885
-0.08998987152912927
-0.06741475197157065
-0.32916757397367
-0.7421618981692616
-0.08204028133942415
-0.5517913794146707
-0.13796384301628128
-0.47795515003011624
-0.5305555434541896
-0.8299049442509446
-0.3296782031089355
-0.3926312975938438
-0.8306115493624601
-0.4265773419593651
-0.5206259819340043
-0.27463050670867445
-0.1902512804067775
-0.11897136221166918
-0.08929186447520315
-0.10098489194340847
-0.14476067650803626
-0.34813050195711526
-0.24172988956778058
-0.8113999265189953
-0.033053780266372394
-0.6318208778815778
-0.421017416951949
-0.43632619564298936
-0.27443765971676953
-0.7454631490844575
-0.7521566272754638
-0.46616351950631796
0.03376653097213246
-0.015110500074291438
-0.5594489121424265
-0.013166045791405073
-0.8624094303001992
-0.56767995365825
-0.4076013257081132
-0.5060392280038069
-0.3948994508596893
-0.26377447653484176
-0.21709887150287002
-0.8073194439307789
-0.434661457461402
-0.40573489961105585
-0.253549789385757
-0.11877600486179435
-0.7051173971500199
-0.5572018359234647
-0.04599650098391734
-0.332136318076247
-0.25812966437358853
-0.752125699230661
-0.7134531225657389
-0.36393750454891083
-0.37208876972548033
-0.024514818896744305
-0.30385126909974364
-0.5004568102129602
-0.3822908450404146
-0.39388501319463454
-0.11092672739998721
-0.2911974673272849
-0.8288629797982447
-0.8366196513722297
-0.4100349923856198
-0.3894192139666235
-0.24297540214273747
-0.16065323573921053
-0.6761751066169057
-0.39167783064529765
-0.17601176626745868
-0.11105830144207145
-0.739185251752541
-0.7672106422091913
-0.7186925243629295
-0.39547210010717737
-0.47121006840458124
-0.8523615718423619
-0.4091243303061287
-0.1497294449856281
-0.8380032343223078
-0.7905251847199253
-0.16537038072562496
-0.2637544734787165
-0.5269038128939034
-0.8312622246423688
-0.09869001405319666
-0.5407204025493981
-0.14307796767097775
-0.16543367001025627
-0.6667921241905881
-0.23020681020021067
0.03960560581119352
-0.04925627302863011
-0.600855344630821
-0.13928615082732848
-0.09868953387707015
-0.08265455645556888
-0.27631885071599205
-0.496421033459713
-0.7791266875502055
-0.031302832437087605
-0.2663323113747876
-0.6857146012338491
-0.7934354945045001
-0.2867585637407537
-0.8343217967494075
-0.35608166613248726
-0.6814777307614233
-0.5796933439021075
-0.44884922991570225
-0.4341442738665486
-0.07743241092405159
-0.5223929802947026
-0.27592082573364185
-0.5125519500587715
-0.047066599427180326
-0.14185752262131768
-0.1280183862298012
-0.2555962174113478
-0.4712300783333861
-0.6200003421984607
-0.7420159603090821
-0.5407324012611179
-0.6334895343066407
-0.1675722397645422
-0.4326007211310931
-0.345002882456729
-0.8539271438138409
-0.7737623126210934
-0.30466313083501656
-0.4169539585578428
-0.5764403246660589
