0.43862168167889243
0.42981031519452717
0.44210935055758493
0.41075873978826566
0.3435464341314793
0.36155075272153137
0.2901951628733402
0.259697877223572
0.23196081411969266
0.21695658050988473
0.16166428381545644
0.19578337331005635
0.14785037030070397
0.12784062074931324
0.08161068776646321
0.04160794281274321
0.013946493987858084
0.010718677174515556
0.003969813339651688
-0.04468128210719902
-0.051087906211917854
-0.0773691153397224
-0.1041437608900818
-0.15232518136845122
-0.17381951327543943
-0.22967743144307856
-0.21497783956634647
-0.2574186378835579
-0.2741874570732465
-0.2900780516756927
-0.35443457442264914
-0.33957518806553794
-0.4048416918128618
-0.4177247308970631
-0.43231432012680565
-0.47261264006849935
-0.48967435840747947
-0.5400504740517287
-0.5218084424477081
-0.5898650713775745
-0.626481899157887
-0.6338482210927678
-0.657011866632033
-0.6563109639817981
-0.6668386284445531
-0.7477317427337582
-0.7536848789413576
-0.7931482534790338
-0.8334830915359798
-0.8409689125321818
-0.8817713486735469
0.8601229494742298
0.8774683192235896
0.8415568696075306
0.807516429680287
0.741240750327909
0.7654658443069424
0.74694302842623
0.6994574602551018
0.7179616526781557
0.6407300341320374
0.6098575352970875
0.5852336527186519
0.5809361014185952
0.5429694779685451
0.5384060491670335
0.5127961924846303
0.4673214003564733
0.4913652184446987
0.4153362999834091
0.4087100621827262
0.3462359130591839
0.3078972574685445
0.2733088368927393
0.28955030173425633
0.2567310572072505
0.25105006588457757
0.19199864963647106
0.19659691529721027
0.15656318413906634
0.11263722393802693
0.06973828899584562
0.059657260512269245
0.03319406890860433
0.012474124166401734
-0.016807827473448275
-0.07218650341255017
-0.06864188135876759
-0.10574010857950679
-0.10837888220760764
-0.16306619185075905
-0.22070890462350595
-0.19905052997654565
-0.24723327212267038
-0.24738555625342484
-0.27133422847482036
-0.32141987236534814
-0.32924380709969453
-0.36298446698774395
-0.42103701094016177
-0.4391933495499286
-0.49321636611113223
-0.456989392778864
-0.4940221592695698
-0.5420921748658896
-0.590086981939222
-0.614573758939772
-0.5774119428022382
-0.6241785337258708
-0.6608544375202766
-0.7069235355920015
-0.7034439498710501
-0.7254866413093387
-0.7687827534632681
-0.7939395246681086
-0.8445683528481643
-0.8308561391692725
-0.9042958947633579
0.882126518521162
0.830099482245051
0.8283819091361488
0.8087627044084735
0.7589646405060483
0.7978360355339019
0.7281895248624989
0.6882925261728674
0.684899824621213
0.6408885914036624
0.6075698561317502
0.5860301805057747
0.5744975147156471
0.5484112541830768
0.5269224577128123
0.49734441081223757
0.4674671543122209
0.47612420465946853
0.4034474499182593
0.4065865127491106
0.3711954228848462
0.3269654439692344
0.33720607790850204
0.31136021304950157
0.2198857891437603
0.24115336361107725
0.15399263244501946
0.19048264072449042
0.1716375956838176
0.08967414813696857
0.09333180144102149
0.07702646747377229
0.011026681833874927
0.0017174576129684329
-0.035146237421728205
-0.0510335936733919
-0.09491239923464252
-0.10130906536072223
-0.10324573286627532
-0.16796594303590107
-0.19459536206281353
-0.1983218924589215
-0.2222547116897135
-0.24063757535294336
-0.3046728920439707
-0.34252767798301187
-0.35360946185816083
-0.3779130547700298
-0.42847207851373403
-0.4388737860018485
-0.4618265868722829
-0.4668917936971077
-0.48029904824168457
-0.5184042948675482
-0.5388118944843229
-0.5655955836935361
-0.6196350224191879
-0.6402730041526552
-0.6859672437009678
-0.7548012211652266
-0.7173292010767383
-0.728662993787016
-0.7821899463313307
-0.7576752617699039
-0.8292208141962439
-0.8779396472724496
-0.9092087388786046
0.8492019073341229
0.8433176404953444
0.8633814460451686
0.7805634396586946
0.7745606917695306
0.7617321600010859
0.6970580963890235
0.7106716052390762
0.7000774924804796
0.630575610612443
0.5990968793496446
0.576324643528544
0.5653511684430405
0.5314119772362429
0.5227137491156985
0.4635687469703476
0.44533777097413374
0.4373569838723112
0.4025762066802339
0.3986749810687503
0.34271130549764645
0.31065381539694753
0.32871960967657415
0.2625358582628885
0.265176701851807
0.18449967960625122
0.2223214882782231
0.20470885196230762
0.12561666909508695
0.09999336829181961
0.10368353134292471
0.06638202333766652
0.004559457939567562
-0.015281383397550951
-0.021329453921723376
-0.060746446487735924
-0.04415013284277826
-0.10756857449265907
-0.12288352570468411
-0.20364201422306832
-0.19606806918611747
-0.20431624854111993
-0.2343268349658063
-0.2961720378881126
-0.29137205434611513
-0.3483456087378138
-0.3405280815733663
-0.35869695709441424
-0.40142223050406006
-0.41648876916852046
-0.43965475934016784
-0.45864886821798057
-0.520052282830528
-0.5652228229582441
-0.538005603580586
-0.5854928002408346
-0.6209240987636048
-0.6666645468702552
-0.6541668669350091
-0.6741162275313337
-0.7037191427711266
-0.765140778079385
-0.7956259748897528
-0.7944367419123296
-0.8020674698830703
-0.8684076647751805
-0.8937192012899183
0.8650109374461624
0.8540502093779271
0.7957998507844811
0.8259299147000697
