-0.23922896017783066
-0.2919851332174623
-0.3492495474849159
-0.39782907591989286
-0.44077487597619497
-0.48163446163413337
-0.5210519461799581
-0.5536474056959566
-0.6194568511209652
-0.6703178843183362
-0.6942820632862267
-0.714170420886559
-0.6598485586536984
-0.6096363338612024
-0.5688181369904547
-0.5231477980675283
-0.4661021540963026
-0.46564340334034426
-0.4313620082259387
-0.35924883175238087
-0.28591107926651144
-0.30544675061912124
-0.2138725793893652
-0.20730313559270852
-0.13691828817737065
-0.10619052424891327
-0.05553063201757459
-0.017999864147884334
0.0015872218392841385
0.061625755086966966
0.1237411394313053
0.1397889694248983
0.20878658331636
0.23889014656553756
0.3147855380397842
0.3358442844628004
0.38815639090036347
0.3936019087520686
0.4309645017103094
0.47764713171917733
0.5225043799087947
0.548550164276712
0.6093188096548672
0.6454585907362854
0.7018489755892632
0.6544123100632289
0.6022384821300285
0.5905195593983001
0.5471865458673634
0.5332378074888212
0.44956682536666
0.4259400213479677
0.34880043235278185
0.3388529097135881
0.2694795014483374
0.25772658363031725
0.21479611894881057
0.14484188822157001
0.11683212352703828
0.05623557399125026
0.01742353075696894
0.010339779335266914
-0.03374934393787336
-0.09562288682995226
-0.159958998636498
-0.1695342050816184
-0.20624970812903987
-0.2745757455514351
-0.2929049657303126
-0.3516930994431787
-0.38328688353603674
-0.3999760212798643
-0.4579025021106581
-0.4920474043615354
-0.5966013955193306
-0.5730457458481892
-0.6127092747429926
-0.700663809053128
-0.69868499493505
-0.6428120676471861
-0.6002021658435558
-0.5753036932723125
-0.48804342642000487
-0.5075099982776441
-0.4175146996692376
-0.3900859346092493
-0.39489713424151096
-0.3109219509355969
-0.2826975222673619
-0.23018216649502665
-0.16537449220946637
-0.13154715148639734
-0.11874475126417958
-0.011917989160291055
0.007412664035608647
0.04118226481686313
0.06340529868726874
0.12086302296284561
0.18217001704500677
0.16821194832631964
0.23636888741744458
0.2921675901039919
0.3164377923824804
0.3981929901989556
0.399448127537673
0.43925816582541954
0.5533969158185388
0.540398251564493
0.5714400420852703
0.6262473585285807
0.6872891033817431
0.6747370642218817
0.6910242201616017
0.6111295844844971
0.5882215575038536
0.5222094841154009
0.4894762887827172
0.4087936937510057
0.41028365020204116
0.35591183638337953
0.3301493970564686
0.2940213943968258
0.27366518833251036
0.18667898301213562
0.13389237484727315
0.12005011083394201
0.0660096043140599
0.04215772905297227
-0.05587574078214541
-0.037123885448878055
-0.1024326037942215
-0.15548634725043717
-0.2183410405476636
-0.2169689640884086
-0.2522497515176757
-0.34107032154160816
-0.3337376786998378
-0.4217428832599168
-0.45957468064010154
-0.49537582543137143
-0.5226140680909964
-0.5272356304865766
-0.5898949076318319
-0.6720328119452856
-0.68454121032356
-0.6618615042550662
-0.6449853907578574
-0.5971213694104023
-0.5793025869945669
-0.510772218413081
-0.4661125450444051
-0.4273945528053336
-0.3779247994461027
-0.38075798422089946
-0.3379214442234901
-0.25118240103969225
-0.2234053469567808
-0.1586956795468531
-0.1205030440967079
-0.07544092430077823
-0.038143304217202356
0.0048852049415489054
-0.012110652920315636
0.10213477620642
0.13219400005374518
0.1623290216621914
0.2064658222617409
0.2356617211620149
0.32447207421460067
0.342616469137434
0.3585036944721622
0.44192811898032264
0.4719972359580919
0.46783672454819303
0.5415151073307363
0.5797745015376564
0.6418867947683744
0.6483033057250186
0.7067538797360505
0.6821841827872382
0.5873437211133555
0.5650162126283393
0.5336973263272876
0.4741362568467179
0.45383628933535364
0.41381311175933017
0.3643449861979531
0.2985152533227206
0.2879647598504339
0.2454951374076007
0.1820719037037924
0.1318431707586984
0.11672600821996293
0.06216904526661898
-0.007843454530852681
-0.02900463451379931
-0.019292337242837986
-0.07135279864261714
-0.18007036217588782
-0.17739106666168697
-0.2368766250037606
-0.24723902948405643
-0.32110260600035057
-0.35228964999502943
-0.4021261006753734
-0.4106639028069882
-0.49650326836416625
-0.5300595990432422
-0.5772217068393004
-0.6404484187943837
-0.6627860313966354
-0.7024721711883857
-0.6492415873133426
-0.6196340859320825
-0.6127014307614416
-0.5670839232343493
-0.5314402877642558
-0.5065155915391177
-0.4285139488449902
-0.3863697895259791
-0.3433871492339133
-0.3135306726886186
-0.25385908743137997
-0.2347246245801484
-0.14668771182375756
-0.10850146802166384
-0.08735042599163823
-0.023159773688708942
-0.004341050904854373
0.03598274830165934
0.04673014342814591
0.1251529262238394
0.18986607922604307
0.18184762942539895
0.2396724523417153
0.272070390373782
0.34276665470034134
0.36159703266347243
0.43133750166295487
0.48050667218065307
0.5315915416817121
0.5540144453005549
0.5855510787474684
0.6315803722502054
0.6586913193005713
0.7129582504679235
0.6285313943349371
0.6012821356550812
0.5843200352624983
0.5540940566612556
0.47839757232415064
0.4311770364517288
0.3667525804980714
0.40365188546287345
0.31618057240491915
0.27735556388862176
