-0.7742756592921543
-0.7431860381572419
-0.761392008157159
-0.8220373326057888
-0.7996197187222719
-0.7784201930011028
-0.801296445084752
-0.7700888367088902
-0.7793453222701421
-0.7427304025986164
-0.8011747715720419
-0.7844565188539719
-0.7951807288884418
-0.7712665400216504
-0.750106652308945
-0.743079640020256
-0.7922135716533715
-0.8056084273529952
-0.792282254313929
-0.8032759891224538
-0.7800138580228972
-0.7961262652565636
0.7844375561756768
0.8048669488671896
0.8303975966776829
0.7841763536509365
0.77554930846045
0.7565990161004501
0.7764874309333465
0.7821663529548764
0.7755295818541134
0.7730007429957902
0.7816493347300448
0.7832079109037962
0.8026740755818574
0.7991882736102857
0.7990552192417224
0.7624332955023408
0.7664492591544793
0.7869517446192007
0.77178197147066
0.7821779515586947
0.7649265947536956
0.7556363482993244
0.7678764595660404
0.7762884997820751
0.7877330861176466
-0.7707957998612088
-0.7541130643528398
-0.7701179779765361
-0.7593647147406657
-0.7917315837722997
-0.7817769014669781
-0.8089416411240956
-0.8091374166543697
-0.7717630757771752
-0.7676902158303778
-0.7866223282115159
-0.7645368498187415
-0.8068352170072094
-0.788088735426414
-0.7841446487148848
-0.7624099899507844
-0.7646346677952952
-0.8003533750796704
-0.7861903805999289
-0.8076196348350861
-0.7938919681506713
-0.7455628555705001
-0.8024724321569167
-0.7753547732320477
-0.8102857986126056
0.7557718751021446
0.7710627058010463
0.7958258739977646
0.7651477538294792
0.8084488748643246
0.783627332962301
0.7984339941798289
0.7461453223513568
0.7820255075596448
0.7765969925796894
0.7766014365327579
0.7591106848018467
0.7805366216012507
0.775443825132468
0.7667929956943887
0.7949743190434585
0.7555538355109545
0.7609168317530368
0.8195430956503125
0.7522475739397427
0.7864525923633401
0.7589540012094342
0.7721390400345854
0.7475392730127212
0.7797056474457978
-0.7853104063394748
-0.7894605926949819
-0.7739769803430963
-0.8168904030071502
-0.7481756335589541
-0.7907257225697564
-0.8238308164235517
-0.7992291015529527
-0.8039537599578502
-0.7694884387413348
-0.8030702828228008
-0.7643285589834755
-0.801236304069275
-0.770680727656155
-0.799077180191798
-0.7706703075245369
-0.7674307449011648
-0.7628034890659651
-0.7925497190816647
-0.7447185609831909
-0.7835375112832466
-0.7729889719725994
-0.7805652825969507
-0.7872573882533416
-0.7770136782580799
0.7972135617438214
0.7508241313232626
0.7555788280779208
0.7548006675569753
0.7738209966298317
0.7649701802968166
0.7722099748664922
0.7706738276298386
0.7871936665204802
0.7671087218118741
0.7822906359178361
0.7840439507147042
0.7957277914080025
0.7864292755808983
0.7961497113015101
0.749902411189062
0.7807998375288114
0.7444029120114645
0.7971336845585122
0.8011604173414415
0.8079158006618306
0.775860163955331
0.7839011417653386
0.7768002318818166
0.7855081707183625
-0.772720507745147
-0.7351198546706826
-0.7513129300280242
-0.8032929492907122
-0.7878553512957566
-0.760077857842374
-0.767111787153271
-0.8117214866204913
-0.8067720682309576
-0.7843905900687577
-0.7652888231495619
-0.8179038265083672
-0.7425094574099625
-0.7522767014951325
-0.7509958070571596
-0.7691547826176779
-0.7848403091735816
-0.7995441703630366
-0.74960154265536
-0.7997163172801075
-0.7988987274675862
-0.7985223746674426
-0.7611623284166867
-0.7400200040929348
-0.7754296596610871
0.7851057734250281
0.7497284164683595
0.787715766366838
0.8047440655969962
0.7607894245740121
0.7901295287715526
0.7783165269799358
0.7853097980733664
0.7694547511269126
0.8252909425286232
0.7812858663617557
0.7976295123881065
0.762762225278594
0.8113510714746384
0.7682625032455813
0.7923051238422784
0.7738406451616063
0.8252165625924395
0.7612503965358897
0.7683432180121583
0.7855233707446222
0.7689252332713546
0.802779356178495
0.76344039303715
0.7773692771461441
-0.7906221411952254
-0.7971559095844869
-0.8046559473951446
-0.7865656506490883
-0.7548374267747879
-0.7922402188041483
-0.777272362407096
-0.7800391643349782
-0.7924846400858953
-0.7972897586514084
-0.8029999413231759
-0.8112766374136546
-0.7522972117181355
-0.7715212125920929
-0.7846843490014432
-0.7859375723611693
-0.7735377514926257
-0.7466512703054439
-0.7590013320448971
-0.7951824245480892
-0.7563473528468833
-0.817162320836302
-0.7843055113276522
-0.8087044295114811
-0.805958184109233
0.7673670074946982
0.8104914424502002
0.7355393910610849
0.7898089241860105
0.7849402120424485
0.7779939428343522
0.7941367149574269
0.7798683618713922
0.8055779304780827
0.7625103869791768
0.7766518472353809
0.7934904121045354
0.8193109738389626
0.782048263032776
0.7810022135607014
0.7718844223171176
0.8049898677886665
0.730115982376477
0.804312646571004
0.743288240228461
0.7886213683240568
0.7802975765908948
0.7828169036562087
0.7811294216528542
0.7584239870239164
-0.7939086842992019
-0.7744691253401952
-0.7780547526888234
-0.7618621918719665
-0.7907554017745764
-0.7844464135037048
-0.8123357741709801
-0.8035543730123356
-0.7967323067620546
