-0.2862523203931714
-0.26387357750965174
-0.2252159544032122
-0.14707706425393516
-0.0569258714031012
-0.06935070646277468
0.045941891430434936
0.07451128594014489
0.13178741048220724
0.16297791790357924
0.20563841887117748
0.2358590488427477
0.3132610587381609
0.32736682115157295
0.4435415489601725
0.40012593702397165
0.35004244668688295
0.2755956717951621
0.22953786285850483
0.17952650011100435
0.11779849885158543
0.10673473879928572
0.005781281425506386
0.04105231517146943
-0.08424605709192365
-0.12832975726084106
-0.1869385132647543
-0.22420830360795102
-0.2569843626900938
-0.35787502533435617
-0.41467340902712996
-0.4166917079161907
-0.3805698174160478
-0.30842218236046803
-0.2871924230688448
-0.23016743548763804
-0.1569826332445623
-0.11065233482083889
-0.07035718858970867
-0.04050243733838897
0.04082117346093554
0.08669738955909662
0.16364491535288464
0.19812772503361656
0.23089944876485213
0.29301465954727934
0.37724738441599787
0.3814172726833856
0.4116029549750042
0.3963660238002033
0.34032404460953497
0.29851586048970924
0.21472831404470663
0.18735900834152924
0.1085378863408704
0.05251505936043179
0.020348777312709086
-0.03456719887899703
-0.10723117166453863
-0.14673323794189616
-0.2547457015188216
-0.2721439629300937
-0.2911969749677986
-0.3960224335215712
-0.42240305572607617
-0.4443379026307315
-0.34347569683034335
-0.3012550648551013
-0.2590615502564312
-0.20850352499345573
-0.17574919984243473
-0.06873759972773168
-0.055147866269756034
-0.01113640987578221
0.03141965598870636
0.09774454749007627
0.14469377677085554
0.19399310924443053
0.295341843246176
0.32643039104539906
0.38117465219312746
0.4066349295807804
0.40375164379474093
0.30625962788640054
0.29332190763749016
0.24100491236350516
0.19108588748756308
0.15005105817092634
0.07646493189895012
0.09050850955224812
-0.02976260414077659
-0.06476383553277351
-0.13726314953813384
-0.17647538227313853
-0.2209999533592605
-0.27325790077607715
-0.32968172236469934
-0.3329813231858448
-0.443422105324512
-0.39646589163167645
-0.3213363530639354
-0.2921338743936328
-0.21843255124352148
-0.13557898565981183
-0.10519799859000792
-0.058833440594568125
-0.04227654219271078
0.03304161913202057
0.0540601333518451
0.15616245876580692
0.19619419463899698
0.19863942958152775
0.286144152045528
0.3917846617348125
0.40930413059646514
0.3770826434172443
0.38192716835893104
0.2968240206693042
0.2399089083173267
0.19396515334855313
0.13939031156044007
0.11318871217681235
0.061490065268503646
0.01154542152028231
-0.06288208760993659
-0.11423918256273626
-0.1297891894735624
-0.20113259294929237
-0.25837397123153566
-0.3248520022006431
-0.3545273468508154
-0.377782445505745
-0.4091071916466096
-0.3419460226476385
-0.2600418917548929
-0.2249811371129046
-0.18630292762836206
-0.15333455545289243
-0.16092728750503765
-0.024903818237285047
0.006485899632957714
0.06438295916333375
0.14747118191764955
0.17087760620632278
0.22199602300775545
0.27992429341681285
0.3382656109463015
0.37198494567827295
0.4390950827695446
0.3992081734812745
0.31671466232207085
0.2515238504923681
0.22690016983705494
0.1614044870154094
0.1304849572428458
0.0707483591083532
0.012171575877470104
-0.012008259186368574
-0.07462402548045981
-0.10807089684190194
-0.1801338134739025
-0.21328735457481457
-0.2731531885066581
-0.34573852951657885
-0.4116485670623836
-0.4468057661517498
-0.3603510649949934
-0.3266898687488375
-0.26591844882712934
-0.20023312549325067
-0.174967680854776
-0.12246686105054701
-0.08564582215164487
-0.010952748848462803
0.031802873173466875
0.0782597163585363
0.11169764201656421
0.1958247266480568
0.28645022827140654
0.33962873797077203
0.3300021058832967
0.4135918927312936
0.3837115800569994
0.35988399991651826
0.2893794102228182
0.254657572640311
0.20233240908703132
0.1250734703301151
0.1085929246129352
0.042118481371683184
-0.009228343716075765
-0.06079459858467361
-0.1323943532689868
-0.1470141215252975
-0.23058667287479112
-0.25113398337154097
-0.2993733034717906
-0.37036878889882036
-0.42721763369392324
-0.4171695789185867
-0.3399822564564126
-0.317638148299291
-0.23358400404772459
-0.167062396993959
-0.08506362687698556
-0.09526494469577926
-0.10382851324157813
0.02157352590061789
0.06862893145428481
0.1208375776864686
0.1822362623329866
0.2574401389761122
0.27125198875273615
0.3162876122689525
0.39937874539692225
0.4359616544906847
0.36814201141493647
0.30685295669345597
0.2853312730524467
0.2441039712563564
0.19589253230614256
0.12795158463319595
0.05296102354922917
0.027143649115240046
-0.026304890859359387
-0.09619260903714952
-0.1272182402659766
-0.21474853908442174
-0.2815842863559964
-0.3125862497362037
-0.315212365400467
-0.4075236505168136
-0.3815467016643353
-0.37109222302940803
-0.32455982005482775
-0.274402021956802
-0.22992005828804976
-0.19066421231534592
-0.07738860309800054
-0.0615329426182397
0.01610481136930402
0.03797269594020775
0.10131584926101111
0.14395162225006372
0.21609382863168877
0.24038888155713764
0.2765656425588009
0.35146211657309717
0.4176113966355029
0.3895529008199667
0.39036780718483344
0.30465449842593945
0.24885687958291133
0.18720473763853054
0.1692964599392429
0.1004003570994524
