0.2588464429367864
0.257176984756123
0.204081322183187
0.17244895142713038
0.18108751800575068
0.08047557294644227
0.03224137782831936
0.025525761416853247
-0.027900056235178168
-0.05058624345155161
-0.1140516481002733
-0.13870954070950364
-0.14969386034483573
-0.245103981357075
-0.24766327724437898
-0.275736266904475
-0.33212323430377944
-0.3102950600012341
-0.2201734730216239
-0.19283613394258586
-0.15278215493395111
-0.10399383489276362
-0.09667596745544171
-0.028445097688350567
0.00874293698509421
0.06321928716884383
0.06488749700593757
0.11592703380203319
0.17648112085742296
0.17312274448573484
0.2404441928693944
0.2657410009542291
0.30439228803100316
0.29375964682524186
0.24741006457281256
0.23240356874990564
0.19190725117289506
0.16734844479904418
0.08698980322310579
0.06154826489201165
0.03510662284304315
-0.014820845397075132
-0.04575269637700568
-0.07148946195327499
-0.12448765256755354
-0.1743790282891684
-0.18879387591198235
-0.21694692003166902
-0.28092539614466694
-0.3143264404439493
-0.2787074519625806
-0.2678965255221756
-0.22529088442454653
-0.15980947176936527
-0.18280543708114383
-0.10913330111257799
-0.06738282522407968
-0.06980369821521061
0.026766027019903618
0.07635528161314513
0.07443706582662307
0.149782127990581
0.14763394392052123
0.1820887069007121
0.2278466785247136
0.29284072439248493
0.35757198812922264
0.2577745298363766
0.2433059078341301
0.21753447203308968
0.16497343611908594
0.11153123788404634
0.06063031250993543
0.021955925401070282
0.014734878024781451
-0.032640910088620786
-0.07218385232230841
-0.09285945197030414
-0.15246668519687334
-0.17369661647372162
-0.24693100270930018
-0.2794302241161945
-0.29861550099956563
-0.3025393771759766
-0.28272182738361684
-0.2422777947234966
-0.21179120398370374
-0.1548352645845749
-0.07839746593918606
-0.04294685718370562
-0.009473373349319577
0.019605917863129874
0.033209243761184795
0.04158858370354087
0.09633205698421328
0.14113560477907117
0.18038696138069973
0.24996243621765155
0.27011222423483544
0.30876746570042984
0.28756719119361085
0.3077119783469611
0.24371716027061047
0.19136212766471244
0.11623109012042801
0.11083517628436602
0.0390553363198284
0.03825431004537079
-0.009481569824173858
-0.06515785771452824
-0.09056725915442931
-0.12907401729463866
-0.16500966539769357
-0.18380628155342768
-0.20975363145750406
-0.27714973584025393
-0.34381910889912026
-0.3101247648186152
-0.2530138869776667
-0.2334380873919019
-0.1513279476434277
-0.11739081612604926
-0.08899137661641106
-0.06970622505514305
-0.008268678600317955
0.030802943314911034
0.0454779752881984
0.09771944596836303
0.13511736981424516
0.18348216398516362
0.2235265244395148
0.2443102911670013
0.32118091702532997
0.31305898628153245
0.29059276912807175
0.26009978370648357
0.20431930292772815
0.13950948601006274
0.12827878224876854
0.07636585246354134
0.021071861928175624
0.029278971926627324
-0.043388094900947576
-0.07438687011075665
-0.12281809497854607
-0.12645701088798383
-0.19775683612274558
-0.23709640338702268
-0.23859452343245538
-0.3340909731724741
-0.341883886053875
-0.24198478849046243
-0.22477658405902115
-0.16449472379929275
-0.15369147136232753
-0.08150727966946107
-0.0871805481078593
-0.02938899852034726
-0.004905501846818601
0.06801560962927897
0.08375051289415175
0.09865924403942625
0.14484659141695425
0.20608152478446565
0.23210511541492945
0.26670006437075683
0.3177971070727901
0.301095241721251
0.23959131379465515
0.20433721912898542
0.16657790995472313
0.12409952597430587
0.09004549273253498
0.03149658059252379
0.024625947512671182
0.008558153398343232
-0.07065782332363799
-0.13111202061677205
-0.14124325728526912
-0.1471133560253946
-0.22927249354080867
-0.22116906354047186
-0.297557619161614
-0.3390724311038619
-0.28576735201812226
-0.25134772444344583
-0.19475912322303338
-0.12899470600923987
-0.09318372277111948
-0.07524464847672044
-0.03311073567065247
-0.04371328648087576
0.014958780380015323
0.07227920187887946
0.07273478690434751
0.15405424223416098
0.18070426934572897
0.2030879434440853
0.29325833833111636
0.33483916275935516
0.28637632397454676
0.270415448948212
0.23476599571698437
0.17826151413168642
0.1620469848573505
0.08890194282856735
0.06978838994223077
0.03436448327620866
-0.0029035026793694805
0.004770355905963933
-0.09017645759531638
-0.09425192645915709
-0.1655288215484701
-0.21470834398864977
-0.24413906860748533
-0.2601012603008221
-0.3196162004961051
-0.30997179356105087
-0.2383473801521889
-0.23599897174649553
-0.20728905071996395
-0.11262205594976893
-0.09047676512971502
-0.04605716428700085
-0.020853424022092466
0.031208488036511037
0.017041505441027876
0.09964433344427154
0.15023806461889844
0.19792772965717118
0.1877808502697292
0.2453181422286314
0.2590285695643953
0.35043499668606337
0.28774977767426857
0.19803589164777946
0.20490008535020088
0.2187459891836961
0.1300626145117239
0.10895786441921981
0.06377033957090542
0.007907747324156927
-0.029778915410312176
-0.08713845726200524
-0.1078746192441646
-0.16310373268150558
-0.17256822162442997
-0.21707436700389304
-0.23872076573769493
-0.3122964524722486
-0.30852828467294957
-0.25204276185076974
-0.25502964160637587
-0.1643571114314768
-0.13236818614358364
-0.14577514957269427
