-0.08084877486433667
-0.028040435610936824
0.04646617967645533
0.1157604037283044
0.2241454303710504
0.3291640590977904
0.3584004487172304
0.41288561079256
0.5002953185752456
0.5324362225051213
0.5776294910167395
0.6386835613216544
0.6034715662400645
0.6540832768210767
0.6369804604147526
0.6455477163164558
0.6364632977532515
0.5776842141316554
0.5806121912567407
0.4948425775148096
0.404072190656338
0.3952340382537428
0.3503350858814944
0.29533313885875867
0.19908664052045622
0.12836786174161133
0.03338139023279103
-0.03718534093133327
-0.09834445840446865
-0.1845928450713279
-0.2741013010256828
-0.36962953472678384
-0.3889623448222889
-0.47898752107923437
-0.5557992582607543
-0.5954626113012869
-0.6124176587968205
-0.65629667419664
-0.5872911310609916
-0.6562063646743879
-0.634892727821504
-0.6039856828826384
-0.5576777346296111
-0.5669233076165687
-0.5335759044855617
-0.4328502527202331
-0.4035106770318777
-0.3133276232841483
-0.2499807200799325
-0.21554400866587595
-0.08745061043926788
-0.03009163121367911
0.03582250453909701
0.13849904079884398
0.2125276981055148
0.2592451882656756
0.3427487458287727
0.423948854173399
0.48022645273961995
0.5005343296048784
0.5554993024118647
0.6271733101603593
0.6247718198710204
0.6471858271491038
0.6386685122886469
0.6167656796546048
0.6518026012653786
0.6080121737788543
0.5580028978427722
0.5320005716901243
0.48326735308964464
0.37211940060821747
0.3395132903330648
0.2691939890332744
0.17339520643493617
0.14811834883705907
0.03445529683567914
-0.0634874256353371
-0.15339444734545366
-0.20349948374374882
-0.2892095201423549
-0.3438218212558324
-0.4037386219081957
-0.44696246363991676
-0.5133938894307866
-0.5943420640415313
-0.6051937829165426
-0.6063138597063484
-0.630114105437964
-0.6382795484278341
-0.609977124524763
-0.6445676907618653
-0.5958573268083698
-0.5901252051354664
-0.5250093147355734
-0.43719284555779814
-0.40736840517599177
-0.3569740285808922
-0.23645859556506504
-0.1353691885753095
-0.11430875993979632
-0.04017898163945197
0.06010001444921386
0.14088150603312127
0.19140779179340778
0.2953002862111967
0.30744031710327246
0.41050939717409457
0.4653628627010968
0.5148302034491299
0.5670499003033419
0.619181325288291
0.6325513060448873
0.6345298691634654
0.6271033415963932
0.5937326495768703
0.6212033192048686
0.6069805952248528
0.5534533059230453
0.5255260444792661
0.46873377051605575
0.4098828440870932
0.3468236434866537
0.2969842902463769
0.19569078925520644
0.1660751604962929
0.056160315649346586
-0.039601657725818015
-0.09483250807663457
-0.19998745327875803
-0.2725573282893008
-0.33283372508878667
-0.36222120901984833
-0.4454754711550564
-0.5289915673886748
-0.5472905521280155
-0.6135664405473716
-0.6470042705892037
-0.6586269783611712
-0.5763176826041149
-0.6417895565505288
-0.6329763701153308
-0.610521038725425
-0.5650887395217737
-0.5486224855549366
-0.4826583921318728
-0.3950115558855974
-0.35457604499764867
-0.2711469275104778
-0.20173129155464223
-0.142496597231998
-0.05074191829784213
0.06132743865298651
0.07816475090468102
0.19753372500498445
0.314894611930931
0.3202410611163586
0.4171961121694985
0.42125623425056996
0.5045703215969632
0.5454256044462682
0.6100419891640251
0.5963690939695973
0.6325274054072145
0.6558182371005116
0.6375109257139321
0.6159723772193213
0.6338029422417232
0.5602972472252918
0.5687680114247153
0.45512504543882
0.4138397858125536
0.3542659071868159
0.2699909316163952
0.2134754469419173
0.135450295316834
0.058151824385116034
-0.016534181230769246
-0.10459131509123236
-0.18862972022067598
-0.26571964482032623
-0.30679683290946635
-0.39847740723524777
-0.4662213967439739
-0.4835065245500509
-0.5695083625347085
-0.6357596210518581
-0.6438164325827603
-0.642462252229572
-0.6258352525625492
-0.6229933011449209
-0.6586967791477908
-0.6276061051536741
-0.5702087418229077
-0.5021377554236524
-0.502384918340487
-0.37752274165275923
-0.34792551282752565
-0.3038946810771887
-0.19382745497443846
-0.1691425913575432
-0.0812690188213115
0.005017113289329855
0.11117173865394377
0.15639796096107156
0.2350653613552222
0.33271200929443395
0.39668485998949055
0.4416648269116265
0.49564461094272166
0.5519780595398535
0.5941327932825006
0.6070498899181299
0.6156881256623641
0.6237772079961887
0.5947965354112008
0.6541291366742362
0.6248095077039598
0.5717909997312327
0.5437490719839565
0.49115310679545005
0.43415190197170117
0.34867852688095985
0.2673692450067138
0.2476355359748089
0.15176624080809617
0.04698960357633025
-0.010525926642773168
-0.12793610115334833
-0.21982749238653135
-0.2385965378925478
-0.31325629046789216
-0.37980216086333785
-0.4676802932745475
-0.5089157980947848
-0.5351296918423117
-0.5871362074046323
-0.6401623425504783
-0.6562175785145368
-0.6382029488857703
-0.6526079449847586
-0.637015045688317
-0.5855832076146246
-0.5932972217704403
-0.5340547008581826
-0.47791209562145365
-0.4413826174506884
-0.3634952486206496
-0.3122838786641956
-0.22563474153795648
-0.12185506444458694
-0.059573939220419786
0.030417797845675387
0.08126527093339092
0.16502293137802676
0.2058623454383277
