-0.15362859221556535
-0.1468293618476828
-0.13959288939158884
-0.09447608753615952
-0.10692216818113955
-0.11625542587830008
-0.05261325411659798
-0.07961958109972778
-0.0751136972946007
-0.02225995496722448
0.02058993801646305
-0.02218010549252871
0.02563186715228888
0.0164572779131302
0.04732097496728688
0.083599432578668
0.058746154621260406
0.06403119501687322
0.13907029151515848
0.11760901435634158
0.14676157432285625
0.15461904005718372
0.18651263642669527
0.1512610329619137
0.19929509847391355
0.19270340923439078
0.2519581002577606
0.26391304561827966
0.2590845961964316
0.2697275167326006
0.2873110022702219
0.29883647288933424
0.32665256120689556
0.3590608572545471
0.3556643439151811
0.377222813608195
0.3827487661527261
0.42548168721956814
0.4228774479251769
0.4606552313873638
0.432484533404604
0.4249878305454795
0.4814160499265451
0.4666232993403593
0.5025669585689593
-0.515207340434551
-0.4552579966700393
-0.4893214054228612
-0.4598413381414402
-0.446171141663182
-0.42697539300787113
-0.39302491878313905
-0.40470094842627186
-0.36609023084028464
-0.3816037106706264
-0.34695380697884354
-0.38598597441380605
-0.37527775785057527
-0.3259396301900391
-0.33674746749248274
-0.28640547119443616
-0.24312221411138693
-0.2591707650898436
-0.2255419975183736
-0.2285946938861906
-0.2108422478216783
-0.21636785062089708
-0.15284451830346016
-0.17494645418227597
-0.14338988804441893
-0.14292926274231366
-0.11088937945173703
-0.10415309094723109
-0.054861707959174597
-0.07151570513841635
-0.06413241338441242
-0.04260529170074404
0.007631067026123317
-0.00680196942276225
0.03469048364615439
0.01161510885187559
0.00442633246891911
0.010713792359694989
0.06721591403934464
0.09385609807288456
0.11292447832595154
0.0946780861543382
0.15835883186023522
0.14948910027713247
0.15728393451878322
0.16303314107502492
0.21521511484458866
0.19728337224939263
0.25238486043100794
0.2553326260721871
0.2689941321193784
0.2660574920045357
0.27140397373269043
0.31146921912810555
0.31330175634404867
0.32726105684706847
0.2941640910313075
0.33638088237385494
0.3534063601111491
0.41871109544225144
0.4210472598895813
0.42667499964084143
0.4584990976373822
0.49678474799668443
0.48562074052271037
0.5052319735500451
0.49162450286451276
-0.5199900416453312
-0.4843703013792986
-0.487650898899141
-0.498400122013688
-0.4590561705893658
-0.4240610689099465
-0.4062054077516894
-0.4236324754649815
-0.3878476527632743
-0.38413299114619304
-0.3738487606378941
-0.33829602446956675
-0.3428823185258839
-0.32958205855883227
-0.31044987299427124
-0.3052717309938578
-0.28010398078371207
-0.2851034177050922
-0.23770721548936571
-0.2061184638996638
-0.2076258767423976
-0.1720241740321954
-0.14692681055061899
-0.11720470679563577
-0.1295358716222434
-0.1196964666082689
-0.11810714626640655
-0.10966230372593225
-0.077941364059833
-0.06997385673271944
-0.03209910011613584
-0.037629856529990596
-0.004788053274358153
0.03340869765813065
0.02271915455159637
-0.0030005964811123317
0.047715555507208254
0.032197113105192264
0.06124497163323408
0.11016379417024671
0.14484596096352903
0.10650465945740009
0.1406149172979101
0.13924185208269899
0.16854036695119057
0.18164583493560607
0.2008475107428369
0.23344654594484582
0.2725130313186087
0.2323294759940736
0.26237042509296604
0.279604704062794
0.26813113238388336
0.29546524106298583
0.3318856862124649
0.36135796608919357
0.3454872249266095
0.3625170580098807
0.38772090355431854
0.4104996767747311
0.4291053003117396
0.4084164677922346
0.47614544222866595
0.48666185883845575
0.46105305652845463
0.4798968929381896
0.5053791479061458
-0.4662558305842039
-0.4851840839703575
-0.457975400431124
-0.48512544657650214
-0.4501188508431542
-0.45549918136650536
-0.448781462003927
-0.3884291507848522
-0.40215003380495734
-0.34797930584252557
-0.37517593767734025
-0.3126731121864088
-0.3447291172175553
-0.371347325421043
-0.3017613514693555
-0.28990779718319704
-0.2619699868781471
-0.2467262148568431
-0.2294155795967865
-0.2074581098219621
-0.1572245444223091
-0.14953834137253813
-0.12880950832726967
-0.14377867228740915
-0.17446296793532443
-0.10479827606215411
-0.11478007467015715
-0.07726316925869212
-0.08268595411651346
-0.05246360882994397
-0.06718508712870189
-0.03824951712133099
-0.03726486129259504
-0.015714184379669448
0.0016640201947504991
0.023003824036354266
0.05589473609952189
0.07148967272250072
0.09301090865433305
0.07014952039606352
0.09022312170174973
0.15751897265551837
0.13773954808996813
0.15408277077447305
0.1708427768215868
0.16983904874970768
0.19091852061900638
0.22940667675937787
0.19736967305160005
0.2398201344580374
0.23249543734828998
0.27077183855016446
0.3007156133367517
0.3175437439728205
0.3469121932514565
0.33457339928091434
0.33622281444947855
0.3559153448966167
0.41576740371444365
0.4352348490380355
0.4388588830607183
0.4024349452619149
0.40962310482145753
0.47386231080585794
0.4605936248224633
0.4951001193796158
0.4740029442304643
-0.49927132965043897
-0.48062879826647786
-0.4834221596045502
-0.5043047991385042
-0.4519913692717214
-0.4489758560552575
-0.401008571815372
-0.4085396577246172
-0.3712209293992406
-0.40604038931357417
