0.3787511481615974
0.39732460468735
0.4273815161394934
0.462259172302425
0.5107587470272124
0.5484941306069292
0.5617546788818935
0.5639849445465841
0.4945961676931063
0.49980582131710993
0.4733887208428016
0.3904772616134102
0.3962459979995012
0.33769154598293954
0.32769694069711625
0.284584045056861
0.2747419055094275
0.19326746477290094
0.18921586638786086
0.114645649302458
0.1094315788432036
0.06329257006591452
0.022388526843166022
-0.008221580913322913
-0.0374434103967355
-0.07086364563945009
-0.09136031339514124
-0.1745708284631935
-0.161859022839096
-0.176271582505287
-0.2600205491149267
-0.26837727447397763
-0.2968638535249428
-0.3420443350652217
-0.39832491081627897
-0.41785420821540237
-0.4559457152778289
-0.4487338431428936
-0.5318661437711306
-0.5656779690365444
-0.6029185589858894
-0.5407196677910239
-0.5009663871194212
-0.45325867974073175
-0.4133285520132826
-0.4090797783544055
-0.3705784494549231
-0.309603549953204
-0.32509336606948364
-0.28438924691825024
-0.25423432130322765
-0.19930165824774493
-0.1475218464897633
-0.13455162929145242
-0.07536332306176895
-0.052558965677509235
0.009512646378540466
0.013682528144470001
0.07972352058051278
0.06926061328100021
0.07629352896613535
0.16912838839856892
0.16379629813966531
0.20636316114815806
0.2678115499334276
0.2780437727912744
0.2907410107696061
0.32816744231718625
0.3856494226947776
0.43370576513317793
0.48330345726471097
0.49569423407075364
0.5285356390811701
0.5670488545562187
0.5759653678613342
0.5117695377041688
0.46903588915498645
0.41156241318667525
0.4070346305030406
0.3880884935578432
0.3714623210343776
0.2746384319747413
0.2763489996547204
0.2575389204115591
0.23823265234510915
0.14995447385592908
0.13991271706824387
0.09102225593753539
0.09100000368062375
0.04077288594446827
-0.008939787566536982
-0.029486284396791244
-0.09702927380633529
-0.11162139808241853
-0.13142395758536723
-0.16979604134873705
-0.17681030729047406
-0.25696816917543286
-0.31391261960016936
-0.31122331336388953
-0.31149288523924495
-0.3559969386271262
-0.4392301588875996
-0.43113427643531266
-0.4845927368196661
-0.5423066808351129
-0.5728223543562942
-0.5837016208695925
-0.5329192382083997
-0.5310272132118478
-0.45186966370756876
-0.4107014536049856
-0.3940783045033847
-0.35930606467814813
-0.3287192860029941
-0.297573437384703
-0.28806792831525974
-0.20232219831956652
-0.14385407611425433
-0.12469412904611035
-0.14266681449074492
-0.0631652710724583
-0.054218944060676545
-0.011092240061652443
0.021143080265388147
0.08216694274389681
0.06173079147092331
0.11460851119879303
0.12659201132769304
0.19513830454706071
0.23399722859439645
0.26254360650734626
0.31047233857134554
0.34483845559611903
0.40062573536356216
0.3772630510748305
0.45660371730399435
0.4695314890410415
0.4651073413388216
0.547087936204662
0.5639624645871532
0.5672805906426822
0.5154291412058432
0.47571096620221504
0.40912178531689
0.4467869381358722
0.4010143004316337
0.32482520014970573
0.3174728296801198
0.2636909134966536
0.22725493975094505
0.18476970493390565
0.17655237735654267
0.14483300625345924
0.11861388719180585
0.03448323861025701
0.04841303620957421
0.025520024946238687
-0.0677094821221794
-0.0637789356785447
-0.12234236969325586
-0.11949860471078702
-0.18996743636386754
-0.2128871686087078
-0.24489655608684835
-0.25076286707472956
-0.29742360384851363
-0.33521500582154085
-0.36783544374670396
-0.43286786843617026
-0.4579707921548741
-0.47889702210922014
-0.5214101483414785
-0.5622716302382738
-0.5503833746457194
-0.534211407218976
-0.4675269796521275
-0.4465747934557387
-0.4487933123494188
-0.38544747495318693
-0.3831893985835504
-0.34325976603704733
-0.26015574474068676
-0.23231105411751324
-0.23300972242786797
-0.20698544917854542
-0.15267693843911295
-0.10509683979702054
-0.08085302795167519
-0.06591205574470302
-0.0187566849126544
0.025786309545333855
0.05115367681078406
0.09277799647671063
0.11611072995724632
0.16367813365868739
0.1764004244306145
0.21587596660232422
0.22869530574398517
0.2937741237582589
0.31677351267344617
0.36613325845006317
0.3984275946946425
0.4684144005674339
0.43208486592443984
0.5262738550997864
0.539992429369678
0.5784326800576666
0.5407554192972316
0.5239969898548699
0.49253096571147026
0.4403910022962258
0.40113344826240455
0.37440635971850045
0.37212644357466224
0.27432393530028787
0.3011348898473791
0.2354365751448527
0.19102765308559666
0.23092042177611916
0.14684492497869173
0.0997205646346435
0.044573855000894835
0.022190188616355883
-0.0311379214610147
-0.061202974697008604
-0.06568084195959947
-0.10491728603109506
-0.15393076462256688
-0.15886073276517068
-0.2422005006354342
-0.2391763734198795
-0.28938524477829763
-0.316040160936961
-0.3077306314805326
-0.4047563245828264
-0.4447090738529409
-0.4919597016191828
-0.5049603585907437
-0.4918900769016706
-0.5772094754382726
-0.5670300575661186
-0.5331851666301931
-0.5233984086702075
-0.4683026022239248
-0.42221910565004533
-0.3908142886991006
-0.3717885310795187
-0.33738871221745825
-0.27577646654598315
-0.23427462840793598
-0.20445845129715517
-0.20682162670792098
-0.12002625678713473
-0.1429486855193945
-0.09052308899467255
