0.16777837981429328
0.22004913504429843
0.23527034106118191
0.26385124262178045
0.2840169026089961
0.3414733839957033
0.3413048585920965
0.37657847951282664
0.40837984357347334
0.46392754230412253
0.44374541480129326
0.4644710119606178
0.4752171623860748
0.517084263808041
0.5173328335916689
0.5747891455878431
0.6187576755226647
0.6144778164446928
0.661262569259552
0.6990954169893783
0.7182244092179192
0.7352436344193282
0.7991496951432386
0.7827226273996924
0.838366346106806
0.8458966514082918
0.8567691197518394
0.9267094971628048
-0.8793725562972833
-0.8855629700774246
-0.8610257416430196
-0.8178292824753006
-0.7884602824912605
-0.7788592322260703
-0.7521959435266394
-0.7224078928755481
-0.6925884081870232
-0.6833272955035216
-0.6124309479113117
-0.5522943352292277
-0.5675443554900303
-0.5436658821323553
-0.5260087627790779
-0.49630961688045594
-0.46514466931654674
-0.4228669060078522
-0.41732923500587693
-0.40617920307679634
-0.3380851528655855
-0.32125146004466837
-0.2835667766863557
-0.21725279417899876
-0.23739976820353534
-0.2050091077561642
-0.18184668372487547
-0.15184860373481146
-0.12327882863141752
-0.08235239186111575
-0.06250894854429173
-0.04950993459792395
-0.031096086602403396
-0.01437933253557651
0.00695766986658853
0.07108613185586043
0.09588460241183051
0.11897004620854913
0.16414539496571973
0.2099349102056867
0.21947127200234698
0.23975908877949867
0.25332292951250507
0.2731824677012257
0.31444045253264313
0.35466746483594963
0.37021516884636496
0.35795303980691134
0.41846428231395916
0.4286429797955871
0.5142775092307871
0.5080584194120169
0.5115013724366962
0.5717537561690418
0.5856654796246181
0.5862034102931573
0.6459625104880784
0.7096430315365062
0.6991267503954842
0.7352172757366326
0.7558178075120241
0.7743516389813133
0.7782833167329868
0.8461561477879168
0.879965733778659
0.8379133852060616
0.9040233719247442
-0.8994454025056245
-0.8744395015911058
-0.8542804808474447
-0.7864123687349867
-0.7669127178579532
-0.7450534997343403
-0.6864224135920348
-0.6932013611603087
-0.6659280500861061
-0.6448950716087705
-0.6195469499898568
-0.5742825747453464
-0.5523971822964033
-0.5030663921147117
-0.47978092742343936
-0.4801243622147992
-0.4397874160269918
-0.4067295058011359
-0.3720856701586011
-0.3971778480893812
-0.3465447867566045
-0.30545202099828056
-0.2803780449340178
-0.26904888312280795
-0.25438498339331156
-0.19918098565779604
-0.18549276459120065
-0.13617618812083465
-0.13245128337886236
-0.09664527339052015
-0.0741750691582671
-0.013627327045097844
-0.006201906817605224
0.04769514470780106
0.03509671832068426
0.07255872051586261
0.04506999685284003
0.09639577799692807
0.16935166145541497
0.17598923129442157
0.22508050376612618
0.1921984311673222
0.24432615360709756
0.26541908862162616
0.3001131433785382
0.33265345542787234
0.34717498747486714
0.4001141943214952
0.4404336950126566
0.4554557317079151
0.4619387552993705
0.49681733745850737
0.5240025390333376
0.5662982932938189
0.5983127023766647
0.606042187781714
0.6385012477779554
0.6907939144078499
0.7026185887187615
0.7495297664275622
0.7304470891736243
0.7826506256391955
0.8370951978968407
0.8232641215562806
0.8729436132310896
0.8762965758202859
-0.8927775582489185
-0.9110290347147599
-0.85651998912823
-0.849025971035463
-0.7809516410107781
-0.8049708398390985
-0.7742978296467959
-0.7284566698534354
-0.698301212312767
-0.6444610585027113
-0.6354884467995697
-0.6186956852995914
-0.5870989503619524
-0.5610649158610206
-0.5089479603166662
-0.5081514813551341
-0.4691468260136442
-0.42979740646937004
-0.4344145097357776
-0.39898209629046016
-0.36811272949876506
-0.3255830445341397
-0.29248981387786166
-0.3072072449051049
-0.21709020701713483
-0.25092987650678966
-0.217648052663384
-0.16604169293813112
-0.1304329248879658
-0.09228517115013944
-0.09060192138886258
-0.028962042929889326
-0.03129810502818936
0.0036292787199269805
0.015219674162955818
0.03660269031654008
0.08981588924816208
0.10468732377659586
0.13472707679785492
0.1552485586744277
0.17950837708064282
0.23020991540477947
0.25487755883800944
0.24991011422519424
0.2768218452177049
0.29617299470448155
0.3723605500404775
0.3620228316546932
0.37895292086600235
0.44906068910746033
0.4645978812142057
0.514294624455441
0.5237090190897394
0.5456347447703737
0.5332892739248323
0.5652306164074885
0.6262645873411828
0.6559915625896969
0.707104675433812
0.7217076259237617
0.7426952059891581
0.7384458908679892
0.7851830473366972
0.8164885266440909
0.8463333391158226
0.8656791873598817
0.8943730971702342
-0.9202117749029419
-0.8928872744472166
-0.8282005850307003
-0.826642417264787
-0.7915155276164395
-0.7888761168898162
-0.706871874401973
-0.6984705404770317
-0.685248877254188
-0.6457316787034074
-0.6305462994964735
-0.6174844343110429
-0.5552400986558044
-0.5321551352155954
-0.522750750018131
-0.4860280760231268
-0.4489855973592451
-0.4256071981254352
-0.4181357942615753
-0.3922820825668638
-0.37870158257759573
-0.33340633830510247
-0.2894742462729373
-0.29097981291158
-0.2587124043383984
-0.20933293546475343
-0.2087626594938652
-0.19780736406418398
