0.4039551969119639
0.3584315764875289
0.3566214245065218
0.34535169180946473
0.37716514252387473
0.3652791500661775
0.3663513721186322
0.346316568840558
0.3359073491641078
0.36473173541407505
0.3581117527010128
0.37016466247377366
0.37138934255988093
0.3480507752504449
0.41065473859897855
0.36729494379963956
0.3625929126816123
0.35862108928905667
0.3579101535678104
0.32781439104613563
0.3459135296932805
0.35845934667217977
0.3893868627387607
0.36948726940301047
0.3670317815324572
0.3280227407062706
0.34224799099019043
0.37112566903901806
0.359378561136019
0.4009012448424778
0.35365885188960816
0.3534110121079875
0.337704070682578
0.3378223557290741
0.33883758217587906
0.40362307316408613
0.41750789238650493
0.41427496679114795
0.3687811033487747
0.37876208452086646
0.3390975227006794
0.39655180168434423
0.40191177167561826
0.37947928786451
0.38680183670356405
0.3350843033606682
0.33274591559539907
0.3814240494379046
0.33941071902803616
0.36967022088430174
0.38387115514065645
-0.3802853855382638
-0.37413737084032933
-0.3671824059692283
-0.38230957201654986
-0.37722440359643916
-0.37672443861898763
-0.3700555966310612
-0.38427295484603585
-0.3782995431349168
-0.3721559025379112
-0.3753013096356841
-0.3718512277374047
-0.34073260577118647
-0.36281729817681907
-0.39416063770379484
-0.35464962953711965
-0.3647697075398666
-0.36649679333574103
-0.35308318537562977
-0.36174774507857455
-0.4083916425460068
-0.3645605595489709
-0.37369879398311695
-0.35918311596818175
-0.361880259614037
-0.3761550630124959
-0.3567519919722485
-0.38656406495284323
-0.3801283861911625
-0.3778886219259002
-0.3813038756846278
-0.3460601067754973
-0.3342329600785343
-0.38437605184289364
-0.3663099160121669
-0.3567580987027921
-0.36096089148305144
-0.38491630669377147
-0.37289558126626515
-0.3924750984405144
-0.38169952865601786
-0.3241624696822268
-0.36869113565072337
-0.40358304592483923
-0.391367581520367
-0.33200159328906304
-0.3843044041007084
-0.40176508950441203
-0.3564226986025026
-0.3669841293758067
0.3927408878575176
0.36626998638679104
0.3545615140606314
0.376587822244771
0.35198306032343657
0.3686062898736992
0.3776507838279663
0.3855044607677647
0.40823980708491825
0.34606862775619696
0.35624543331122965
0.3804888640900644
0.3839452565731468
0.38100375047399054
0.37493182117628104
0.38826408297986814
0.3718336970165556
0.34061098028305636
0.33618210917369507
0.3819178840047664
0.3957231370326342
0.3612286207749072
0.38829875933404795
0.3623220577346193
0.38066621143717005
0.38843276326131676
0.39332959977117693
0.3689990864569028
0.36776176596823407
0.342968302285442
0.3358682452370812
0.37854124289886254
0.35466705739657484
0.3915531055973305
0.37723656158934116
0.37470083664981174
0.41086889870199994
0.35005422290950505
0.3546526161209774
0.42308808986539526
0.3837477787006831
0.34010374600130344
0.3761996697131065
0.37987405780498107
0.3875670359391836
0.3377572029358633
0.34784948694271217
0.3828053900326128
0.36738835662084834
0.3846403443929519
-0.4118003864868943
-0.35502894722537204
-0.3581162697145025
-0.40083337468185537
-0.3872480997747173
-0.3538517941094999
-0.3475289112252484
-0.37666952066067844
-0.363350221134124
-0.36280730926254234
-0.40113952214728354
-0.39622554911699565
-0.37119696447782624
-0.3830900803721601
-0.3617951883126789
-0.36667480330700075
-0.35950967913133497
-0.3860409126800251
-0.39674348952129307
-0.3989678469709885
-0.3720515061788485
-0.36375859423608303
-0.3560727985622142
-0.39852873847597037
-0.34535243742478333
-0.38832285225102703
-0.36432367013934946
-0.39859109185227215
-0.3524091497096782
-0.3663683533507366
-0.38751340020872027
-0.3592738992836378
-0.34913422416780576
-0.36649233199463443
-0.37772093494940423
-0.34863811443795034
-0.39014869847843614
-0.3645897020533914
-0.3560799859846686
-0.37097206994862286
-0.31490925539151454
-0.40627400622129856
-0.382512372605351
-0.36395067853378127
-0.3511693507904585
-0.39112420668904285
-0.357384963726551
-0.381813171424828
-0.3542575014852426
-0.36887897882744
0.3509599628695467
0.3707773684365624
0.35775496523980127
0.417054843482858
0.38210870918093914
0.3834746533922958
0.3650813801021769
0.3582264737112705
0.3986783810628182
0.3733504955355222
0.38024357578865603
0.38723684018517895
0.411897105987197
0.3604291609883474
0.41079481574333676
0.3659940351592765
0.32693393534362025
0.3890623600756648
0.35931878460715483
0.3469263333068755
0.38793049344911257
0.36423226901178474
0.39004520825851363
0.3813263178325749
0.3509981810535213
0.3371872558724806
0.35277713351027373
0.38282307189371845
0.4047402777548043
0.3921084922351871
0.38795487341768276
0.39589455765106
0.36612473152575703
0.3648092690913128
0.34819610745101415
0.37218403465245975
0.36875520398216927
0.376646663506466
0.34519593083036443
0.3831909251101166
0.41582394006741374
0.35358958323148343
0.3776927251609641
0.35281071577165024
0.3559668687068487
0.34920751479738527
0.3295830958464865
0.3896844419202399
0.37442432441813345
0.3407944279193294
-0.3946620961252855
-0.3711168799063658
-0.4142283488785708
-0.35416113348816436
-0.36906879086546596
