-0.1531722887184276
-0.1463142503392798
-0.0997862258540147
-0.07962783974161405
-0.07384349803107099
-0.04113992729414116
-0.008685741461551879
0.011975885603183349
0.027263431408298514
0.06283761352508568
0.07062414152032448
0.08502518238205345
0.12631635496964266
0.11857596727277149
0.1599188011942143
0.17910395324034756
0.19813279226520256
0.21457286679130153
0.2407352350827352
0.27211852112618856
0.30336952419557783
0.3357129018413818
0.3372495239967095
0.34024204007036124
-0.3385823898302028
-0.31448972724994434
-0.283950117216781
-0.25824262665156994
-0.26917528298918714
-0.26135975990925897
-0.2385839996894107
-0.1650017458690694
-0.18526333626603905
-0.1687819097761778
-0.13354445616264507
-0.11522351244487869
-0.13305575739924844
-0.06677590690671278
-0.0751271309288887
-0.03204197760249991
0.011691247179460287
0.019177886146366247
0.05406958247407629
0.05217676193326311
0.10013893862810493
0.12905851317632056
0.08524465961001906
0.12778315396293527
0.1737024254427117
0.2070413262399835
0.21923723938043763
0.24039104493100474
0.26477566180858186
0.29373014642524464
0.28910422638242633
0.26613024004399227
0.320422926248082
-0.4102937610090707
-0.31011181604580296
-0.3207166300963948
-0.2556197348270881
-0.2781529032980297
-0.2117331222090736
-0.25881325483413875
-0.17734813105231048
-0.13544957040950611
-0.15418710293524457
-0.13980372110459127
-0.1270716476880153
-0.13385586471365837
-0.013849859901258935
-0.06536240641098115
-0.02798616275336569
0.03144822346679481
0.0019791207133489017
0.03488134730302152
0.06943696023759707
0.08806106614297728
0.0988064223817305
0.12577385030316907
0.11551536578107613
0.15929967781453266
0.1742628341767155
0.17362697272627883
0.2122828554545911
0.2246793322654612
0.23991128473708928
0.2895323716174796
0.30987563313518235
0.33608400802451366
0.37603013312922995
-0.35511297288620197
-0.33254797749879983
-0.32334657226497815
-0.23771283536076307
-0.2474327885243021
-0.24151129105571945
-0.21284920443590832
-0.23092107454005312
-0.16053006688479782
-0.16844566913842604
-0.1308715627243798
-0.05475291406786075
-0.11824488278446832
-0.06492371963145525
-0.0024310578249978412
-0.010335967418509803
-0.009600447968164963
0.028480233310317064
0.07430212299851986
0.053574365718612224
0.09985789913751388
0.13041369056994473
0.12520923791043578
0.15822768135093754
0.17734933308383327
0.21265609494759957
0.21782677517582258
0.25899981788930926
0.2603332506953302
0.2622193256208908
0.2861584628497348
0.3052556400017734
0.30857911529347476
-0.3217099207347621
-0.3140616372168398
-0.36014064564168907
-0.2682954767608752
-0.2793780743782467
-0.2425694506624619
-0.24869698897543496
-0.2128885112513333
-0.20576222572464253
-0.15946572518338076
-0.1685739738200308
-0.0844201801819254
-0.08617775612728175
-0.10381673226224616
-0.032327356376439825
-0.04164014030634301
-0.008800081658199529
0.023203824000013223
-0.0018908240826201739
0.06308797498797465
0.08326982086518851
0.09291169505443536
0.1200855662552157
0.13444889555609782
0.1746014206421472
0.1699895251673206
0.21560959796472898
0.20518279181757576
0.2398989806884586
0.2482741922612288
0.347955056776158
0.333071455692569
0.3677086372836345
0.3111444235771275
-0.3230967748007971
-0.32717405017165235
-0.27074318875161674
-0.2945035917516056
-0.2283751247953091
-0.23515524974538732
-0.20868172200793259
-0.20856278062155292
-0.1693255403714463
-0.13305945156605656
-0.14672143146307046
-0.07026305124374445
-0.10306726273129121
-0.08987533719463117
-0.023906661407868887
-0.03241678009373547
-0.020033735135481946
0.022713123812846542
0.049534487163761846
0.050568420490436264
0.08945088687013503
0.10667660502941208
0.13347706104479737
0.16599722810189338
0.19219953367188664
0.17367739670917745
0.23225507890525693
0.21832145894028693
0.25422365654702334
0.31849532192462915
0.29738556504574404
0.2914310294427473
0.3603846093410538
-0.35674049529213897
-0.3150508635007244
-0.30371084349301763
-0.31759814627520444
-0.2363874169559474
-0.26580897708725515
-0.21564681147343384
-0.18780922017941262
-0.21182490814459887
-0.1864280195803556
-0.13209448310574334
-0.12476988705536186
-0.10204195673867204
-0.052713107176428395
-0.04971386647186278
-0.00042323805439359666
-0.019813631505065342
0.03303388960677895
0.040226117952930344
0.08088740500161838
0.059872860501614625
0.0916353134629204
0.08789609974995141
0.14480868578358455
0.14594592046311203
0.1880694321636784
0.22589881713407603
0.22189852373503532
0.2271034859324917
0.27943698902132424
0.2702838977654811
0.3011166534030526
0.32763562741244834
-0.38241112441093
-0.33813266167117045
-0.3060509719789424
-0.3321785884467056
-0.26199036473434445
-0.2543660108884787
-0.27350185947874195
-0.1794686881341977
-0.17314766136503967
-0.17488769479141328
-0.1306164603583864
-0.10804410224920663
-0.08959158598403005
-0.10483615256624307
-0.08358049789718018
-0.043877181549587516
0.0053184832422086895
0.0017893294848919166
0.04211918934485873
0.05391203826278439
0.09146339058000928
0.09204279675228147
0.11653877967635828
0.13853507065608262
0.19252548605901523
0.185742393092785
0.14552047074368585
0.22127232313719145
0.25268181322805544
0.2612673386848853
0.30157652312307914
0.3095512957369031
