0.2484165079497479
0.25495729211558377
0.253997237949043
0.15702473007640605
0.16133409560508438
0.10314526015611683
0.09687439487234983
0.09333008298715222
0.02209334467115509
0.033146304906806125
-0.05265237077254126
-0.02004591836325292
-0.09263604825325383
-0.10090160511037054
-0.12885956594353826
-0.20000354611659024
-0.19822723374271534
-0.22862121296778543
-0.27004798833913074
-0.301652831761701
-0.300930970509696
-0.3168881777516692
-0.3331511925722993
-0.361061256162612
-0.3719549482884831
-0.4201049457489652
-0.4077001099636766
-0.4445462398580636
-0.42520775356379886
-0.43653674008569393
-0.48357428325867563
-0.4460712810944509
-0.44963550706624034
-0.4791315336256531
-0.5140651277409864
-0.4526388775126551
-0.48682732442960786
-0.4522398685003722
-0.4626847491243086
-0.48468467870829024
-0.41394435011291364
-0.44362155019365457
-0.37635138137626517
-0.43156127912180275
-0.38332683057847505
-0.336005056819336
-0.3603622584251516
-0.3555040485657102
-0.3322549234272803
-0.3016917025903944
-0.296266326450321
-0.2505655168552076
-0.23452181503743638
-0.19925771704354545
-0.15216546672830014
-0.1206299212766326
-0.08495196031831735
-0.07818797297101879
-0.045998307357114895
-0.003103957776147217
0.0069548539578031775
0.01132533259878235
0.1062423493445464
0.12458331604799937
0.1706430042471046
0.16553449114903146
0.1915950077288999
0.16466116212864487
0.21688494532206207
0.2582048009355978
0.31132504320476573
0.32469027390922595
0.3057678590446225
0.3400296045219848
0.36202765642009366
0.3929098454542518
0.3935850215240841
0.3949190291809037
0.445140879393389
0.4548783753366521
0.44779147037468364
0.4780097737662125
0.5002318829310914
0.49427553201588853
0.48162819335118917
0.46718078028435855
0.49798490043392624
0.4754828972276563
0.4891049533160321
0.46804977807480064
0.4576506180633469
0.46908292760173553
0.4104003955058556
0.4239791468244002
0.3782072752507959
0.3717477795215584
0.34284001312344775
0.3428807832459496
0.30484982213533596
0.29621543442398607
0.2733694910832177
0.2131407365964228
0.2062109227604429
0.20422353940216353
0.1580342682403367
0.14622703514868807
0.0721754351652525
0.06370568282557108
0.05237619486219867
0.03574386139198922
0.02064549057098891
-0.030210312131004537
-0.08743477996498705
-0.11653973872381808
-0.11781238361292365
-0.17846885698009046
-0.19480334504409988
-0.19696786125706062
-0.2598314062990594
-0.2714312480511711
-0.27719754219101744
-0.335100272253149
-0.31674097629842124
-0.3385884624803349
-0.3628814544067398
-0.3674685830652611
-0.40079628979050547
-0.4400819451259324
-0.4319506516513646
-0.46489865209303194
-0.45504165756651255
-0.45630823338715215
-0.46506617207262635
-0.46152953307962535
-0.4910674088862931
-0.47425980878994
-0.4718925599817374
-0.47824264344492373
-0.47314381387568827
-0.4877290575017265
-0.4567107372695452
-0.4472253782270296
-0.4436983667049779
-0.44632331800854774
-0.37439667441765934
-0.36809428912832354
-0.3441346399974234
-0.35518525338749124
-0.34424004569410466
-0.30861368354985075
-0.24841863592676125
-0.23590828809636574
-0.22782738113273904
-0.19014027619552118
-0.17167536055017443
-0.14165428235488509
-0.06578221411160241
-0.11329407071657253
-0.029572201682907258
-0.01669300951179504
0.025973787749608308
0.07751022915122782
0.07307373813265362
0.10824784864678237
0.11733922778384351
0.15570669098612094
0.17268387499833832
0.2034914134300247
0.2297804704540455
0.2835432775632538
0.2845983460140245
0.33784338749998744
0.3427725532156765
0.34389448677982704
0.4120090517261434
0.3999116782186864
0.3896435770898566
0.43372799574198917
0.39646579850720837
0.449941881050799
0.48218980546540613
0.46302570917855534
0.48639970016662804
0.48448543237346775
0.480044327533773
0.47527052047876656
0.5025559672347302
0.4613282023412577
0.47681561204028666
0.44530318489112286
0.43252250545419324
0.4431826498104182
0.40812484009030164
0.42746684187368794
0.4254789017852558
0.3410732454277116
0.41193339121368083
0.33825739708738806
0.328576856791502
0.2928494086372421
0.2788560510252062
0.27553273678266194
0.22756235338198788
0.2415748757723683
0.13590294304576211
0.13307638619505785
0.09018967330854695
0.10678386152750258
0.04990969069043119
0.0020886808426002906
0.022744269402815955
-0.0379639005716808
-0.06876982874591736
-0.09722908652927864
-0.15447707181461343
-0.12657537742674813
-0.15125578703470763
-0.21041375238650156
-0.2247107376505023
-0.27204503960531906
-0.28915313342235444
-0.3260397389286771
-0.3050165851201768
-0.3743586612010176
-0.3904802646219283
-0.36317472876065554
-0.4155856308611856
-0.48258459522034536
-0.44921831212915886
-0.43848524656918714
-0.456427769972459
-0.44395885892944914
-0.5130607234014746
-0.4915726289451421
-0.5030620796398788
-0.4548556736870786
-0.46947586521357687
-0.46940413654160296
-0.48651378805817763
-0.47035480725205797
-0.4338081854359915
-0.41950667075171005
-0.4686698424247203
-0.4021508879633142
-0.37495402616095624
-0.37692035554752185
-0.35743497208205866
-0.3378806244547009
-0.31568449697519146
-0.24828638597334232
-0.27276427554187815
-0.23179915602432627
-0.22938931484848213
-0.18689947437128807
-0.18735497916144303
-0.13163686313613596
