-0.3165350589872685
-0.28376165279680676
-0.26106181657779165
-0.2034222746428045
-0.19925641306339692
-0.19955946649339934
-0.17241410603263824
-0.1801908256659964
-0.11436635741984502
-0.09951671121360083
-0.02938166883502579
-0.02661021778793929
-0.0017152647455931352
0.009584708437120056
0.03512560752566882
0.05990802374670019
0.09767482900318965
0.09275644247890794
0.16604986763015436
0.15394899106817758
0.2231268251103411
0.21396466824829674
0.23845719054622794
0.25899002901028545
0.32457292528285536
0.28134289877287644
0.35816362802456303
0.4110097215678647
0.4064962702138963
0.39083915290365084
0.46488730936189465
0.5041570789932466
0.5114417229347255
0.5382668336333348
0.5497529668654813
0.5448271986494984
0.5871190585311917
0.6253656134969018
-0.6141207849357018
-0.5944235073209388
-0.5906590388387758
-0.5946774191541783
-0.5493601796023183
-0.4988640748948565
-0.44977177684785297
-0.4734999464285311
-0.4262820439539968
-0.3811793896675605
-0.3388103291878792
-0.32747399691620616
-0.3402118881154151
-0.31095271124327334
-0.27137694464833134
-0.23629715873925777
-0.2380340948971454
-0.18963256369409515
-0.19638664938978123
-0.15015999496078306
-0.14246867344705932
-0.09027826776439316
-0.09997505976083075
-0.025652475191712515
-0.0005684511135587069
-0.0018643819279122783
0.03897848060394982
0.06685250854463015
0.08726868946615736
0.12257059452864244
0.14471710960920975
0.17875635968250123
0.17852598924869886
0.20606446432081474
0.2433618825466122
0.263719354537403
0.2941917227499786
0.34166148271052
0.28647574839937806
0.38215685600521826
0.3672662487160361
0.412741347871035
0.48894489866371765
0.49063521148288475
0.4757214754196852
0.5242655095660161
0.5389968684341709
0.5782139397905723
0.6224543653089772
0.6077260663908532
-0.6085820752245288
-0.602160787985511
-0.5648495926676271
-0.5796088086607497
-0.5409670508559562
-0.5318978893276688
-0.4757112716597158
-0.4799534295663764
-0.4091234386592329
-0.4478884934847249
-0.3658588114598453
-0.354616716272816
-0.3066483701087776
-0.28022413929035067
-0.2802058833828113
-0.2511430292229772
-0.22967950950470684
-0.21947428119606888
-0.16945178496576818
-0.16812601752891426
-0.15512090776320245
-0.08933012898260406
-0.03376076014480542
-0.03661667406981201
-0.04573841801758036
0.01681428870651561
0.06223820678839677
0.08937046786963598
0.0841966742179975
0.13144970191471994
0.1428135643696349
0.1884316814666682
0.2297594694262023
0.20742120261794506
0.2660861616464744
0.25908587804092287
0.29269901998579295
0.34222808139216015
0.32686758776682073
0.3789515246254643
0.4176070382709632
0.3882380389072499
0.44053434096295774
0.4845879374395216
0.49247101696920337
0.5080667124367286
0.5666080669777572
0.5465554760010255
0.6143131837712493
0.6315810365435262
-0.6479132291117706
-0.6116937097652968
-0.5696601523545267
-0.5483249127443623
-0.5368469291956802
-0.5024434680787239
-0.5000770207792509
-0.4805077679575939
-0.42609028133064514
-0.4060771279815635
-0.39228014043569237
-0.35099818451763776
-0.3375699178651056
-0.31758396188237414
-0.28088900888857443
-0.24623009716603128
-0.24994017621809586
-0.18312804015752784
-0.1460386480400618
-0.14825551988728772
-0.09705208216335395
-0.1338804846052742
-0.07189649758994755
-0.0602877782517113
-0.01700964397367736
-0.02086356417394264
0.01973989823394588
0.07010447111528946
0.06667590202841252
0.13797872969753885
0.09863315723742533
0.12669132251031257
0.19916835220844423
0.21619061158966318
0.24740357645191965
0.24260738444800833
0.2689085208113832
0.3599340201055194
0.37762860106084506
0.36844388772416037
0.3904903515375364
0.38168380424666315
0.4490699983723008
0.4285870348342262
0.482379322536484
0.5225606090464281
0.5322673948930616
0.5808733891348957
0.5937000780078583
0.5589459937932911
-0.6169045765718374
-0.6056176038866246
-0.6056619441200014
-0.5409739557892882
-0.5441759234190097
-0.5352931911585183
-0.49730155194633363
-0.4641074794664035
-0.41663943594022773
-0.4237267217606705
-0.35866107096761163
-0.363397371802352
-0.3358371092697996
-0.3339605911344415
-0.25592940190009333
-0.18597326352678523
-0.225345541573468
-0.22052124423920216
-0.1780460550258593
-0.147147701807565
-0.10958672325608777
-0.08582976718058195
-0.06814721163733273
-0.03426883984941495
-0.025673407097635107
0.015395333240615216
0.06195454503018098
0.08765882334912009
0.06930616950250745
0.11442158000167253
0.13370712396917414
0.1730336523679458
0.1992547873917561
0.22386979524049838
0.2072869345290425
0.26074566872251537
0.28471610569702166
0.3380959620396599
0.3456296814911977
0.32500393895321394
0.3726326360128312
0.4375887497036311
0.43677691692482046
0.465110185582327
0.4706908679508284
0.4923796881651488
0.5782134335583707
0.5839414427245851
0.6082269017329899
0.6632109537140877
-0.621458284082659
-0.6727355587999262
-0.570929381097121
-0.5754401981206787
-0.5186694261105308
-0.4784574319269836
-0.5156214719042405
-0.4405552809330554
-0.45555691941201976
-0.40542142505924017
-0.35825975218660505
-0.352721920405321
-0.3460371125795488
-0.3107131353019174
-0.27160432889322766
-0.243724254485085
-0.20334290633854554
-0.19290159980608382
