-0.4237455169699707
-0.46130936119758753
-0.4417398834949383
-0.43743092509523834
-0.43731592753887855
-0.48501478849208385
-0.46447977659546197
-0.4188204466876761
-0.4187155588452171
-0.40276827699138873
-0.3959114061338398
0.42698869999269756
0.42713509806282185
0.39451454853623646
0.40401528619068316
0.4294858088910196
0.41192744606911774
0.44471376626866554
0.447138419908931
0.4394539802358928
0.4648100844047266
0.40863068720047974
0.41331145381911877
0.4029030109116627
-0.426559162855177
-0.45200049405428194
-0.42753687680168817
-0.44221644698586127
-0.4181816919715768
-0.430705279409516
-0.4053741711343225
-0.4561622933659327
-0.4338006273679985
-0.42178053145964184
-0.431881309714201
-0.43242729369372596
0.46203023578120717
0.45883159609487034
0.46896474000633265
0.415632017345555
0.4359532243938613
0.4529525629059928
0.4104739957811507
0.41911871822987384
0.46091316027069373
0.4345326942034895
0.4771594757425803
0.4584519586451591
0.44332774140099407
-0.44368958208337583
-0.42871000533011466
-0.4513477210462344
-0.43511587008392316
-0.4433260162714669
-0.4543752784871647
-0.41657564763325955
-0.4632012576394764
-0.4148561567960174
-0.4348614770396565
-0.4563661711404051
-0.43299306536352855
0.4016746686221502
0.4216087341763036
0.4188674077313455
0.4195168722869853
0.459435167944271
0.4398424186861047
0.4479950246424884
0.4432549009206452
0.4255847275518573
0.45304709393770537
0.4327397820912391
0.4258676546332199
0.4453887256923733
-0.43100898300631063
-0.4354694939891766
-0.44759241584069426
-0.45044646383524056
-0.4322208610316195
-0.4189755646443651
-0.4202803221572362
-0.4049358280954887
-0.4452830386221499
-0.4165075939884161
-0.43451375978331136
-0.4489317146980795
0.4446004552007299
0.4280035589795801
0.4674111850265303
0.4358487473969572
0.43778081945193204
0.4160465113888251
0.4302504027207633
0.43933833039084447
0.40792708119234217
0.44078643445796173
0.4334649826563586
0.42885605336615856
0.4375976164640004
-0.43031276680109504
-0.4619181314948512
-0.43120234815753855
-0.40736895851292676
-0.4703022564685298
-0.4307646735008334
-0.403432376641213
-0.43288193157708227
-0.4404115792922123
-0.45325722410413793
-0.4149248680149671
-0.4204542732775508
0.4187013702741159
0.4456217724268756
0.43946860805369575
0.42854912433502923
0.4279185892929215
0.44365263566172214
0.4369015569407119
0.437895906663103
0.4024352708487701
0.43849393058894826
0.44004618089035613
0.4470850300386778
0.41743161717841304
-0.44741610987517205
-0.42350845074796895
-0.41982105494305233
-0.43200183883672977
-0.43167722668261166
-0.40256075168751926
-0.398761166896179
-0.41292352975087604
-0.44952398998105514
-0.4472917631978953
-0.44204577656739175
-0.4319939752109839
0.44653546291630164
0.4322696436417666
0.4330633544463502
0.38813159473857856
0.418801993986424
0.44306888027022767
0.4523518391549642
0.4528669337541107
0.45885575564126485
0.4594404322342702
0.4653069399838155
0.4124843141802689
0.4555088355386474
-0.44853695735223603
-0.4315621837881928
-0.41783312765951275
-0.4275070742730051
-0.41967678734174124
-0.4431788550644745
-0.4295697125832104
-0.4305876050260991
-0.39961846301356724
-0.4235807842114882
-0.4451450603417651
-0.43313203098713565
0.44275713801540706
0.4181963938005818
0.451736943636837
0.4247362688944571
0.46591243312283553
0.43120856456412887
0.393840432630982
0.3812531955394282
0.4336247809574217
0.43943451219848434
0.44106855935550454
0.43277294095550833
0.44952569240192664
-0.4145016362917756
-0.45088651990325385
-0.42152593767977015
-0.4096302544448858
-0.4504015459336779
-0.4261322062474078
-0.45876504922865935
-0.41469971600902444
-0.4343635697321356
-0.45781943553504395
-0.44866840298397725
-0.3932113652168391
-0.3887403672465028
0.4248423018180866
0.41658041187381717
0.4314152431245153
0.41065754494759976
0.394611773683907
0.4087599370302639
0.4411466024376621
0.43788916182132603
0.43384422349055596
0.44618245856623256
0.40479118983565576
0.4146013639863411
-0.4523387598771448
-0.40119299416271187
-0.43477623621029465
-0.44229966277169624
-0.44921186270452684
-0.3962395581566962
-0.45745959931364805
-0.4123151664555451
-0.41876423324430145
-0.39989276947440344
-0.41994578876150235
-0.43161678894566285
-0.4550755487113268
0.4511439954769265
0.4185836828562828
0.439569861488382
0.46458854114335923
0.48050552449130585
0.4481430785667644
0.40345397928663546
0.41444785975126325
0.42800394534097647
0.42432622362789363
0.40035159300526624
0.4083921482532953
-0.4455007676017629
-0.43772225227289924
-0.40802843938407435
-0.42248026700026514
-0.43679847880934863
-0.41999117529141244
-0.4746652376822103
-0.42854140429027854
-0.41267124370300573
-0.4499071375694341
-0.44348920379506607
-0.4363205493350866
-0.4337671782911762
0.4237933050234505
0.43047444199060086
0.44149322962096343
0.4373617289127522
0.4252336382119856
0.44072724795566404
0.45332746534971236
0.4286201563601836
0.4191383780451262
0.4346472153328268
0.44113453756219545
0.4295758496829203
-0.4319463599153153
-0.41707020825588087
-0.45270395456202017
-0.4522725825922204
-0.43354654618030664
-0.4013350751213806
-0.44368514237092216
