0.353474353254551
0.3733684739184189
0.3665978742834949
0.41437638431075857
0.4348324025038077
-0.415681766516411
-0.4024326398077471
-0.35843626997207173
-0.3344928024104972
-0.36684349061689325
-0.3442738206436965
-0.32940000556631066
-0.3300473607438576
-0.34251212847824714
-0.3381589683946021
-0.3099635444916064
-0.2660976443407349
-0.29642408767871126
-0.2663366250182611
-0.3224481028299419
-0.24506355008590167
-0.2771031151984011
-0.27574139635589795
-0.23305226381854702
-0.20250893679827747
-0.18684754989885088
-0.1976176473376345
-0.2293839322063928
-0.21994232511588674
-0.18834817550099503
-0.23119328391540217
-0.1938835715982781
-0.1544969116728742
-0.1708791097142334
-0.17171388042509594
-0.1294558286459098
-0.1294280711081144
-0.1251627542011961
-0.10338539312050628
-0.11332176095556554
-0.08521612568513363
-0.11024877914411671
-0.12449785735016669
-0.0860056446815435
-0.06747362533334783
-0.09817404460907596
-0.08327374015063446
-0.07785571413251527
-0.026972777460822005
-0.06206752178426206
-0.03208323545227864
-0.062465627036036045
-0.008804446419255414
-0.018844340196808307
-0.016160675166520238
-0.02482433181084973
-0.017769535569624774
0.026583203468724816
0.016716556116668994
0.0048795563436835054
0.049302246405155875
0.048406316895393535
0.08442968223793362
0.05444247625543493
0.05756617533104884
0.10212570067050131
0.09290880099426659
0.10594422877833698
0.10700657070059158
0.06841867782055011
0.1456260253081972
0.13333250569523206
0.14011843435886656
0.14596073010562524
0.175904727443846
0.15729007903850487
0.1635017487339652
0.16445292227990432
0.16489688501066468
0.19462194639377015
0.20171654328611724
0.20372777233644146
0.19597575052126132
0.22798086635488765
0.266199689837767
0.2759130294850957
0.244661163694886
0.24099495133180895
0.25856093042993195
0.2880331060445739
0.26839494110959516
0.26913839229715103
0.22130364168736408
0.29660805174568516
0.3191229675886299
0.3020441108335624
0.3066417681419015
0.3277800489570558
0.3709018138078497
0.373416441642982
0.30805125971853853
0.3284895085858279
0.36647025828386376
0.3561966723686095
0.3618995979031379
-0.4102997502482722
-0.3626325546117034
-0.3788821926995397
-0.3688029802176037
-0.34987387585375407
-0.3320670425613328
-0.36415612727822444
-0.32383448616692484
-0.3468425602576064
-0.3148086881927496
-0.3317775877612531
-0.2966631604973959
-0.2826826078421799
-0.24647260481656347
-0.2510847276948822
-0.2841665596645666
-0.2539916503813472
-0.23491959946652813
-0.2218030244733469
-0.2576993422892529
-0.23752485800246936
-0.236801041863024
-0.20193846415225192
-0.22008646166884524
-0.19857924552364564
-0.20186175526479277
-0.1796624115645038
-0.17297435688224327
-0.1570990546674314
-0.17418050645507724
-0.15431678870350243
-0.12498010617578127
-0.14877367257655613
-0.12898583492357396
-0.11817954818813614
-0.12059126554068572
-0.08689676242528606
-0.07497856623537273
-0.08972174859664883
-0.11105489926253803
-0.08696782694454122
-0.04736693064160359
-0.03155242980873685
-0.02407969739676988
-0.009888278211879084
-0.04728235191369593
-0.042426717723278606
0.0019195972002510782
0.0012672739219347362
0.001135703907485821
-0.021877831214568037
-0.009014013037447605
0.0916191825009943
0.03522528716760388
0.056983119538797304
0.034232245924671806
0.03691525123159165
0.09222432353420246
0.0689215378093335
0.042401363420242894
0.08380612032578147
0.08456552129131584
0.08904785356019368
0.14328581605950305
0.16531310817647069
0.13312387640417636
0.13460966655318624
0.14764440344510363
0.12653837322223654
0.11631344175761686
0.18737780910004959
0.12574618264372905
0.17978114972893594
0.15756935641111613
0.19743518534890966
0.15728167833767528
0.20057744285114065
0.18403366521843662
0.19626774299017624
0.2503952666620811
0.24595434051691437
0.24689025056752964
0.27059298546815874
0.2662957687295289
0.2991105285535264
0.28383105496998656
0.2977510773075493
0.2961177717900502
0.30341552895560553
0.30674802450067007
0.326254430174698
0.33878014382108856
0.3506331485386266
0.3360915465050378
0.367686691840145
0.35257549339431843
0.37061840472242547
0.3718904779100151
0.367590073760158
0.38725987578033993
-0.40129994243078665
-0.3732903489006106
-0.4153717142579243
-0.3277461940585229
-0.338339708120202
-0.36935463690757375
-0.3204225894265061
-0.32762067858976973
-0.3184788984969085
-0.32083511065955234
-0.33719630725241523
-0.2594740252209825
-0.2844193522807321
-0.28367770169766365
-0.29522134500680824
-0.2883012830543377
-0.25306020500412596
-0.25619853843747625
-0.2717348566846499
-0.2502092289175634
-0.2650727228683637
-0.19426771970411055
-0.2415722892189557
-0.1873797654282531
-0.22838366550769262
-0.18368021480387353
-0.19711246749249997
-0.20539008881648987
-0.15147953932651478
-0.14859443211717166
-0.20535224912789352
-0.10311348479246357
-0.09812777342445955
-0.12986334832260785
-0.10351587805801508
-0.11178652379607013
-0.12354659097315855
-0.08953573088654623
-0.0895335585701697
-0.1064589944829974
-0.08235704741045435
-0.08071396087604711
-0.06190869795776701
-0.033031977963995755
-0.04312733230484355
-0.08813787873748555
0.007349935918976851
-0.00559366550280431
-0.0026974915059926226
-0.003224506956928286
-0.015300454349507475
