-0.46834345147815964
-0.4993663553627221
-0.4818814385905657
-0.5044430506171543
-0.48758872917020385
-0.4677994883003434
-0.4710247757161208
-0.49051832479182367
-0.48242559051063455
-0.45532038893960824
-0.4816028099114137
-0.4676741100865562
-0.4711582203452159
-0.45406748562537064
-0.4649315782617787
-0.43503443253008567
-0.45853491270617014
-0.48810102622323914
-0.4938668933518978
0.45791049612479956
0.45034029641675205
0.4872686698586594
0.5046776901611253
0.4676423883014738
0.45075393334434677
0.4951304162167182
0.5154147000523257
0.5022789557386688
0.5097600209158418
0.4731500683301418
0.47426340601397704
0.468638277801971
0.49136465204449037
0.477774251699268
0.5084032507618363
0.4549243099315986
0.49092006859293846
0.4803640159896273
0.4986981872160109
0.47151303378547343
0.5146552819093533
0.48666060791556276
0.45826438845688294
0.48285483387039
-0.5050594571413214
-0.4986803402291946
-0.48563611761654807
-0.4813541283276093
-0.49127587925789334
-0.4974530385127578
-0.4903412545100213
-0.48075365310456486
-0.4836420589717298
-0.4850749285407075
-0.44366099384638463
-0.47631554265383874
-0.4645370634048358
-0.4645815156757077
-0.5064108100072324
-0.47445738711548047
-0.4587668154169181
-0.5023315575985042
-0.4399156271747775
-0.46265955509866163
-0.4870997906780403
-0.46383179451993767
-0.43566031509193115
-0.47299566681926974
-0.4693106676794311
0.49807048905509155
0.5102712856702909
0.46155224880813184
0.4589377545760145
0.5189292250861495
0.46822983067986573
0.4769297895135594
0.45048907650023007
0.5048390448776163
0.5124292394780471
0.4655228486994188
0.45165903241258065
0.48529694653376215
0.5010406981557294
0.4797832795861095
0.46655562840813314
0.48157420649657223
0.5217530909567605
0.5030195556627014
0.47360999966758544
0.5123114462927414
0.49963949423770876
0.4537340772810328
0.44515633793070125
0.4524705599291067
-0.4744175564019182
-0.4621020977439624
-0.46520755292258537
-0.4704741370668903
-0.4726017385776445
-0.48431797442442126
-0.47319009268082984
-0.4768479152175763
-0.5057199393363366
-0.47871481423423345
-0.49826572430101257
-0.5218451401834714
-0.4872311212628094
-0.49686790606624986
-0.46541198294233
-0.49351950147879614
-0.47302320383638224
-0.440629554265118
-0.4820143937320031
-0.49072654749353944
-0.48140894581178645
-0.5022884945173633
-0.4762368933166559
-0.49746437787820136
-0.49377334660644884
0.4756847245300467
0.5011324293418388
0.45684971785345335
0.4787005608729263
0.4985143882522511
0.48982362068359714
0.4440647588891576
0.462605343883411
0.4871222744801676
0.4628232745098763
0.4688082971835519
0.49322728222229
0.4961461643542742
0.5106180052977508
0.4995367093750618
0.45949367712333394
0.509450512824274
0.5032820746528639
0.4611821701873915
0.49376380904021955
0.4698301024692315
0.5009639888763404
0.4365613859715354
0.4554563502110008
0.46429131441331284
-0.48156372066472924
-0.451112641210745
-0.4736461577782594
-0.4954352646698615
-0.4819024405558823
-0.5124664668396101
-0.5045669736610803
-0.5283546432957018
-0.4718946109956352
-0.5223550446772052
-0.5235193440728422
-0.4731100806206118
-0.505920443075961
-0.4808664800916089
-0.4822265431950551
-0.48994810808037387
-0.4669012425555639
-0.4895786959522124
-0.46191598382853066
-0.5076751055487433
-0.4835643398721049
-0.46547501070230896
-0.4459147804646442
-0.4821146112518376
-0.46310366710346473
0.48078654433791396
0.48436944528988596
0.49205767611765266
0.486827609170407
0.4523399754703633
0.4852119308948247
0.45000424890588525
0.4604470755029553
0.45756223855422473
0.4728204503862629
0.47271545516914343
0.478245026703507
0.46153585740504355
0.4890070711521263
0.4922050637203353
0.47560536046910323
0.4891638468529392
0.467911889226037
0.45047554883133445
0.49080687555944624
0.4979898030754324
0.5259204990081453
0.4940937105756694
0.4319175650769605
0.4934069772114609
-0.48030970953419705
-0.4950305856717723
-0.4720374285699873
-0.48160928301464045
-0.4988315413784654
-0.447093015761594
-0.478132452454706
-0.5087910373911418
-0.47439297591335944
-0.4761671521431072
-0.4786437150991593
-0.4690215526360767
-0.5171412896150829
-0.4908944345961652
-0.4701874783447551
-0.4768488776450316
-0.5182838211050458
-0.48068277834961376
-0.47166438913993936
-0.48081448421200834
-0.47036207832795796
-0.480593734046956
-0.4559619001191521
-0.491437517000933
-0.482257533014935
-0.43057754090402145
0.48204816584698634
0.4498227300268892
0.49738277046302026
0.4755866244308473
0.5057923787457392
0.4895557357685323
0.47654356158333544
0.4771272104058983
0.47477775945947204
0.4615318140807889
0.4859346947837305
0.5166601029348521
0.4540101994082881
0.5048232050290702
0.4860180662212634
0.5038537606583063
0.4879284890313279
0.4726300978534054
0.47683475663550756
0.4610242114335872
0.49513131902319696
0.46162538668687214
0.48997950951645336
0.46450663313867524
0.48547787802660225
-0.5129757074211527
-0.4817418126931824
-0.4916119015275081
-0.4750121126297492
-0.4984395711484195
-0.48013622690189184
-0.4884587455914018
-0.4746075657882182
-0.48025626418285094
-0.4787501172172969
-0.447926238343326
