-0.242318146810041
-0.28447516180372645
-0.3470934168319595
-0.3882716905495548
-0.45699368657042644
-0.5173295027264398
-0.5406021258310213
-0.6321015735927636
-0.6433847019611474
-0.7126569970884432
-0.7842476004545621
-0.8396011523522623
-0.903231794084889
-0.8872279844356171
-0.8356635687164455
-0.790247795558013
-0.715237485736936
-0.6649233985687657
-0.586910139525377
-0.6018152167296805
-0.5168257167354783
-0.4312629858911073
-0.40019793723865543
-0.3632299190727363
-0.26198122622674563
-0.21534197284695109
-0.18405865627899648
-0.11732003139853663
-0.05198392215524552
0.006079841863001885
0.038619662941558164
0.125099005319387
0.17458551136468442
0.22720661732979958
0.270774754869205
0.3280332845605684
0.3523117001188361
0.423489401343087
0.49888383734620667
0.5128389381925285
0.5791815448398244
0.6511041641044989
0.7154951755869972
0.7612521477789301
0.8302293468735886
0.8522314154541735
0.8881836906970829
0.8156272034290519
0.7904082767715225
0.7297504692278154
0.6693478896157377
0.5918142686784272
0.574931026012007
0.5089044169387014
0.45682817984860624
0.4357969685017817
0.37133758855763843
0.3071187610196795
0.2725569354950508
0.21007496744060306
0.1390779960353985
0.10899479513568239
0.04860025833719716
-0.049097475029652206
-0.08388120557508898
-0.13832598903741006
-0.19622267447730507
-0.2569607598877509
-0.33898846286998097
-0.30406688577335894
-0.3802001189367397
-0.4569808541372895
-0.4913667752561219
-0.5630045463141848
-0.624925600265023
-0.6928695823876421
-0.7410190341536247
-0.7884485703727483
-0.820586913807505
-0.8681638529454749
-0.8801029026710736
-0.8264285451175637
-0.7746652400382511
-0.7192005727414466
-0.6272706577995699
-0.5808586377354875
-0.528017133845383
-0.4983581902904018
-0.4519700717092513
-0.4194162281703475
-0.3093024103058192
-0.2616964751558712
-0.21134979154059436
-0.15314191929847668
-0.07353675402532023
-0.06482092734322528
0.02325395177676738
0.10531725129686653
0.11365499117097101
0.11815988053397442
0.24294579705461303
0.29002445516191344
0.3167003037490424
0.3901568417104681
0.4551055039179911
0.524959036278281
0.5597161748210032
0.596396433026239
0.6589462685207622
0.7090170388299613
0.7701505324198369
0.7998481423858771
0.8381415715376881
0.8768090163265065
0.8493994650522556
0.8003218601573832
0.7339021823204643
0.6796698147780346
0.6186139839303391
0.5824817679748708
0.518801237306203
0.4330479085906911
0.41218742096982613
0.3481687524585767
0.2877537495826353
0.23118997741669559
0.1647152280595424
0.15541682615850685
0.10577214217083049
-0.0014565752807518192
-0.05688187160719739
-0.057783461455567925
-0.13018438762190088
-0.19616499225761694
-0.20563968923520787
-0.29098989359228833
-0.34727085933229723
-0.3871591734492222
-0.46398659058556313
-0.4893712344964634
-0.570960963377134
-0.6210298120518029
-0.6659068776668139
-0.7705914806194955
-0.788804078828539
-0.8682972785860553
-0.9261772963362706
-0.8719927869918566
-0.8350346314430187
-0.7686034174389261
-0.7153482621607454
-0.665984545955391
-0.6256229280544555
-0.5503696263088182
-0.4696106398489419
-0.45941587928870137
-0.40483911680153806
-0.3454291940560525
-0.2890715693133098
-0.2220318057874488
-0.1480288193806271
-0.10619401540828322
-0.0583778393776637
-0.023887417208537265
0.0486026372070929
0.09922229138176876
0.21100827871261943
0.254614201804645
0.2961832825831754
0.34495398072806827
0.3857257141684078
0.43041359472438256
0.4805453683883643
0.5350986237823844
0.6273730865013005
0.6614667488841471
0.7189047352765299
0.762763533122538
0.8315627837519837
0.9043145988152225
0.8973773543910445
0.8129251304795395
0.7608295776166519
0.7339856165026105
0.6917442852993773
0.6177949739587872
0.5856154286671892
0.5367861344342045
0.40878387840530256
0.39652230505644764
0.33443953081868566
0.27137101943410835
0.24704308666623373
0.17628352465877664
0.10010656640643259
0.09252629619741146
0.024404229297684082
-0.04603636884140869
-0.10528959193156766
-0.1700356803362671
-0.19877153355196153
-0.28537145462700203
-0.2885360225088018
-0.36780112903590295
-0.4182199620421961
-0.4669357726950107
-0.49595711560629574
-0.5588368716719246
-0.6615860351245676
-0.7113642639409433
-0.7942474526591671
-0.7846069237565032
-0.8537688196322468
-0.9322506818740753
-0.8744362093534714
-0.8098983842075747
-0.7955015879874058
-0.6680857221131842
-0.6313376816004214
-0.5905196756010386
-0.5333809748815914
-0.47182100466224847
-0.4055530430793477
-0.35151068456761825
-0.30924807923756126
-0.2356289550017655
-0.19105946354465997
-0.11940519263727234
-0.08085841227432412
-0.0221605916204012
0.0064023583810660385
0.04839750993507395
0.1112932463554461
0.17317884671790573
0.25945242964885723
0.3345761188323397
0.36845631277553326
0.37742925148308304
0.461884563113385
0.5176922697952783
0.5542088838935596
0.6279118870161101
0.6671934232029609
0.743504315382797
0.7557043366395801
0.8082380908774152
0.9003989659929774
0.9119916337607135
0.8348097899440499
0.8071958273763465
0.734515000048064
0.6613494660256364
0.6100969324637814
0.5475274590756227
0.5020756381596552
0.45889893327932607
