0.5610161518656148
0.5156919441303398
0.4897585699276346
0.4690164520761704
0.4172364835875689
0.37338300727434653
0.3710080832314914
0.3568783127788472
0.2820400506989668
0.2615873992517463
0.26929334587562187
0.19994343557391697
0.17129492578032482
0.1405267235891066
0.12461950785079523
0.1046131273176935
0.09648898166653873
0.03931750803508179
0.02976533729648061
-0.012436294651922697
-0.04022524737495343
-0.07341222026435405
-0.08703666609234685
-0.12271949659913206
-0.14208847894184065
-0.17495292260910203
-0.2204450824223864
-0.23694719852675306
-0.25825907306107565
-0.3022626137242292
-0.32061678008090533
-0.40137395537889076
-0.3838159513802771
-0.4014781087251891
-0.4565425867294927
-0.4872726705513209
-0.5049919765688015
-0.499597186944396
-0.5305390666455846
-0.5933256230800161
-0.635653836396972
-0.6517490389947109
-0.6330380970466848
-0.6990777450702084
-0.7140946800483086
-0.689591675037204
-0.6424719677365064
-0.6133778662909861
-0.5846278405179751
-0.5748728813442034
-0.5115357017165939
-0.5046223610567759
-0.47421275465247376
-0.4332195415852195
-0.42898673456582415
-0.37111022857993736
-0.389596339155297
-0.34257323436236864
-0.31817659591275316
-0.3083403978955942
-0.26343684820321717
-0.20158628194040415
-0.21233597955017322
-0.17490940882269468
-0.14194100744663354
-0.1142103449352208
-0.041915157486670365
-0.022449897601582218
-0.031326006807219274
0.013022611407309523
0.09096175772378554
0.05024513654861375
0.07297193086232397
0.11148738706611505
0.1597581743480157
0.1814700862305981
0.2130510327213068
0.21506491027478372
0.26004840774118576
0.31768274274522224
0.3287568680999734
0.3606076377030675
0.3608234591742599
0.40759435779054676
0.4667742973494268
0.49797617612352413
0.5009241168487991
0.5146521960386511
0.5435654584100654
0.5835179626227437
0.6031998800647775
0.6431730282122935
0.6402412969097889
0.713866657320514
0.6964569435012427
0.7122789619032762
0.6550601585392777
0.6325287708196945
0.6019384239634237
0.5442205996729744
0.5399445537073899
0.46956013248352496
0.47125276570135344
0.4483913524245272
0.4084794672563531
0.39734651876891147
0.3848302772333956
0.32626806213690374
0.3321845803896923
0.27248639324078033
0.20813087397810526
0.23432888438443025
0.18338777523551733
0.17529702183579446
0.16651661078744948
0.10899986176837015
0.09245934164666196
0.052170104962820846
-0.015802030383140733
-0.012785248545311214
-0.04851040276196872
-0.07932519421357921
-0.06402673659047765
-0.102572644287127
-0.14333141586402084
-0.1637834906657702
-0.19136398670844537
-0.27138221910962324
-0.2629987544548019
-0.28041616792037927
-0.3157756475861034
-0.3358537048301368
-0.3602216527202152
-0.4304627573565708
-0.40701546608806166
-0.4806043989289133
-0.4939641245711757
-0.5460268824568669
-0.5449603417951925
-0.5976987672421624
-0.6209218451807452
-0.6019271015315674
-0.682416734781393
-0.691916428042056
-0.7421371595734227
-0.6978928298470136
-0.6281073691028162
-0.6370422433864816
-0.6114292271883378
-0.5660673502114485
-0.5502269087041254
-0.4797083783529535
-0.469192615191613
-0.46739958818745514
-0.4547463730661669
-0.4050351723070779
-0.37049853431074825
-0.3445912088198118
-0.309277632085387
-0.26268722951543144
-0.2648727687659244
-0.21045750103852917
-0.19280383212827645
-0.20024361600373508
-0.1446223769027995
-0.099690629123544
-0.06615442979386373
-0.061955942674298194
-0.09785829693555811
-0.013244923568247175
0.027504723089372903
0.07320932536725745
0.08527365565177811
0.11068881798216837
0.08765240137897314
0.19781147941834082
0.2048111663586458
0.21551021789446506
0.2741955663416956
0.2835336145982601
0.3435954571624453
0.3694486803833592
0.36202023856835325
0.4242823406189896
0.4524143671947834
0.45634992194183444
0.4817781954275489
0.50057081132147
0.5667820522092741
0.5871520861443972
0.5870900329191893
0.6434121156017898
0.6852359124991575
0.6824337427144305
0.7375697171484734
0.6949026440188073
0.6701295762081282
0.6538388441287487
0.6105868732956933
0.5691659751539656
0.5454890199310042
0.5313800950257922
0.478426265638292
0.46299838307993463
0.4353915978804246
0.3668325729410707
0.37919703076671996
0.32726172840725154
0.3250770865874366
0.3048413305899564
0.2610090413551438
0.23512175013734593
0.20039462846041278
0.18544594100928602
0.17062135987598945
0.08965958328994916
0.0918161264099089
0.075990652368955
0.03901899870111665
0.006433489673851349
-0.02361501588613909
-0.07544533535180016
-0.07598137982630895
-0.1114821803922188
-0.15082804267626015
-0.1515476357890517
-0.2038461958469895
-0.2144859627898896
-0.21804391434841522
-0.23503257127601201
-0.31273459752101573
-0.34340898763521466
-0.37086078931286925
-0.40518286267782583
-0.41586428105850826
-0.46905314686133576
-0.4856022393680109
-0.5305389970381043
-0.5453621647450416
-0.5594406923928572
-0.581846337409113
-0.6372766235669518
-0.6721565896889427
-0.6629709304632603
-0.7043889627724494
-0.656400142801082
-0.6238583530310843
-0.629366524255108
-0.6302009617113037
-0.597270630647458
-0.5879299088838975
-0.524182930344425
-0.4987886409483313
-0.4881253961563404
-0.47338243634459043
-0.43679109147433254
