-0.9915582077617602
-0.9882027353281434
-0.9656451140229383
-0.9449502705592249
-0.9965090763422384
-0.9915602949205296
-0.9725840228685525
-1.0095217089933188
-0.9542174409793353
-0.9377469859029962
-0.9751831399794726
-0.9681349167139532
-0.9568579756497462
-0.9698726587469123
-0.9676850297181431
-0.9930507673168391
-0.9791345076644655
-1.0039085993911614
-0.9837316966285492
-0.9561546348405592
-0.9531134552272684
-1.0087839819734385
-0.9694322944692313
-0.9797726908513688
-1.0162310912494998
-1.0014134059927058
-0.9562887658285859
-0.9622215189079617
-0.9611902693062327
0.9497850914184471
0.9736303635611497
0.9971138411858
0.9779541219752366
0.9804110996563957
0.9510731396116882
0.9583158656878118
0.991771920790789
0.9455290186839983
0.9349964277441507
0.9403081354987681
0.949274318617072
0.9761215724930843
0.9906909446645966
0.9870696518681705
0.944063317904536
0.9754969008596349
0.9972779757282012
0.9911791503487732
0.9925543148512622
0.9950195533106067
0.9760586345128447
0.9676756613104985
0.980081532867288
0.9279323649765421
0.9887228802166982
0.9795688750497605
0.9712013350503813
0.9983204290264966
0.9746073853143304
0.9830538517902487
0.9504034011823368
0.9539834127242236
-0.9733408338777185
-1.00605210483686
-0.9909136547908344
-0.9747472715451246
-0.9860701093983278
-0.9793969076499507
-0.9805994335416098
-0.9761059031750786
-0.9581914541862426
-0.9796155332658381
-0.9545133253773992
-0.9778372559876412
-0.9823813168424955
-0.9739249833654787
-1.0076055839574003
-0.9922104497759322
-0.9922861143725431
-0.9984834385507301
-0.9737661256618335
-0.9756868770760845
-0.9754885184201374
-0.9672734454263976
-0.99661931707798
-0.9647166214581722
-1.022708784321612
-1.0191084586242634
-0.9647234904641039
-0.9829843668168239
-1.0057027489159953
-0.9798157720067631
-0.9592004765995403
-0.9718192493067557
-1.002911534846397
-0.9930111943575314
0.9818330068582273
0.9619757042868364
0.9771289035136076
0.9360882264629455
0.9667521984425114
0.944198557974472
0.993476304003324
0.9615396694837284
0.9787038690165355
1.0025067530234077
0.9700179196116585
0.9999388605030894
0.965983229408104
0.9740904575327813
0.9725167410287694
0.9777222927500038
0.943762631270969
0.9814273924911414
1.0151553354858058
0.9880199545871129
0.993091130125736
0.9816346050590051
0.9800584472875918
1.0019504553877445
0.9791153565036806
0.9863936796603604
0.969652502761128
0.9676847269547564
0.9538125901374191
0.9959744727924139
0.9398184523993394
0.9788658048146506
0.9867083248366981
-0.9586124452833374
-0.9834679907830643
-0.9725076029459312
-0.9632392865890325
-0.974033990700624
-1.0008828982087308
-0.9863882021000656
-0.9519374123341421
-0.9715165621818221
-0.9761506849509052
-0.9473472686599202
-0.9866129117188951
-0.9663880993884183
-0.9711572408713168
-0.9612509844969602
-0.9790499116795337
-0.9689368470103613
-0.9852585197502219
-0.9615615168938703
-0.9747724400285619
-0.9983696378491582
-1.0024851460703477
-0.9558105022517144
-0.9826987685922828
-0.9832313284481169
-0.9575262306164477
-0.9725890085546883
-0.9801186278528848
-0.9526490713619723
-0.9959254846477634
-0.9881105963126782
-0.9746318092049547
-0.9784303688691377
-0.980626721608897
0.9399781890406949
0.9869457906827581
1.0047797769314413
0.9664807773289151
0.9607997306507002
0.9913190306886632
1.0217687389607255
0.9785940125838793
0.9789187244069948
1.007451616381446
1.0040305379727041
0.997350014957976
0.9899991525852736
0.9500349109256596
0.9819782151067776
1.0002719617222837
0.9904735991130782
0.9629975281980255
0.9642481621222275
0.9707855073610775
0.9742673416783223
0.9934325244725679
0.9994154824837744
0.9319574332153431
0.9879837652094349
0.9396338696951616
0.9710056734156833
0.9534434785194805
1.0031499374585362
0.9524115953175463
0.9907313682290396
0.937968806274952
0.9291697798037503
-1.0082789546730035
-0.9927449056586952
-0.9846551717097884
-0.9469990899389777
-0.9701644275711407
-0.9539660083546154
-0.9879599563680038
-0.9917184090208768
-1.0051213227689622
-0.9405177713118692
-0.9625693338687665
-0.9779948157071923
-0.9629055663140814
-0.9506314557274764
-0.9979458445719239
-0.9434498749938436
-0.9364111685387474
-0.9842957874136458
-0.9523047576228291
-1.0003062349257603
-0.9978280032177156
-0.9902238367599226
-0.9823494610079847
-0.986034262744381
-1.004341377452278
-0.9595766421011028
-0.9872391458261686
-0.9833966522079942
-1.0277643337831606
-0.9694066355743032
-0.9430769214879131
-0.9896568733487315
-1.0019001486012478
-0.9812618002578927
0.9849402619232597
0.9530894900839494
0.938831676423023
0.9660704919795775
0.9893707870089675
0.982016286285497
1.0251337047535642
0.9687548127683799
1.0097429573122476
0.9592627784967096
0.9841124679134506
0.9524358069536367
0.9948881066375544
0.9824802331538351
0.9781936328064927
0.9415185556412525
0.9910624515689203
0.9557116183014356
0.9675281194778201
0.9760612652588945
0.9914632124348335
1.0135419323292152
0.9652643903736275
0.9745353733268162
0.9529195464414777
0.9632647019289016
