-0.3096566461065219
-0.2747255338018532
-0.3083502180060446
-0.2480613510238645
-0.22658731345822106
-0.18385948780652805
-0.20221458808189086
-0.1495971602519739
-0.1858469726800184
-0.18858632763186545
-0.11177688573150629
-0.10658812903641908
-0.08108533116357561
-0.06753256409474352
-0.05243097107397708
-0.03509225081304862
0.017136279310004155
0.00860349072311362
0.03052217144394376
0.06661459664426461
0.06526600796383462
0.10520405384733496
0.0733219140173729
0.13057624572592744
0.16327981914371154
0.18636767423877987
0.20898339934738447
0.19334220402377184
0.23602422613239563
0.2457920830586037
0.22681053576086016
0.3013140238450359
0.3303000744333797
0.32027971676011774
0.29596977349362585
0.27434465443106854
0.2606635378503086
0.23744352664711565
0.2352025753896262
0.23901274931745076
0.17221965799482228
0.12948635944312875
0.14279995445442387
0.14192764214158768
0.13257911923057136
0.0822412925500927
0.07564209424640408
0.04908027637571296
0.020972527422635126
-0.006721152506070012
-0.006245111656761545
-0.058150985934489974
-0.06567521272303675
-0.037724869372030415
-0.054180305062174555
-0.08986696784116704
-0.15121011536693532
-0.13036027638230238
-0.14877872078183893
-0.19569569428098624
-0.1833020982140356
-0.23043109749602525
-0.2296589246944851
-0.2907578096187063
-0.2893438719992172
-0.317543831131232
-0.30743405653264055
-0.28769205487828386
-0.26180153780692966
-0.289981079615603
-0.25964191364836486
-0.25776808907410964
-0.18377820655165325
-0.18507814265413028
-0.14254660613969988
-0.17214729369907172
-0.15558197838542534
-0.08828080505993471
-0.13689431615599473
-0.07827806058837497
-0.07670630364445592
-0.029590070507574773
-0.01684023595647831
-0.0023107873229296547
0.030107576959199647
0.04126897428502889
0.09099619736459139
0.023857929828211423
0.06528393146404668
0.07043178637419162
0.12825500861061936
0.18702104723272805
0.17660356284000173
0.22232276232590445
0.16945543521657785
0.23815869439871307
0.2209868016505388
0.25664565895806757
0.25412586998525893
0.3055426160948648
0.31734919225923985
0.3060408025520847
0.26176796751450737
0.23646057659221786
0.25881165688953556
0.20383362168113822
0.16947516076384497
0.19654791186224382
0.18255321392091484
0.1596963172836152
0.13554265652115377
0.09294234866755317
0.12584025928881393
0.09808907159542456
0.09525955040857922
0.004484608766873441
0.012620271256292582
-0.008638652268033158
-0.03189951538652208
-0.03418142038134259
-0.06604467919666601
-0.0840115460956721
-0.08471063950381222
-0.13812983688426322
-0.15823314873509914
-0.14018871042894687
-0.16372773395608375
-0.1818791606180672
-0.1939419882680109
-0.2427917996680654
-0.22814755327629088
-0.2544263070046149
-0.2994466573726626
-0.30954269964555375
-0.292294845060045
-0.2856133339977842
-0.2790027290868867
-0.2555386819811594
-0.19579077608873305
-0.20488794459867174
-0.20078772297678435
-0.1710967087993384
-0.13718000701941124
-0.09789896642035059
-0.11907752980866948
-0.09323323996035046
-0.10679848533234262
-0.06645612319456345
-0.07235791597755431
0.013942334590328398
-0.0016519171138344045
-0.0009495078535319626
0.034902365610653824
0.02912503476295966
0.0932678170323201
0.11309209233253362
0.11259703640374877
0.10099444162479865
0.17751522552557505
0.13731522097791163
0.17127192655919948
0.22063523815120373
0.23055001196910863
0.22921273303556744
0.2524258107026648
0.3073571152176683
0.3127690187988223
0.2870123745294753
0.27061461724587466
0.27090913518582727
0.2460706014872324
0.24437422736267791
0.22734608907244938
0.20444632440012755
0.1825651395519926
0.16620899742249662
0.16178087752426595
0.12549809187480318
0.07392950896527675
0.07365936146494156
0.04194040491635907
0.026767678412321107
-0.00919928546083847
0.005497938021647252
-0.02006103087538873
-0.03389585861567642
-0.04859132307312743
-0.0364138558705638
-0.09081514449900563
-0.12648718846121312
-0.11492807583152587
-0.16107676600063542
-0.19517274033113413
-0.1988633700590555
-0.190699194775751
-0.21037195979373632
-0.2501843152628282
-0.24595531442431232
-0.2966690308668641
-0.2779219363813127
-0.2934495524518967
-0.3276295914464242
-0.2504492241267551
-0.2586463759615809
-0.27564112894704695
-0.21298299089918626
-0.21182288010872163
-0.22063387768393217
-0.15982597185815467
-0.14449593861184443
-0.14153223862241665
-0.10282534291392569
-0.11506048528636503
-0.07632150235923117
-0.04493282797106288
-0.03141785824360848
0.020990353677619138
-0.023058720875330643
0.009782316072075602
0.04323589291116635
0.0462169149118273
0.06854306933069908
0.11159011835728636
0.15221659242141408
0.10357262992459591
0.13881150822973934
0.1783921984801327
0.18844992981498226
0.19863365613253225
0.2369796825361694
0.24761336925100486
0.23433432430605938
0.2879521316822548
0.3349259968909152
0.3158415794688946
0.29587445583740934
0.222445012489538
0.2318129973199312
0.24931367283079992
0.2206806809302966
0.1903187138147429
0.18126528618828885
0.1433584070066263
0.15162919987284046
0.1227956330303859
0.0822839493103981
0.04126073353212339
0.07736109725416605
0.04739858837256542
0.04367212714234731
-0.006276526317171615
-0.03429695507714651
-0.026795486700946405
-0.042161237038150036
-0.09873022434816507
-0.04867257648283349
