-0.2865427388173849
-0.23443642056290248
-0.07710976723144186
-0.17136347736322788
-0.23181278545885448
-0.024708798881820603
-0.18670924217080376
-0.27533967904105344
-0.25512439971557316
-0.1618522842448521
-0.1375829811504209
-0.011560524675930679
-0.22359207326161581
0.024048561080841052
-0.21267053594108465
-0.21219391754160513
-0.3116830854769211
-0.26648625682812643
-0.2711907049231556
-0.1348556351392677
-0.2531926361838899
-0.1019269439723453
-0.09657472875926354
-0.058305547646580955
-0.06419325779510826
-0.13554190060607754
-0.20617584913646156
-0.13899307881750994
-0.05951518341044218
-0.10489458109323893
0.005290661610428344
-0.2399026869335678
-0.28248784224730616
-0.11143866061213072
-0.3244657357305609
-0.2844637375180807
-0.029833156606253887
-0.20523275768930363
-0.22499695490419364
-0.03639454486623703
-0.21921330748833606
-0.12252666840524837
-0.1961941910491811
-0.2883866283062625
-0.05950328720979364
-0.19797310871213658
-0.1322471434051215
-0.15814023553830267
-0.2647088424290744
-0.30619079987164294
0.00498366405532326
-0.16121591536819196
-0.2686235816834015
-0.052252445014408226
-0.3010547483276213
-0.22020279775374152
-0.2758254734469104
-0.23203152776114047
-0.296010069934795
-0.059764360022626466
-0.3123591160439123
-0.13023717927330267
-0.03750708842839223
-0.286725412571853
-0.24528555582104547
-0.16383003608356905
-0.17763418527406402
-0.007238955599678982
-0.32593043788469245
-0.23143417226374424
-0.2808067715114545
-0.13623058004947755
-0.21702993032355522
-0.3294943326791245
-0.18791862316509997
-0.025244646722043462
-0.13907051917473617
-0.23019782716360515
-0.32375494185812825
-0.2023232134941345
-0.31506621111187605
-0.06775548293825166
-0.3123089782852535
-0.21024161402466007
-0.0017009445069881314
-0.17179855264036395
-0.029609640890932924
-0.2597525411706797
-0.04074119741878317
-0.013284585546154908
-0.09196162152447135
-0.14012022122809792
-0.10285999127732671
-0.18542444464448576
-0.028100855924039915
0.033598397253337395
-0.009714276803294909
-0.09601120054622267
-0.03284585177355764
-0.29771184775743886
-0.2582356460727405
-0.07489566466914131
-0.07244354379142462
-0.08019422761698852
-0.24994313218912212
-0.36095472876117835
-0.236696029296027
-0.08308962427410575
-0.021428257196618915
-0.21952613318628772
-0.09379717996286444
-0.09439493796719153
-0.19346220242772125
-0.054633702098522474
-0.11516632618676365
-0.2092693793605881
-0.0226739254554397
-0.02064905393793962
-0.18413471297008005
-0.11597335111917274
-0.2427862925362914
-0.12921072112322682
-0.10791271440931935
-0.05455149475908962
-0.3296773050114073
-0.11042164022769507
-0.21705407462833343
-0.05579985153857916
-0.1499135599633801
-0.05825680291293579
-0.32596422731389413
-0.31547347580065044
-0.17839450974351728
-0.18711415526770542
-0.2514507572520823
-0.21207910979509095
-0.33282180179518983
-0.1369034660072603
-0.27571662709330047
0.0020878481451221667
-0.32945783827316916
-0.05387933322369773
-0.08587893245636184
-0.14286266529816766
-0.06613233047068433
-0.31686722161170244
-0.18104105701614923
-0.22911017851246473
-0.2878017206416908
-0.26615928450028253
-0.30269210114399947
-0.16144902399732153
-0.24077736436893205
-0.13954968787457744
-0.2677648867565553
-0.19997172391151555
-0.31438976263840235
0.0069302774892453164
-0.24379490674184776
-0.018187503718943225
-0.08100635053301078
-0.11045563200844574
0.022171831864920683
-0.19194685322665522
-0.2760815343429716
-0.027783813128915424
-0.08789714482014471
-0.053681228312626214
-0.22108084065358308
-0.11330119724601277
-0.16588902260617727
-0.22940203128379993
-0.0963386698396417
-0.16791628805617984
-0.08576527611561231
-0.05014682397877092
-0.23504066657343173
-0.16375528533816347
-0.2788829262388345
-0.2138822869092968
-0.10619456842278745
-0.1848042432058208
-0.14315641366462276
-0.21149090893971717
-0.3449590295865195
-0.2816150199993507
-0.07602762467369285
-0.2659381671767542
-0.30519888275442236
-0.13670052870183638
-0.08753653996560044
-0.07629666587053456
-0.3106269688872077
-0.11235462751301593
-0.17320902359398013
-0.2251481826313296
-0.2699909366345732
-0.28459009179496736
-0.19795414310771
-0.26345404699313274
-0.2605712378577206
-0.14584101817469178
-0.3243083153827574
-0.15151646688864723
-0.2711354109036812
-0.0066545588092253374
-0.12123072684799349
-0.04003564020878632
-0.0227433835521188
-0.04283248935988085
-0.08031857923390862
-0.20880126859554227
-0.18787421417519873
-0.03990610876092671
-0.32360240061665363
-0.10776004067758779
-0.23697459568890367
-0.29461334047321197
-0.046724895500578
-0.14290116002932085
-0.13310876519184694
-0.0355053060807975
-0.24108702333991316
-0.20158963143280229
-0.2735342412715097
-0.30258234666023376
-0.12823728297830145
-0.2719909569472316
-0.28540283853898635
-0.06138147148911761
-0.17728690253096951
-0.2086775847293993
-0.17152358145510954
-0.05151592431495784
-0.06144098612513947
-0.28637120956518486
-0.03282829281214771
-0.027691346825642338
-0.12787769069740396
-0.11600825971397968
-0.3445868355480302
-0.13781447477494668
-0.040642449154673625
-0.1265522731142608
-0.23524836842175909
-0.268373808724596
-0.0932651898914311
-0.21688633337215257
-0.31880374908497366
-0.23081541511155682
-0.023882841795182495
-0.021362326019267727
-0.07615735206706647
-0.11584290956467187
-0.10806806392483881
-0.09143169716546193
