0.10748024955773947
0.1595793570939801
0.12105540561550862
0.12757292021093514
0.07714457273594236
0.104500076898007
0.06167776000569413
0.05730398224605531
0.0654879541967625
0.03819863211027859
0.053179351846178814
0.04983402641727638
0.03334135996883962
0.023713378037283014
-0.005843524597880092
-0.03407081730231119
-0.04659562866093037
0.01501891913932935
0.0071828625194673736
-0.03348371611615979
-0.0300249878731765
-0.042822071702414075
-0.016775358695226332
-0.05900752725033264
-0.09425527188836039
-0.07810770647154568
-0.08376636350831416
-0.11558742571891079
-0.08893027748530338
-0.11886354641239189
-0.1438157339919732
-0.12916729509389085
-0.1353845045400423
0.12452761185576612
0.1465094482186337
0.09696067104444511
0.137394291213114
0.14005434364957553
0.06450737222702752
0.0666048996442539
0.08049366944164675
0.09914682656079975
0.018407139319247263
0.047178330487898844
0.02733515228679055
0.03237189241203384
0.027016594316089715
0.000579256960303736
0.008955596361810338
0.018281334883809112
-0.0006217001215749456
-0.03997550955819676
-0.022749106054449932
0.0070939273475901996
-0.051738708839869106
-0.06066659369061872
-0.043473695817034586
-0.04511013771237028
-0.0649688869983988
-0.08104926380914922
-0.088345226446186
-0.11932995546019766
-0.11465923354999799
-0.1044052398925781
-0.1284964365341137
-0.10247468198260229
0.11981143278175148
0.10131150871242339
0.18159344925585863
0.10916982330541505
0.11068251904575695
0.08067139903495295
0.05554314630755709
0.1023581412363081
0.053831408132957524
0.10690472710029278
0.052176170387365384
0.0632952913553433
0.04217795135562506
0.019559779147464644
0.021808355475720215
0.03331014319701207
0.025248191657176275
-0.0063133865320972905
-0.03018246888499007
-0.007865265103936696
-0.06292607245238015
-0.0490286172016936
-0.018879842334008128
-0.062258680184441056
-0.0740856726396416
-0.06780956165287845
-0.07149785323942787
-0.12038366751808521
-0.05863936006707351
-0.0946429916978064
-0.08686425532637984
-0.15997145331772128
-0.0927801634946366
-0.17095100508620617
0.11653542613083537
0.11178139049379361
0.13574787457511525
0.07299928892090024
0.09366305866108937
0.047113271356304796
0.10230139883538766
0.06473016355840885
0.06262294616444017
0.04810652496632803
0.05619930815954003
0.05445625192609758
0.024361761417316424
0.014084130959054024
0.05188410557344861
0.022950118940081088
0.0033499025910087212
-0.053056176202488946
-0.036661042265589514
-0.016230393534347208
-0.012235178227113879
-0.002181965522550927
-0.057896139903995766
-0.07634243220710896
-0.04061634060341238
-0.07548344483537898
-0.10398527093855656
-0.0770107906320103
-0.06761291693134197
-0.08073081493745685
-0.11879855939844636
-0.12384511944068315
-0.1299169351326393
0.17170583556187705
0.15845001675889211
0.11939517831295401
0.1173130633191677
0.09863974521697358
0.09367030835306946
0.053070541405706904
0.04313356088949738
0.0529195758616931
0.07561673818260486
0.034319186857165465
0.04323514030588986
0.01573255056082988
0.030183248729595064
0.027046142891991608
0.0026866473099721074
0.011149359010709665
0.03257137764494296
0.004112217349749469
0.005980472092328697
-0.0063444549177835916
-0.05179535084273332
-0.04708953512163812
-0.025577201880398984
-0.0860454377840112
-0.07957718778157105
-0.0671354162445442
-0.08027964458763351
-0.09640882880616192
-0.09710695273244252
-0.07735743214676838
-0.10494949627534493
-0.1479428627391656
-0.1590718224113199
0.10536031155889045
0.15073740556790455
0.11122765569657267
0.13459353763489684
0.09416004609818494
0.12301192231100748
0.09815593515770137
0.08774944865419404
0.07747357506573173
0.04293139100384655
0.03505161972218904
0.0390816693968397
0.062025788021516357
0.03973728135262143
0.03334417019314959
-0.023114998635075996
-0.007725096904699927
-0.020033958899551448
0.0029786360554055966
-0.056381402279532186
0.013562310285463598
-0.0514783522128141
-0.06649324315448454
-0.046930971315547736
-0.0941635272757696
-0.0950113902618791
-0.12126587241027717
-0.11054346592457068
-0.12316654838870467
-0.09011589113513425
-0.11915704946996565
-0.12207434974161294
-0.16673908954557426
0.13000152489496905
0.13753385219144507
0.09625093241801734
0.11329023701058431
0.13640387007494797
0.08489904381220445
0.1049864344814809
0.07356389962976696
0.10427487435437317
0.0777130916950649
0.04828130878100452
0.08185454859595953
0.0291838540572885
0.039511212160743873
0.023617985163556253
0.041796170339390495
-0.01192244620458149
0.009164921312345076
-0.012236224899802329
-0.016124827299455864
-0.0002534264883663796
-0.009506779342433942
-0.07765042124364445
-0.041475101182596154
-0.052385745410732
-0.09797994578314435
-0.042306719726663534
-0.09402479262320818
-0.14013792519779006
-0.11121715126740725
-0.07671838533860106
-0.1295984312362175
-0.11113883558120197
-0.11990336002029045
0.16325192681433046
0.11638751881050233
0.1096245727806067
0.09151566373650147
0.08682384555379657
0.11808530540443203
0.08830415026094679
0.04322022712826655
0.05618955032810193
0.06526547729423501
0.0865887024821767
0.03305679051746646
0.031587993473820526
0.04166875235642452
-0.010537581165097053
0.0020377391793447953
-0.02729913583255198
-0.005019528283056606
-0.0036316971762038863
-0.03941198872697564
-0.02070211679825248
-0.030518257948320686
