0.3527501300486406
0.3217760124560244
0.26738240141446584
0.30012366002427804
0.29666055977219513
0.27161361488594865
0.255103842154143
0.233865090198961
0.22865282857086727
0.20899309086299656
0.1575331882800355
0.19156343149349608
0.16600710856609624
0.12915035736415204
0.11895692288749363
0.14497292729352168
0.09840100084606956
0.07154520699662628
0.07222510785868294
0.06998357036725969
0.008262364245488752
0.005213805799594054
-0.0303678650294895
-0.022226040033888957
0.01195087108203324
-0.029258629664721137
-0.047635515239717374
-0.03893010523601825
-0.08032871443699795
-0.12925519786937642
-0.10606284682674605
-0.13296931830601025
-0.1644443838823972
-0.12310413732957384
-0.1895435794947889
-0.1521184378281122
-0.20440879825719538
-0.26603737773918834
-0.255510579926002
-0.23859115062999403
-0.25377867433858653
-0.275665475897138
-0.34477938953414583
-0.3032523429742802
-0.37599015468751384
-0.33324315036120855
-0.378084075839886
-0.3772955410067893
-0.4013757633780677
-0.3596429270453807
-0.35620329302224873
-0.3646867976170825
-0.3135853433785561
-0.3278645693539932
-0.27691604954165605
-0.2537481144842606
-0.24031501379063422
-0.19975781299355663
-0.22024424050165467
-0.21156542695141742
-0.18028052519410845
-0.14581144927099102
-0.17269923033505571
-0.1470453044556448
-0.1316853009251436
-0.07723618530598844
-0.10218368123590306
-0.04048306027531438
-0.06329940723537415
-0.06279801969827226
-0.058985618181927504
-0.00500632487629233
0.0043475626025313565
-0.004879247342925344
0.040027288167901805
0.016302095457734846
0.11231317143171124
0.0685385299796786
0.08308806916308488
0.11996464448238266
0.10187794860513102
0.1667845259908452
0.15859309906096064
0.17272533081538857
0.19878835796165228
0.20191940397538685
0.22702540659586903
0.24279646091809667
0.24090791840984283
0.26144374788905694
0.2731315977529235
0.28833290123842853
0.32716359499060227
0.35558377016562626
0.3259021322281221
0.34017407609567557
0.33650334456788494
0.40172122157864054
0.35464307473366474
0.37870937533882165
0.36112023488630945
0.3397045359213621
0.3532166068173041
0.3014668980711114
0.2743231917081404
0.2898229684413059
0.24563162611022002
0.25896960288595644
0.25399796044275025
0.18919141688983157
0.20155423977230483
0.2237721864747175
0.1747194733878331
0.1511398458518126
0.12491588690806567
0.12333910917390555
0.12912555709130272
0.11549531146036725
0.11150721143985781
0.06727221464158534
0.08436647416105006
0.011783334446370463
0.008243073964285929
-0.007615026411279497
-0.013835116730250195
-0.035008103410425505
-0.03539386290136545
-0.08469613908159834
-0.07229607309400465
-0.1026291699349879
-0.12992008398163812
-0.13345590872752774
-0.09634775146634339
-0.148918747048186
-0.1664420714152932
-0.22757064126489365
-0.2624866788686844
-0.24331490337455058
-0.25542408903441816
-0.23233257898263573
-0.2678190383583458
-0.27453537221699137
-0.2839481890861544
-0.3123554260286968
-0.3611451249970679
-0.3537449105811601
-0.3313580739775307
-0.3629245347728648
-0.3862153810083397
-0.3679168618953731
-0.31939311790280445
-0.33758002158630446
-0.3053720353986582
-0.3142458055288119
-0.25132964460148216
-0.28181966581085593
-0.21519329235482915
-0.22802493149212794
-0.20690047091301558
-0.21683090321556867
-0.16514138952152504
-0.16687466420208696
-0.17481813846503305
-0.17247391788359465
-0.14712716537483145
-0.09696099849569381
-0.0933774673807968
-0.09193367636016175
-0.08524721270295356
-0.06837185258567563
-0.05489214396651432
0.0006351217339294092
0.021368927885195402
-0.0033736763976780935
-0.0006736708231336597
0.025935218750922383
0.055576596349162094
0.10799322704516169
0.07501769849775551
0.09153574880889025
0.13477948582205648
0.13599171180023292
0.1559982805705271
0.17743307254981397
0.18098662313856834
0.19515163493568133
0.1986742659671891
0.21749691371679783
0.20678991577312203
0.26338404976633617
0.26437313520730055
0.25988143131731883
0.275701126934216
0.3321351473065034
0.3109590990653769
0.3495129905833923
0.37473140506147357
0.3952174769577297
0.3573184643077159
0.3642580906401612
0.3503431858326396
0.31892309896982685
0.3460523474606107
0.2819084948344928
0.2701699936223117
0.2667097763320225
0.26126842949709733
0.23787071352914346
0.20929981340113324
0.2274123105310766
0.2023238284111556
0.1658210609220285
0.17013671870079325
0.14292652532969052
0.14274230793647147
0.12157850771103036
0.10084189681383794
0.10275628454190884
0.06663513428670831
0.060159091295956
0.04243937948192314
0.030497191942859138
0.04319438258057251
0.009091750801841322
-0.007658407104143427
-0.04042865939182858
-0.05037585126697382
-0.09061337150232462
-0.09797404284502587
-0.09369706584457789
-0.11901512718493
-0.1307968043293809
-0.14937207664870158
-0.17543537374959084
-0.17592294055858101
-0.20713094885480768
-0.1957150985989773
-0.22216892488154066
-0.2321116142934272
-0.24748865678374468
-0.2462423072309504
-0.30547644186503614
-0.273013914463737
-0.2916816029186916
-0.3073449862158935
-0.3423147011811268
-0.3548868979785758
-0.36551893674493174
-0.3798222723733587
-0.38364786483071817
-0.36754889439705035
-0.35206968052417953
-0.3257002038111146
-0.32239803897683994
-0.30441520637837605
-0.2963274265972946
