-0.6974105450542395
-0.7228988974773157
-0.7379637608727608
-0.7394325491874467
-0.7704274846204278
-0.7457292440714486
-0.7460499866633582
-0.7704150831750682
-0.7507840836969233
-0.7444240561880089
-0.7129484117156077
-0.7083561308368673
-0.7120912027749073
-0.6870539394829362
-0.683309144219032
-0.6072092864596466
-0.5957288460359945
-0.612327902315723
-0.5413518431075057
-0.4996282935324704
-0.4560655225935619
-0.47941614675819705
-0.3902500639109978
-0.3395674669823485
-0.3221666784811442
-0.2714543289944756
-0.27423137283189225
-0.16789256161252658
-0.1681307855296425
-0.0920797914603214
-0.03278568487282966
0.015891706453789792
0.0540046226333125
0.09387756815963293
0.1663684329990109
0.2264768357924481
0.23607195541859594
0.31098379008307175
0.3553168912476315
0.37185327865915857
0.4251461813625516
0.47772497758288746
0.4790409675367482
0.5414323156510374
0.5546122512617218
0.6254697419115339
0.583076213647674
0.6628002898658814
0.6634305879541633
0.7037596874745731
0.7120346419501338
0.7704298785091722
0.7383021085597916
0.7371421999484152
0.7531238869141316
0.8020543128401373
0.7535878540947676
0.7370905697903696
0.8046099509360459
0.7384931579529714
0.7375508154897442
0.7233372770462848
0.7075936017744542
0.7012906769085615
0.6696363840679365
0.6322999802083926
0.6616245308012086
0.570806659306819
0.5395024603779853
0.5334423021803154
0.4576095089666609
0.4233057015806057
0.4515158122568087
0.3853180418939131
0.3040439665965203
0.2713545281294542
0.20706694365643283
0.19548933848115338
0.15095831904530038
0.09769474937685757
0.038541693202135165
-0.004786202753930635
-0.0751681814566807
-0.08719557307984231
-0.1590079441530086
-0.20752211461748415
-0.23095548938908486
-0.2719894412276877
-0.31673504911376843
-0.37546725856307944
-0.4105427022427885
-0.4373450289111789
-0.43461129947484684
-0.5087514807720863
-0.5535778289489568
-0.5783979225187842
-0.672376506815694
-0.6273038246373457
-0.6900415659063205
-0.6686435794163249
-0.7132879152602057
-0.7704254700631743
-0.7367387145856819
-0.7706152143611549
-0.7693665790542094
-0.7705599637905289
-0.777350857101892
-0.7758653179272739
-0.7346323514013787
-0.7434992878678305
-0.7731397344223541
-0.7295775477084643
-0.7076498392402507
-0.6983656975407926
-0.6698143276250276
-0.6800988521383887
-0.6149920299783841
-0.5781500563793479
-0.5666733537449191
-0.4939942409732875
-0.5121205213453435
-0.45275978448590726
-0.41746559385227955
-0.3763070575877868
-0.32625977158177855
-0.22658195015055382
-0.2571557231970946
-0.18935711037186997
-0.1640524470974814
-0.09739190725414976
-0.06611060497520169
0.0005954577154288697
0.07124611263136069
0.0893611023246116
0.15107313887233534
0.21017676257079837
0.2393074760372912
0.2760486798227709
0.32111610129662566
0.3787458431228433
0.3864833282181038
0.4574785879569961
0.4984934498160373
0.5160108707923796
0.5769255700895601
0.6074842859454431
0.6436457862047539
0.6613810733282419
0.7094711203834247
0.6944174973546551
0.7393459277110999
0.7522037031514417
0.741743499976452
0.728562303276562
0.7881640764892316
0.7532903769822749
0.7917129286027218
0.7456031771048127
0.7516440093757907
0.7161037002948146
0.7374725631447852
0.7258018578335562
0.7428026068542206
0.6895471126186502
0.6750089358273317
0.6361895436955767
0.6607245834694915
0.6044428030371753
0.5817859761968183
0.5353296254022497
0.48190269569535044
0.4657666317436809
0.38777547456666056
0.362675593702332
0.3264785813773786
0.2402870222680523
0.1975827608724865
0.1872215818644419
0.17766144390007269
0.11118333624233058
0.06432238154727188
-0.0024188698443899865
-0.04735254039830973
-0.09365346315998138
-0.1163344935550531
-0.18301680986519536
-0.25823866056335226
-0.2779279349171467
-0.30844078329450025
-0.34671906307999933
-0.39740019094605256
-0.4339905643652666
-0.4931006473461474
-0.48916529112964885
-0.5371702827927561
-0.5815654733482662
-0.5878369697361765
-0.6396780320224615
-0.658042079179589
-0.6766950009531406
-0.677874471652
-0.7412375015679307
-0.7364389992214702
-0.7458618383854911
-0.7730102279161457
-0.7538934033079872
-0.7905769839210534
-0.7822462757064366
-0.7567497405655197
-0.7519942393892909
-0.744143838030862
-0.7174335694126113
-0.7345887557669432
-0.6697453764385722
-0.7051062822323805
-0.672531804539691
-0.5891742223300686
-0.594715987088143
-0.5601807729607003
-0.5480844148373278
-0.5089775852323117
-0.4093342026225284
-0.3733087964648213
-0.4091985744337943
-0.328245847436994
-0.29357838344153814
-0.24315518453405716
-0.23087095495940863
-0.1847058395513936
-0.1295560395401084
-0.07949807304908249
-0.007867305990239088
0.029834057666446215
0.13786340900716798
0.13108657393733872
0.1836293607971955
0.1978875418284277
0.2794115840456282
0.33074815551602854
0.37831603716516893
0.39956130730270095
0.41325623123475175
0.5115749355884128
0.5253326047223452
0.5182831270209269
0.5573925940778425
0.6262824697093813
0.6642253698017162
0.6747531000150543
0.7079202057564957
0.7013706032428088
0.7334486958916819
0.704016120991093
0.7386404323912753
0.7263477831819514
0.7965242391287609
