-0.1930029523270262
-0.08254885742969942
0.03543995705612375
0.11220717033991932
0.3151529910191177
0.3316588915113385
0.4008409204375704
0.4842105193548883
0.5260650175863568
0.5703706397356727
0.5534017527133767
0.5381402125567087
0.52872312805292
0.49464529885078745
0.3974852348809429
0.3116170946631932
0.252547686251357
0.1416078503353439
0.023395349498084143
-0.05948597068329601
-0.17090843302538097
-0.2468974888399023
-0.3637284005858539
-0.4076540656067796
-0.48331222238523697
-0.5052382604496702
-0.5779149032901049
-0.5518371841735653
-0.5055738492097611
-0.4873054523598789
-0.47003217140964093
-0.3872418636826285
-0.27077465215370755
-0.21341122148055425
-0.12398903761605186
-0.013407710723544124
0.08310870407848417
0.18714711250857963
0.32606721135811756
0.32056552337373095
0.49146777164822825
0.49956597126123686
0.5327306155106522
0.5495447356098676
0.5901692167717941
0.5426114562899644
0.4862984568967734
0.4607205295829247
0.41679001302056146
0.28545100708204696
0.15872003700964232
0.06352945707280985
-0.00926376782494118
-0.11286867671701002
-0.23050148996803288
-0.30034063368602815
-0.40256839194290817
-0.4484690739891884
-0.5420594939276203
-0.5186846849018397
-0.5772764154585595
-0.5731440824330968
-0.5101178872620743
-0.4852250768800348
-0.44530116156197097
-0.3526166067102821
-0.2726845822760588
-0.15322565970488172
-0.052029050275622823
0.07396182395940636
0.14445840564999032
0.21257597760253133
0.3574315815970455
0.41171692800130294
0.4868973099784075
0.5388725591804054
0.5783172578346767
0.5872248211962776
0.5535104241897445
0.5235022180684136
0.45726918493474145
0.3771659274233545
0.3441317604368072
0.21402705820923243
0.11716423115199656
0.05473208695885231
-0.06977446745578499
-0.1460085144604769
-0.24855109250997695
-0.317177642370821
-0.4181332156754872
-0.507004988718763
-0.5152378856046653
-0.5775169474551377
-0.5539874061215674
-0.5333506245793882
-0.5095597619748843
-0.4721626801944241
-0.39697171202595455
-0.32702362664237744
-0.23828691195752472
-0.07157196647885761
0.010347512910959955
0.14023134597948358
0.2185368902523641
0.29385005813810233
0.40856965525808175
0.4543065635233389
0.49448652503878215
0.5308667898266128
0.5934033441739252
0.5833973063664654
0.5337369805409401
0.5141726240314979
0.40480759269668026
0.36214032728176865
0.26090812140795855
0.1846027766588562
0.09099451983305303
-0.009322372219445603
-0.14470212572095872
-0.22617471808071293
-0.3059689037976334
-0.3927236841468123
-0.44006570701867664
-0.5096150053405191
-0.5659397929749299
-0.581805097133524
-0.5689264398732045
-0.5615202032980846
-0.4835433900301738
-0.3936907257189547
-0.37381403491800275
-0.257449329142511
-0.17113673823853195
-0.048517115552736814
0.0522259204665764
0.15304826411396213
0.2729132289114401
0.35379125445077325
0.4238044416798486
0.4686804723271505
0.5602835249619139
0.5560770935349846
0.5918271597589929
0.5471248934996303
0.4997238995386503
0.4538736150417582
0.40606061755090783
0.32030045371764754
0.23774204349010902
0.1410374509474116
-0.010620862821984791
-0.09230444821983638
-0.1737411287788427
-0.3154215050827842
-0.3561487672416558
-0.4351433631292295
-0.5131562463274516
-0.5276023459874212
-0.5456336613027384
-0.6007721989557345
-0.5224161525890825
-0.5364696962516551
-0.4582518818463589
-0.3889216474258119
-0.29997926153203064
-0.20213831392086376
-0.07263909780919803
0.012521700628849596
0.07930656584699605
0.22934709024236913
0.31108821270485754
0.35919772119401766
0.4714729438404473
0.4843358566008672
0.5497325937250248
0.5594374986114765
0.5898631563464901
0.5282514041605602
0.48199704250319675
0.4401058270408288
0.30009304784377133
0.2690563155639886
0.16621837782112156
0.05147799968194386
-0.0038398738539377544
-0.1060009448562035
-0.22776333258610823
-0.34121916232740074
-0.41539556753841167
-0.45674716368866536
-0.4825782800144441
-0.5870975769460666
-0.5163987488886584
-0.5746180630185761
-0.5308181702245522
-0.4802128290461034
-0.3821700217376512
-0.33582134909823214
-0.24121591969134987
-0.14653145243911372
-0.0344945071920513
0.09226963766246277
0.17658306086719106
0.2698800142418328
0.37838173348205684
0.43127468145199194
0.48959517071814507
0.5068507655337321
0.5317175856393833
0.555720723935403
0.5219056256668376
0.5034336765106667
0.4469341717862874
0.3793711218913863
0.3244486095243672
0.18944212882736902
0.10357710496741204
0.004273819812463729
-0.09245654639972546
-0.19123676296418318
-0.32876883992081646
-0.40868834476113386
-0.4492772992729835
-0.49184704327900053
-0.5599295551781084
-0.6127021016473039
-0.5395595586213064
-0.5481957574301786
-0.5081346520057618
-0.4503529409438198
-0.38906561779424564
-0.30590752528486675
-0.175100687066746
-0.10296505698151005
-0.008963985573806267
0.137447142531105
0.24989183235352455
0.3188777238574069
0.3858526678916647
0.43786707481252113
0.5275275671014547
0.5642511116863985
0.562447329518392
0.5693178317665993
0.5240405812318585
0.47097831160632586
0.4498315085629941
0.3469793257209893
0.2988257535449412
0.14583475907397322
0.05028291402136044
-0.045677115893671884
-0.15051379408211757
-0.24027670684031185
