-0.01852952707200508
-0.012933906244248651
-0.0032503614449513355
-0.018099907799531897
-0.043208374962027625
-0.021953751988564797
-0.0016157690806645397
-0.02239456209330997
0.009837146624920017
-0.030279832439434058
0.012008561952867099
-0.020657577436109527
0.0017601976682159303
0.01281137466851448
-0.02043473268543102
0.015832592004201715
-0.002267831800983721
-0.003606119919423071
0.005114963472447904
-0.01538173547648373
-0.026782055650786684
-0.018790132086124286
-0.040117431907412474
-0.023424871593999558
-0.020703723830035648
-0.024304797234083988
-0.00010663693263014869
0.028537095204847207
-0.013885436763343749
-0.01309347982830052
0.021833693488823483
0.0031523919466480282
0.00032487662358650013
0.014179977783189128
0.022961010251053456
-0.01385987900240655
0.0002873747002147412
0.023953110235951123
-0.016805708063500773
0.018761820158099424
0.023631408470634767
-0.018831655447985755
-0.018882315118650045
0.005289577738632837
-0.003781916159522924
-0.0016700942932241034
0.017907927727440015
-0.006040137596204817
0.0078866531236931
-0.001036570729236734
-0.02194613571949701
-0.00590869723596401
0.015120801503074478
-0.026684169154718038
0.0004192488238463901
6.4654788600893714e-06
-0.019882868338284367
0.029930990263782816
0.004718675084852185
-0.0018862794634277088
-0.007498995521530875
-0.028552811995879675
-0.002482877769120666
0.012902571546374052
0.0019543627690430457
-0.018003721951856514
-0.015722326613709977
0.0241600287573544
-0.018455090195085126
-0.0020747329552631994
-0.03209756354637897
-0.01480133094921678
-0.0037746433151487034
-0.011791808009185948
-0.0054112483092103435
0.002967407242274572
0.017034057235737345
-0.00492164056794568
0.03588125448002358
-0.011103117239575844
0.041814935306261375
0.017552534833938954
0.015185985888581575
-0.007655933035906762
0.023993041036856674
0.03182263654244265
0.018674633248328194
-0.022623797505613948
-0.017806823342767293
-0.0014507082405217989
-0.026373133880848512
-0.01857641277298932
-0.030218663418548408
-0.001742432502593678
0.007049766598872076
0.020085275339273477
0.014270594757377575
0.0016335220881995866
-0.028959508992432555
-0.025517965342551744
0.009008585871819325
-0.010613715384170063
0.0033395117534071456
-0.011765118045416892
-0.008246403402255435
0.0012182626786307344
0.003233194508539726
-0.039166562637121476
-0.007482369363082149
0.0038596413670637392
-0.017840512970684695
0.0017786143972736354
-0.038423190894709636
-0.02659994996249669
-0.0032915519225094887
-0.09267735983245007
0.008296830074258523
-0.0015715826987050914
-0.0113293472463619
-0.02253260505242921
0.024309676325829435
0.028470383215640098
0.02310533033649056
0.017867566872344694
0.0038479383974549773
-0.01912172381178709
0.007031738111637693
-0.024341359056307722
-0.004404904126990134
-0.025311745623952685
0.020750109988155782
0.008756906952791969
0.0015275313413243077
-0.028118864785238534
0.0020855956890919475
-0.007436522943398809
-0.025477536688248658
0.006783980882542287
-0.04546665106944448
0.008335096626127986
0.0010161053446482039
-0.005989015334605536
0.020904802491896676
-0.01228122292966866
0.032854193781008394
-0.00801744870244844
-0.0144642860104209
-0.017674418616286238
-0.0009906140686633189
-0.014658363647072271
-0.026790600085921656
0.0025783199728567317
-0.010260902384225092
-0.009345984932540855
0.00973725281539502
-0.011004767924354258
0.018332242880531223
0.025407860840750047
0.027202185532196287
0.01048134804838158
0.010655684149181744
0.02335019631052247
0.0005484031655764339
-0.03214816274400147
0.04215546016183122
0.020272667402897356
-0.019269440521181777
0.016224004832807247
0.013773333811688052
-0.01161474123813546
-0.010652959625130642
-0.03114935877418335
-0.008212613568258925
-0.010103493567545939
0.004975552977166883
0.022629576111667042
-0.0007400713286558145
0.03103659507894079
-0.02430370315926591
-0.015844038412414826
0.028433781865037512
0.010375334119994785
-0.014000668171209641
0.014659886872904124
-0.01288887576634622
0.01440191922729072
0.035353618447655145
-0.006632003323491924
-0.016893521741161134
-0.018106378972128814
-0.020237916917038204
-0.028665018619997908
-0.0033072567016080023
-0.027324973518732247
0.0020117034855582482
-0.017661126365408696
-0.0017964036140980313
-0.006716575618411812
0.001355491408253185
-0.023473693603370295
0.0037328099836518164
0.01673623039770964
-0.0368364218769488
0.026538592519264437
-0.01318238036548809
-0.007574200085635937
0.026760144689827618
-0.044446979659956434
-0.001918431304562593
-0.01762597683922733
0.0037114770617040892
-0.019741088420835995
-0.03134150384532021
-0.0137427698682627
0.015308407422190497
-0.011905809053280154
-0.030706540027486295
-0.013591341084411424
0.005099650780216392
-0.004319538059694839
-0.006787004654393611
-0.009603308002088862
-0.025438760476182078
0.020320486661630346
-0.015256366705926793
0.007732517855735484
0.014999054202239948
-0.02762388157162636
0.01874686524292106
-0.031082921496374906
-0.0446318307864107
0.01491452943409988
-0.011031876659098109
-0.056675442518346664
0.01787934338198394
-0.005590808027720724
-0.025450070776641256
0.01733158531093143
-0.023979688888685166
-0.017093197958770005
-0.01664561386614214
0.009141872761184833
0.012278143959147373
-0.0069434458367208535
0.008590106466958422
0.010066449439456063
-0.01457436757329392
0.002104238146893301
-0.0187041798872651
0.022538919535679415
0.012058078313870593
-0.00380295592454581
-0.003114875649660233
0.00780331429188578
0.01649201516743625
-0.021375413391253262
