-0.2189563049036743
-0.029102232484870327
-0.3012022494130587
-0.2805252865923527
-0.14571485346191074
-0.21601265686183635
-0.02020693613901566
-0.17700909322803404
-0.23462786179702252
-0.1923817595610165
-0.42268612164234726
-0.04280947248520722
-0.4502903358744119
-0.4113906901580015
-0.25421675010684586
-0.4197231708210832
-0.3800360114527111
-0.2449633068141424
-0.03510210318321769
0.028513966700421715
-0.1981053403668194
-0.31860309684729354
-0.3363466362924517
-0.37735756832314205
-0.14462891772483566
-0.218227655371807
-0.22721491363378554
-0.13795792812145843
-0.17364966097625434
-0.29560495057369074
-0.19510640815686492
-0.06898386411326261
-0.23722943040120203
-0.46790359565954515
-0.0461947266392897
-0.07451557785491869
-0.04835888683793124
-0.12663287279598867
-0.039393003147226255
-0.06647762208218315
-0.16842347070126837
-0.4373939260602052
-0.39530632482692707
-0.458655531862798
-0.4642539277727136
-0.22829760972865393
-0.10403298337045949
-0.4321813855024726
-0.06938687006659787
-0.09173100453631969
-0.18033351502219078
-0.25775605075979807
-0.2175453996657745
-0.22930228197248004
-0.21054550868143376
-0.22471325521087632
-0.32464897740733833
0.0042648471449359465
-0.17366923642364474
-0.27569570516707986
-0.2999191808815801
-0.2634076616813555
-0.3911572906378489
-0.08059665055241638
-0.14706984884522795
-0.23047945452487514
-0.0012280490940658334
-0.05028319927908671
-0.43358506794234797
-0.054845194687508744
-0.14745172260809367
-0.43769355069462773
-0.33838209857250146
-0.14687297243236042
-0.1543390307882243
-0.4649189327915263
-0.18742447668383336
-0.3944854425854118
-0.2483491441224441
-0.19829781005380415
-0.38771516628112884
-0.4593934329548484
-0.359668617026834
-0.011694367405789417
-0.46613271556559316
0.004815003070207675
-0.006258513883504782
-0.07738666633750911
-0.44735576584031667
-0.12176572316689777
-0.3489863854580828
-0.21256119352467612
-0.27255606443416713
-0.2350395729462186
-0.31885901419092094
-0.06754243523992441
-0.16153591865312147
-0.08199344819444312
-0.15128856282529948
-0.3601504479538749
-0.1040008627929989
-0.24282881365302805
-0.28736823780895515
-0.13067285737403375
-0.3091354819301787
-0.22063697396878007
-0.43254842296674556
-0.1423612597938706
-0.16150817708530166
-0.10612222117953996
-0.4359412625685501
-0.28772221438026574
-0.2310170040932986
-0.08982937632527871
-0.14586049369965012
-0.3310127621361241
-0.32822905569389044
-0.26182534939125296
-0.44768034043894567
-0.02086952771519975
-0.46239387092356943
-0.16879545268532048
-0.42413209435966864
-0.4524142196406993
-0.4619687642989042
-0.32601067853298155
-0.3375095668010824
-0.04169307508134044
-0.2793245419144009
-0.41640020457658894
-0.1164538295038497
-0.3485811586939198
-0.33417934968055757
-0.26539907987315037
-0.15557587243205928
-0.46505771597749634
-0.44056422411527246
-0.2953490504020188
-0.2949050766073317
-0.24978993035567915
-0.336726998748289
-0.16098476587900742
-0.27995285027788575
-0.17518931305219979
-0.14859354575098682
-0.44981225935951663
-0.14555247029740206
-0.031207630550379575
-0.27396987700575254
-0.4602682071504419
-0.22382088247288673
-0.4065266350614256
-0.44144239558210746
-0.2534233449068523
-0.021299358396287903
-0.4914783848116436
-0.31492730325624907
-0.21398316721824867
-0.22347165231824073
-0.09800986634052333
-0.4650306942837046
-0.46904849057933845
-0.44317381808893513
-0.3290866861267302
-0.22180721371923698
-0.030683067608239994
-0.16316216386441712
-0.442964440854878
-0.3399437154455833
-0.15290161788685816
-0.18576830969054567
-0.4741714311190041
-0.41349943592263844
-0.29089751136446085
-0.05058419482729287
-0.326327732454472
-0.33347151479989096
-0.052951996417745756
-0.1504743830784739
-0.3959554161182244
-0.19103091752990006
-0.3627564557179983
-0.01139538702124835
-0.06009521252741811
-0.027207850182874155
-0.11913452360123837
-0.27475167182510585
-0.2197146354105492
-0.18124416917442487
-0.1852011328497881
-0.3453554272052162
-0.40619046900612404
-0.2866450215843554
-0.059955615524993
-0.4504765951676224
-0.3648621865276841
-0.04905075351294251
0.016321325234106808
-0.12652542984526188
-0.325544865642928
-0.49773344964603544
-0.4829154087868243
-0.2715355293865886
-0.10412982898799676
-0.33333960150683173
-0.06779382492716321
-0.29109068968755736
-0.36743599113365494
-0.03844885172387301
-0.07702880576748261
-0.24793731635293567
-0.17233902367467005
-0.16871983120981857
-0.08930934923703851
-0.48945748230357183
-0.25226257786676726
-0.28825213929768323
-0.31521220507295367
-0.1832775316802415
-0.27140231697533185
-0.18183088639913297
-0.1880903032995727
-0.1719899873841117
-0.308938109327897
-0.045695275737429694
-0.10249462566668696
-0.35856163216979486
-0.23124031010532728
-0.07422034619122234
-0.07876076209634342
-0.1256695263164179
-0.14772301414650385
-0.42534286790882525
-0.12458135588914312
-0.08006170488666056
-0.22481498945214445
-0.29474789897056747
-0.45691386300684095
-0.30404381343055226
-0.4447407664235425
-0.11903074335184209
-0.09396731999869011
-0.22885934775108213
-0.21609724232507077
-0.3667378191075356
-0.29963560306160725
-0.03268238170271008
-0.38808575065106166
-0.40525309495627565
-0.25509652922555637
-0.06252183137144861
-0.27313901557828946
-0.340538467910213
-0.3049629308456753
-0.23847200898994717
-0.2187072556421789
