-0.012181597950646739
0.017589502117794573
0.0915176092384944
0.08414198247929192
0.06452526792236138
0.038347028538601675
0.08271228921049065
0.06764764887753479
0.0648278091515166
0.03224028776506884
0.02529180563994863
0.005372499517513674
0.028389235497557806
0.017345735944561208
0.006515646398541405
0.07444080326578667
0.018063652915164936
0.083471996802548
-0.01962541984951311
0.04161006729170675
0.07361360538027797
0.052096996246745894
0.1030998857921229
0.030710734251791248
0.015206625730567087
0.031352619171067464
0.05151068508761311
0.008272059181457968
0.07640276727927424
0.033912795513128924
0.057546589425735956
0.043587743110011345
0.00987823381636602
0.024817395450575798
0.0025698144921077817
0.05587293710210639
0.017174307429438054
0.05155524643745203
-0.015466950869254682
0.01769552900845242
0.01909645843750225
0.021687604149075432
0.06714760339646314
0.02784380349316281
0.04281852823118108
0.05418095894866519
0.03176342632408899
0.04776370995735854
0.001589913171447646
0.037746296249059307
-0.02299829442404923
0.08815261618495143
0.027291342576016384
0.03973322985779661
0.004883652343367584
0.07976118820946931
0.02377411631443182
0.03809764340091134
0.025825702827209904
0.025080651557248267
0.031839627455947324
0.012362846900439858
0.0512461184320485
0.06896031174815591
0.07221158696351905
0.02070502559151641
0.05817001467558745
0.008497964163359977
0.0425028192548271
0.06275413315515582
0.050465905304653405
0.010922384133055404
-0.021436328442670117
0.03964692107043321
0.057619597954478054
0.01784144426352375
0.014844228369757441
0.017562055583300346
0.03918124252513451
0.08461320775428793
0.04691114236045138
0.03436114556536328
0.03251220961683173
0.013415909513823761
0.05442498865690512
0.03773471503074764
0.015520931852902764
0.056804621471093664
0.0914540463146742
0.046416198804436745
0.07897369250546096
0.05167892751522101
0.025557966327070095
0.018211634929134864
0.0853390318811422
-0.010269024201891463
0.06486082120471696
-0.03439807911733364
-0.008380183404842173
0.08984537663291564
0.08948269200901057
0.05334252773437109
0.02440393852413614
0.1134076992475897
0.05129037129807389
0.019176928643893344
0.0011154905816075922
0.0011270325705033286
0.030543134256349094
0.05069507232768039
0.05744734516782365
0.004750548006360979
0.049802629298382334
0.07266312702281691
-0.016343389161841117
0.07084978956387213
0.04497301732058491
0.03541482104915273
0.01562299067459516
0.06644741998538042
0.028753885654468486
0.008930277407684666
0.0323007053416011
0.059668224875905645
-0.012495227859681789
-0.0271188813515935
0.053561400481468374
0.0621885238439054
-0.00035081075437324617
0.03814090964729215
0.0377056733822005
0.015684012692805886
0.04070507041152652
0.018065748309059226
0.02586627575390114
0.005926460074260866
0.04349102894607714
-0.030348238531367026
0.006584443689927469
0.039063407988322155
0.06704256142867074
0.0202453333178371
0.05278348307041987
0.08537053228743985
0.04456183854581107
0.06814723980008114
0.02635025706791422
0.0503232443618381
0.05616431402248713
0.022630485433011636
0.001787816272946604
0.06058221481479796
0.024326017576970674
0.0818455545506858
0.04060045480232909
0.030432289356262483
0.05062745393962234
0.022451475040793888
0.04470413982528286
0.007428864828913407
0.0685853377220742
0.06151630503727891
-0.03201761399588789
0.0010233936897826694
0.05314294172846464
0.08620279577560344
0.0453567563609925
0.013324392622151775
0.05296375030906918
0.031062686826172636
0.053634089688807327
0.06764318372554065
0.02181988810758491
-0.00212345402209127
0.05662902521710669
0.09157359568893572
0.031388649595991205
0.049438294163551964
0.05496531972827229
0.04612733146324869
0.03633709785090477
0.056615208204939635
0.027056442353971734
0.06105223187262357
0.039183969724562874
0.006451344324875149
-0.009124466743187759
0.054093109630577355
0.04996247286529407
0.09783915929514508
0.06423657804799744
0.03437175015307531
0.038664757997757454
0.06100572341583073
0.09131627033415955
0.01608939055642533
0.0570243006666567
0.02151791604323801
-0.001739650757244467
0.023979866030560598
-0.008671367831620203
0.0663642638104944
0.0848646234728937
0.008822379678327247
0.06466762797993744
0.062269590271385095
-0.011016077940274056
0.05459314972709023
0.06023024587171658
0.060795594355136554
0.018662463195273815
0.06859581412204006
0.06719525205495644
0.05599722195202359
0.03683908589102254
0.03684852352135005
0.03222337016838423
0.026979610826518122
0.09881342196927692
-0.022492495516060834
0.03906436994057137
-0.01293828577099756
0.06769422513172353
0.013562132874643825
0.03771447908361955
0.06776703677920304
0.046020827857674015
0.0501095277931904
0.03703016610427951
0.05294203073784072
0.023177735471574274
0.03216479933467434
0.06342441121001527
0.04457230730062952
0.04121965300746804
0.08124037134369912
0.06937331525527796
0.04126540524167853
0.05639060500180683
0.04116406972786848
0.004636558191146578
0.048076630910136024
0.04067873616533765
-0.006278459656771707
0.011543501865490264
0.022329463535430635
0.0709083222164129
0.0515909131373781
0.040373237761336396
-0.018722428052962353
0.0828148813123608
0.06779212897926845
0.0745106711607592
0.027584203853847095
0.047516601501668795
0.04179824932606101
