-0.009481988015846274
0.13323918620327205
0.04262060575200636
0.14969875728239831
0.09215576699833306
-0.014004805703432401
0.06273912507865598
0.09268785874759465
0.08171126790708864
0.028769851893709918
0.15243127581431234
0.0018151255582795067
0.20331678940676634
0.17849017804348663
0.19263916692371283
0.07668289396337954
0.021835197159611085
0.11987923361088201
0.11136939223857376
0.13999686034438646
0.011849389540532763
0.15886634528574842
0.17305331791688955
0.057272347359867956
0.16082266912782314
0.13372173445963775
0.13834345065335302
-0.047885818229786666
0.07893757611756999
0.1821627588219166
0.0862303964758278
0.0650546456951498
0.11359004625818328
0.12529520156238377
0.1284700660937836
0.06265451552340495
0.08268076747280685
0.10626255803886969
0.18698027524969804
0.17155776664151257
0.07014224098929829
0.11292291600157212
0.21104681591918995
0.12321141017378327
0.031520192010477316
0.1022726363162619
0.16923602497322887
0.04695928542598067
0.16624881987441492
0.18833120765659575
0.13032424290823455
0.11026143796354573
0.19909567269559075
-0.006539573921223618
0.06122498845552917
0.13779485778870346
0.06658427100138614
0.006615473844267854
0.0354532388952138
-0.009482224343610056
0.009119929303458714
0.03419972159336507
0.22282246866770977
0.07925978447209622
0.15836038164745975
0.06705266864523866
0.12582237397611115
0.036935477133447206
0.03387160255647256
0.08332323033809702
0.19160319581743662
0.024338607191918018
0.019490826952065075
0.05683263225071966
0.03284921046024145
0.1651934290215456
0.1505911461751474
0.05234097691875731
0.06614713962663228
0.19125162140622193
0.2057720279486403
0.04487345851276358
0.13103733407745818
0.07751259373391613
0.13017161994765086
0.06995769020843519
-0.004402605487248623
0.035262419101963566
0.0958134070047227
0.08568761411674466
0.21136502069529484
0.036793932043576685
0.1998267157186049
0.04566561508764069
0.012859651643873704
0.10770392982096615
0.05804087327812316
0.11564144355381636
0.06600273315620377
0.10045380220657163
0.09834643136839122
0.039251651700414135
0.04810390152109841
0.19431354173516774
0.21764794025405593
0.10296471041520307
0.1561085271416983
0.03473426923122268
0.029759946766662514
0.18748378355038972
0.11157027383648702
0.2162763505717912
0.0450229559374112
0.10545603328666629
0.01434729984235878
-0.002699303155142752
0.24172922856069834
0.09294141552541577
0.2002253224866339
0.0711869990083683
0.10043141080727672
0.043553179753586954
0.0917067421768847
0.11175744441266164
0.05724055008862469
0.17274551595285154
-0.026089879654465027
0.2329923902117314
0.027060395544971732
0.19934799031014594
0.03264310511422325
0.20788786818002475
0.015901197137099327
0.03255104705440899
0.04181216471711095
0.15793137671737179
0.045244495166326705
0.1269558864354869
0.0005380603440788287
0.14333415306302635
0.17761529829250197
0.024360945411885743
0.05622861455769792
0.0225448994542857
0.20370791526806017
0.03162512074809474
0.2086792272753877
0.09091214192447353
0.1395254427758482
0.1586146373396847
0.14476504587930727
0.07851364800351844
0.05526206160056957
0.07638804477578849
0.028526330593017023
0.06049295485013476
0.02265844536390897
0.15091118265500852
0.2319593661030845
0.2087767380919016
0.016865740460135576
0.04102094531390819
0.18856472519838763
0.07973712678689795
0.2075102351330035
0.1965006293613529
0.1762734414267264
0.06713821469907506
0.10753414070412481
0.13786071651223356
0.02977423122808524
0.1343261386783934
0.06287606731303713
0.22503334030959912
0.15014589328174768
0.0503010940478447
0.058002221320425665
0.19347965756589505
-0.007756742585822263
0.14421969277049937
0.0616580656419371
0.03579582111742679
0.21947771890491366
0.10741592308630679
0.17493510533518644
0.20264204101633435
0.07586401263454079
0.1340698764570776
0.19910810568275372
0.11365233251827095
0.16149109989173782
0.06765264510126924
0.02246184077742806
0.2160609923382406
0.11581511522618881
0.0014157993223759095
0.033847079624026985
0.08068223581480577
0.09596282553752847
0.05620728464682717
-0.0014898041675754036
0.17165038514237008
0.05057845440472878
0.005609661482598713
-0.01954706645251664
0.16930985115903718
0.20232812173608092
0.1312137301580693
0.05190379540424988
0.21076120587977665
0.13959936003654647
0.08384906306819424
0.19957440062513462
0.09183137477496
0.15073024154851689
0.004931137833802986
0.06557916850268
0.08576286432968923
0.18225710653613178
0.16580359681626883
0.1870511103148466
0.044395896878961845
0.11401985088490957
0.02874749326324326
0.033564318306806215
0.1751608056652125
0.12064022832996757
0.15804451613104323
0.19114833464381437
0.14953987635548954
0.20794123908685605
0.010475086802339335
0.011487521866112276
0.17804800665558845
0.161026373392121
0.043771221139943625
0.1495651851418455
0.15917453729609352
0.12930870503889397
0.07524626624166643
0.030286875984597544
0.08257456845739428
0.0895002643423322
0.1771191839626193
0.04802476060282486
0.06940745605260326
0.09466857699178106
0.17454629486667947
0.05769641558679244
0.1869698026878922
0.16806414198472758
0.0026500467536578268
0.09908932956266116
0.0385230464097309
0.06651694754230804
0.0412884234162693
