1.0159127229222056
0.9359266448581336
0.846170229861385
0.7249200142345091
0.629669825215894
0.47642260973984096
0.27739304611897936
0.1151617617073745
-0.0864416782915237
-0.26583205372611984
-0.4825117309796402
-0.5674684545372962
-0.7307484402742445
-0.8164259384298396
-0.9412877025396355
-1.0002533495484043
-1.0132815242252613
-0.9844488608259865
-0.9436722558624902
-0.8324760853957308
-0.7007897792378656
-0.5760485226496874
-0.38093736325469324
-0.19478509735424876
-0.05061412997482826
0.17041335820578693
0.31865666557113675
0.4807314197378752
0.5930660729762254
0.7299442867031825
0.8312223985764668
0.9621563297721064
0.9996251316319641
1.0003972853302014
0.9768127935996347
0.8950496340139471
0.8061420491856757
0.6682442856342629
0.4847844444519294
0.3511746963754993
0.2066586170221836
0.0069590805360657875
-0.16635088576591564
-0.3691111435129597
-0.5112573119032277
-0.6799800827070243
-0.8444908904701
-0.8887283751590229
-0.965904542575812
-0.9887590544894591
-0.9495111550974833
-0.9322558779904225
-0.849076590325179
-0.7619591208688936
-0.6793507313780915
-0.4905332923897835
-0.3090267304837458
-0.15562878223885526
0.09457006186467118
0.2462281707658095
0.41981990441340933
0.5673317248556035
0.7167347484746623
0.8227649625112273
0.9114911957248362
1.0233934374214642
1.0351729394474511
1.006761414213082
0.9360125552140821
0.8557625906861536
0.7235825441550321
0.5881721691117275
0.44091604430399567
0.2099493944505021
0.07731747424183578
-0.12965456121354363
-0.2984445696923504
-0.4612321861437775
-0.5856672050548576
-0.7547708218659446
-0.8822899943148094
-0.9538627088430531
-0.9883629596725398
-0.9482220616038509
-0.9879146723246577
-0.912166233949058
-0.8261672772170774
-0.675613746247052
-0.5610833889460949
-0.4105433281736887
-0.18926526934372384
-0.03736145119458835
0.14263084465396497
0.34273629331111466
0.49711699759635725
0.6775752108508627
0.8134359402189044
0.887593931456722
0.9063968529201316
0.978982983553066
0.9790542286154253
0.9404945172392899
0.9248198259106771
0.7791547392668107
0.6330557122704755
0.4958849660736442
0.3623140971435583
0.18659468581449362
0.01123689443501565
-0.20322982668280454
-0.3923195134067178
-0.5707650453707971
-0.7009619038757795
-0.829762984732448
-0.9024301799032646
-0.9295972403738497
-1.0214054073590593
-0.9899181293282813
-0.9151400986843398
-0.8702823314589875
-0.7614677238353713
-0.649597499996568
-0.43383532198397645
-0.2839056747282672
-0.09188335782322984
0.019757952062571887
0.2794916359563187
0.42528609512927523
0.5813337422056989
0.7491663713634312
0.828153424857349
0.8995993917703288
1.0243438575836672
1.0169044849453137
0.9503323125016833
0.9263277071427376
0.841173992151594
0.7058342905569821
0.5745353167693372
0.40244638320392934
0.26590363924436977
0.06499387987550342
-0.151421364673266
-0.3280197612732396
-0.5083873100186636
-0.6175833003213138
-0.7524845023472782
-0.8642930654893187
-0.9947601836088302
-0.9697363324517433
-1.0229136935433003
-0.992602209198046
-0.9321405769808327
-0.7919165911514595
-0.7147052971619451
-0.5238486732208878
-0.37209066795849305
-0.1900682558565144
0.016669560850684814
0.15091207682227417
0.35264228097006406
0.503933828658915
0.6754814144555152
0.8179985620740974
0.8959512813942396
0.9780169865823657
0.9794490218624954
0.987369689392016
0.949378973862202
0.8984178785117258
0.7868476978138009
0.6812911688013021
0.49892008788296427
0.34302595059661123
0.16264661038356923
-0.04347260733617696
-0.25656066929227056
-0.4221004258801071
-0.5679041544232388
-0.700365378427426
-0.803906025884755
-0.9265790939314982
-0.9907292167291455
-0.9880264905464864
-0.9693053398338979
-0.956324072425386
-0.8728462968851644
-0.7638102820601353
-0.6264932113606249
-0.4740600664206528
-0.28539085226748717
-0.12109614193249661
0.09604205174891933
0.2857167374191636
0.4437478120626918
0.6042150353709884
0.7360159480067053
0.8776441486234937
0.9526230630852811
0.9644472774507546
0.9941220084666562
0.9749029493518996
0.9145476000301985
0.8385024996636887
0.7043875859910705
0.5517034717680391
0.4247513135012646
0.2511970227860005
0.03455816844749779
-0.12408076872649623
-0.33341243658728303
-0.4638904444189301
-0.6368389561418666
-0.8199323771942283
-0.8925247923970794
-0.9512601182857683
-1.0054870803855593
-0.9977915313539141
-1.0102900593079518
-0.8902145383066585
-0.7354940893392773
-0.6352097235721231
-0.531075617579864
-0.3443920868924736
-0.20615927666828127
0.014359581898917133
0.207293362200479
0.3731610712168762
0.546055953653599
0.677068331624733
0.7711513775992646
0.9375363279074438
0.9562380054148646
1.0109689528535781
0.9719225226524211
0.9352110735014174
0.8957150694901025
0.7316559683277838
0.5996588922081729
0.4978253206041231
0.33016794359001844
0.1616387753422699
-0.0868171376429109
-0.24590732109202165
-0.41761001705446055
-0.5330698421793676
-0.7396834848369431
-0.8324989893036377
-0.9093914540378997
-0.9491659081554411
-0.9617254576214558
-0.9959558525310621
-0.9351841741518647
-0.8078129812707009
-0.7369740868870335
-0.5850828281105522
