-0.3111473223421812
-0.3189954274133166
-0.3205143209155195
-0.3391282397537674
-0.2745265807064569
-0.2746157480780061
-0.32064642231925355
-0.2775938359856689
-0.20545486249689007
-0.23157379764525737
-0.1776499190690179
-0.17927143981417556
-0.178651511537041
-0.11209750110592429
-0.05461814383934616
-0.03531233756264169
-0.02465387771231855
0.007165147013208786
0.019676316800656287
0.054508681763938506
0.08368183756188542
0.09081678156344776
0.18497977953234593
0.1820054170289151
0.18107763856151302
0.20516286488982305
0.21817639001608158
0.22640365184489633
0.29607819280749315
0.2697354310079378
0.3141957244912975
0.2949771418793683
0.3090350105415748
0.3451915594081713
0.34181554234195294
0.32395757594808194
0.2859594386068568
0.30097258209442723
0.32777994012078676
0.26748892192610035
0.2552681500094414
0.28134049113170134
0.2161452279808353
0.18815077152680756
0.18512899228851812
0.16029135079579393
0.14951315270116186
0.11345131432146799
0.05619142388746187
0.021720272549010856
0.00885671144858455
-0.014131675507287453
-0.018759551105944294
-0.05980406426691011
-0.10439045822057395
-0.11326802818595352
-0.17150408977024162
-0.17823594364167256
-0.22203041079275462
-0.23576703271131697
-0.27508002737175646
-0.2895515818962321
-0.3451714654544928
-0.3111586150515833
-0.2697067698350005
-0.3122999820093262
-0.3009282125760577
-0.297582480300211
-0.3187912263599418
-0.31056890797959885
-0.2627711495899972
-0.315003883369825
-0.2922530712312843
-0.25103440040647174
-0.25516200427636526
-0.23674427961070793
-0.2431211026622812
-0.19678493720959245
-0.14947667636477754
-0.15904366276047593
-0.11497639669384373
-0.09031012706919411
-0.03625630810469026
-0.012116162364095033
-0.014336074446545305
0.020843847543618007
0.0662143606172987
0.11041301477360922
0.14735922148656294
0.13851182458284575
0.18637128154231183
0.2017035264773048
0.21429072807025124
0.2649676560936611
0.27420093654464334
0.3023534142582722
0.31505418422233056
0.33443117327408806
0.25407788160836575
0.3784995673159911
0.3151393118784931
0.32445591575645455
0.30726505847983143
0.3110502072388577
0.29456499692661936
0.2853595510568653
0.2648910456374472
0.26784227253230153
0.22007066326555197
0.25122660709283245
0.20707039153789972
0.15630302218495978
0.14728546981997065
0.13802242364107983
0.08781422119659592
0.06426478461311806
0.03366790806335715
-0.006701176257058973
-0.06162283801107359
-0.04863608565285535
-0.06956057164590866
-0.11715472916982349
-0.16153410951639902
-0.14799728688030347
-0.21166205982669228
-0.2270156928934049
-0.24466504267502687
-0.2778460087181314
-0.2942276729347885
-0.29288860724648336
-0.289569140466859
-0.2965966234995933
-0.31360186108995675
-0.31777886818669865
-0.31118487643401943
-0.3301896926474749
-0.34560254846194083
-0.32727522344191406
-0.28933502819499984
-0.27299231819505076
-0.27035955989777366
-0.23087098826445876
-0.19901366856862485
-0.18093935824712717
-0.2015934819641515
-0.12420036021127434
-0.10924876584287524
-0.10335770007382973
-0.09462605561634774
-0.08551695366072572
-0.031752087383094985
0.01549499393964722
0.015273792898299502
0.0375561500553634
0.11060365201563443
0.13221584670281455
0.14954594869826357
0.20365670585622053
0.19029263286803244
0.21684583900301935
0.2730647507033128
0.24368635764549776
0.26654203248617664
0.2836565685987507
0.32934722079661655
0.32538304272353463
0.3221140488976269
0.32068837315529153
0.30916672951761026
0.3208754946027631
0.32490828395688803
0.2743743077557495
0.26055688291014567
0.24442853451287355
0.2705245370498457
0.2376576542406952
0.2178845294315439
0.1659848903984737
0.13925171083984073
0.17694320550315965
0.11087131494409097
0.08519504621573505
0.048402417936865325
0.03434245229204276
-0.008729940746135053
-0.042849839097365575
-0.053435181291894604
-0.06563313868618287
-0.12232616529115019
-0.1598183291076785
-0.1805021593096768
-0.19228270012090037
-0.221698677804727
-0.2332139599388277
-0.26413671263415756
-0.2608928880597401
-0.2891393356869287
-0.2903254219476401
-0.2939492488040744
-0.29833675446327856
-0.2759279439332945
-0.3769438488511136
-0.2906142290465342
-0.3056938923627864
-0.2986958763446546
-0.30131543515188075
-0.26265732666211955
-0.27427483769754074
-0.24731936432921112
-0.20192434425637107
-0.21868166570212222
-0.1751366824199988
-0.14105140061337545
-0.12838561951727548
-0.07426893551432291
-0.08585503502234149
-0.03930193037440697
0.008105581786311902
0.021334932592668557
0.04935490807896333
0.055059464562901964
0.12508477787313166
0.13980398823030993
0.14599637142506838
0.1940651162593146
0.19934571620039956
0.22583340825223372
0.2501793814456849
0.27160573041631275
0.29269904196153584
0.32089492672491077
0.30501939890905627
0.3413225253641905
0.30596261212548476
0.2940128762410731
0.31799986419160886
0.2918990721113792
0.3398164760530302
0.31087071933750665
0.2773454123822707
0.26668671464865246
0.20881775313624848
0.1904637508251817
0.2213627636692946
0.20192267994388913
0.15435734946689678
0.13999938551145885
0.11147138070682105
0.08439170360561393
0.07551617957889584
0.011142313140546
-0.015000879528460798
-0.020565428233479018
-0.03896058996650027
-0.08150725892921004
-0.11731874510165362
