-0.36124273163132353
-0.38714936118850074
-0.3781225638417766
-0.355508894185809
-0.3643204740068179
-0.4277055077803883
-0.41860137240133444
-0.36955512867863666
-0.38426301608650565
-0.4044372004917954
0.3990371160552742
0.3705182300803962
0.4158630967371176
0.36822544340459235
0.39094078154053535
0.37009070671323835
0.3952116211474345
0.3829216961774897
0.35944306652742797
0.35121323420752065
0.39017171702861014
0.3349451487224322
-0.38817671378721225
-0.37210076365985095
-0.33644225918785786
-0.4143498637966908
-0.356984189392961
-0.39087064624591583
-0.3538895950969488
-0.3938226309284793
-0.38435696828516375
-0.39434963931340844
-0.40746005807518143
-0.4122328823726649
-0.348484042554103
0.4134717369866382
0.42174093778045724
0.3861767035095838
0.34709035811049416
0.380586405002867
0.38839745175175566
0.37408038380047215
0.41472043418057786
0.39424376078961343
0.37483187637003684
0.37707867205231665
0.3593933181012231
-0.3701905298903373
-0.39177957456919726
-0.40394014086281177
-0.3611512439375889
-0.3937055244929984
-0.37452668739174466
-0.3681262990076007
-0.3894453807641484
-0.4073662915455893
-0.3808936793258795
-0.37808009593509406
-0.35579610070398926
-0.392736495615474
0.39698480522997975
0.34458394960790384
0.3847638086351833
0.3848064648151877
0.3763906916664413
0.4263909118948029
0.38033726728484046
0.37187168840110296
0.37300854494174895
0.36502953085557965
0.37926348964469386
0.3749447637131827
-0.35224191653814235
-0.3871909671259251
-0.40523426826559045
-0.40338853956085324
-0.39027764940248666
-0.3972031771172636
-0.3709498612978488
-0.39885341961245036
-0.3793763232565434
-0.4007091100705257
-0.36307341515466174
-0.4217727338898001
-0.38168971374543637
0.35513955580537937
0.38458006207010154
0.37998498760421756
0.3678204820896533
0.39145952111721266
0.38317256187667526
0.34834355563871133
0.38850944903986134
0.3528619118206871
0.33387277674590043
0.3741550755458237
0.3619330570591023
0.3666138248923884
-0.37588912289881077
-0.40660819191049513
-0.3644494515309035
-0.3987631614169179
-0.36417186998883666
-0.3871338620846715
-0.3530794176391849
-0.3806666369195518
-0.36014486710632176
-0.3765567807158149
-0.3897672347670344
-0.357720006277372
0.3761260022017237
0.34568849039168387
0.39953795978131723
0.38830783735324353
0.3686174921260822
0.41920990466724684
0.4036098219804717
0.36661833419752826
0.40869927674099993
0.3809274101390197
0.35885244088462503
0.395732487839295
0.39001678653581423
-0.4161248966625406
-0.36624894654820234
-0.3660092358216063
-0.39665211573670656
-0.4095803407556796
-0.3937903524538046
-0.3529354995257663
-0.38885029504284563
-0.38800882511226215
-0.3865853971953138
-0.3895637740819842
-0.3800281647496444
0.4030191635308539
0.37306229737320945
0.3914100477774626
0.3537372694887167
0.41569355216159964
0.33691525488184676
0.38930981325788905
0.3808050657858681
0.3888089598482448
0.3804034745615952
0.3757695041300309
0.40834741592335594
0.37832382653623686
-0.4047936876216183
-0.39848218224153137
-0.39622247875162653
-0.3793262700719523
-0.3396393575523689
-0.39969834218265093
-0.4002446353358473
-0.3875893894471404
-0.4137457477459041
-0.40405667495491626
-0.36809903957975726
-0.38471578073847945
0.3959577763011806
0.3710718036235068
0.39191596994609773
0.415274226332859
0.41028705323661724
0.414736858747676
0.3614434197388714
0.3689015205652901
0.3792436793948676
0.4124186449821421
0.38577476904240116
0.3758461495064139
0.4021102518371606
-0.34847921241647656
-0.35908467826535106
-0.41195741415642756
-0.35513606644648266
-0.3834228723595081
-0.3851750097017222
-0.4012926503009676
-0.38100813843945375
-0.38606351541973843
-0.3947259093397759
-0.38463526369718115
-0.3967299873487705
0.380336786214339
0.37956115430760484
0.3851400311316675
0.3994023754136121
0.42678202261668274
0.37537972191442215
0.4139582672445923
0.4001944590544995
0.37654834681761756
0.4273098270799615
0.42583705084113543
0.36981349415883785
0.3732017050990772
-0.38758575028610615
-0.40368270253555893
-0.3755190843240051
-0.3841286769887994
-0.4249031482663429
-0.3912303457017335
-0.393121493230465
-0.3950295404334259
-0.35836389807606195
-0.3856337131063109
-0.4271324203196285
-0.39905944422306144
0.3670448078103073
0.38192989099913355
0.4058541101396705
0.3706722077227131
0.38747146872154276
0.39555501099262375
0.3760163523357791
0.3647499354798764
0.3562715257660396
0.36282221285379496
0.3891575605056614
0.3814710659741997
0.3991396876943226
-0.41077777458630343
-0.37594944787860046
-0.39765710698407863
-0.37035918064128226
-0.3970458351508961
-0.3823426759463718
-0.3685327686305382
-0.3885542311024343
-0.41322288438402544
-0.3766098291771827
-0.4067924008063931
-0.38223032029007253
0.3445198164965864
0.3814679251848618
0.36174637187041514
0.40739532724196936
0.37474830022830186
0.3729026421332187
0.388547088899622
0.3603272974012282
0.3543268986553528
0.3631085410401678
0.4167512832632097
0.37115912210456536
0.3602616910384826
-0.3405127710619235
-0.3762387704954766
-0.36593936502244523
-0.35952783031761104
-0.4241583756850964
-0.36338416006959917
-0.36970704765589196
-0.37887018746136225
