-0.752682286539587
-0.7503159146244105
-0.7314749076753958
-0.6757945529071815
-0.6721743195468869
-0.5998865136507909
-0.6104520571897613
-0.5388393079822548
-0.4895166545308522
-0.4471186810776717
-0.4259714941219215
-0.39183160642437276
-0.30802161661351
-0.3151439255974772
-0.2664497948072765
-0.26943032688985136
-0.20477055455396997
-0.13089722355806208
-0.10558945771711295
-0.08568397271331023
-0.061483045253142424
0.004976683825986853
0.022886374739690084
0.07768693693778746
0.10278806738958549
0.1868080489226687
0.1645193022286768
0.22217593535916125
0.29543849565034286
0.29157177090683645
0.32111737933063317
0.36813698586750904
0.40190036272193336
0.44230870618831286
0.46089601727424784
0.4980385824265303
0.5440023187140159
0.5893652089646996
0.6212127346853799
0.6567099098172718
0.7299676218635955
0.7556665485848708
0.7610053946555537
0.8465418506914156
0.8501902158236185
0.8324957157275016
0.8955942535438134
0.8972394611094777
0.8769337358501555
0.8276038350376255
0.8111082558020476
0.7398965962247587
0.7169361608246546
0.6957020097308014
0.6671153862310081
0.6237401348679082
0.5702819857690464
0.547383245597094
0.49549229640140596
0.47347107041679
0.4613134910356659
0.36104720791292344
0.3598425846093047
0.3293009208267905
0.24319360799647535
0.26519505437725577
0.19999659777275672
0.12463998331013862
0.16429746412101306
0.08421534553881255
0.043952494136369424
-0.03613493567710908
-0.030334631026457087
-0.06468971838148241
-0.09899474244617025
-0.14136944268427876
-0.16414754513896246
-0.2340412715197155
-0.2211845681792548
-0.3049625773450155
-0.31323397091017674
-0.3360574936316012
-0.38175749663026837
-0.41882476422645126
-0.4522992074815969
-0.4900567126486101
-0.5295996320585297
-0.6440636641236166
-0.6317639709693221
-0.6687418211210981
-0.6950501231650762
-0.723686280933224
-0.7772986671571219
-0.7983765593761618
-0.8511582798271674
-0.8874573204765379
-0.9160595900439639
-0.927505231993561
-0.8720517292538255
-0.830214755066117
-0.7789990869352904
-0.7725191458619308
-0.7228065208984997
-0.6723627875983714
-0.6125888773729751
-0.6113517051657006
-0.5475432860769829
-0.5444442380263224
-0.5149848629675325
-0.505057576782427
-0.4036041774215251
-0.37124984942040584
-0.35860992948823606
-0.33120568170687087
-0.30163239941900966
-0.25052450500258805
-0.15578750506501218
-0.16562500812439315
-0.1413689775267112
-0.08575031196953155
-0.029576885491723014
-0.017949966082910343
0.02686669178824011
0.06463236887991272
0.09393942881386363
0.17981784842794818
0.17187825093526665
0.21647746741269916
0.22747398954161846
0.2697840120224668
0.3568052848728322
0.4066631457968473
0.3813155396055824
0.4339902890576851
0.476036698812267
0.5309138522067784
0.5276588613384249
0.6152173309370459
0.6234717813058891
0.6552464953866539
0.6932920806365346
0.7017861103359113
0.7689247661439986
0.8041326811028002
0.8346023715401764
0.9048592199265335
0.9380242975171683
0.9131579326192276
0.8959892959665077
0.8551172202807011
0.7905354655126289
0.8122419743148976
0.7262579728788473
0.6810477756144132
0.6350716896563309
0.6119573289839916
0.5765032357698241
0.5468810699070259
0.5316244453001213
0.4623469246738754
0.4558197636775439
0.4129770011515151
0.35434631584171294
0.3104983399798005
0.28100568690203925
0.21312563185129624
0.22840716258289043
0.1918565520616919
0.12978218594381674
0.07075603665804368
0.048840005022861996
0.050381642260198006
-0.019040564328727538
-0.06093160503010976
-0.04511392008809125
-0.14112529244885363
-0.1836537006854983
-0.20014445302011658
-0.26889008106432843
-0.2705686391868797
-0.3277479575775533
-0.33856899141555635
-0.39819412967542006
-0.4439971967323964
-0.4760919769620636
-0.5117697641677746
-0.5512740392216151
-0.5719707391529993
-0.5868472177497438
-0.6799452121720663
-0.6864226939266423
-0.7713343572681255
-0.6991205398435266
-0.812240623472754
-0.8301536211545746
-0.8845792248832485
-0.9326732152871731
-0.9280390113696627
-0.909642890727405
-0.8254598073353422
-0.8041915756491657
-0.7703245182140647
-0.7193048653443475
-0.6802409339850537
-0.6912102968306042
-0.6096975010215686
-0.5814134540811602
-0.5332002663536751
-0.501658074290548
-0.43489112805328595
-0.43994702821252935
-0.40069459379355143
-0.3435239481584544
-0.3435581163682747
-0.28527173793297406
-0.2425286931557821
-0.21451342777836976
-0.15068994971095406
-0.13527202605037394
-0.13069738949752105
-0.0322069947435928
-0.014797328899125491
0.05362974303695363
0.03308542258209141
0.06827055176821967
0.10891740544203907
0.12152547168307268
0.20200114932441596
0.2180675263138505
0.26482296622247986
0.2847484133850254
0.3624967671153693
0.36636239093407474
0.44515021325757476
0.45240861925585163
0.5104222688486357
0.5504226840445962
0.584567268856659
0.5974066733599299
0.6568024704525798
0.6780302318957447
0.7067094736425158
0.7542838631030953
0.8099948647214295
0.8101582133812634
0.8659265636135303
0.9265152761008455
0.9394273746257049
0.8803919391083277
0.8392045778700632
0.8247593258882449
0.7836615511690338
0.7568810430784764
0.7287638588262708
0.6610393330701999
0.6302342417417272
