-0.3204683154095005
-0.2533611777967053
-0.2333923357461319
-0.1997555766487661
-0.17581147049080884
-0.15286916269448803
-0.12659723708465462
-0.12605398105246426
-0.109545514134582
-0.00455788622848113
0.005295227773485312
0.04512607993928192
0.07082680849101507
0.10601080001379135
0.12072859864609903
0.1873093194627316
0.22506056191580145
0.229243183567421
0.2581027547844459
0.26769212617429217
0.29917760582841674
0.36054223532782514
0.40535659366615473
0.43292171876765784
0.43028733653873047
0.4828843357172473
0.5163253403600592
0.5205735816534088
0.5765232819268861
0.6234705246556939
0.6493961714461498
0.664073394143615
0.7158630290578772
0.7491413966893825
0.7293886558746429
-0.7832646486228904
-0.7558707326878509
-0.7310413210834167
-0.6831999208521458
-0.6587833778341979
-0.6054743088630227
-0.6034966046040727
-0.581611950009074
-0.4752425883659205
-0.49938094273765854
-0.45095588149568905
-0.45104653096503483
-0.3893404058325515
-0.377021357386858
-0.3653479353134627
-0.28671913821433015
-0.2507092529585774
-0.23476643305886086
-0.23337010091184643
-0.17047407915627577
-0.14757400962097753
-0.1585934870515876
-0.051771344660719074
-0.04401360041232181
-0.015504317623850144
-0.011512879105085902
0.03036145136885558
0.07853413252805863
0.06379740401409664
0.10608085476039432
0.12548332031452442
0.20020644828191958
0.23049312818666692
0.2362009464339428
0.273218843698097
0.3550894606454523
0.33541305236744584
0.36637348346135695
0.4279095943467818
0.49977143581948785
0.4922692436361406
0.5297074342432748
0.5562463639116318
0.5828580520161576
0.6365239326519293
0.6304338529050096
0.6660797658163197
0.7211356743747639
0.7216840123858685
0.7418367233001776
-0.7564279101751507
-0.7467239607372987
-0.7322823461494394
-0.6917355007228019
-0.6627693517489167
-0.5918591662036965
-0.6021003826946183
-0.5637522267246319
-0.5385008972801257
-0.49648069410050955
-0.452300712291289
-0.465358735547871
-0.39253485265230215
-0.3629347108083673
-0.3434921169556451
-0.31832588544867485
-0.29186086776316483
-0.2629119467485745
-0.22140219287883645
-0.17994664658047793
-0.1196621315407364
-0.1141623979303423
-0.09373727139134737
-0.05316563671704856
-0.02658425246454462
0.043727589884628194
-0.0074958437150807605
0.01377542949586668
0.06245820992142654
0.11615022870319719
0.18537423658809493
0.19873232963097007
0.2198905353193977
0.22139363237576715
0.30655205901984606
0.3106340468392777
0.3481179626615396
0.37180487436603454
0.39670134476327007
0.41761140076175046
0.4649605352191082
0.49259899764241305
0.5761074320969207
0.5439122300104219
0.5941073986344264
0.643554297307625
0.6569139244815662
0.6875368198065616
0.715865923963568
0.7431271736814662
0.7911082982686252
-0.7727984945885827
-0.7206500953841223
-0.7194737520792939
-0.6587441565518278
-0.6361939344203396
-0.590779847206082
-0.5743322440584453
-0.5538267159433075
-0.4784897339436932
-0.47104101179555197
-0.4400970759948078
-0.4451560892016555
-0.38061104965834436
-0.3419849747287822
-0.3252647985662632
-0.2661172109344811
-0.22750405551421518
-0.22308683651749736
-0.17512665253797519
-0.16792735757427069
-0.10029782793927583
-0.1120530713146212
-0.056875230151675164
-0.004032646409757104
0.005299024560707757
0.022656233098166945
0.09659271194733188
0.08796926579789903
0.12019456668035121
0.15512593548880682
0.20011142672501914
0.20474563232256326
0.2350680745214196
0.25654436140533815
0.3137909146060018
0.3540889779429949
0.36800333502622684
0.39123796587355536
0.48703162158407054
0.4714886031255291
0.4701124364637123
0.5713937506731399
0.5469780890794577
0.612451224911223
0.6380322921638454
0.658433290715988
0.7198670901210151
0.7438874812543256
0.7611018108029038
0.7785905862030956
-0.7465115045027402
-0.7622620285990356
-0.6532097631392723
-0.6906218665609486
-0.6216987684725711
-0.5902680655340861
-0.6113595097628202
-0.5410693093599451
-0.525794856316433
-0.4500244826153256
-0.4565540817872389
-0.39949606725957476
-0.3905099188424991
-0.35616581595783764
-0.35719713393772545
-0.30878099033768974
-0.23462410241976797
-0.23715626046581004
-0.17315480950948842
-0.17059237788424494
-0.15758959895541844
-0.10571552318049968
-0.06670062304435806
-0.04715192902238314
-0.04729438782822494
0.0598708187707106
0.022551693088293426
0.09522383037060216
0.10655011900248704
0.15334439790982657
0.1845627037071764
0.2065630429463624
0.24162466169497673
0.30397553674082106
0.31634727733620965
0.3158985689703099
0.4057168530169162
0.37993595207364933
0.43232506128100734
0.47632186330832593
0.5066097326970431
0.5545581363729492
0.5878070900688641
0.6005839568958696
0.6042843265950683
0.67539142786223
0.712538088798911
0.7622283287024687
0.7432731619163832
0.7607098466591047
-0.7759156290888847
-0.7353853628184306
-0.6741827477363367
-0.6726488447915108
-0.6765406733261979
-0.6118517725098022
-0.5746965219881632
-0.551014738218928
-0.5541805069356961
-0.4748478652510601
-0.4479993109074303
-0.4051250166391671
-0.4071188673661967
-0.33515131974640994
-0.3016158417024318
-0.26714755669146006
-0.23488394338320254
-0.23034203986841215
-0.22812345765460376
-0.1758467495677199
