-0.09848452874493646
-0.08759465165594996
-0.04669895615525439
0.007244054891688965
0.027604522995587744
0.10303096017049064
0.12344518610238919
0.16417212405012402
0.18104919194062905
0.20871144560794286
0.2615092364294608
0.25174135913229273
0.3199363830834032
0.3260888630580419
0.33928089427755265
0.33175426349200965
0.3472229122594093
0.3282037071157378
0.3377390812359788
0.3113944368575882
0.3117982698366153
0.24592140280489302
0.24625231080668683
0.20976916331311188
0.14984368398289388
0.1042176091020542
0.09206919776215257
0.07327678249000362
-0.02497977086446525
-0.008765956847644446
-0.1048283228554513
-0.14309306519121856
-0.16575803663590574
-0.20706037277830155
-0.2552615075525308
-0.2932502809214917
-0.28412628245343036
-0.3177260953226393
-0.3019223377066972
-0.2710883916269309
-0.35001911744231906
-0.3505558885832906
-0.31337782003453674
-0.33136554491657155
-0.2663292573905099
-0.32726703389101564
-0.23965043348364504
-0.23165084473908001
-0.24000767597614597
-0.1471365434533178
-0.12129634200991549
-0.058165234277736774
-0.05036094478153423
0.020286590559934925
0.01844213736806418
0.067371983480187
0.1044951738506616
0.15384224090730655
0.17960964215994862
0.24402208982280013
0.2761528131461192
0.3002552916296925
0.30288974883382414
0.3524256352281863
0.32316330296685924
0.32870817994657847
0.3198750057613382
0.30104370257122814
0.30144436729671875
0.2995048244072858
0.2968603191125741
0.25536453383193314
0.22984377115926316
0.20498909059115206
0.18320896455563163
0.1338548017713266
0.04384375837228145
0.046969528915829215
0.027681542648247938
-0.03087460876623571
-0.08140645641735499
-0.1448773728506484
-0.188710703753059
-0.18421377839679742
-0.24424196802357534
-0.24430561759449881
-0.26581440664858563
-0.28171990288797893
-0.3098243953235239
-0.3125430657543143
-0.34023365896031854
-0.3235908665356256
-0.34658427824630356
-0.3173127813098232
-0.32928590998766505
-0.27155225927695087
-0.21977122132018417
-0.2246000458046994
-0.21044677658420619
-0.19961999305360695
-0.10773188486627741
-0.09878556756788068
-0.00934812737703624
0.0008807829829459764
0.019755118092761256
0.051217718618512285
0.10322273240925363
0.14178297611277918
0.20960981503081014
0.2571061601159954
0.28589716586549224
0.27706027153903845
0.33527134708446743
0.31627995205193005
0.31233186531069956
0.34806072891118467
0.372328429054933
0.35043201161950543
0.3372495651732871
0.2898505381123497
0.26046540979243654
0.21474877061530767
0.21493655101014328
0.21156396763477914
0.17807776781552295
0.11709475757645546
0.12178099345619042
0.05953495608580143
0.006593091660223574
-0.01952408412218269
-0.09244088497725661
-0.11062277654994047
-0.15286224204257928
-0.20007402247262573
-0.218877991605847
-0.23131688763388256
-0.2947596158975391
-0.2836272352887133
-0.31383712549930054
-0.3060942275935886
-0.3340521863384359
-0.3577891499043497
-0.3298468857497231
-0.31618144547155874
-0.30100359978221836
-0.2769134277663346
-0.2887817468173668
-0.18916001541126432
-0.18050870795936128
-0.17893998947792375
-0.15320705770870602
-0.06813560247835437
-0.02630278449754116
-0.020763370884840635
0.04244810433308477
0.10190051916608897
0.1365266873483445
0.17089017282954708
0.18573031137163945
0.22190198091616836
0.2620249081363852
0.22329277393853955
0.2979820936139289
0.32967003819791113
0.32913984493946724
0.3614549143059575
0.3581273398623932
0.35485532760649097
0.32060963528613734
0.2883253814504853
0.2960068320494226
0.25776673315865817
0.24414849545516132
0.1953974967268374
0.1782163446220045
0.14122832644615643
0.06406248617328474
0.07329674217204372
-0.009516604840289013
-0.013138085225699002
-0.036155629418366135
-0.13311289031296225
-0.12382026936252301
-0.17286810842439737
-0.24813235639761216
-0.2764030203833686
-0.2723269989941448
-0.2884071539774184
-0.30794466138761184
-0.2863347051971122
-0.3135883073552973
-0.3430977969143643
-0.30576226827583075
-0.32559813888997874
-0.3197665182845478
-0.3196131603193542
-0.2921128857049156
-0.2551575639916652
-0.16487117332420148
-0.18588567963837588
-0.08270766137715822
-0.08575203261100922
-0.06913012063461425
-0.008783871700855263
0.08586215976568232
0.06636162404816433
0.11168611444614218
0.1303612981968084
0.17695047068267492
0.1977561250933061
0.2574787228967287
0.2574953611782091
0.2667543514670118
0.301714026608254
0.36649410901573765
0.33964376788278217
0.36574495942399693
0.3344465988986832
0.3504171092304742
0.35049659834680147
0.2471243576955625
0.26494729720128973
0.25837084058054444
0.22488152389805835
0.1629738562111196
0.14531214988563798
0.08686984076053925
0.04345502843826171
-0.018425448762819062
-0.03453756068186648
-0.05114034931269243
-0.10495661327929874
-0.13310898738810448
-0.15406209813045726
-0.22325130393706852
-0.2535126110762284
-0.3017347792917327
-0.2878342847501254
-0.31581360563611055
-0.3193322925890293
-0.31975004005968105
-0.35166656345478925
-0.3213669156691506
-0.33657495195863146
-0.3035611307450279
-0.28825239819239756
-0.2825732933626352
-0.21934214856623252
-0.21250179371665193
-0.150740147092368
-0.15336965827029547
-0.09941573568405464
-0.037932666965164376
-0.014084026886129615
0.0032289133487881025
0.07818983161807953
