0.5629121140598913
0.5469129576322783
0.45260105732024986
0.3976025227018777
0.27847615684662386
0.2475347565191561
0.10699765019944152
0.008359354600160573
-0.11099132667529407
-0.22933893268325772
-0.3123158851948048
-0.35786309083343426
-0.4569871122328922
-0.513410610186645
-0.5521066261930545
-0.5881801018301539
-0.5543203758427877
-0.5434768714472437
-0.5111702780177907
-0.4285644872819263
-0.36072956595031447
-0.28767745292016733
-0.18213390382747013
-0.06324689610265333
0.02909524241051462
0.13716948184169678
0.2555529059781004
0.36259335053538533
0.4115912099533334
0.45593653786657734
0.545398255883491
0.5776816670375227
0.5600516659234844
0.5421116568261598
0.55345417691834
0.5060118505408024
0.455604097254904
0.32812955652581943
0.24374254901764128
0.14116215096030052
0.06616616278354745
-0.06363115095008243
-0.1620916665872805
-0.25345408899902067
-0.30289330841391493
-0.4423285081931498
-0.47057863240204634
-0.5835695293027215
-0.5493959372367906
-0.5560621662883368
-0.5822858375264459
-0.5441401174326185
-0.4783825255682586
-0.42453589695768906
-0.3238399674913344
-0.24265449337879821
-0.12678017002607048
-0.03494175384789597
0.12311960121768287
0.17583483464762317
0.2851437101288715
0.3928648380439272
0.4860246328795107
0.4887690289640385
0.5197097887747264
0.5872856770707746
0.5805659790434744
0.5889769181963256
0.48942391697287346
0.45770645969384394
0.40047002132038817
0.3107866558819436
0.22137433697212494
0.12083257017321201
-0.00444998152916236
-0.13330386005856584
-0.20403261011362908
-0.3224019928402605
-0.3774800267964051
-0.4686547726350178
-0.5177832703241099
-0.5524905160170115
-0.5821546767154826
-0.5739666301810561
-0.5576913104641307
-0.4955404142517021
-0.43264004647419047
-0.37129217846129214
-0.27477891713117764
-0.20963264533724468
-0.07948383979063744
0.053423732058632226
0.12714259686810492
0.2674709960183885
0.34162822950680927
0.3755978369266617
0.5062448693685309
0.5108625491273091
0.5752175287775194
0.5912716552968541
0.5321227334341895
0.5665222144028093
0.47568794405476233
0.3765380337608919
0.3342515659879159
0.21884410745626973
0.12081053479974221
0.06571867614640661
-0.08071570020023251
-0.21067633416292725
-0.26676142410903464
-0.38110761449195374
-0.44884912672930216
-0.5091457445168901
-0.5253425606318948
-0.5820603301283221
-0.5719461016519509
-0.5447083061980301
-0.5111363552443321
-0.4534918140295557
-0.4206267726234576
-0.29328541887200993
-0.22083378777096158
-0.11115139245382795
-0.030088283180361476
0.13336859980554416
0.21379975530297812
0.2816071468893981
0.4097658413800768
0.46691071567034204
0.5085773342187123
0.5343959189785302
0.5803829739832567
0.5672865347233459
0.5693643007570752
0.539721931835051
0.46690274989489583
0.3924013940980642
0.25443514081146756
0.18671951102300757
0.07749416889414917
-0.07769624342807405
-0.12113149677095536
-0.2203681826560317
-0.30382788003822403
-0.43887742305420085
-0.4785345696679208
-0.5623306902099332
-0.5321561630243996
-0.5787317321802143
-0.5570849560381582
-0.5778378471996519
-0.5026978966184696
-0.4408187603377817
-0.36177072340383365
-0.27475050741958773
-0.1344475265357061
-0.05919771180494535
0.06448901233856331
0.1335227229339917
0.2392263658570472
0.3598178940384991
0.41001288816910003
0.4790641349822701
0.5609582266403275
0.5454916471638638
0.5540305609777512
0.5692827204371356
0.5330143907186318
0.4617249695801487
0.4232577050872709
0.3963090168165009
0.24472571567846985
0.13821380102305825
0.02078840768382243
-0.09011278416587384
-0.1496810525802506
-0.25555100026687955
-0.3235001818334768
-0.4189343519955006
-0.4965788968664013
-0.5615132451321929
-0.5937249827348383
-0.579646856979024
-0.5724714350066705
-0.5077284238768301
-0.4681687877839986
-0.3587868338407492
-0.30713288570105
-0.23548044351373926
-0.09327486233780623
0.03347637373672216
0.10473390125601206
0.2282389950334089
0.3047522620620373
0.41136269250612695
0.4543215325233217
0.5445416386973154
0.553736849368546
0.5693762450498793
0.5350314508658225
0.5536732340150257
0.48386785232899726
0.47209320014160566
0.38227233025386775
0.31047907687003395
0.18408464846057077
0.059358627120942614
-0.002087894079057198
-0.14086193129722022
-0.2672282437958259
-0.35094032955182936
-0.4436164135853113
-0.46880073786963483
-0.5338007560626489
-0.5401555614395464
-0.6068703331578019
-0.5910021486470286
-0.5235840313774773
-0.5025409226194999
-0.44577089659909014
-0.3299278256557592
-0.2905881312204394
-0.14777934830888992
-0.050603940580564236
0.08611584624233613
0.15114862551818137
0.27681059657460155
0.3649404693731265
0.4367594400796686
0.5143699304410978
0.5304503686612536
0.5675037524297469
0.5749803228437788
0.5623804289987737
0.5580606017096076
0.46960236697642116
0.43103514587775155
0.2878041926004684
0.2621248744355708
0.1467082646979394
0.017925837115934675
-0.09144893125845104
-0.2216205687174487
-0.3089040604652304
-0.3808875230278679
-0.4781385037433965
-0.4718129243969449
-0.5366459409543816
-0.5654156603932934
-0.6033777769759416
-0.540904550976721
-0.5255192252178891
-0.48664440797498615
-0.3639127749551382
-0.2970323697887308
