0.8408077233155402
0.8308875810229505
0.8310050802036473
0.8496521507137386
0.8318281503124755
0.8160077458746317
0.8382801256183767
0.8183200110770832
0.8696476360746574
0.8642806981418357
0.8658644568201739
0.8297683343984116
0.8849293059420941
0.8235739207451407
0.8278103145272875
0.8582006205037906
0.8562408801719879
0.8324617859988689
-0.8552215541587224
-0.8381743538035769
-0.8330786920509806
-0.8220070862884752
-0.8503944778814481
-0.8208845016198334
-0.8275882245815706
-0.8089557643975906
-0.8342898046879883
-0.854730507307648
-0.7990962721699694
-0.8407920245391529
-0.8430565297644469
-0.8264036198488309
-0.8259535286062331
-0.8378925209747743
-0.8836870613975618
-0.8423257784178544
-0.8303640955493671
-0.8106672035789414
-0.8308561969371498
-0.8230742461263577
-0.8332258815119032
-0.835437976678924
-0.8574525406840072
-0.8391907351222783
-0.8571659414960422
-0.8280451080968035
-0.8549239412240445
-0.8424880224205278
-0.8570358603226279
-0.8524346251048871
-0.8391556864328286
0.8631321460714451
0.8251739738784177
0.8384568078222218
0.8169472199298782
0.8419936265633003
0.7924970998965327
0.8334197166027475
0.828314389393331
0.7895160343365661
0.8791197036025908
0.8670423402535633
0.8310309052880057
0.8156061347306244
0.8491750639400182
0.8365791379196083
0.818254920571024
0.8801468533289496
0.8497901246539159
0.8180955469281095
0.8583586527923865
0.8479407005687365
0.8481304603110009
0.8434691500228613
0.8382356608674767
0.8500901293677922
0.8342367092226693
0.8256388654130584
0.8184133636761
0.8470487816777891
0.836204073298726
0.8809067091472126
0.8657950789198428
0.8292576313796343
0.8408024956412183
-0.8196969189789023
-0.8396387923911108
-0.8441593673745784
-0.8616773433294762
-0.836057306734849
-0.8508079773017521
-0.821119113132513
-0.8294704125117861
-0.8511467136606354
-0.8553406534386847
-0.8303379131489159
-0.8184976574575024
-0.8289181523830366
-0.8415905153050204
-0.8084297516838332
-0.8164942092721515
-0.8577620638360193
-0.7994950999705138
-0.8742438160249114
-0.8726946687768574
-0.842606758424854
-0.8029519754040852
-0.885440588836734
-0.8284402792925161
-0.8435046217530592
-0.8588768712881875
-0.8339656490811809
-0.8487773357058896
-0.7983495443696891
-0.802677095222286
-0.8217302231628348
-0.8399589719190406
-0.8573542393852085
0.836502233394518
0.8339152511934587
0.870177533966956
0.8585183371839397
0.7808511857792768
0.8373334012978394
0.8618621962083762
0.8267368942608214
0.8713068702644224
0.8352234210825131
0.8628506829272982
0.8385900564673423
0.8289498250190164
0.8636604089120438
0.8354992334286439
0.8384247058156096
0.8491860212941774
0.8534132962741784
0.8149353630588726
0.8181694540880817
0.8276844053732607
0.8209027653102243
0.8326394826986424
0.8375768791763935
0.791483521050395
0.8214492883748673
0.8806444587949458
0.8221551975931668
0.8445969643846142
0.8035326601317228
0.8402450272214788
0.8421879811138255
0.8303446487798071
0.8108691575512366
-0.7985442221392844
-0.845144179447335
-0.8279730467448054
-0.8738432253218467
-0.8173263446408378
-0.859179894750447
-0.8146153332603204
-0.8205017005268331
-0.8179224261956876
-0.8134826174707832
-0.8352785383274427
-0.8368958090446718
-0.8486776109037979
-0.8242492726593755
-0.814733773545575
-0.8375500283321126
-0.8291978482840756
-0.8466075999905459
-0.8382793176131159
-0.83303219331659
-0.7876177232960316
-0.8208456347840589
-0.8370345229474555
-0.8260181684374254
-0.8589420856714713
-0.8273674759477689
-0.8301548042139424
-0.8675756940010241
-0.8372790577054986
-0.8454138087826839
-0.8703766919603853
-0.8334829382196267
-0.8292112560677639
0.8243286984422536
0.8168083323752827
0.8122793273186015
0.8111940371128921
0.8496546897625611
0.8770578936656567
0.8646922065894751
0.8103709199522716
0.8058402397078294
0.8291603756606042
0.7985262932608691
0.8077590890811888
0.8531228548095621
0.8718980468723926
0.8441962621898679
0.8074147456462439
0.8435617571893832
0.8374311650821664
0.8160153201488176
0.8653279230235548
0.8326227261146503
0.8418183955441957
0.8388167181651897
0.8449467187182244
0.8369753009790654
0.842445128061413
0.8483907592543376
0.836949119688156
0.8300365788851339
0.8189121354092369
0.8300350819323374
0.8269092844566807
0.8380192474245377
0.8853419524430929
-0.8330790965066396
-0.8454535234134382
-0.8240872983034193
-0.8150534286987183
-0.8280875466934716
-0.8130394568006871
-0.8844087960054361
-0.79617283526223
-0.8615523727085492
-0.8303860834150204
-0.8684806334492434
-0.8147693593498985
-0.8191529540577678
-0.8313882897610266
-0.8843898986015993
-0.787859185100012
-0.8360664449072484
-0.8200989632025247
-0.799873192164864
-0.8306888904226374
-0.8251671597336502
-0.8233824833448123
-0.847167548273466
-0.8628300351347123
-0.8410514275487865
-0.8358639652423616
-0.8169933087293043
-0.7953440550938173
-0.8157872189323481
-0.8238161765543247
-0.832042988753407
-0.8281770226728569
-0.8299487426796445
0.7739090201647202
0.8602527791309165
0.8692460332068072
0.8448244073261651
