0.1969260822928615
0.2082880748723535
0.17162804686131655
0.19146115856875795
0.20891069830649495
0.1772478764188642
0.21632032817267136
0.1851076442608712
0.17893676300433317
0.18485412662986672
0.1490112908941371
0.14181182530056952
0.07703532337642904
0.1374449201547291
0.12216103133359135
0.08126481056638019
0.059408841867898354
0.06550038138987549
0.022744249867126066
0.05505651304396454
0.011855013055735482
0.0099722403814743
-0.01879683312053527
-0.040848125286784984
-0.0388797752866537
-0.08919796299287483
-0.06704544605699649
-0.06723189855190331
-0.10772420928446386
-0.1257303539213007
-0.09535878925035444
-0.11520993085507367
-0.15572485152485152
-0.14750781308943894
-0.1719815088267445
-0.16634485729183393
-0.19236434965991878
-0.2128079396609385
-0.1995387074087957
-0.16868700426625646
-0.16275743608268503
-0.17628159745401825
-0.1579913296678858
-0.15398584790419212
-0.10767232833533333
-0.08280741906410208
-0.11185527207486941
-0.06996925723547445
-0.08361187882974946
-0.026411727015917257
-0.06087409895881389
-0.044320188423249904
-0.02019455854499176
0.016854233955549212
-0.006546846665263478
0.021512277508677242
0.027503161179874898
0.057068898300371554
0.02035250244807558
0.10284759340844976
0.06565949929037203
0.05464800552915356
0.11774767064357845
0.1181608479667307
0.14603600092867336
0.12139720563593527
0.15091688946732562
0.18397992295338375
0.1678433459375392
0.19632038193598303
0.1937561941752437
0.21466107362695586
0.20407993568581786
0.18765903163379752
0.17772912065706375
0.1291275261963618
0.1199571252321982
0.1423316658021801
0.11046989270842517
0.10377826263374308
0.08815999301101918
0.07595437733759916
0.09730465238149612
0.07556345667914845
0.022308088337808986
-0.010881457540769315
0.031138217689351218
0.03563654888671506
-0.018607853839414358
-0.010656441096686828
-0.03770720985463044
-0.07242767187435298
-0.04290828825755118
-0.074694226414114
-0.0597726964466424
-0.08551097622049714
-0.08553804723730742
-0.134898952845553
-0.15066894731421118
-0.16481878020496799
-0.18363926335265515
-0.1707372534656849
-0.22190194121928736
-0.16608915244658276
-0.20511314265454875
-0.17623948225723463
-0.210950948941374
-0.17609452573785647
-0.2034968990882629
-0.16082029224724417
-0.13484546141816972
-0.1503588011670363
-0.13311274597682277
-0.11011770371875626
-0.08907364560986651
-0.04495835181052913
-0.10101745401871515
-0.05109757365037489
-0.027441034506190287
-0.00929977859516995
0.010778292528417647
-0.018785590641674187
0.014998699606677827
-0.004125434278734377
0.054062902418797944
0.05239370471840292
0.05333476899132087
0.09388993293121062
0.07699379940204035
0.12404436212697467
0.1336865062063093
0.12880236668009928
0.14079133323062412
0.1645933976988054
0.14757149784173898
0.1728888312928255
0.20769950537314755
0.24171533153543137
0.22593472899422784
0.20985258727670536
0.1897586607051791
0.17248008451957478
0.1735231736100501
0.1755369966886654
0.13362600428028018
0.10679931942151057
0.11770064286717825
0.08673689135380916
0.07000623856079732
0.0750893071363017
0.07476854292094144
0.06829331076690637
0.036550468045597875
0.03374100050929166
-0.007447903363464242
-0.010135551858219646
-0.029811453439473085
-0.0030838400940014637
-0.030295581086514672
-0.06968688081430577
-0.049395782736601127
-0.1049136242128005
-0.08842487567242663
-0.12317179913848583
-0.14689207764311574
-0.12668968784402712
-0.15111938963981622
-0.19835130718680144
-0.2030766572320897
-0.2311971361514668
-0.17467804345849874
-0.2294970879777867
-0.19283367327497158
-0.1852765458298712
-0.18793390470225926
-0.165670659380855
-0.13892579494907983
-0.13964037322495323
-0.11498016346088528
-0.12020878352086163
-0.10626961987956786
-0.13913481291656313
-0.03978541837211246
-0.06060389902406621
-0.020595769915412166
-0.011701976858237845
-0.014543290828586476
-0.03398321774724939
0.002178538091150258
0.017927437104838708
0.0024709734716145126
0.046528136267630506
0.07745176712588397
0.10088548957659944
0.08473821235081808
0.08239593417705815
0.08861264631424805
0.09092052938604295
0.14856008690667077
0.12131195640487888
0.11434077304260712
0.18871548113604095
0.20441988816583304
0.1868773121905143
0.20661687351632776
0.20446903823625118
0.22090595958952072
0.18486652106346696
0.19205035307092713
0.1301788670732422
0.12930015535895117
0.14452079058182557
0.1454118725221378
0.13041935284872963
0.10601696364522703
0.0993270513453392
0.08199300089959088
0.02627023793284464
-0.01652137536041181
0.0654683740802735
0.018350970473283157
-0.022866468726733133
-0.00843996014977237
-0.0016671856964458887
-0.04806510246954733
-0.017517217390188834
-0.08167270889995401
-0.10527456027882562
-0.08907148671079482
-0.06208948271295727
-0.10471346683884122
-0.12558998055049392
-0.1451273765881083
-0.126256428570333
-0.1638049981176518
-0.18214904668329746
-0.185647266498441
-0.22683655368182448
-0.21758048539935992
-0.2022476329626101
-0.190458408933451
-0.19379865527643564
-0.1624463393836166
-0.16043176024409106
-0.1597266646232983
-0.14691296806949894
-0.15309308456822804
-0.09534195286834901
-0.06204343634794779
-0.0869363459724634
-0.0673689278593321
-0.02952306486780551
-0.008420891904160416
-0.023192197048328096
-0.005981824095489582
-0.022318982799887557
