0.4211954167457067
0.37269294062637764
0.33393344370610983
0.36915912084906455
0.3085917501531197
0.2917387869794501
0.2941719255129453
0.2798696054559778
0.2098483846294533
0.17139934034380686
0.15951248406121285
0.10338598318321274
0.0981378615355824
0.12264898556184994
0.06310786512484845
0.05403556228557269
0.025815105780960267
-0.015447099003628346
-0.08787725971741468
-0.061528063919222914
-0.08623468993037856
-0.14097328324035102
-0.13820890546439812
-0.1554418214623682
-0.15203046157081748
-0.20732139984111556
-0.2227165696206034
-0.23836393161317396
-0.28749496955121123
-0.2955277131284516
-0.3247356739846343
-0.3566700760746442
-0.3752201857411965
-0.39786253965436225
-0.45564821936122735
-0.44418551365727266
-0.5002595774370068
-0.49609340377656996
-0.5119997031468366
-0.5557831404226785
-0.5748047545176407
-0.6322202689420425
-0.6439325668634429
-0.6194178712685681
-0.5922791424995114
-0.5750758866850568
-0.5008912829588009
-0.45958751300499423
-0.4828891765419373
-0.4463032394008599
-0.44664670021485253
-0.3798562348246128
-0.3612948420528273
-0.34613116224763213
-0.28784884095267604
-0.24669698321649403
-0.2503337610619888
-0.2675041869502796
-0.19320473409710884
-0.1689991180291242
-0.16181356894401563
-0.10973940375322405
-0.08192557885817356
-0.0563446399466771
-0.07242098153922337
-0.007298178981071622
-0.03230947800564775
-0.0045116940855057415
0.04242707785038187
0.07292485080674635
0.09909144835566742
0.0862938217103986
0.15037768885494776
0.14698313064737828
0.16114153147080904
0.2548796977958479
0.20393518748830125
0.2512774369039795
0.28142481489277893
0.34129046050322276
0.3272452659562795
0.35195206122018863
0.3978836550842007
0.40715888234123576
0.4089045825522191
0.47332122256357423
0.5142695947708917
0.5086495789334184
0.5416991197781093
0.576628094743528
0.5886447847962255
0.5928572180860523
0.6377396809065449
0.6101819350965408
0.5560332247709796
0.5760039834419782
0.5064597673524766
0.5135385649515939
0.4661717375916415
0.47635604110852786
0.4495686586196729
0.34568310511626216
0.33980585444061523
0.36786444031103405
0.2994246925135913
0.2710233915755014
0.24712629935945812
0.21453824724857795
0.2272580540069232
0.17993282690252194
0.19990005980483433
0.1389661115891223
0.12018117412909972
0.07050617774288752
0.07746653329255955
0.059025088694267154
0.043543699697814395
-0.019745142757601912
-0.04689121003509765
-0.0467106266430352
-0.083392599430189
-0.10489873415761047
-0.09854189874544829
-0.13272961615950557
-0.17118447888091098
-0.24968128539731874
-0.23704157655516472
-0.2608227071115531
-0.25977597706249267
-0.33454862885313724
-0.3489206787395235
-0.32921874068744217
-0.404669811853844
-0.40816642838189876
-0.44117315189553047
-0.44298426631155713
-0.5124349900079032
-0.4558944977040863
-0.528087185681012
-0.5299273046521474
-0.5588478888130366
-0.6334069849685322
-0.6124175676363306
-0.5944371673681264
-0.5889001531451875
-0.5440593155499774
-0.5021003788750449
-0.48236384123016723
-0.4570425167772887
-0.42539277562555505
-0.4533972101355783
-0.4144307538030082
-0.3565629207523558
-0.3587143384004681
-0.34451542370968763
-0.32612045474071566
-0.28526969962970933
-0.23987151371936913
-0.21589874913331691
-0.1907670798024441
-0.16326611869555732
-0.16947953975029134
-0.12341685191559844
-0.11332211955823451
-0.13717339943845208
-0.052298594024114145
0.001596852622303243
-0.025889478347907672
0.02339444877814421
0.045339029138980705
0.08848190454925581
0.11934232174442808
0.10354744263980958
0.12740274037569513
0.16784994694262279
0.22835663242969634
0.23257813255485665
0.2774483580094354
0.2783549274972905
0.328813360884925
0.3424457347987127
0.3741950100931304
0.3880169167800427
0.38925994877216613
0.4286918454954459
0.4626393083621512
0.49602452531805674
0.5425816540471095
0.5242363586466389
0.5563384322801466
0.5746277385533951
0.6058228881881426
0.6224361803582472
0.5899034432222867
0.573349074548357
0.5636395085637697
0.5476420263640993
0.5055430079207932
0.5065025815693942
0.44409730707459005
0.38291893056579995
0.3958525608389487
0.3724316719754532
0.3302783945900581
0.338555329783191
0.3053342812534928
0.22798884266616434
0.2582644315095682
0.2503112221216857
0.21155234037723758
0.17567311979500386
0.14709813717704986
0.14510564147191474
0.1209015048213264
0.07409983794225218
0.07435654360578332
0.05267054587775634
-0.010261450089977753
-0.015918653200337363
-0.07334806035032432
-0.07602116673215865
-0.12636109970611734
-0.15026529733055194
-0.12776722914969108
-0.1615988929116278
-0.1894466464462552
-0.19742582116825416
-0.2644882627057651
-0.2896403999634314
-0.2878839196301297
-0.28551516699389634
-0.3764449055922389
-0.36415911347499724
-0.4099462852106419
-0.42270203211550134
-0.42105405306155913
-0.4466154524157033
-0.4859121383194725
-0.5471507002758069
-0.560332646297929
-0.5884531838945006
-0.6140412178551261
-0.6197340614734896
-0.6185561376132382
-0.5680927538467361
-0.5716102501649731
-0.543358248157564
-0.539928823645328
-0.4813875067270952
-0.4335326190070397
-0.3952013518766847
-0.3906856505858174
-0.40194222826792136
-0.3503139478952787
-0.32161064606145484
-0.3227623052124517
