-0.2962289427267226
-0.68728705734811
-0.479860960872989
-0.012602844207642726
-0.4662143957199097
-0.7172232083471721
-0.7814814574902322
-0.06847461237334403
-0.3532089908889493
-0.754218461094822
-0.27151075232414124
-0.6552675901524776
-0.493310469262416
-0.533245183639338
-0.2379082336382813
-0.44641992790639007
-0.7707758786758117
-0.45847349758846256
-0.2618235590410247
-0.737243487240839
-0.4052705879440344
-0.44936098507463407
-0.2212911107738115
-0.449454837324256
-0.7983869469861681
-0.5434921128206631
-0.3637301373518394
-0.7802851048536671
-0.19770014996477295
-0.6512310720760083
-0.2779111947603895
-0.4283303811469217
-0.14995592784200684
-0.7329691744424568
-0.788283452885498
-0.7283082754366046
-0.7824899036968005
-0.23065267216994786
-0.46817935998907323
-0.5989633784913484
-0.7228061997683743
-0.6804820898084323
-0.281400954636249
-0.6280907643322917
-0.24039448845102454
-0.6662604216781537
-0.027442665086522322
-0.008706144468455256
-0.7763671030600819
-0.15259861476941208
-0.49335406657429365
-0.7819315775443738
-0.17882344192097008
-0.5573341462168897
-0.5295166971743471
-0.2746499790342078
-0.407258348290364
-0.4810242107263691
-0.7954797492627377
-0.026508533802266004
-0.33672297435971527
-0.2512648088722559
-0.44827500967092604
-0.7277404014349693
-0.1310367445352502
-0.7451993620618906
-0.7935162712523585
-0.35178381636450623
-0.0646106100774702
-0.285756182401377
-0.5034063704641333
-0.2723884421655047
-0.421527752567089
-0.5285747159840821
-0.5587871408672791
-0.46689731065764134
-0.4073477467729828
-0.6535055546299803
-0.050703378093699215
-0.004925518011715588
-0.29476073136165964
-0.5384288184797957
-0.18453224660766007
-0.3729965380890016
-0.28096746487540164
-0.11300614471851997
-0.3511336397480279
-0.6434843467724386
-0.11971293228117627
-0.3152079360621128
-0.6108311608855405
-0.26552669737143125
-0.30460903467022465
-0.535025848828269
-0.008836558255925296
-0.7829762482299152
-0.6709635238396435
-0.8245583773033417
-0.3454799175153273
-0.5526309899104378
-0.30399535990026416
-0.6474714736582016
-0.12651630860491783
-0.6836348149153114
-0.6109265988192913
-0.5340789048870234
-0.2697676295542992
-0.4492731352398404
-0.14034505482679666
-0.26375461457495
-0.3682315835600483
-0.30120911688361335
-0.8204582252352135
-0.730244807202316
-0.6624654857831618
0.013854766937427888
-0.7257391261421098
-0.41664515142510283
-0.26929939297848693
-0.6910465322616134
-0.7269963679459603
-0.32077046312333823
-0.7206856387968068
-0.08870010905042663
-0.6641295366789381
-0.42455419572962794
-0.4401346003410643
-0.594427977905901
-0.6671091307479416
-0.17022965042188382
-0.36559505213281795
-0.3746981974935214
-0.41822959353045397
-0.621181918477748
-0.07990930742669151
-0.18694625157227907
-0.653560836840221
-0.20249995254370295
-0.6032247234435664
-0.07157807204367947
-0.14574329946440434
-0.817852385735303
-0.5294790999352548
-0.6556992102502323
-0.2955297475734843
-0.07047438550075254
-0.10175983963369138
-0.7401255642060204
-0.45368764309455784
-0.8013005817355783
-0.3554408171403578
-0.49676601220801797
-0.03439681795646341
-0.1540883417889701
-0.6684989719211236
-0.5738621459147848
-0.6071202307008756
-0.5609056911018997
-0.5173279206532834
-0.2793662758034881
-0.5189428415607545
-0.6552702739396014
-0.7327028048238015
-0.17926959782117527
-0.17223414137679996
-0.35466125817501776
-0.1605808746898024
-0.4212601158072977
-0.1339405965398802
-0.36167707090866863
-0.5488096009323651
-0.6213320373189715
-0.19762843032211921
-0.6087472103194571
-0.41256417227365083
-0.20798885605822967
-0.5233842657648305
-0.18076099807817655
-0.06861710914720326
-0.573165369114387
-0.23547223248801977
-0.7183943829440471
-0.28880924302472416
-0.5167158860283436
-0.4776709722177797
-0.5622826896499848
-0.647839592176904
-0.18180956747410806
-0.15752125784381799
-0.5485185085569708
-0.17062342328162222
-0.17828946873493653
-0.27270769672897754
-0.09351075005991333
-0.3856281372052071
-0.06618329128590397
-0.49104341290974673
-0.7030328714949228
-0.5118885943104434
-0.3692312243815713
-0.6006304778891542
-0.4431110069713669
-0.6192090344773953
-0.7676085975027003
-0.7513013060067767
-0.5785763520509938
-0.190774859688113
-0.6059039541562974
-0.7457721575971785
-0.04165010069578424
-0.1946602025990057
-0.503396696979885
-0.5686306626321448
-0.41190038445987065
-0.05600465702706325
-0.30584266358572987
-0.7583037741488079
-0.4002526348476182
-0.04258782011690579
-0.3147896111361907
-0.598743299470978
-0.6663607097529007
-0.3832253351711514
-0.2246068129235183
-0.5037394312811121
-0.78215359971413
-0.44011258789534957
-0.13315752634318864
-0.31050095412781753
-0.028180231152931456
-0.2841620730470287
-0.3530767710234947
-0.7358290448159542
-0.470612537294041
-0.25588422464578053
-0.36141835385705945
-0.5035148356149419
-0.3033201649972279
-0.3507954495492912
-0.37079036361611983
-0.12761175994098828
-0.32111605925148695
-0.05504788384506072
-0.5514370970439328
-0.6317211649422292
-0.6698757345009493
-0.3063851896137201
-0.8287429194589134
-0.18566080851058844
-0.5359746023179124
-0.7546596511885232
-0.43528087998107545
-0.008484889084232112
-0.22493243934843174
-0.0038738490017603475
-0.8205277650091404
