0.08894052916058165
0.09297794587174467
0.06704117165674628
0.07752911428103781
0.044995279960645604
0.02889301940788786
0.00950636767849575
-0.00043752458760177616
-0.007188030549944671
-0.052635600203243274
-0.06774380288102111
-0.08685074978392086
-0.04673456077613708
-0.11366117732376013
-0.146454035747086
-0.15148711798800896
-0.1816270146142545
-0.20027166741490882
-0.18993676179052554
-0.20930518341585624
-0.21317185085279555
-0.2061154272467991
-0.12194115575734059
-0.12520107864557248
-0.12170084481418278
-0.11771563502871712
-0.07888443599460844
-0.0816358529003417
-0.056387742841126916
0.010001009562248857
-0.024886946010589422
-0.029226007306779135
0.04851928723072722
0.0291928705112375
0.015710749635355223
0.06226662789631131
0.06419016208562542
0.10415011771342536
0.10035864716990817
0.15526352638072044
0.1341466474983877
0.12519811483935417
0.14833700849908626
0.21642857156765566
0.1866808698027588
0.18008308975050713
0.155526225912609
0.15379015441261804
0.16217289505690374
0.1647838802159356
0.09421365464421519
0.09502489769999972
0.09826889455565366
0.012682736839025384
0.015144029301743106
-0.006416472965615063
0.018510001092397435
-0.0066757439086454935
-0.0019346099854627638
-0.017096150539956452
-0.07327502175021176
-0.08373419179661433
-0.09422704777365917
-0.12289095266817102
-0.16264020614706862
-0.17258652547100742
-0.2091986257749625
-0.18759827758083655
-0.19241376165141524
-0.19282335101814357
-0.2017924719452018
-0.1670288653071877
-0.16367278194383852
-0.14883515102167494
-0.13089257089246356
-0.095973106371911
-0.06867364965912294
-0.07255275055705708
-0.03436055796878237
-0.022672771407180537
-0.022936729372208902
-0.009441879830701813
0.011093653031845105
0.02425259200449544
0.019310413736978768
0.039267203954008685
0.0717186542410704
0.11654599117099647
0.12888879631218944
0.14065198308741522
0.1389691788292044
0.1251608422995428
0.1622814284682885
0.19007355655895636
0.216665290485726
0.16901382238786694
0.17756490689041934
0.14704860571956513
0.1695471761086704
0.11571389909350371
0.08920122805487903
0.09508054560596753
0.08270034760520523
0.048027189507425155
0.03353785030407787
0.0282231697975256
0.017557953759025628
-0.01700493855639421
-0.004925185290205612
-0.04148803607655563
-0.06320489458429683
-0.09227536157835876
-0.09253698793052516
-0.11345317730194956
-0.18251553365724543
-0.13270912949667535
-0.138321270327704
-0.1952550898751951
-0.15347185337399374
-0.2281433429974994
-0.20709900291548636
-0.1299555923414072
-0.15752257628956873
-0.1319036099729972
-0.15548075464559422
-0.10482213191339528
-0.09065239427379286
-0.1147386483128969
-0.03717001414556792
-0.018369430268282486
-0.019032286026651628
-0.01099063005087347
0.023052048275945064
0.011693698336726873
0.04338891423322596
0.0862864967693811
0.06737009873962012
0.10697941821487846
0.14183128778699058
0.14651941320399506
0.1622528757363229
0.15134833760848737
0.1695342594478546
0.27442913979259875
0.20010639192361643
0.18059823441450557
0.1884683837557929
0.1431272350274543
0.11854680676025936
0.13686771099030176
0.09212130474436586
0.12709640390337612
0.06429852604479931
0.065555550453694
0.031371457134723175
0.008599895174139907
-0.012521878342804197
-0.03355733383802843
-0.031105630409992507
-0.046225822467097964
-0.06082272300267163
-0.07879509027225393
-0.0787257095156525
-0.10251037232508316
-0.15236828376277559
-0.0932400813412413
-0.16409744008750837
-0.1721359295275973
-0.1698004003281601
-0.22304463952704637
-0.18943335527370436
-0.14165848243028126
-0.17548763436996395
-0.1683285163972985
-0.12970962497607305
-0.11885885340564109
-0.08704844456068998
-0.08232638605427452
-0.08456463878059417
-0.04769208453680121
0.011497571291686888
-0.01007604429103161
0.02914166350994587
0.015085731574623281
0.06537242127452143
0.017340021178951337
0.06930502292986443
0.11174864031487922
0.08756569814300735
0.14536059781719496
0.15896495552917866
0.16554977874440485
0.19223944466895185
0.1869257407992641
0.23046328417214496
0.19182544949871635
0.2114813973448508
0.11496605307799006
0.16999444164877192
0.14518916521437095
0.10669301162188632
0.09013599578146952
0.11282593189680405
0.07785494916763637
0.04450415754392942
0.016997702944153488
0.03517148832289789
0.0033001183478954844
-0.04966684876440834
-0.05205323415008091
-0.05388056800543522
-0.07382060159368813
-0.0785823770521234
-0.08063527339988459
-0.14242046399907055
-0.1365552847165747
-0.1319502948371462
-0.16586796764479764
-0.1760898284233994
-0.22553534951184653
-0.22403538152918845
-0.22203520466081272
-0.11553561372989267
-0.17772743677399172
-0.1385143267074983
-0.09987671404201348
-0.1060007066619809
-0.11018076891780323
-0.024362219686667033
0.004810588006694573
-0.06254916020110511
0.013657944781102284
-0.008019840859557491
0.015437592916336411
0.0457421640202082
0.007637779390065276
0.07038700176333526
0.056706558346065736
0.044793310433655184
0.09975871300693664
0.1796831900710966
0.1776879596329823
0.16369658101446874
0.17479619749679112
0.22418508220103547
0.20375672487569849
0.19743646051875707
0.12251661492040869
0.14634413861090542
0.16169417489460394
0.09955600349018048
0.10887887564853618
0.09164894565236519
0.09693964185158449
0.044680831217305955
0.03493913347362038
