-0.8057185674779678
-0.7869146496308518
-0.7307509243517194
-0.7542306392620778
-0.6875968202495147
-0.6504988024361491
-0.6136924110351146
-0.5941179345702743
-0.5570427251757719
-0.5532695324876544
-0.500004963391555
-0.4661616541488611
-0.43512666182189785
-0.3690785739657339
-0.3920025736519744
-0.3394123258211304
-0.31926920637751177
-0.2611880142926524
-0.21198456892979745
-0.19259393674809394
-0.1721017979422727
-0.12642607094822178
-0.09176571165291528
-0.07881599896271481
-0.056654606364648856
-0.02957135567019021
-0.010689495145047072
0.0667558074704327
0.07686461645713588
0.13263822997779925
0.16152940392579
0.179458913521525
0.21191504480901502
0.18686948205590698
0.25258377415458944
0.33087587263075025
0.34809233328748573
0.39189091240935225
0.3978457852380121
0.4302690844369712
0.47792404899642005
0.4687221619020445
0.5345394644551308
0.5533727290179621
0.6192551267915771
0.6013844671404746
0.6238129105836419
0.6757856874867364
0.7581614522275122
0.7580596802204442
0.7644272914217861
0.8369871141541491
0.7264441353892462
0.7329266862786543
0.6836236284147299
0.6473873983928274
0.6022338069074127
0.622422758696389
0.5842955307145031
0.5795838536993875
0.48473932207197123
0.4121192063437439
0.4475524786041719
0.4560977742976014
0.3966285506818179
0.32389744845667956
0.31003007669446936
0.2839472774004181
0.2590167211872173
0.20846386933609207
0.18004278636065685
0.17811218178988797
0.1008648199715045
0.10119399124706109
0.06371870350004036
0.032662276309330975
0.005244167489029764
-0.035625118888184384
-0.07162792875557725
-0.12109858947117227
-0.1528240987553645
-0.19297162477848476
-0.20103698088487418
-0.22354094574076813
-0.28391300166432965
-0.31612304810055075
-0.29707566122516404
-0.3417431309158026
-0.41294527820066607
-0.4605168270249633
-0.45611282917579865
-0.4988746136911819
-0.48321201941856434
-0.5970817448936102
-0.5984775850620021
-0.6221783081098067
-0.6316300471015694
-0.6730646923473278
-0.7167797696392452
-0.766934733428411
-0.7927525707711287
-0.8099073685726098
-0.7265110075852255
-0.710901313664026
-0.7189468882792651
-0.6527273348526677
-0.6574331567098085
-0.6037957118923591
-0.5671755953201432
-0.5338119841660478
-0.5244397072205534
-0.45669030407595296
-0.42960134047670295
-0.3961130108362643
-0.3997390870529325
-0.33675340075632065
-0.33208545411245183
-0.2791942192778908
-0.2471814590614712
-0.21119622955166162
-0.1725703668939278
-0.14557605552649924
-0.11958877182986782
-0.05705214035230452
-0.06159164137388186
-0.02207751241924841
0.009176742861603889
0.053432514850976165
0.018799082288710287
0.10311199578683246
0.11375133147618982
0.1558589388016801
0.18993282582580537
0.20948456113779607
0.27113061932532045
0.298948636404049
0.31738237848548645
0.37791265033190086
0.4042922363343157
0.4632317324023893
0.4537927958730717
0.48455798163501035
0.499024220172843
0.5562205231602015
0.5676169564508725
0.5925591294998429
0.6084560174430419
0.6611069345833134
0.7066000276748896
0.7113705079518569
0.7758538548927333
0.8136076567596074
0.8005639287262364
0.7350499408532609
0.7079771440734246
0.677723746046607
0.6277281816522339
0.6291694194570838
0.627410443648063
0.5373620280505346
0.527213049443289
0.47805425981954347
0.41929937000119594
0.4172016205025377
0.36459260688558526
0.35336400823124886
0.3311288176961568
0.3002860673863308
0.24401725971963087
0.22151259752360336
0.18626667655352233
0.1813972730563002
0.08824256322485657
0.09800819028831859
0.022396807072302197
0.016597896472170897
-0.025754224825489586
-0.024786579564326398
-0.08470660421853114
-0.10458666146174937
-0.1556703261596908
-0.16440177988585508
-0.21526581833679728
-0.25081457743605834
-0.27036398036480125
-0.30633496609139754
-0.3103035105269653
-0.3253424179530318
-0.3945367119875855
-0.4207712709653269
-0.44023234331862887
-0.4932214390533221
-0.47328057996264583
-0.5074801938952942
-0.5774733596544597
-0.646814597816249
-0.6337748284203675
-0.6766046320195156
-0.7069732892462031
-0.7442085225682116
-0.7812525122194314
-0.7666524633007458
-0.7760074660266332
-0.7334006129745873
-0.7048095929104196
-0.6777834790254882
-0.6483934724723678
-0.6094090170631647
-0.5933764823856429
-0.5607989905772154
-0.5251778377667308
-0.466058793322161
-0.3974296351836318
-0.4162444524132625
-0.3838386202060996
-0.3483739859904762
-0.33397035782214546
-0.3020774526414932
-0.26318733197898453
-0.22260341762610503
-0.18551815759787477
-0.1752367631440458
-0.09225436123191535
-0.04758844534168623
-0.0424762176310578
-0.0747242576268156
0.028343019938235136
0.041010777633058854
0.04578632985548254
0.09748666179483653
0.08810497252506438
0.1677398368224301
0.20577659344458304
0.21806575226335756
0.25338368409460077
0.30426524308220987
0.3030225743508668
0.3722528821038495
0.36954941009581654
0.42718037615009996
0.41228138768848566
0.49685695503473953
0.5272192907802264
0.5614352116441882
0.5784684971278833
0.6204354475156615
0.6511763590080708
0.6507025300276017
0.6937267121120383
0.7209928903557683
0.7747098069136973
0.8128086499701155
0.7466019993286407
0.7430721697527705
0.6983918012302927
0.6598678978572143
