-0.036402915049826935
-0.050338436067137005
-0.05913642632082273
-0.061661561349888594
-0.049614115386501345
-0.06336452051370295
-0.02793320286371839
-0.04660666750207785
-0.018364978832634004
-0.06519356136616167
0.005434503326741086
-0.021053853485827723
-0.04104558841794171
0.0038359915424613054
-0.010409707373100902
-0.04292760745840408
-0.022452378021786835
-0.06071047028441605
0.004884647033879387
-0.020410061873513113
0.029612910531248156
0.03131022218445427
0.02704820496996128
-0.007970450539716248
0.0358134036553007
0.05328279397154069
0.03284339129111278
0.03740477634415162
0.029629429921984113
0.034853861072020466
0.055605769128056204
0.05763828533100134
0.0686927422160301
0.016233687736757395
0.039531126566493636
0.042801117920025354
0.04461024371580355
0.07124004195717026
0.04722240401758866
0.016518983720279462
0.060946411938814546
0.058829122141257885
0.0387312503858512
0.037686015499037
0.03402560357119492
0.016341365890217986
0.013663071471105072
0.04849173258562378
-0.004714755115971428
0.02296443550678784
-0.008282804560381588
0.03657168341804503
0.03606338096398658
-0.04166071912781139
-0.02094120820859155
0.0095720273187151
0.0047227205696736135
-0.013757378377070412
0.006960545580841904
-0.04209674029638395
-0.029989521193653182
-0.06305578271872275
-0.054587358339755206
-0.06320163013855862
-0.0719596562514343
-0.03890785145358253
-0.0849524361515051
-0.025877034186415498
-0.053454555937685284
-0.021467371529510088
-0.06286027544799236
-0.0796598922682765
-0.05409523866505483
-0.0835756871709332
-0.03269276741635781
-0.05157616801751282
-0.039860099667729965
-0.025218231082901478
-0.06259507170639662
-0.021768067025974294
-0.04910524324649829
-0.008987306762447678
-0.04016542128186002
-0.011285274371185755
-0.019134093069618212
0.019585004127051844
0.00745415114004986
-0.02548688176652407
-0.02951968977116194
0.016884438546783766
0.025382352854948435
0.007894346042576661
0.024871432045342843
0.058633261688013055
0.07716957388421705
0.05597424954021316
0.05233756012910198
0.04469987290745634
0.04924793624292998
0.05504879016194962
0.061657825912471265
0.0019728466604384265
0.04453512129252047
0.055884463069125194
0.058176138631452975
0.09105086987617225
0.03365729410584266
0.02448493163363871
0.050934808108713016
0.014326739413192239
0.0494211759798802
-0.009893159184660522
0.036091582537717805
0.01447796624279209
0.0608378310755307
0.016092401396795523
0.017496103985678156
0.004864886981235575
-0.013723414121188316
0.010204373363656283
0.004674152210079732
-0.006856738092928078
-0.013037324213664717
-0.0021082962750976486
-0.022226418447645266
-0.05419847278842342
-0.008379153850401267
-0.01378796180229841
-0.09529789335965025
-0.06451052274078947
-0.014529560909778298
-0.019341064484675898
-0.050627317785898206
-0.02620986642747827
-0.023195830469554035
-0.05213278992711004
-0.04808940537872077
-0.047668742721771136
-0.07646949029813739
-0.058118938361556634
-0.046126328362406474
-0.06315677372238607
-0.021854630016594174
-0.02452681716323481
-0.05312261960586653
-0.03471854002935229
-0.04908121989316036
-0.04634198846462906
0.024591114056614925
0.00785805974070928
-0.007334460707007179
0.00014562528820063168
-0.016059273388871715
-0.02257136030628988
0.016576544681355915
0.01049771693918337
0.0016740591196718856
-0.006820633062829328
0.03452961688650239
0.05095326526395867
0.03558134946153691
0.04459461329426793
0.04011045118779315
-0.003715181282136215
0.032074931328251455
0.038233687159410654
0.08311525078941653
0.08572107150987551
0.03763101735651943
0.04481505920245359
0.05485915632113186
0.04839655651131719
0.03790997336857044
0.07293555300853911
0.046639551489723576
0.030496213321399908
0.04082352144406325
0.04730912570794137
-0.010533476487843849
0.01644281804221636
0.05168550507181249
0.006840633864254583
0.001169005883943669
0.005670626526618122
-0.004787737206800471
-0.010185970945498606
-0.0035906795150389475
-0.006134836640735039
0.0023499421138293685
0.002118615576966406
-0.029399862942418233
0.0006402025276466827
-0.04722639762948401
0.0091544354058119
-0.02639469180656654
-0.058436461148641386
-0.03479473590331703
-0.050473810241778924
-0.05203178571456686
-0.06328932450218991
-0.07593620020843786
-0.06384861043528953
-0.046636499444084975
-0.053433710866254994
-0.05546634924779148
-0.059267427528259586
-0.04509018198977647
-0.06764975721851231
-0.030764851267689606
-0.0178302567977123
-0.02460335766706541
-0.03944355998854538
-0.04631856994097677
-0.03136280753871303
-0.03160577876299771
-0.010213545308656471
-0.04725947539106909
-0.015157562225824414
0.01050903949642849
0.002550070033100777
0.01193406783853778
0.023967571629476457
0.016609018366712847
0.014371111710653878
0.038959194706680994
0.016955734523215166
0.04463117416456581
0.040395256590610634
0.037676062201324245
0.03202388484463533
0.033784690763243995
0.021804202550206736
0.03172516714243112
0.06255068029585151
0.0379003551557404
0.07406855206364632
0.03851473209964457
0.04516576506274879
0.031540742262723354
0.01850047429452658
0.06724784469421859
0.046482991995610096
0.03500142968610708
0.01591886156995081
0.03654404094489664
0.028275300488693478
0.021678257523026538
0.017719508325736374
-0.0056400846047412155
-0.018982961128676146
-0.002150519267179657
0.011628063119509757
0.042296449837198095
-0.0392312611407399
-0.006570248908826288
-0.02843297829186655
