-0.06956420215417271
-0.012912537097255953
0.123359558419079
0.15421480660962833
0.25486156309765123
0.34525144871220553
0.40396154920007893
0.47853920305210856
0.5767735748055657
0.6286991195508239
0.6217746827556344
0.5048053863428689
0.420439637067811
0.3533953073149211
0.29792596054846066
0.22274485742443872
0.164210685706766
0.041982602469787536
-0.009012075481211194
-0.14987482914968078
-0.16466067855085031
-0.26215812348890316
-0.3708358229391131
-0.4211421614396238
-0.5219162617663706
-0.5752910137366634
-0.6523153379796668
-0.5754112335110549
-0.4900925989363422
-0.4089280266302493
-0.32053865364271744
-0.23658518123953162
-0.16455010424666508
-0.08090990658553353
-0.022944384826336133
0.05222184946140092
0.14634077725036723
0.21688912206949532
0.27420509478765676
0.38083091434324995
0.41125560281871953
0.5550313636491385
0.6305586846887976
0.5960530878288604
0.5404333142105254
0.4765295214456262
0.4492147588797242
0.31881108298737265
0.23822127690116623
0.14073295372682437
0.09308515680290362
0.029590804615842792
-0.11730558690089635
-0.14840454613880444
-0.19610935258311693
-0.32125250069952876
-0.3866286216209624
-0.47125779445471583
-0.5548955259890475
-0.6198928634574443
-0.5932375744399994
-0.5022152394536964
-0.45194080715998597
-0.37025642082445376
-0.2924745779365151
-0.2017487271231169
-0.13217259206938478
-0.06126732580659204
-0.016146343487940976
0.07367689400043229
0.19456121161387518
0.2745341564368428
0.32291006110495446
0.3987846708493975
0.5085013248581488
0.5829866836464148
0.6736873441449569
0.5931268506368723
0.5011359383519961
0.448960898613813
0.33351119654242917
0.2851466698734397
0.19759260690185398
0.0967618167446085
7.26451439627962e-05
-0.04254905936636857
-0.10328909461902586
-0.1999457274083062
-0.28879342088593907
-0.3460555135566309
-0.4217193655068442
-0.5433092956099097
-0.614723928977823
-0.595072258972761
-0.5439032010769659
-0.48507319814536753
-0.37462641774505756
-0.333579635548557
-0.26672192056299415
-0.17292238512232097
-0.10078332904679833
-0.037299022066496976
0.05293228358076525
0.1363060844805709
0.18541346757850052
0.2703869515416889
0.37194371856383174
0.4637065963417165
0.5083774642942395
0.6079725601404892
0.6191588507624206
0.5362841650231583
0.4827706388381687
0.3861710789433972
0.3250371155467164
0.21730694805543252
0.12692977079524898
0.025295678630976988
-0.025835430640424296
-0.05060038444551117
-0.11019695184562486
-0.2563799098578091
-0.32688292332352664
-0.43494891937214286
-0.4871690965660876
-0.5874940219045852
-0.6373506948085159
-0.5963350029593821
-0.49740998509318096
-0.4534949175603025
-0.37382009515129
-0.3144629504773822
-0.2006110373593738
-0.12975958416817854
-0.060258522469606224
0.0027905967984028814
0.08898669670985239
0.16633352669079465
0.25458919486352594
0.3387343460469325
0.39427859716506947
0.5311015745429148
0.6182088635277669
0.6461893003953828
0.607175428755696
0.5078974324998072
0.4089792888277153
0.35088036778513726
0.2778227172502011
0.1925047036860968
0.11424263259268705
-0.009914705843294971
-0.09721180474514911
-0.09981568845383215
-0.22288899584203514
-0.28561015356241665
-0.3606521740517982
-0.433985287916994
-0.5332629813302822
-0.6035528421972579
-0.6510208996202113
-0.5555445919049904
-0.4810558718816392
-0.3990436877016203
-0.3154330015488995
-0.2383122807435265
-0.15476044582431603
-0.09544968405976967
-0.017396107123626284
0.06902680377443879
0.1551661640918297
0.23657546445276056
0.29574891173128404
0.4117076791508143
0.46773004053411027
0.5222662289688066
0.6365628801639639
0.5871912609542536
0.5504134718325002
0.46552730702195133
0.3569067364425367
0.27868567624535046
0.1932852905632074
0.14466505161442716
0.05688393353558515
-0.027059990412117527
-0.057379018815915575
-0.1380626979807544
-0.24882517660238665
-0.36020049910924323
-0.3751584439016298
-0.5091259548705592
-0.5502659387065223
-0.6547006516534896
-0.5686375163086478
-0.5096668574701096
-0.4338215021475676
-0.3606512373571278
-0.28076056111610254
-0.1872077532255674
-0.12401634179448501
-0.03658043060344379
0.0438982652482538
0.12970957194429725
0.20754598167258675
0.2712615332297094
0.3356723919361215
0.44801936409751825
0.518975439194221
0.6116873550788731
0.6756879251256525
0.5752833380587692
0.5291453650266345
0.4006355198063041
0.36494819001035517
0.259778981434759
0.17398494702093714
0.046773379167227076
-0.037554826523154256
-0.07135871813102788
-0.15644505925645363
-0.22700046443731703
-0.3039510020021563
-0.344378979875396
-0.45045229620424687
-0.5064529970727423
-0.6091328908331552
-0.6326420893099995
-0.5306547582987593
-0.44471914860567946
-0.4039461190476702
-0.31100437694723815
-0.23273265527363737
-0.15332480092476014
-0.08009306663709456
0.022828604159963326
0.08445303134690442
0.1801681615939056
0.2474215593467336
0.3358341167699009
0.4083488992656942
0.47628871013235674
0.575953957656504
0.6064294454596497
0.5809190874129969
0.47701605112352924
0.4800626120971918
0.3296916510767617
0.2710607766949948
0.18215190030507872
0.13415619160887587
0.04778661189525899
-0.052358066954309244
-0.08503037168812624
-0.1974566462537211
-0.2478654348854793
