0.7316317584353363
0.45818070992606713
0.3465020044177956
0.7780140359987257
0.5082025331795419
0.11383943211420841
0.6963534387946686
0.3176207868611909
0.407890012853938
0.0368377329819443
0.011609197311629727
0.27338371025469876
0.06359988682492228
0.5006267167494609
0.5875189582730503
0.7086889823389744
0.05487062533816443
0.0692255823930141
0.42241406661981323
0.7874607250392938
0.7399965241505709
0.6131264782893867
0.5259810460905413
0.36201580439996206
0.15057354483869057
0.5293029853694594
0.26940494452960806
0.42388322249712507
0.43541546827134797
0.1107210280126395
0.6067505385470745
0.13951722568681127
0.03699999194263541
0.02649066083952003
0.6020427527047373
0.7387953278707802
0.6673319466485648
0.4296797916722199
0.11828241954386402
0.3722684178738517
0.49619676351155534
0.14773331864882205
0.6869595153095617
0.7610091975790164
0.05131781122017792
0.256622219565866
0.7119050674520933
0.3266176867454992
0.537293717893385
0.3806873776235346
0.7431813688032434
0.7835093651324307
0.2858881941518434
0.013742543349718993
0.04466204682495419
0.2623596031305724
0.20535451619760903
0.16497273477629198
0.3825920781691515
0.5929894437169481
0.3103897924732998
0.15726259992057973
0.456668764402343
0.28344185962716667
0.7771182916850529
0.35146584367801104
0.6227702301588166
0.22507678316376015
0.1949737433959513
0.7441938846177973
0.3431917786216335
0.6689347262149548
0.7255645735905856
0.3485645458104148
0.3020933348864136
0.193225990920139
0.059870617943004266
0.7131717990784071
0.1369503070761351
0.6956665799037893
0.32197535675413735
0.06446149405548787
0.042404210561459016
0.03835303436067957
0.7622007484153562
0.5653322329879626
0.11755599231047485
0.011667965163873795
0.2781454665525482
0.6473767494168237
0.3475452951096212
0.3247712076006831
0.8105945531044652
0.23719580839302118
0.6820000150818478
0.778001122110872
0.4962107880380866
0.6321019651696091
0.017311789363510254
0.010097407886999683
0.7068716459629809
0.6265180000643655
0.4504901169753497
0.13053850915114343
0.26663667716647627
0.4978732344498003
0.023315573674838896
-0.014786968516712531
0.6010771095595683
0.5443128437480758
0.5924678905335856
0.15200558429846725
0.4572972522686346
0.12041348704330396
0.23274751242989836
0.5446256375136579
0.3014408733620421
0.05807550617200935
0.22855673529582515
0.27778571655599654
0.2882969138272262
0.2922763937832822
0.040583564891743376
0.41475140582173625
0.6764810019450431
0.45558480981896493
0.7107599006161519
0.2727305588219092
0.33859381904072894
0.5358086305766746
0.5304795302661341
0.1952732943416667
0.14812977667207797
0.05679133361941908
0.3685591973972151
0.47045680711330035
0.6410934894098954
0.1849363898103926
0.2968627092499499
0.347204979137243
0.6399305049253646
0.3597183265967944
0.4876849685596555
0.4335436878782876
0.46865720556809126
0.7792765945530231
0.469496686284326
0.17211152045248607
0.23266952172157357
0.6219031013245201
0.44087487564192734
0.27474507532761944
0.7380018647440253
0.17512077081725494
0.28372904577429636
0.2918991613121756
0.6155783138090162
0.7609416755490269
0.44207800509484974
0.41508807831090333
0.2512673111088865
-0.021314726003939858
0.7179542481164986
0.31830284623363914
-0.0074256299420947
0.4228620863441645
0.06008123703616821
0.44121454485241357
0.5936260947157606
0.5325442043404142
0.5245441784980835
0.4513406578815488
0.23935090676046245
0.5130509821505183
0.7457075283304064
0.2837067995183982
0.03116522060808384
0.4694387046023644
0.784834354472638
0.16279503543350238
0.1431721168834536
0.47458085475115913
0.5773674816652233
0.6965635120904259
0.12468916976819674
0.28126972923791127
0.7935166269545753
0.7054855506856493
0.5826070364418795
0.27777143400558924
0.021586478901545112
0.500849283452806
0.024222592124053605
0.10655057508251853
0.666134653251031
0.42850676581390773
0.2998975600882695
0.3187887880034709
0.1932490776937017
0.544280305940533
0.7628572237286867
0.01880967141914165
0.4478450514467769
0.48862583742357474
0.20062179960757562
0.43383900215962934
0.6013417955972821
0.20270377528330674
0.1978269314407991
0.2809157927916552
0.3811877295504507
0.01366495494347393
0.3754747821670539
0.26637152893093213
0.7214663889830089
0.7847396873137267
0.5381028992553271
0.35770529465147777
0.22911452690545203
0.11306325204611836
0.3428658744537767
0.7575680472152742
0.5372504415613762
0.2984274411701744
0.7043148633119546
0.536026709452043
0.4147640288491082
0.48055929957451177
0.49534774312976776
0.706128628456561
0.4296085171543083
0.7100164350948399
0.18197854011441064
0.3876423454045649
0.0626704660385255
0.11555705231336309
0.7093235158466448
0.6237364868939287
0.5885494391373702
0.036223293980884114
0.12419829311444738
0.23843152031367182
0.36226643259098434
0.1603677822161406
0.20692679726393873
0.7638811831739838
0.35986997667859155
0.3836506404367598
0.5861794398814405
0.3578686386747304
0.2175437185617173
0.1749128940165483
0.3910237548303707
0.23317441096027477
0.8198547136984798
0.7708356991221871
