-0.083491053612218
-0.07969226402727916
-0.01205046476684803
0.0026556853919658067
0.0008462594848501065
0.06498619211031131
0.09926544182186571
0.13199335644934113
0.13901548608331024
0.19935818349523837
0.184031328792158
0.19923909462140338
0.19100002349405112
0.2436155510896531
0.2436617561297318
0.22325917401924572
0.22890169821884915
0.21555107532638743
0.21644685496352836
0.19994454871658354
0.17065118789951297
0.14486805236129593
0.13916211615506238
0.0887553278157184
0.12401829457547892
0.06308580029454293
0.01591202863691205
0.00760550161627844
0.0005775975503613424
-0.04229725888565686
-0.05830049603805615
-0.1120376441493609
-0.12808062364268458
-0.11112259620730364
-0.14291417126189096
-0.1692644562626298
-0.21278316430632363
-0.16549011707596295
-0.2452537956747703
-0.20038310894734954
-0.20256443797408175
-0.22364173883306518
-0.19465222668335058
-0.18237717775855922
-0.19603034669255645
-0.20289900861064136
-0.172911330269191
-0.12900165052980092
-0.12406626455060515
-0.11188488579400122
-0.09732253323731072
-0.029228795339381313
-0.028378274016514386
0.023025260693974606
0.03154162108706285
0.054025127231292706
0.08536419784354189
0.14629728108853873
0.11518403028214723
0.11752829056896721
0.19074941134128323
0.19817400501191607
0.1707620308738857
0.19952636967356643
0.20069253668773912
0.19555506959880775
0.2104779193751817
0.22750421863365783
0.176861311243736
0.17785997751139793
0.14269792239830703
0.19712202606228715
0.1678882865365628
0.13121990048372434
0.11368371718919969
0.07951414621667358
0.059066497195114434
0.0336550401875028
-0.02611071173180704
-0.03187100323192532
-0.058299058231686594
-0.05396762599558956
-0.1095335347973261
-0.15265498330314695
-0.13868453043817
-0.1808736467209773
-0.18200870043957149
-0.22680799513645164
-0.2125147513312525
-0.19766381184813037
-0.17256856795053774
-0.19530653031126652
-0.23041014575004054
-0.18670909783876244
-0.20148504879433846
-0.20457160984807377
-0.1694054788953595
-0.1530425807191724
-0.10389961755093262
-0.08142161905390324
-0.05685622692692732
-0.05217326314300206
-0.01578967453921454
0.019092304399601023
0.017020752034541113
0.047568335897400255
0.10546149767712548
0.08954906477683584
0.15609754417110425
0.14555975866922521
0.19614948051466002
0.19475893432069458
0.1905820461104538
0.21396248529313006
0.13873482299258622
0.20628990473654604
0.24754865513426902
0.22930200643673326
0.20666756626408522
0.20908033605601684
0.18657218690905455
0.14309643421867158
0.14096203223488812
0.13061864008127688
0.11336285116816587
0.07332893841079619
0.047663115380826696
0.02429465229311034
-0.011822084682836496
-0.02081073709765182
-0.050610609909725296
-0.06952087307092027
-0.12254323228263792
-0.13175097380917214
-0.14964603316430775
-0.12954925257047298
-0.16862184784543063
-0.19312879703404184
-0.17676145187975634
-0.25013872760033284
-0.21229948244828042
-0.17224964261118697
-0.2069081330307432
-0.19800508981871967
-0.18298971660976296
-0.16518740461723003
-0.16032453975208433
-0.15399451803533282
-0.11769274567852822
-0.13579201921662928
-0.09597699366207635
-0.06992501535493809
-0.05992142821552464
-0.019564420583686522
0.031088938456941922
0.024549626729015804
0.07808644895593182
0.09858620141957605
0.15793780696535872
0.14752297463132003
0.18094411877301386
0.17554137790046082
0.2216528313974962
0.2274571277226155
0.20715526063111123
0.25561025340778826
0.2140444151126277
0.24049581711561582
0.21722255531312865
0.1991197266715561
0.19450180297769368
0.12660317295357632
0.16007077510444984
0.14841621758256937
0.12341457286286754
0.08597735761844234
0.03978067454870037
0.01770804384362132
0.0025663048407240418
-0.03416927479654873
-0.052729877980214626
-0.0915916129482291
-0.10281192467138194
-0.13163153005092124
-0.15043398351137224
-0.17256630908392326
-0.15180446934352862
-0.1928184301669703
-0.21441364358141785
-0.17424283745709687
-0.20745072286705976
-0.20931919677092517
-0.21955536066819695
-0.2169928299704363
-0.19213278648164303
-0.16611428431004363
-0.15591986492107038
-0.1430241577199932
-0.15200203725568506
-0.10612775186716175
-0.07978932235397646
-0.030217403236567707
-0.043619235745062324
0.014712597639256288
0.026702523850156794
0.06322871617540413
0.09310816360458715
0.0939824575905242
0.13243181495287334
0.1793848088078357
0.18829424356247948
0.1923485217303773
0.21398474960551636
0.20134231165188904
0.21000325527185443
0.2224958804544895
0.2334937510122828
0.23720997305790723
0.17999653018352554
0.20956181659142417
0.2003378391169072
0.13881010008237132
0.13112515904792785
0.13715213675211746
0.09586108874034656
0.08962961585558234
0.07956424362901662
0.021131381692049908
-0.005800441263429662
-0.0404766296086941
-0.05121834202295001
-0.05888351041937886
-0.1177211889057786
-0.09531894458641349
-0.1545933486157694
-0.1864735445758991
-0.18193214996100693
-0.1940396438275952
-0.23858806601613838
-0.2741511800009186
-0.249682897176369
-0.23302291071958345
-0.2517710574553852
-0.2782749737942155
-0.1837429055403511
-0.16053155015004475
-0.1903744210184514
-0.17286287642306686
-0.14266502485853425
-0.06853061562669016
-0.1071182763431151
-0.05784841727081379
-0.019168996769445414
-0.021486912808493536
-0.012708021025851283
0.06938439455649735
