-0.052191936095830775
0.019244232180502405
0.10659899191824651
0.20216337484939292
0.3100442295703005
0.396096233036095
0.4466793265887377
0.5159600519080028
0.5566767722221129
0.6313548607646128
0.709081919419505
0.7162317354248958
0.7420224177796713
0.7587422391820289
0.7324138797604057
0.7566149996974438
0.7010512892453775
0.6703703367774781
0.6057016666676963
0.5723224446423462
0.53108487189077
0.43536047680232126
0.3636261210381899
0.2757386628285946
0.17852918057107084
0.06851940776734372
-0.03970412835849708
-0.09710786799454596
-0.2044309447962597
-0.25680848288754005
-0.4015342750553934
-0.42670046714057525
-0.5318632777283329
-0.5791093986802005
-0.6253791272694892
-0.701559997308182
-0.7140463603015418
-0.7363725236829779
-0.7409944866207997
-0.7313456310109175
-0.7546886662842209
-0.6990157426872813
-0.6753659498056831
-0.6289277978404177
-0.6031853715536784
-0.4870348640311991
-0.4376215925933393
-0.3678364707592961
-0.25917623830697933
-0.1451979774848899
-0.10388426265189347
-0.00010985779913019657
0.07076983736804048
0.16991345416469605
0.28949214887046226
0.387977877353572
0.45852787655924077
0.5134928501544734
0.5543226490597253
0.6163929117936607
0.6683965867082344
0.7257727535839704
0.7643358007761496
0.7461466809790275
0.7720979691580367
0.7495334715697133
0.7058625544759515
0.6686866953668913
0.6289488405042633
0.576221835799756
0.5371971019263362
0.467315470826539
0.368021302290225
0.27838464757785936
0.20791403137999673
0.07923763648175841
0.0021876076610874056
-0.0798891116941108
-0.1565165031020136
-0.29590883852519206
-0.36093154839963143
-0.4349038052779993
-0.5097031634440552
-0.549253329022325
-0.660278130576138
-0.6693397380002959
-0.7123548001515986
-0.7312022841889697
-0.7504428999319853
-0.8024608976539067
-0.7578552876603932
-0.7197687467208738
-0.6897426179138654
-0.6139617820660959
-0.6020559541101489
-0.5278692573654895
-0.39581984523119923
-0.3632556756295469
-0.24075666522752712
-0.16884452109792442
-0.08525873142909013
-0.007081966066673939
0.09894765428482363
0.18301720577418137
0.31025233634373756
0.35437163749835626
0.4399678045242259
0.4571872000353161
0.602776800453593
0.6337091164314047
0.6840811827628616
0.6965166673357525
0.7384801897128567
0.7733558826703031
0.7810253260435475
0.730481214068737
0.722036362419419
0.7287782007229109
0.6445958467972542
0.5999387797499729
0.5160461498521826
0.425224688939902
0.33791970273029187
0.2906240987018609
0.22044132061936003
0.10751758631639749
-0.04439490638012646
-0.08383446567919098
-0.18221503850038467
-0.27306132875573474
-0.31658000143855763
-0.41142040893058374
-0.4794928776662402
-0.5399420989886945
-0.6495082169977648
-0.6817921978023809
-0.694289523370891
-0.7415352823414133
-0.7464187484789533
-0.7406881855822477
-0.722599955564303
-0.6994265191588922
-0.6929357348137941
-0.6458544813761773
-0.6117556398154648
-0.5450297053034939
-0.4377257904467105
-0.3561047991636787
-0.3050249706328852
-0.1949274124001841
-0.11738912508297634
0.03363177250554446
0.06816777708644127
0.1882512910628692
0.24503140086967015
0.38273158457753803
0.4109997460102516
0.47624103653075106
0.5786168421134521
0.6409547095738994
0.6753982554285247
0.7091054071053803
0.7560422366549775
0.788839913879736
0.7397972129901129
0.7695882541112469
0.7134849334418145
0.6982702740313932
0.6338370004755639
0.5948774767264178
0.512874537965616
0.4572911037087271
0.40420824966528085
0.3226935301489615
0.19388873732627776
0.12621501506044275
-0.005529446188123052
-0.0904218927225963
-0.14097460930239883
-0.27767465510837785
-0.32108588873588295
-0.41087575336569265
-0.5041484888106355
-0.5612716139061327
-0.6402411159735925
-0.6230913920176351
-0.715916548177475
-0.7378192509258217
-0.7895925812183464
-0.7318908806733893
-0.7318311723863189
-0.7164660990195232
-0.6862118926794065
-0.6691376214664921
-0.5865138055492007
-0.5135652727014182
-0.4236663119240505
-0.37266908788501707
-0.3292640892926686
-0.20720120191582492
-0.1301378894311858
-0.0648710784965061
0.06868635243554232
0.16887769576655895
0.2624474821435172
0.29398737355490767
0.41195973730743807
0.46693007318618085
0.5806654069032439
0.6082868439883352
0.6450232312880863
0.6993331027272087
0.7352402724046191
0.7292595161852571
0.7477958434647234
0.7010395466997011
0.7377139207960569
0.723883805570199
0.6317855315978698
0.5979089506190248
0.5749491582809452
0.49279770817714375
0.393747228730928
0.31549027099280424
0.18357539776493909
0.1268655018923557
0.023848407212782315
-0.06511186560481654
-0.17309001768478313
-0.2797037222745666
-0.3514800712875169
-0.3906652852587597
-0.478279102477959
-0.5529306435242449
-0.6376478605449597
-0.6905615384913554
-0.7156849838298892
-0.7239511022523314
-0.721970868903858
-0.7516133780082561
-0.7339536173882528
-0.7161973419433308
-0.6716926036438776
-0.6663763116009439
-0.6066902226114773
-0.5382824829368652
-0.486527496790907
-0.4279521133941209
-0.2838004710149095
-0.23391760810872597
-0.1538579121093312
-0.017558386182519394
0.06166399889386539
0.14273568421654836
0.25082009944145095
0.329324093958566
