-0.06939509761421929
-0.059742976419004806
-0.11708295626107208
-0.03859407061024775
-0.029358875585076195
-0.0072490442183456814
-0.03210795436912213
0.03679019302672344
-0.014194617297163384
0.007818326458450172
0.0035451550402720786
0.06825249464012378
0.03464276405927671
0.04643621526901377
0.06819596135330427
0.06907244654575584
0.07703205509487654
0.11103289882998413
0.10570278383069716
0.12674699265735076
0.13249902846079062
0.17617196643758382
0.16368877462191522
0.19359164677668764
0.20552789259389523
0.1887324763893424
0.25742508556068877
0.2393707517062711
0.22046565343198118
0.23025829560622857
0.22995754468412735
0.2514161890089447
0.24798565687407523
-0.27517246916353416
-0.3107850242107296
-0.2532890186998484
-0.24119690134955918
-0.21310106332075973
-0.22880777041110006
-0.16872006183891375
-0.201520473515646
-0.2072175862887575
-0.1700424890433954
-0.1966274263989799
-0.14260079826049585
-0.0740421370667049
-0.15243002545976336
-0.10158897693544902
-0.09836530004557707
-0.11091523295098693
-0.06872006423456938
-0.07921823193611721
-0.0728177768245658
-0.048645438122950684
-0.048578715074609376
-0.07919776787381355
-0.014243575914425486
-0.049725718663573185
0.018001897664753574
0.027165345128994677
0.004371746915270286
0.07731185110004521
0.06878027746113503
0.09014202748856973
0.04187705785096043
0.09902068298619117
0.06209133904620793
0.1047437826363806
0.1054659061346412
0.12840890047378326
0.1615191508976684
0.13801030080759535
0.16817544554032532
0.15203847929669956
0.20342418933593487
0.18948020959242104
0.23532010848459825
0.1982268779599896
0.23665264821996673
0.24844192253628594
0.25799079577562806
0.25339529527422594
0.27497480960075255
-0.26813464066022596
-0.26984947296721423
-0.2525337626821158
-0.21245508634997984
-0.23571037615444226
-0.2298337006013969
-0.2224519168650091
-0.2005164100551168
-0.20521049401717054
-0.16904563537443199
-0.18382380087583666
-0.18358888457062633
-0.11794639897810426
-0.11267300867659613
-0.0976882396604015
-0.10022385291431245
-0.0878780514440998
-0.07270005713054478
-0.048388141845027016
-0.06470274399027982
-0.06446519955303331
-0.05121464192306748
-0.052445708947070124
-0.014517119168420672
-0.018193061756181527
0.031195143142554463
0.020366930775265666
0.06826953257816858
0.021119164139623673
0.03383374948824973
0.05799971633050695
0.0455150359586631
0.11194766152215649
0.12403547075797505
0.1201634510111321
0.10571130115576649
0.15216019847606382
0.13870362035062694
0.12201906431761596
0.09292699920222383
0.17096361696739903
0.2002678965796709
0.20846875169285167
0.19544238925253926
0.23119834297690067
0.18479342790702732
0.22838093404301918
0.25859151997449675
0.2651997671540084
0.2792534506370754
-0.26875988163840175
-0.24189468207156037
-0.2276949026746498
-0.2413894806039722
-0.23011155701687927
-0.22509543595620352
-0.22687701444464592
-0.2113961278617011
-0.22175359101040829
-0.15019780645232872
-0.1806980871222218
-0.13710850215866904
-0.13753682177359197
-0.11663677389439121
-0.1452776616689765
-0.1393252110681244
-0.08404870319559624
-0.08057891695181704
-0.049115151815584124
-0.04308078881038826
-0.061136571439711136
-0.05776799154127049
-0.037358689158780614
-0.03571089713597443
0.014214953614491082
-0.00813998101857567
0.015094862067803272
0.015284173582376033
0.03188377608152577
0.03623905946668848
0.05695667465598238
0.07083801798506616
0.09850754637263538
0.10773178863471486
0.13057662453147237
0.042859505942876866
0.12042063355371016
0.11149073918350691
0.17193513141982075
0.18292834907562713
0.12773375514080168
0.21020515901664033
0.1874884790334052
0.20527549478625207
0.19118725976311882
0.23584794633909242
0.20137973432598663
0.24873765487764604
0.24904338324994857
0.2823121857092551
-0.25846768480193427
-0.25947794490452214
-0.26800350938875006
-0.28133191915836686
-0.21826395232397786
-0.18523171997535195
-0.20447606143313518
-0.22016074662192675
-0.1880743895572218
-0.18040312885361703
-0.17534446077700366
-0.19651832961648136
-0.1584540132918356
-0.11742368212259433
-0.11076259598167787
-0.08105447088132199
-0.1083848235175894
-0.11249600681295804
-0.08750675310331435
-0.04227684676057958
-0.037965017278001015
-0.04673910144711306
-0.03808795088488729
0.02634641973996127
0.004510031474550038
0.02581730711896569
0.005513045010315812
0.026162814167946233
-0.01168599472209405
0.04356653888879354
0.039983615614589366
0.03665749143120884
0.09268286256555863
0.10425358635723084
0.0946076105151049
0.12806982140016707
0.12034735941817742
0.1635155444058727
0.14506006067803842
0.175390306677562
0.15272442029920894
0.1490751094957901
0.16700392648743098
0.2349044014588431
0.1684107360417938
0.19156989302405059
0.251452693359907
0.23114478614669298
0.2678564596915307
0.2640473455736212
-0.29150368908240354
-0.25704013070151427
-0.253587621726956
-0.21646442715171088
-0.23527745451502272
-0.2160350054230827
-0.19259590346310848
-0.19138604810343848
-0.19684065734363426
-0.18065053826823965
-0.1466110193986208
-0.17836579601814365
-0.1550259167988105
-0.11414628615658594
-0.14454416734932224
-0.11007864974895618
-0.07665850622522966
-0.05936802248618631
-0.07900394750517016
-0.0637513001283059
-0.05402941961375129
-0.06421703394234875
-0.017143827071997728
