0.46589973169712856
0.5538248826789488
0.5946541078280696
0.5855386567576053
0.6572999909255489
-0.6623695168070683
-0.592038656856736
-0.5570656833241088
-0.5422620548097451
-0.5121823619120044
-0.4519092098510961
-0.42149084122837016
-0.3157974582491737
-0.3128402029940189
-0.2865408018112535
-0.262407611657832
-0.22876128444759378
-0.14949738897960224
-0.12487159212508615
-0.05731575950137336
-0.051616500009711165
-0.029727277554258767
0.04942033122689091
0.08976496881841917
0.10973913710055762
0.1526703683547296
0.1984067775970166
0.2020395985977878
0.26867258213308215
0.31609788140760287
0.31571470101893645
0.3695777483263906
0.44090751570440845
0.4664675508312903
0.5077465102648613
0.5464290121763614
0.5591145927451344
0.6545367162888936
-0.6660580422117469
-0.6412849147433598
-0.6127074284222648
-0.5997865940925188
-0.5163623700825037
-0.45238037995279057
-0.44465190796485055
-0.4132946317143157
-0.3176923985150883
-0.2806299873610667
-0.23765339764545063
-0.22871496762835317
-0.1850758298395459
-0.12110705886536965
-0.08887181918984102
-0.0716994321777958
-0.02947154658533365
0.01796769461647389
0.07540724639270226
0.08188497573288366
0.15067476860713444
0.18626133241571474
0.1752730425924439
0.21602527235700622
0.28499987660849785
0.315159552778642
0.3787375585552371
0.416324725039879
0.44872216854860525
0.5316987186556407
0.5306803813754598
0.5642129393809683
0.588436865357146
0.6807508609982643
-0.6722578194493023
-0.6120217278534703
-0.5366335621956263
-0.5051080370403288
-0.5088380779316211
-0.4548641602256984
-0.40699461797205627
-0.3874192431338806
-0.28776990874820374
-0.24994142388502252
-0.2845876297352114
-0.18609732943052648
-0.21391697082462774
-0.13660528081704762
-0.0889053219314983
-0.02112840494362315
-0.008235409187041283
0.05630762133115179
0.09968886339477699
0.09223407099901365
0.1312761174743056
0.20542343982348094
0.2360818341174029
0.2727859857554266
0.2968576920939018
0.3757087827768149
0.4306082018021254
0.41728488863983393
0.48987782253021933
0.5525900732915205
0.5406679432287127
0.6079937976754995
0.6438556590196478
-0.6812554133684857
-0.6169817679481808
-0.5714690229698078
-0.5244251260620846
-0.5065796911834315
-0.47642787384460594
-0.44374273064823816
-0.3472611038428261
-0.36523814421329504
-0.3150785177568796
-0.2687964463587422
-0.24586387948910832
-0.194851961387776
-0.12389275884442957
-0.12794140687103026
0.007736127288754169
-0.015794656507290353
0.015283120578097355
0.06259401309020962
0.09524177953731205
0.15765830995423538
0.1697832023389184
0.1960362094319526
0.24976473253231649
0.2826521966938396
0.3432347278215974
0.41259728737952395
0.446409888410052
0.45452440586721443
0.48543696826987315
0.518957934835371
0.5916084714991692
0.6016470954123797
0.6617600963690957
-0.6208783976994153
-0.6407911844339703
-0.5109765731315431
-0.5393662665960905
-0.4791810515987904
-0.4640048672094384
-0.40968061666133454
-0.34925523965644395
-0.3449718065691213
-0.2405849967280443
-0.2438362851518385
-0.20435987547073395
-0.1317484577799926
-0.14605980214197054
-0.08185435996100675
-0.05990198361676781
-0.010326765919403848
0.05027170675826302
0.09412789533246976
0.11808997220725682
0.18955170531518462
0.2247766622809873
0.2291152182788067
0.26101062401641756
0.3018223277940026
0.3544630111846929
0.4100354321018051
0.46963149583078373
0.4959748159487004
0.516812215254885
0.5594512709599327
0.619441725851358
0.6708372538674315
-0.6591943983995806
-0.6180502504265983
-0.5569379841699432
-0.5515209631822672
-0.49277785318082207
-0.4532149481956297
-0.4534833583340371
-0.3795739450876649
-0.3354192433588273
-0.287671285127496
-0.2305948079502931
-0.1587710064611493
-0.18302842700399885
-0.1368873878650011
-0.12005756287484963
-0.0906995140152182
-0.013048773029413324
0.03825003853248105
0.045373359990977975
0.11968057533394894
0.1648079968572616
0.16316206390181529
0.22498726934637575
0.2450631551067774
0.28815493691346483
0.3556264142489054
0.38468111485533907
0.42975697453447664
0.45832407299473604
0.5173107769420681
0.5361322097631275
0.5713830731685127
0.6186279770645565
0.6986430111712961
-0.643371181637323
-0.5769894228508974
-0.5229111058116717
-0.5009451692073018
-0.47760034549942604
-0.4177002804120711
-0.3907849530066983
-0.38306563419786055
-0.3389012033615481
-0.29638910765658705
-0.22495775366700324
-0.21219921574385353
-0.1290539846341092
-0.08487010865111788
-0.04398639822349415
-0.03477935995430676
0.024205688234035037
0.010433712476634376
0.07802035080323243
0.1326189157310689
0.18250251885422047
0.22077091235038798
0.24987439443742082
0.30111226044692063
0.3280035754601371
0.37785471604314974
0.44741090592616195
0.431649884035827
0.4697076797786515
0.4870061195645691
0.5945685208050966
0.5877996090151464
0.6503287405479027
-0.6354009892791489
-0.6057819420190822
-0.5855880866177566
-0.5532367427356697
-0.48249962902356147
-0.46056580248276024
-0.39487216600728886
-0.37297191332805674
-0.3393765045334562
-0.30741329636349407
-0.26370214729427277
-0.22868542264983713
-0.1656812583470788
-0.12539751226530907
-0.06051642533056569
-0.04142507092014897
0.0024576414362428006
