-0.4957455776639712
-0.6568027782577481
-0.43550524578925376
-0.049458875225879495
-0.6046086042249486
-0.23308102203743145
-0.24127912588745168
-0.5800232642269952
-0.7509395432316663
-0.3530317757467883
-0.642700548234679
-0.9082233186209286
-0.4640470222541084
-0.6208242732551497
-0.5302010529123574
-0.11283656410854445
-0.34929166115522364
-0.8632785759871583
-0.7401243540707795
-0.2242442126922518
-0.6364166833702464
-0.48266554498638886
-0.4665970864733792
-0.451979694875791
-0.13608791904295892
-0.7896916874753738
-0.20435278886369118
-0.7326211094974395
-0.22953081103225517
-0.46182502501612666
-0.8016765866989286
-0.08918918844686366
-0.6617725654493193
-0.6825999017536727
-0.6728761820150013
-0.2616663486014511
-0.8835399417354267
-0.37228072113172356
-0.020112715910028757
-0.5684061372450651
-0.0102769098006441
-0.530037262088423
-0.9047356685115091
-0.39795270218136225
-0.38447032083886756
-0.48151984738888254
-0.7213255651368881
-0.566601356535648
-0.33046743351874114
-0.7148059514819223
-0.32719595935856444
-0.30833594919806523
-0.7411924312290255
-0.6440339393803411
-0.257052662917537
-0.830833559776991
-0.31802165296754914
-0.7145053953065921
-0.7549780938256997
-0.5115302706924394
-0.84014044910219
-0.06804767325363796
-0.7502478205910231
-0.6642243931049643
-0.9190696254896243
-0.7743603682921396
-0.0505199624185453
-0.41106622946789856
-0.2034648506940503
-0.3579983006944352
-0.9288906337514856
-0.7258182865124294
-0.6084257572516595
-0.31405025346729737
-0.795627651840822
-0.9381237007215616
-0.49311268674794745
-0.6707088467076656
-0.0667701244273855
-0.09541048012759513
-0.07925116865431482
-0.8351666625103559
-0.38132479983246825
-0.8836975295866136
-0.03392042876453163
-0.4461919549552933
-0.6710353442203155
-0.5319373613425953
-0.3652338658598782
-0.16937870462837656
-0.5530597707906886
-0.40389092013533745
-0.30915958708718017
-0.5795106207902736
-0.7823636261921123
-0.5289183974308399
-0.28308648838823514
-0.04958514505494081
-0.4382129014175671
-0.7961796452523935
-0.19488423284186468
-0.28166691597670535
-0.52471059444855
-0.3069457135467347
-0.1597174109872594
-0.1251451734822048
-0.9220737566117053
-0.06878374175124606
-0.04750011419813277
-0.5234719642867134
-0.26402206908621284
0.01129948297599525
-0.3751922450864324
-0.051918524370363754
-0.4624611674249842
-0.2698857564929858
-0.8705453269083208
-0.15266199464487598
-0.6420760865018665
-0.8967090831254149
-0.572857487916388
-0.4743815902306538
-0.5418723696454514
-0.38032438716675687
-0.26961925027216055
-0.21059204890372898
-0.6214424049277063
-0.5226249088404034
-0.812785251847854
-0.5664770202328497
-0.8515267627282552
-0.3690511943391151
-0.5490846861866187
-0.37566581163103757
-0.04674796502177511
-0.11353890201780051
-0.2523020788618851
-0.5152430775151886
-0.9591834786457017
-0.13996372020979464
-0.1475285883434667
-0.7901047515446178
-0.16006784280525133
-0.522367376452754
-0.7438954399936939
-0.820678788377252
-0.08960820646557259
-0.13393501444119424
-0.48426075865949547
-0.5931068383864858
-0.7186026663554334
-0.46825482642168775
-0.03319414724179716
-0.5037335760762509
-0.2940436783886726
-0.5436359991296504
-0.20259270116211586
-0.7362381511834286
-0.31678106282706137
-0.5994095864430241
-0.8105970759593087
-0.9254114120219717
-0.04023987525031737
-0.2426462619971827
-0.7236408978900073
-0.27584016803043404
-0.23537996257118138
-0.748255672387252
-0.30199744274297396
-0.6530102040875193
-0.5812958744046501
-0.742186615686286
-0.8198474750223206
-0.4683762517671488
-0.7540644287798735
-0.30508160954838054
-0.8928540506593713
-0.61449770720188
-0.6570321149391439
-0.7098375329733552
-0.7078793133960031
-0.853045837294535
-0.768597883561314
-0.2244421053127274
-0.15947625696685921
-0.19241578894071087
-0.19168650953555685
-0.3936533151631771
-0.6970010493770223
-0.10747262043705769
-0.09329340958648584
-0.3808189504884316
-0.5760017847554229
-0.19123461543270845
-0.9319214741950075
-0.6159498382586202
-0.538706625293868
-0.4390218399961614
-0.07267087057957018
-0.9207857085516196
-0.12238896708475798
-0.8017669102831517
-0.578297922910617
-0.2861519777689193
-0.1889517988125843
-0.6948213841912085
-0.12428197092429447
-0.22145374051479103
-0.8608315077509407
-0.877355926024262
-0.8660641325105548
-0.15079894175325873
-0.8566141329015394
-0.39634382475094593
-0.8557955386428494
-0.40411220535935743
-0.18062317778705445
-0.3118744765143951
-0.43925195890677926
-0.2326713531752293
-0.7943713005285009
-0.8222407499542985
-0.5463469657353452
-0.20286285267432316
-0.2944499763266827
-0.4705354136369464
-0.5701855918490054
-0.7441939138923074
-0.4960661991266604
-0.3578167014048842
-0.2068233809480832
-0.38860167937713275
-0.7825718412314004
-0.9220756244650912
-0.12230465905698605
-0.8419601236347926
-0.10749240840312119
-0.38028675826841213
-0.305702282672775
-0.8093113134122917
-0.05654739349374687
-0.660323971110208
-0.33440544124651655
-0.389916491424564
-0.40272830993866154
-0.17328087160380684
-0.5422526087794071
-0.6825954696054536
0.005904510470715055
-0.24832876582341784
-0.5700943721221527
-0.41925579949088354
-0.7533486619267507
-0.07331664975561682
-0.4353525798218567
-0.3857348660807805
