0.8901237935383943
0.8761764536780389
0.8720172743554023
0.8720058394954121
0.8842230996497074
0.9000055065175728
0.8683871518144521
0.9197084694344904
0.8933741689986091
0.8891995751155292
0.8620614177727659
0.907833003268212
0.8589304087826494
0.9026091383032114
0.8459842785419359
0.868138067803689
0.8683351192475594
0.854529779768114
0.8612349983378647
0.8813571280744745
-0.8957361347986282
-0.8673928605104846
-0.8491320606999999
-0.880133483396136
-0.8999209779988162
-0.8540686536971799
-0.8671350316971885
-0.8656813820379224
-0.8862862966885011
-0.8996192483624665
-0.8306342173504521
-0.8907615881892843
-0.8618510961577015
-0.8672310994257443
-0.8968237835737682
-0.8669263161350176
-0.8779622419723729
-0.8902976020830499
-0.9054284993790298
-0.9174847735548317
-0.8696640338153677
-0.8880264238652872
-0.9114890480036392
-0.8752879942328546
-0.8854558954109355
-0.8630553457628064
-0.8933664503843431
-0.8981409288070316
-0.8900407540307378
-0.8801410116365711
-0.8871902465270829
-0.9052824291964146
-0.8991290326381961
-0.8703581712152298
-0.8908793212677658
-0.8321268480407301
-0.8443071563599914
-0.8519839865909729
-0.8636652897775846
-0.8589448797947115
-0.8881879234038768
-0.8631929286449525
-0.8482034587008427
-0.8667480917689574
-0.8623496003931884
-0.8404570112761232
-0.8510571187904407
-0.9034694076636594
-0.8666391016908385
-0.899384281275153
0.8798522765949333
0.8775594992142739
0.8760576975114222
0.9000931813085736
0.8696300049173306
0.8721951968553472
0.8737828124699998
0.8618209673093459
0.8593953131250609
0.8579309513533512
0.8694189095227207
0.8710093695623348
0.9001595990391569
0.869995829975269
0.9052657871759093
0.9130185494334289
0.9128890904062
0.8754313000831663
0.8462700707782355
0.8834719677796641
0.8611095432115786
0.8947222998063963
0.9102646864269973
0.8720196126849777
0.8865685269644399
0.8676404987420826
0.8735425164489315
0.8676220604294637
0.8705545528920032
0.8479630203191832
0.8638355877008276
0.8655797054747921
0.8915692666944176
0.8696167988727956
0.8806478116632964
0.8903770914622461
0.8829588079058164
0.9018933106623022
0.8973446243892853
0.8856403792112395
0.8949226397379969
0.8774811778874348
0.8788776556450334
0.8791101953234811
0.8526249927724825
0.9059444110719407
0.867716294465017
0.8883421549824174
0.8629297265177246
0.8626779528894329
-0.8504715056883333
-0.8624955052569923
-0.8611404744603676
-0.8640749184586604
-0.8451992277763845
-0.8887068611050721
-0.9037788969801775
-0.8851512280531514
-0.857312869123951
-0.8675206096193832
-0.8758952187876587
-0.8838153804529012
-0.8701011524260838
-0.858646193389804
-0.897211587450777
-0.859649423144307
-0.8888878243355656
-0.8720524351038311
-0.8571634745027374
-0.8564802059954479
-0.8632982613417546
-0.882711072459075
-0.874135163276775
-0.8797833165104919
-0.8492730299121375
-0.8477718595583029
-0.8858457053835918
-0.8968248322995861
-0.8630358160167044
-0.8889365139424023
-0.8212708366142059
-0.8791129181984743
-0.8405535556627268
-0.8923245454140778
-0.8735353570360144
-0.8818520139760248
-0.8883144142352248
-0.9059521075671008
-0.8825337572556846
-0.8599928459938702
-0.8869790997795987
-0.8944578292925693
-0.8757519313339767
-0.8736411565126699
-0.9015135062425579
-0.9084343711004411
-0.8748736515236697
-0.8703807928813719
-0.8724437014196419
-0.8742490431877039
0.8837496749691128
0.8612920911575239
0.8507742222839911
0.8410654977841886
0.8912624767936734
0.8611126220048357
0.8751449068871742
0.8738667491819739
0.8553755757201844
0.8641195815582358
0.8527680081271533
0.857317539896011
0.9001500783759693
0.9145058663379614
0.8900694157195634
0.8690924897272945
0.8582481610384641
0.822211241149201
0.892254948850246
0.8981055665463521
0.8776360137211742
0.8904984179497692
0.8547868886193564
0.869143981032505
0.8894682250416959
0.864290460748181
0.882296894863868
0.8621989334646688
0.8817049396005437
0.9108031195788506
0.8721338365532216
0.8993633172489768
0.8706281580648464
0.876811830652626
0.8401951830204861
0.9017678115125164
0.8532475160313048
0.8556792789927986
0.8676117387079025
0.8682749576413833
0.8964522319486427
0.8688734382354849
0.9030100485497736
0.9139527231771791
0.8978916512398696
0.844561701089216
0.8551637847894894
0.8975707185225961
0.8944612944823112
0.8809938993100402
-0.8860878487440799
-0.8743869533887666
-0.8851964421963691
-0.8895863670523638
-0.9052305269548859
-0.8802473038946851
-0.9138921028443141
-0.8580309008174156
-0.8790671684392076
-0.8824385570548235
-0.8578030475342349
-0.8871462417580075
-0.8868451271932719
-0.8727692461413551
-0.8812589630234565
-0.8947848372462645
-0.8858275448699526
-0.8640889797583077
-0.8968583227962861
-0.8681468423542021
-0.8910268247422317
-0.8816880556278007
-0.8540948610749038
-0.8519174866547367
-0.9074008311902002
-0.8743347683470154
-0.8993732832517216
-0.8933957487310109
-0.8739321622213371
-0.87982449417427
-0.89551245392014
-0.8840187048688666
-0.8595002196952414
-0.8790233749686819
-0.8860536749329037
-0.9088436395813905
