-0.13532891530344787
-0.18255615786172275
-0.14847743459030396
-0.1746136017984073
-0.1381273600911267
-0.1673522292165832
-0.1881250658999907
-0.16007872101329415
-0.19454733185968362
-0.17747961676169566
-0.18573438961540842
-0.15219296161228824
-0.16552362604398826
-0.20759825456613973
-0.19801708105372356
-0.1936539033821459
-0.1511169312617927
-0.1795142036751136
-0.18533902270576547
-0.146744838222792
-0.14310878501060958
-0.14758200314176573
-0.18026928183397156
-0.14924848415191233
-0.18088227999824089
-0.1868468465938393
-0.16387036816517142
-0.15172692264196494
-0.16488641476063243
-0.1787665133084655
-0.15765917482039007
-0.16892672089119137
-0.1630924542119269
-0.16611107330525962
-0.16488699364368095
-0.18875921834742934
-0.14421979049170333
-0.17791045083995768
-0.14580615863203572
-0.15000005352828044
-0.14674948122250467
-0.2068217234779834
0.16321664016514023
0.1671512245550455
0.1479440062283438
0.15001289579953458
0.1609061781738726
0.1626725907862697
0.15052232511927296
0.16119797139560677
0.19854482024257245
0.18124163704805357
0.15334408997852306
0.1380752692204892
0.17378092694743985
0.1722207259700792
0.17656635139034157
0.1976937767856004
0.16872380785077054
0.1372357307668068
0.19140528181464053
0.17042669003306807
0.16544896111579077
0.1766852998885268
0.1682515717172058
0.17066670315726828
0.1633888496785621
0.1644113065116696
0.18236343215742226
0.19270517326480757
0.12859703150349702
0.165201484204907
0.17503629585424152
0.19273113264970912
0.17129682974019272
0.1701808201097214
0.144500381071319
0.17465237731122185
0.14732515139888597
0.18692090970320274
0.159521090802058
0.1649336989572728
0.1595596642258993
0.1741199365196288
0.1523659641425572
0.17942827238669812
0.1675575710091204
0.1634971881827
0.14969570289330494
0.1653924465758823
0.1548828277246953
0.18557263860309128
-0.14924919020414507
-0.16778579190177478
-0.16350507087198812
-0.133768857116518
-0.18094255598228615
-0.17430239998963404
-0.16890325784146587
-0.15559870630777958
-0.14235948793773562
-0.15292009419797278
-0.16801305205216252
-0.1813973677180605
-0.16681749749170116
-0.1693533608466931
-0.1565158879001309
-0.19931969418115486
-0.1826480723156059
-0.19401116655134124
-0.18031447755197344
-0.16668279759738225
-0.1569166032572086
-0.15980674986950297
-0.21296439195889558
-0.14567844909196126
-0.17714599758287386
-0.14980826155143384
-0.17173546848062102
-0.15624890859919752
-0.16499671377231906
-0.1517898210093143
-0.1794736622792106
-0.1302381714670519
-0.152871073754815
-0.1630238022489679
-0.16675800641677171
-0.16479935876975274
-0.1882952888428251
-0.1846956437705418
-0.15168866741530437
-0.15316325045057785
-0.15718687564752468
-0.15718794342419928
-0.16163953604795572
-0.18596324432521474
-0.12371969118505849
-0.19125184301072207
-0.1737498905711841
-0.17921744273028004
-0.16416528895438187
-0.1387529113728877
0.11538075564157196
0.18637755533524364
0.14017747098198757
0.15694342789749482
0.1814090194558552
0.161961444864869
0.1425509607627912
0.17149000512406695
0.159022525049224
0.1881616995257152
0.1554118057024566
0.14751006453194432
0.18745579997257103
0.1485583117213372
0.17835144395865282
0.1392693107437578
0.17440870277884754
0.1742532064747728
0.15897222211839163
0.17250177934510902
0.14994881529154042
0.16277135432111303
0.20536493394422708
0.1229187685433828
0.1652778690684712
0.17088499716087707
0.14168517403523984
0.20714209838205208
0.15480436547059762
0.18972942564718054
0.14526802808638245
0.19543106025755433
0.1277230806748389
0.17344764224555861
0.18529853291915943
0.14184642992464355
0.17283638529919376
0.15364478672000126
0.12131753402422578
0.15058035740277464
0.1840867179228081
0.20582697473124245
0.17200606801290944
0.15130608277666885
0.1558287651393994
0.17385124248640507
0.17385519724951926
0.17360833036253737
0.1740536871262516
0.1578516983615118
-0.18605082671000578
-0.19272484512584934
-0.15684682196459437
-0.1329192617601968
-0.18198343426181907
-0.1729532362482623
-0.15244721171369097
-0.14906855398573107
-0.15837038224410066
-0.21653315650560645
-0.14125822688406242
-0.1749782166696253
-0.1675176938197955
-0.13226750435553908
-0.13773300581126294
-0.20157650098921026
-0.121133416967419
-0.16129291440050855
-0.13124841155978034
-0.15639564106673454
-0.19130870285014692
-0.188413505715506
-0.16067141949154137
-0.17398506292877208
-0.18014537953092266
-0.1764680113420904
-0.18621522357913448
-0.15999731002698195
-0.16563051558754216
-0.14902253663375972
-0.1890145264153186
-0.18653721540486196
-0.17241105666500497
-0.15793587722948685
-0.17294643591624365
-0.15382607534859785
-0.18336006202517077
-0.16857213983504235
-0.17786517390595583
-0.12360365003770332
-0.1658830490804279
-0.15864451963496431
-0.18390496502005005
-0.16208717904697853
-0.14512638861981042
-0.1798027846146257
-0.15238932772088962
-0.18067316273055162
-0.17815337490162836
-0.1842530865892411
0.18080628999694007
0.14373892359128188
0.1681028821523169
0.179010158114912
0.14387091822595396
0.1632072290784295
0.1330297218084129
0.1455677080651176
0.1549834563828982
0.1880021730938443
0.14475755847671262
0.1627254279737701
0.17175770394296927
0.16420941212782061
