-0.0022237507624272303
-0.02754943530663898
-0.06818240663188885
-0.1109303087470046
-0.17942953966782493
-0.2137998287843308
-0.26949943947795874
-0.312513053536268
-0.43641076538865514
-0.4018489986556173
-0.4601472032392746
-0.5377924641301222
-0.5767704658604992
-0.6098880995645591
-0.6657486603528426
-0.7417340590189508
-0.7607037561344131
0.7708028681930065
0.7093299838093764
0.6870298159204135
0.5924975092893532
0.6169561869856824
0.5540481270711574
0.47981811635540184
0.431062379615127
0.40255784769845177
0.3478849749669199
0.3361422662851903
0.22983897189076796
0.23475358799526613
0.15570167113770508
0.09831003888305004
0.09555073841390552
0.07229406306096398
-0.03821405546605501
-0.08906025245943541
-0.1074821850587928
-0.13656446968796582
-0.2090118648703111
-0.25032242380795633
-0.31123892511569484
-0.36609437535906836
-0.4172577281215923
-0.42866792058773534
-0.5016172437012861
-0.5328134848128668
-0.5887047696109036
-0.6369039816500085
-0.6999043303813602
-0.6956571580310087
-0.794962659323831
0.7079908330133465
0.6810902217997694
0.6344123473257804
0.6265819379873698
0.5341573321339635
0.5048950761757555
0.458285501555777
0.38705514492763887
0.3320929731531337
0.2866723149948064
0.26563584177885907
0.23426720083036245
0.199924490053134
0.1346768169076915
0.10161064510824908
0.06518756388537737
-0.023257426672431275
-0.07051920177268742
-0.1067309989183312
-0.15673022630546776
-0.20681190960086715
-0.2644736605414614
-0.3038268355910822
-0.31343785694648607
-0.3892444527445753
-0.43190041533760765
-0.44551399196877967
-0.5283415137503618
-0.5200914308351684
-0.6047610727871116
-0.6591564556591275
-0.7104386285934795
-0.7207671353133329
0.7986154305147837
0.7486719374574571
0.6373863722186539
0.6367684830378542
0.574042581077894
0.5005660281509361
0.45101924147182776
0.4257957683971748
0.4196729092209246
0.32935737830532097
0.31543453498894886
0.24566064050194633
0.1966275186793781
0.13071437764735472
0.12179523075027367
0.10284115600332386
0.06154161664799506
-0.048526740879707375
-0.07554308243865132
-0.12035626585154047
-0.18161667589611227
-0.22189277392561838
-0.25811575826714406
-0.31093062896824103
-0.3675305500044348
-0.4040760639595998
-0.44080476181771244
-0.5238742111781308
-0.5463465355025092
-0.5762611069884214
-0.6481833568558265
-0.7049465912402566
-0.7325498865431292
-0.8014745004779814
0.7231138580073675
0.685736998249518
0.655491890132186
0.629620325679333
0.5712941364102426
0.5130520688581146
0.461200489736547
0.39555679134934335
0.3286713364024292
0.3207142899537127
0.3136137512426931
0.23021616750429508
0.20266456146099981
0.09741344097073003
0.07380067347840405
0.008014465247336247
0.0005631929429249019
-0.03851670149372095
-0.09789863710520788
-0.15543750217120214
-0.21823866613325338
-0.25527557696263176
-0.2839726375748559
-0.33402925429096036
-0.3746062698224207
-0.4155314741327352
-0.49394057892745824
-0.531844399651752
-0.5573152197040635
-0.5995329804247024
-0.6373296055689401
-0.7494100221554792
-0.7478307420673929
0.7654748270724129
0.7115770092925288
0.6743644873969741
0.5970970923755263
0.5345637723178497
0.5069836261906155
0.48967894259092665
0.3661691863769711
0.38473366815877674
0.3234645373209964
0.27444877167457493
0.242170144827712
0.18444398300610765
0.156549495208753
0.08387735843696409
0.043688027920414325
0.04672820606546338
0.010242332443533099
-0.09087848452805203
-0.12886858897761413
-0.21650678816009153
-0.21517231728128097
-0.2442740007343168
-0.36887351290550985
-0.3490219883052044
-0.44521157925959454
-0.453773974739284
-0.49227665091339007
-0.5438803540760898
-0.6251750399393537
-0.6222696261084593
-0.6648107184649042
-0.7151042588979257
0.7791130905960377
0.7087156733329033
0.6828385136153475
0.6087309955544954
0.623714875639312
0.5236046913285215
0.4673770854124782
0.4422507716545267
0.3699455580603475
0.39410709754966816
0.3067885412208439
0.2822675285127435
0.2003329054034558
0.16118083564724597
0.1502675479721899
0.10445452539116974
0.03786067513969487
-0.009925847383294764
-0.0939002378263595
-0.12354832724631873
-0.1246074863093007
-0.20456078515423812
-0.26873439784892844
-0.2952615297249268
-0.3194065915310104
-0.3976179154834405
-0.43118987543454157
-0.48451117986972303
-0.5346116033399254
-0.5943870528891824
-0.60792145534237
-0.7003207855770924
-0.7333753191115918
-0.7822828531508333
0.7583550639517185
0.7220188856979338
0.6592469150446688
0.5996658960701587
0.5871361306670351
0.5335780683880669
0.4754774766888919
0.43652553271780814
0.3711123677745086
0.3692993577862572
0.2823128831179008
0.23232994577049298
0.17273174668761465
0.14309335611870924
0.10451413557380523
0.05664873887374826
-0.0023918140926287735
-0.03987772413617282
-0.12197256771743331
-0.11982416290407205
-0.19020939146905771
-0.23775301981066813
-0.22325708390666577
-0.331061661969588
-0.3750703720973581
-0.45900151721329
-0.4697637577473286
-0.49923511272074456
-0.568288354030688
-0.5890884449845953
-0.6464264549788441
-0.7130984785290734
-0.732130394340164
0.7842411866074533
0.7056826260185383
0.6733656058473501
0.6481661552865536
0.6309246284638298
