-0.2510351362433482
-0.2707298934886178
-0.2972749649957377
-0.3050429533950793
-0.31855690561555083
-0.32832545788046524
-0.3644678204444664
-0.3561423399126266
-0.386809843850347
-0.4361052578400396
-0.44197593434738636
0.47020920564506063
0.42195959927047627
0.41636314533341234
0.41908130939718724
0.37270847434194704
0.3512014635695113
0.3416194261280366
0.3446734900192362
0.2918415467825913
0.3033228211710131
0.2808705139829503
0.2278172847210403
0.22693410451731624
0.24335858199474902
0.2362798676181755
0.21771681148122385
0.1442313560298988
0.12810725246153684
0.10956873124333118
0.1341229044489441
0.06922293804863171
0.09351250617083852
0.05913125887054593
0.04190207614130213
0.015552207589282952
0.004350573805533415
0.020914808591261366
-0.08736300672726276
-0.03717181565060516
-0.07577653602586988
-0.09101231854315427
-0.12395759193390322
-0.1552289012217426
-0.16643314301067613
-0.1589360971333344
-0.17773409750437066
-0.19477855254879042
-0.20459368123529736
-0.23744357829891188
-0.26080901539935497
-0.28522864770577494
-0.30215206278048345
-0.3539741588812476
-0.35523119443084344
-0.3640876380044377
-0.37503635211970116
-0.3708517601941789
-0.40307696583195246
-0.4044901138801156
-0.45504433341741213
0.4580064370756946
0.4964896672163017
0.43675654889656357
0.38737862520764366
0.3877024033494894
0.3468016713620349
0.3706899009608403
0.31069547724333507
0.3133792879334297
0.3041225980875271
0.2674597344015055
0.2326170986938293
0.23071796477305145
0.1907844353613565
0.18432558575359112
0.21668772172273018
0.17829821713895735
0.13798642687164012
0.13158342476430693
0.10634457800458347
0.13096064995438705
0.07029945454963323
0.03628102951740775
0.05023987936409934
0.009525304613074558
-0.02004318653730003
-0.009347115483304429
-0.016056705341734843
-0.07564452361519002
-0.08671451725504539
-0.1195666573492996
-0.13367611233474447
-0.14649407769152753
-0.1561702099837988
-0.1955501956190459
-0.1311790213811676
-0.23458022752203267
-0.20110757543003743
-0.27680900884221493
-0.27482874928384865
-0.303784603502871
-0.2950115152215916
-0.34505466604605456
-0.3257030924315818
-0.34720085263798534
-0.3802220686757572
-0.36355105759635215
-0.4271720707049669
-0.4321274899643307
-0.42248490371168207
-0.41000618969731306
0.44261687799520244
0.4299894247450568
0.4077101154016802
0.41108659517659674
0.3487795658085086
0.3621268095803862
0.3051584754633524
0.286252007801273
0.27330694711591635
0.2859059610839408
0.26543206684607745
0.2122183685377809
0.23175920558748084
0.21522828983847186
0.15341771816338512
0.14871957398767147
0.14028033040696516
0.12259763534039177
0.09816095962036461
0.13821475561229724
0.05328609849983797
0.04975570749613696
0.007353595432641774
-0.011656181940544626
0.01035039055661782
-0.006849883704044388
-0.010032606412032217
-0.06114996957680699
-0.08579308361083435
-0.0797568045862825
-0.09740665002426495
-0.11510135781299904
-0.1469529923357504
-0.17780378464551091
-0.17584195093239458
-0.17662939352473758
-0.2084880365865265
-0.24217037670055402
-0.25610148787756365
-0.26762431479493715
-0.28254290395267745
-0.35050961091826577
-0.3609555530222462
-0.35033856260068313
-0.39200347157220106
-0.40066734011416366
-0.41442127641873683
-0.414413424313154
-0.41065688536561495
-0.4294230537056325
0.39610521008932853
0.3957062403788414
0.37780647536555156
0.3876449487799123
0.36116539646630813
0.3390217225285859
0.3071987874558525
0.3083751601056497
0.2896301942402628
0.2787044158735969
0.2470451628567389
0.24647392340192553
0.20565041239330015
0.1991715089366243
0.16782233188070952
0.1450533488462236
0.15370934940797823
0.13848185157995907
0.08006734682445754
0.1100581025316366
0.10569065158115415
0.060275985026433415
0.029250266026507044
-0.0078332116414019
0.023374434008273895
-0.006500604305119746
-0.04298608484622882
-0.08458863724836162
-0.0410675078732604
-0.07460445675401786
-0.09233487330540212
-0.13426395397527277
-0.1845616625843335
-0.1944617376076572
-0.17106948978912012
-0.2062376353944546
-0.22407903868760723
-0.2322510452463568
-0.27683444585784733
-0.28004639420090593
-0.27231799615353736
-0.276711695226199
-0.3499302616471183
-0.3296738972344576
-0.3663599669414127
-0.3762421008110088
-0.35525126200370305
-0.3650831537284686
-0.44163450156773565
-0.4623151079537384
0.44005494979452103
0.43185593177881465
0.41258492061691676
0.4135633874230897
0.36067470372179433
0.34917247087195463
0.34409233719820737
0.31106110027227407
0.30163182953555817
0.29280398878539243
0.21693206850663185
0.22837748790735835
0.17936324080491936
0.2003805896782587
0.21227608475160242
0.18724368703412758
0.13784698604380072
0.1517502635163851
0.1381438233697105
0.08157964167525868
0.07139174192872322
0.042258469046950006
0.03642981566469442
-0.008950220371261825
-6.69639382300637e-05
-0.007066120832259834
-0.013465285780569231
-0.04629743741749874
-0.05138924319338366
-0.06121923782463373
-0.11891629265073324
-0.10528289100994874
-0.1288083237406683
-0.12650136736968343
-0.189532149903828
-0.21162052254949026
-0.21440686584577462
-0.19247142014220947
-0.28261196607257677
-0.2610888291074363
-0.31091780912142425
-0.2755117574389978
-0.33524286380242085
-0.34053169016238116
