-0.6531782789879024
-0.555645586901944
-0.37819013533217627
-0.19242704126600113
-0.007531576193732005
0.19696820569013038
0.3600121273894174
0.5185511172775094
0.6448308113863243
0.7248514928389462
0.7668801349841358
0.7292211761452471
0.7094298833335752
0.6046514222995906
0.46778263682325544
0.2721476358514028
0.12692886744057907
-0.0750457006395766
-0.2564692518933705
-0.42865858473357704
-0.5734996127097317
-0.7589365536349654
-0.7581959354642863
-0.78825877992665
-0.7528058954346795
-0.6775146450899058
-0.5253025908939947
-0.3629383001789451
-0.204676506728211
0.018899075230697126
0.1555465049843473
0.3473234307890528
0.5406881879204235
0.6348964244486439
0.7581020304212976
0.7609133697182705
0.7450762278731833
0.712944514802712
0.5822019142399131
0.43560969938776667
0.2799566399814148
0.11728850446388285
-0.12861489015591604
-0.2795169757188297
-0.4057937386633448
-0.5658526039855575
-0.7194571628826072
-0.7988427812608418
-0.7598707018647852
-0.7710705552135535
-0.6581329918228181
-0.5582220641885592
-0.3507855220823081
-0.2122784875397496
-0.002996879978056269
0.15558808862906737
0.34897884156672737
0.5413668486212194
0.6957127124716173
0.7405322513162785
0.7862670878423257
0.7046576562729436
0.6954189440016341
0.5957714291137236
0.4636768626386443
0.31528650548249776
0.10007832124751766
-0.06948064761765162
-0.28624310601221725
-0.42883755149852854
-0.5768172176995525
-0.7124690586429584
-0.7729417289071332
-0.7489601145495156
-0.777624943717142
-0.6957427157836307
-0.5536210081152126
-0.40472179181170415
-0.2294944648879046
-0.04708013887842532
0.176021996828336
0.3433225373671
0.513675823335772
0.636496845022653
0.7286102281800984
0.764392805865514
0.7782944535364374
0.7167296931126418
0.6393392323965751
0.48155270545358997
0.3175252973374724
0.1611989295584934
-0.06504914861053583
-0.27021872142319103
-0.40651407029233927
-0.5917130616065045
-0.6877838086329722
-0.7707162193460797
-0.7791890920277434
-0.7575729674021932
-0.6823128773626368
-0.5498860610003948
-0.46159300647922985
-0.270467155037718
-0.061051683296064765
0.1468068960292792
0.34948890140883926
0.5077421839657007
0.6416749619111287
0.7252256950497844
0.7983191271441347
0.8027198092186169
0.7148225347889378
0.6573707309016661
0.46927996872271005
0.32078513936407105
0.1679652232091245
-0.023646133970646854
-0.26682167168025517
-0.45253849494594134
-0.5616759455289715
-0.6813305359537478
-0.7684722331939267
-0.7607672916185333
-0.7857279713219579
-0.706870312321338
-0.5778781984278476
-0.43568583154636065
-0.2492381867143053
-0.06784763335077963
0.12374041559835766
0.315510871856823
0.4856981082151885
0.6246162698872645
0.7186550177914616
0.77382059994088
0.8071389935467328
0.7632496663202017
0.6800362442031604
0.5314067961350647
0.33286267756839044
0.13527160382716272
-0.07376752614347584
-0.1940737527033917
-0.437189474492196
-0.5755995957107316
-0.6720270303504832
-0.750484645111636
-0.7611380148182519
-0.7315241756201974
-0.7365914744986768
-0.5903997935799304
-0.4203942244091084
-0.27632913431286066
-0.11895190719442482
0.10454969513243605
0.2717045935401813
0.49370970326642727
0.6263083980927703
0.7103158646593757
0.7812933190816383
0.7773222994342069
0.7467350583168764
0.6981337088857578
0.49904766860520433
0.3541252273253276
0.1380930859094629
-0.006986660713054895
-0.23194856561207605
-0.3787829800906318
-0.569617215401577
-0.6811513342807461
-0.7710881870097722
-0.7642475007734202
-0.7807932372610328
-0.7073005050315186
-0.5874011798042676
-0.44721661845381167
-0.2789485403584724
-0.05713533126676695
0.108711540247044
0.3135246730253744
0.4751683862833903
0.6025210753651029
0.7088701913913793
0.7535389420280405
0.7825169544420374
0.7437777281339907
0.6649568857918036
0.5003276814333254
0.350614011345592
0.19377492679983963
0.0015027021902441987
-0.2440065469801636
-0.38151746789549984
-0.536952845656351
-0.6799744746126084
-0.7470590828383876
-0.8134932756247862
-0.7424849011975477
-0.6912062012179105
-0.5886521492874011
-0.4418710962823794
-0.28154271079772847
-0.11814235058627205
0.07159598401789831
0.3087798759334829
0.45289152919439457
0.6295978098280683
0.7142943082388057
0.7605849974393807
0.7904375453050894
0.7342882036485071
0.632710919593212
0.511969496229604
0.367097651616106
0.1704061333955827
0.01127001846172034
-0.1642710761976844
-0.42200221253514575
-0.5561237280150951
-0.6795854278990323
-0.717755107798711
-0.7831458209562783
-0.7574433349304177
-0.6767816807197236
-0.5766295837287408
-0.4405725847629952
-0.2769398943285786
-0.08411010260285759
0.08157258646221667
0.276076057706071
0.47993155339809057
0.5996784929910299
0.7573466004237532
0.7472492774094498
0.8072351205453904
0.7325129188635344
0.6326155948923063
0.5545682285064824
0.39704085365320774
0.22705555804487515
0.008092689189780126
-0.19264172359254753
-0.34393123512338714
-0.5193022811481968
-0.6639598134682689
-0.7327231964826877
-0.7883920059918613
-0.7471214137069162
-0.7242698568389384
-0.6443915735131961
-0.43040485999760947
-0.3130959478514231
-0.12447044146195456
0.07805447213719358
