-0.20008599932196994
-0.32142418698085107
-0.10946967104925494
-0.3342451707247523
-0.054079045717561065
-0.21641306215423178
-0.13345894898521243
-0.2902987570498214
-0.14152896189793812
-0.06413207529738263
-0.04178356694652662
-0.046453211537717906
-0.028781621907981364
-0.08711781063157623
-0.21101231567024845
-0.27781966460187124
-0.13873526362300354
-0.10413981279570464
-0.308540344817552
-0.24511762337990906
-0.28571874148313176
-0.22326399316145545
-0.22435868167650147
-0.31760489379621365
-0.21944199418798707
-0.1567780988831412
-0.13903768491830054
-0.21536019043027688
-0.14757356967831836
-0.2703633722236862
-0.1388647810540836
-0.32592653257409265
-0.26523083149747984
-0.21763308415644864
-0.10306996661140595
-0.1245954526453992
-0.2964792522835044
-0.12013845291606194
-0.1436388823314913
-0.03332438583981135
-0.31270241654763575
-0.060208671382939206
-0.21010255602286554
-0.1798296234372073
-0.07524373119952617
-0.13652487748291528
-0.18665534825356508
-0.19749951354377426
-0.09091842908719538
-0.14121635726921164
-0.06390687478022417
-0.31827533973347927
-0.03688110199439566
-0.06365798453176386
-0.2757270477442125
-0.3139971869667287
-0.1684056780537572
-0.28507681554873476
-0.28887673288054133
-0.28661799862491694
-0.09205996426899013
-0.14365953324366854
-0.043796237479394574
-0.027367592470857162
-8.894230228464941e-05
-0.1705384771747403
-0.26486392982510887
-0.24565907836899853
-0.10330313113858239
-0.09191786624695764
-0.15366395124801183
-0.3372730693381283
-0.16304494193228633
-0.0878290948126037
-0.13587858765387606
-0.04442850220541625
-0.18838440577774554
-0.081531765682364
-0.21266464638336274
-0.2109043354144876
-0.14976245091235751
-0.2131443175515786
-0.11380323399820502
-0.003500900884812916
-0.070018102684023
-0.27746001062588066
-0.3577767900506182
-0.16584535371827291
-0.035064742873584465
-0.07714115985065799
-0.05503951169484254
-0.32491905758974116
-0.035824996919749066
-0.09059903636634098
-0.21936913833023317
-0.042349786611767276
-0.1084673504924182
-0.06227383340827797
-0.2264523187214758
-0.2293321241949317
-0.010806938148335528
-0.28353773073404903
-0.13745042824655737
-0.16976750948194086
-0.21134114253314434
-0.2419160258137957
-0.07265340981660234
-0.2352588313132199
-0.2829684149816339
-0.20410784453519717
-0.25640948050631374
-0.09921126770601103
-0.2913965301573609
0.035576201314248344
-0.26355012788253906
-0.27272305347816095
-0.08250431489508739
-0.14191905398541166
-0.17230787746262063
-0.18291084917359476
-0.05732031259246814
-0.07913258107628626
-0.27901129491890453
-0.0158423400248539
-0.13425482683410803
-0.08459687885681477
0.004793323433305279
-0.2169074119949158
-0.08148348760291552
-0.07673491684343096
-0.3109986485933541
-0.21452896621864503
-0.13739993811411164
-0.19888041763237665
-0.09017686841620347
-0.08099581119749442
-0.11312257555418351
-0.17265668441162518
-0.08598954246830756
-0.05290205116944336
-0.12187175334572567
-0.27308476384142605
-0.16246582797736803
-0.11328283655803964
-0.0784742731574841
-0.02828007209518664
-0.280381635963719
-0.2139189020800463
-0.2265763744067695
-0.08117084148035464
-0.2758405679964981
-0.12380020357310029
-0.22681624364455236
-0.14817732171505157
-0.2826153857135277
-0.13476827688945964
-0.1363383788804404
-0.2756328491134425
0.028818641173865383
-0.1337728921986556
-0.04582007924130857
-0.18073259216860654
-0.14116466383786735
-0.2442635894225174
-0.21855159908993615
-0.12115391067363662
-0.2071370459595409
-0.0759633995483021
-0.035466671462517196
-0.1886049318888905
-0.1703235778803944
0.02703036207807711
-0.20505332680874208
-0.24718903692401434
-0.13861132289589204
-0.03384597087614124
-0.23951790951467197
-0.1552373091061542
-0.05232385622807591
-0.2816976750375788
-0.02880535742471664
-0.04440154451423008
-0.17914128781141786
-0.13816753551313682
-0.10364625006846978
-0.19955770394170627
-0.12361178741763114
0.022114695172473615
-0.20667361218445127
-0.06166759443611743
-0.024230220747915074
-0.14031163340792993
-0.18402790891900014
-0.31542583163937965
-0.14929772759420587
-0.15109976563352692
-0.08586686872646676
-0.19917955342119742
-0.10553020839943472
-0.026851308831297504
-0.1299349199049216
-0.017542414351777245
-0.2421285963343462
-0.27103403028166567
-0.13928263607654992
-0.06155695451703899
-0.2450930130203388
-0.016310082608982264
-0.27811474385863544
-0.1377139486297457
-0.03451808008448453
-0.10819212409680964
-0.2561719035200295
-0.3100713521449265
-0.008461789797343664
-0.24590040837694926
-0.30165755389771587
-0.29589283529263755
-0.05838235918780022
-0.13947584148973383
-0.2094956364581287
-0.10449206800524499
-0.04975025572070973
-0.28288707599212015
-0.2588836044874361
-0.2156001822926882
-0.004613514045021562
-0.2265658632107763
-0.19469050959295142
-0.1757584757946214
-0.2809015918316422
0.004376736490223604
-0.23525572431146008
-0.1244727584758307
-0.2808856919953873
-0.21611528209359585
-0.20335016187669028
-0.21655373817589946
-0.19864827239165006
-0.18067019915984098
-0.0418959398555331
-0.11815968569823218
0.0334109952164728
-0.2739010147177285
-0.14890191331865965
-0.21209521380974788
-0.13731627766849913
-0.2435832661265499
-0.07281183944776032
-0.17111660125579126
-0.11295156014273217
-0.03124865988418875
-0.23437476231759863
-0.2559979180583305
-0.10461725402760876
-0.07518497979412984
