-0.9572511337615617
-0.9788122409967619
-0.9694815649398736
-0.9603053966747601
-0.9789817867983546
-0.9715126045556677
-1.0004513689363406
-1.0182165793115827
0.9545002312939131
0.9654891709410257
0.9476934384731547
0.9842438446142215
0.9630955252907156
1.0178846477447754
0.9714901396434301
0.9766031856362531
0.9600675829586516
0.9738751369618907
0.9816370948206712
0.938458197755004
-0.9523678975986041
-1.0206825672938278
-0.9604072878202959
-0.996252278742332
-0.998152353024815
-0.976084624737798
-0.9789077014227904
-0.9757997662159675
-0.9877835096134027
-0.9736060017583982
-1.0007706169788928
-0.9562267979478879
-0.9857674993595492
0.9366905430301709
0.9474965709536745
0.9840488733849367
0.977605565369894
0.966584101766504
0.944741828863506
0.9263325270079781
0.9827734799093095
0.9837422624175393
1.0029438626338756
0.9936683536406847
1.0003908133251709
-0.9713558844469558
-0.9482916309901505
-0.959422914757849
-0.9810328245128129
-0.9571742810794448
-1.0033180535233115
-0.967061498407372
-0.9908877490897661
-0.957443780881213
-0.9404298575024495
-0.9507282852754092
-0.9691302070405329
-1.0074759554329347
0.9478567376416054
0.9782673411522798
0.9990660262945761
0.9927788392391936
0.9378693722209039
0.9578266559017127
0.9991923310007849
1.0341738610203823
0.9841166943595236
0.9484873730786635
0.9831267794390054
0.9619107755980058
-0.9584927669264259
-0.9733785535508062
-0.9896566543807067
-0.9494903290455591
-0.9683510931874768
-0.9783078868817017
-0.9756061086422289
-0.9785264289785555
-0.9725936010551526
-0.9834083328549339
-0.9824763728358966
-0.987982545672435
-1.016387475544799
0.9577995322715896
0.9644940389328756
1.0110266611040835
0.9558715575309126
0.9574940275716671
0.9725089300649443
0.972632108368937
0.9835849875759901
0.9517952582768613
0.9999095354520935
0.9787416959222626
0.9205465064865457
-0.9712666244078115
-0.9809180318015599
-0.9457833569986164
-1.0101274012069204
-0.9618291955158227
-0.9263865771754499
-0.9868351192305497
-0.9284761228366382
-0.9680856425597562
-0.9852899182289571
-0.9652549053056625
-0.9651125232963489
-0.9961876061267549
0.9818773160842088
1.022038951071213
0.9779373927867562
0.9444674142125457
0.9317434565208006
0.9898066158685548
0.945766818506418
0.96543894891812
0.9767796217465416
0.9576655598170891
0.9785257896927501
0.9905243461655374
0.964966235914906
-0.9745277026515774
-0.9500637492768588
-1.0042776617316176
-0.9536832497312151
-0.9635164163682385
-0.9788190476563842
-0.9659996115673982
-0.998297181842201
-0.9650864855128143
-0.9804270132567452
-0.9618633609529329
-0.9590135087192754
0.9473609222083551
0.9840928362781111
0.9864863585949585
1.0167780746023982
0.9671625847593537
0.9711661089454815
0.9917517911026711
0.9294831418943759
0.9953554679836611
0.976159359173554
1.0042623243157716
0.9619659310044062
0.9335431944210957
-0.946458110170178
-0.9868240261625914
-0.9897598623289954
-0.9969756366866196
-0.9768812948494495
-0.982453532721251
-0.9587758534617642
-1.0113277048280145
-0.9705638658899217
-0.9615646366104998
-0.980835311853276
-0.9844160196144742
0.950094781876653
0.9628227909483175
0.954051216131518
0.9800495908818991
0.9427125376689173
0.9336937050844586
0.9717864134470194
0.9784530501231558
0.9873715849341517
0.9886310681953875
0.982531901248634
0.9645572872693772
0.9681282858090904
-0.9576897186477655
-0.9531057752189698
-1.0070117477521028
-0.9776346415420327
-0.9612936687159935
-1.001468818033376
-0.958390850002105
-0.9792885169697139
-0.9619829207506244
-0.9660449532208957
-0.9770163283923582
-0.9478375118583442
1.0105091961213657
0.9756888133743055
0.9432242805254841
0.9583810342939286
0.948923764351552
0.9838525884364812
0.9801298300599982
0.9684892232070708
1.0146687133801569
0.9945388881017805
0.9602761700060374
0.9746395633831082
0.9273674889164083
-0.973222145322725
-0.9603612937256026
-0.9741367576500604
-0.9448603615977149
-0.9724804626950604
-0.9719137537751583
-0.9949672346220196
-0.962052501951193
-0.9677716399297753
-0.9944761850706744
-0.9894484554728784
-0.9763661066870841
0.998458773012407
0.9615458543472128
0.974809550291242
0.956120109409325
0.965851951282676
0.9875581069841071
0.9770786539476983
1.013967294433478
0.9564494592229374
0.9704319648057723
0.9638723276230952
0.9755518883000439
0.9595782900567681
-0.9904807688766907
-0.9616291050767759
-0.962347534473956
-0.9510311943421514
-0.9470236260130069
-0.9753265907891296
-0.9740547290442343
-1.0024346229201815
-0.9576703670893512
-0.9883782455697555
-0.9812083585230394
-0.975932665948986
0.9537431887116682
0.9887232596055504
0.9444560903423825
1.0136267111588304
0.9827277912488334
0.959389765114511
1.0052715119057427
0.9781985137037311
0.9939544070005472
0.979023766966583
0.9505821709675525
0.9652942160740845
0.9599897256036315
-0.9299009694801221
-0.9515502356730701
-0.9983377907167006
-0.9543240369266005
-0.995597547613925
-0.9777751448530998
-0.9693372417340052
-0.9932344287097199
-0.9512861175602149
-0.9683176714584872
