0.07701739677495578
0.09631959201765644
0.07285335472809251
0.1026615586656976
0.05890441925708416
0.06668612630907444
0.07284173622576999
0.041409868364758705
-0.06322324452859204
-0.10612947185563357
-0.07640789197340574
-0.0983753853012855
-0.09243517133465347
-0.1297789229610038
-0.06612326740242666
-0.09205630103999823
-0.0676638212184792
-0.08949100659454029
-0.05865532611495852
-0.07236704521537829
0.10185207121519002
0.07424180079450708
0.08670660416374518
0.08558593427174764
0.09169357321138215
0.06841725743448446
0.1114004528896833
0.08782235427466564
0.061013551857096004
0.08135025569826802
0.11778628739141504
0.09952119188937109
0.06983048166849933
-0.053481345806600813
-0.059808574502105166
-0.1112184238288744
-0.08712094136752375
-0.04539037350786608
-0.10414327403785822
-0.1483458539813114
-0.10662852096070176
-0.07686881061455533
-0.08162483998004375
-0.05229983269372954
-0.06056256612714983
-0.08404234054053701
0.07943177354023656
0.08030460992023593
0.09167686090176896
0.1113818636945215
0.1110888304523452
0.1104794355830174
0.11043724352980194
0.10597489402802727
0.09712208938804708
0.07705317776782676
0.07888610654540666
0.07529075201481043
-0.10012127486656447
-0.07534363620530703
-0.06401424700641503
-0.08768605768185825
-0.07813612401864599
-0.05959042343421214
-0.0787008721801855
-0.11287258734953486
-0.11064917756775126
-0.11622179079658246
-0.04867753533022872
-0.0854440324932367
-0.0651720057787139
0.08549105838350246
0.044307830392699206
0.07782825252793982
0.09268842292439622
0.07144219621300923
0.08044112686477267
0.0855978312330362
0.08117927260071107
0.0696477366210923
0.05607629689512968
0.08398769617755351
0.07822933420511355
-0.0953810130144202
-0.08787755407856344
-0.03237361720979409
-0.12821636254016316
-0.07151256303509226
-0.07086319727112995
-0.11276258384514969
-0.06649426440131732
-0.07398559579214715
-0.08345427203520125
-0.10289253303029519
-0.08344385023270742
-0.12015172624649624
0.08854207116355035
0.10432027143000505
0.08366424387784371
0.0973632177635931
0.08221551157987768
0.07623058406340757
0.07962119598780813
0.060109273419716586
0.08060765449231394
0.08350224156477454
0.08032677823598192
0.07504598494337708
-0.0905808839554539
-0.08919065764942738
-0.07603156171092182
-0.051646483774363615
-0.11099461208719613
-0.06791337274867482
-0.06409926912604721
-0.10415856707031862
-0.11170860929444523
-0.11893470288148644
-0.08871102129643589
-0.06702109774401244
-0.07996104218443903
0.0765728634209681
0.08649094403709866
0.11233456284098782
0.03616949648541845
0.049541106153041185
0.08863251857657123
0.11589690269260144
0.09640619851386334
0.06767665049169881
0.09183387937879697
0.0596009612049941
0.11263667172098844
-0.062351822416830405
-0.10176793671968914
-0.08431589404060923
-0.044599463574404766
-0.07778938799179343
-0.08268789833332832
-0.0813994898849623
-0.08344843655142156
-0.05599291125162234
-0.09278589608890725
-0.1288582912293765
-0.0898078828306584
-0.11288494562904616
0.04120359269344732
0.07186633963019877
0.08084991207494839
0.06470412563610675
0.08898935973422911
0.0978549227366208
0.08778066013064983
0.09588619584449198
0.14675274576075273
0.09868047541277244
0.07630374095468465
0.04575508056808717
-0.08867144125765117
-0.07173757613270754
-0.08980256760912943
-0.09185282310737221
-0.09073277451703178
-0.09232452391350669
-0.10458981488948514
-0.05940886151107318
-0.08433703798343804
-0.08002304322880177
-0.07175092030134907
-0.06756322776597731
-0.09070237353170693
0.06675643267578685
0.09580513569018655
0.05372817922925453
0.10686166253795801
0.07197452944509798
0.09922887935193574
0.10251186781699326
0.0646703765214567
0.11443985425178442
0.08539201909333036
0.07681154293912948
0.09483654860146604
-0.07986378569498566
-0.09324402517603236
-0.07770378255018491
-0.08693422708584905
-0.08101531880964677
-0.06992378129063516
-0.07348292736602956
-0.05724029969449437
-0.08004828915748938
-0.09311292787061465
-0.07090833037360383
-0.061844774577189086
-0.06798237323680804
0.07290578957442696
0.0906307839440862
0.08258353770461915
0.08896235111696243
0.09359446060478717
0.08901480675362441
0.06741859313015384
0.08141157105545245
0.09399140742871577
0.09069351301325243
0.061114809185058544
0.04922058041689831
-0.08337715702289794
-0.12824542559142038
-0.06813993919765561
-0.05607276214630098
-0.06676480447711035
-0.06924509335388843
-0.05435484925462335
-0.10430975847149843
-0.07387227820938365
-0.05157377041606212
-0.09330105048276043
-0.08413566094798648
-0.09272561268747545
0.1044394595045714
0.06672853057437608
0.06858262502832978
0.0774598726787306
0.08839055859004477
0.062357762479009114
0.09240008227579966
0.06154699583484008
0.12344347664483557
0.1194351681359413
0.08204592752630989
0.10306725490845106
-0.08420739838994287
-0.1019450121492465
-0.07491437875863907
-0.10471605883166009
-0.05444489984101714
-0.06911268713189811
-0.062152814024909415
-0.08344790542656366
-0.0737212992431146
-0.09648420743639415
-0.09291081475542129
-0.06636024629605958
-0.06155653346823826
0.06910433093202846
0.07008293407159907
0.07373863714622132
0.07047584371605616
0.061189505428365876
0.05251587883616997
0.07715668978868673
0.029736732382831733
0.06733056888632084
0.1015684123517325
