0.0036600765374295153
-0.11228838338847986
-0.023243067679199224
-0.18234555286723259
-0.1909289296961923
-0.027659880667372183
-0.13763840741104683
-0.09806153196425677
-0.03707967505616232
-0.09837246745262648
-0.17553936026673575
-0.20485462529104193
-0.15075944530978502
-0.2025378488810417
-0.1826135955284624
-0.02187836806503081
0.0034924503056152217
-0.134520944000436
-0.13134259094401785
-0.003961272718826195
-0.18471866599958384
-0.026459800204280938
-0.08720930209408133
-0.13929978820514308
-0.1665862722142067
-0.1750758565484456
-0.12886340817073477
-0.10386120291821092
-0.24232780564342588
-0.1710931574288708
-0.023783961905122185
-0.2095712493776134
-0.1124640688362871
-0.1639483220393455
0.027132952611161627
-0.17086708919290358
-0.015331685629762958
-0.11783330834511001
-0.04990914603469727
-0.04692430300875391
-0.1922371848589614
-0.020380335555807334
-0.22434418247224322
-0.160851802761119
-0.09286637857555194
-0.01061811358314801
-0.15093236923951792
-0.042121281109977135
-0.019768649578049597
-0.13285757137574575
-0.025196917534807788
-0.09250108468823283
-0.1665451312928039
-0.010644832581048655
-0.12217659553889526
-0.05254468475327867
-0.05280474268747843
-0.08898647420409797
-0.07895582690584829
-0.21497931874709553
-0.11530682785030252
-0.19700854924607306
-0.17817436028456565
-0.0017797509507686392
-0.1280104754965145
-0.01721483169429005
-0.21097018078789367
-0.08072051497186666
-0.0901348736948543
-0.17622071359981045
-0.08202809461720925
-0.15868114216304605
-0.12245532152885334
-0.11514112726958776
-0.1714581769647274
-0.13342533072152307
-0.07499777071461156
-0.060840638302590885
-0.09447493810419913
-0.040885808170871424
-0.16402018638583193
-0.23953423261886772
-0.008715088991767967
-0.012714411741251663
-0.06494227009700915
-0.06270784266880243
-0.17036010488388334
-0.05206470833677271
-0.008760626307189424
-0.18707273619409268
-0.12006723492302487
-0.06933282237984989
-0.10760010019570222
-0.08242940437791021
-0.19750755857786537
-0.11613794550695204
-0.157947435566313
-0.219999910169988
-0.08202013468472416
-0.03257147929559021
-0.05197214260032863
-0.0602670549900311
-0.06762611752329845
-0.09027933015524488
-0.03235540000387977
-0.08085980263228444
-0.03919543305892921
-0.22347968994883927
-0.04903020752287774
-0.163972483883669
-0.1788491765412339
-0.09247794416645953
-0.06888455813780474
-0.1669312403289603
-0.0883496810034039
-0.20219910429379834
-0.12553459068409317
-0.20770357130450282
-0.1331099790707932
-0.01617365987900346
-0.10678852050544776
-0.04160591742159056
-0.02736923177886923
-0.1943571560407693
-0.03167120694571368
-0.2067079358258143
-0.2012411190493917
-0.13911719703284145
-0.027028369739135586
-0.041957402891813725
-0.024901593880898236
-0.14944579513532982
-0.05199040970829018
-0.11967022009801621
-0.11774092169786363
0.0033238049090641344
-0.16082266034683004
-0.07906470564825487
-0.07845642368124744
-0.18918066348866563
-0.032724773986353144
-0.13852709120343473
-0.08687188071828592
-0.11134591065658364
-0.08478339743127615
-0.0825738870465137
0.04356938412628933
-0.18051726300671847
-0.13095154877778264
-0.1998808194112365
-0.03380112651174207
-0.12285876912582727
-0.13346614578434338
-0.14017011248393246
-0.17947146007343304
-0.16602879428126793
-0.18489180463816787
-0.14463669296681406
-0.24403922628185087
-0.1523615337958358
-0.150409494633641
-0.07665601016384911
-0.1633803767362646
-0.2077466279384285
-0.0709822386131735
-0.0889468410534941
-0.21587733257964087
-0.1517869649242893
-0.08401805595642427
-0.1047964997057054
-0.23576948626132227
-0.1510578343151346
-0.044025578751334185
-0.05537382863264777
-0.05287616288184868
-0.09336041009710928
-0.17146572633018653
-0.07874092509012802
-0.07253158567205116
-0.13437885221769208
-0.1580247589543588
-0.18925092042654912
-0.029797664644976317
-0.021889414571277067
-0.22213049466355003
-0.1415981277793147
-0.04921573251957863
-0.1545479515467101
-0.060556910720316943
-0.06451111959683886
-0.03325405171632509
-0.1278585493419247
-0.09982342290674805
-0.00984032133332336
-0.1641653203588088
-0.20563936745146788
-0.1718237040302565
-0.1672571156179366
-0.0901153367987399
-0.19287979215323198
-0.03747534422794926
-0.07427427799979253
-0.031463014381433244
-0.049517618391994964
-0.11366771749693713
-0.08175595592473622
-0.06798969734216953
-0.20738942314005837
-0.16940924322734913
-0.10465114652955558
-0.10057596544534961
-0.10911477774546965
-0.1344877960725207
-0.139753760213459
-0.058160348915297914
-0.12516480537196273
-0.16277838851977172
-0.0028225511077636456
-0.048714308417102656
-0.14882079971192752
-0.09767570996505721
-0.1855664788575765
-0.021490944563089694
-0.05873244932339015
-0.09695853670181753
-0.0956255630615649
-0.15445105408968063
-0.14066795544162816
-0.08379349813138237
-0.10380964528929407
-0.05489223554452467
-0.13990941629024886
-0.05981632877547839
-0.2061006223363955
-0.03634385698841903
-0.08893626062507833
-0.1201471763687536
-0.05001201528203344
-0.14007188295271697
-0.12202261117031435
-0.06101475666178023
-0.10428288037613548
-0.19712168896579033
-0.18032800417524877
-0.10301342760947856
-0.04278047759500089
-0.005317284030531444
-0.07255565998767342
-0.08703618752252107
-0.0684233458452734
-0.19701508845336502
-0.05160310485758314
-0.03307180901541309
-0.03544265614847601
-0.06015411969561052
-0.16616164497467148
