0.3220392491927606
0.3458387320201952
0.30871696246221014
0.3498775471864908
0.3208571258993575
0.3041119617373079
0.2587359124346527
0.2919193040989392
0.2611070682783258
0.2318448003859426
0.18947285949207482
0.12437527398084824
0.11709161153417154
0.0488246985713036
0.013523894607802876
-0.06687561946746907
-0.06967917678546923
-0.09875588469113179
-0.1343282460542484
-0.16413790664338834
-0.2514186572461868
-0.2562059327448742
-0.25862318673624846
-0.29935418951873294
-0.2846894131149568
-0.3525941860609486
-0.3350878791672943
-0.3345359384345862
-0.36816838844261046
-0.32256765115790986
-0.3118741984189933
-0.27228801139493375
-0.23936272519620175
-0.2767039222747887
-0.22320807044933877
-0.17117826671515138
-0.1565797564627307
-0.09313456766777792
-0.06583982501819609
-0.00806198655654467
0.01749459545845671
0.08815189097198639
0.11386574046075466
0.0813469349963505
0.19493301931057808
0.18798653049617073
0.23110367241910987
0.26419817884670954
0.31069273395207364
0.3511457513961184
0.3262767500757992
0.35587664455508194
0.3091035968086193
0.35854609684596855
0.33035162122524947
0.3087705665819758
0.2751669203654628
0.25503667850045625
0.2547360157787352
0.21143508419296264
0.19505682570984545
0.16485108755849973
0.09282666466799919
0.0723289600876121
0.014966654592021015
-0.03090013407629188
-0.05513258739867454
-0.11555939036019351
-0.07627601503833444
-0.1652424632902475
-0.22557604221009347
-0.24936001120158485
-0.3013595723457635
-0.29162855959161227
-0.3120665823258119
-0.3330507378257347
-0.33163891611109575
-0.3333853327757259
-0.36577392973979655
-0.32224942311592053
-0.30019802036602317
-0.26422109841158875
-0.2824426076429579
-0.2089356773184485
-0.23074718405383912
-0.1890491245099036
-0.16227444492172888
-0.08993766088015256
-0.06336694837599241
-0.011369959281696478
0.019401502582562777
0.0608642415265665
0.09894585757136881
0.11869259860390557
0.12735095773284927
0.19788589674255994
0.2094857574508891
0.2805993479975483
0.257174326551569
0.28364395711499263
0.3051476261812093
0.2818730702450808
0.3436132038672437
0.3238560131476703
0.2966711842290238
0.29837551980981536
0.2869113766773048
0.30051284418747437
0.2341415977399665
0.23160894346315464
0.17262095289123508
0.13702842278176186
0.10135549154645004
0.05404144709871725
0.0484394116825327
0.013328714685899173
-0.04643485061739643
-0.0857171884920171
-0.11432966861122439
-0.14292616850440107
-0.16140821927711163
-0.2328454691654967
-0.2199973535289337
-0.3022029908134813
-0.3297709928070689
-0.3004337428688717
-0.30349146868376725
-0.2891308219208008
-0.2883379847565079
-0.3269573357217301
-0.3378121407460477
-0.26568113449277425
-0.2823849221321859
-0.22256302204095627
-0.19668467137591072
-0.16635627528856875
-0.13786525100272634
-0.1268081670783769
-0.07981245573513226
-0.05269151140141631
-0.020869064024001426
0.022742557872859368
0.1196289936587742
0.11302609576543621
0.18158710396439776
0.1921576704374343
0.22430412379124287
0.2764206932714334
0.2877611981460446
0.30529006950822135
0.319770453126062
0.3448894792449708
0.34085833521410924
0.31254665442522533
0.3363758986695261
0.3348839848119122
0.3242843481714049
0.2673599654292921
0.2257118404348807
0.2281728137631393
0.19998974508244677
0.13415958382750903
0.11566555544791933
0.054098546846523904
0.0660963106755906
-0.04600185606420122
-0.040918075437978
-0.06821328518939036
-0.1376194319795549
-0.17738547425145182
-0.2051227109979064
-0.19951629336610366
-0.2502068010234638
-0.29662213878923027
-0.2786588042876383
-0.32719153467721257
-0.3462705424997255
-0.3385902050559067
-0.33736622557962054
-0.3187934538206314
-0.2823049607850452
-0.27797934150982245
-0.2365025372294395
-0.2462362080551901
-0.23370769746457812
-0.17932062384149342
-0.14632702723337893
-0.16300311388414293
-0.10137101613194754
-0.056171225929796106
-0.006384275413130357
0.00877271227926689
0.09443526386822089
0.1218407361270801
0.1905491090046838
0.17630107096488848
0.21912370894256022
0.25281344511317083
0.2931047632277874
0.3596950542378723
0.3123059357489799
0.3049443846771502
0.3273552914907138
0.3315550133647289
0.3271667932814078
0.32363749491298455
0.2969256606198623
0.28743202127688705
0.26955263116336237
0.1987077844570121
0.2051686532778025
0.10728842875558077
0.08974935669776897
0.11118130934418055
0.045597774426592116
-0.013759589806050783
-0.057628408163615794
-0.10381840271294974
-0.1338463082919561
-0.1781974399896122
-0.19819290933429856
-0.20298243544075317
-0.23753522896109644
-0.30189672035563553
-0.3039309251948672
-0.28754187126445896
-0.35414882606704784
-0.3522993139517393
-0.29517666222640154
-0.3010112179331635
-0.31558702231171776
-0.2831706168518955
-0.2931938098554269
-0.2397147383431587
-0.2322249792567312
-0.17294344212352117
-0.1422736229627079
-0.1291375273608853
-0.08701113656403199
-0.044591214586975625
-0.008674166492045238
0.06378918313709922
0.09188167992173829
0.12440439046441759
0.1795806330685264
0.2151032852193744
0.21399881873281498
0.24291329153159516
0.23016387801195182
0.29114814825377194
0.3256591989861658
0.2929796897859157
0.34237073695920645
0.3160487539142052
0.3421693864969687
0.3238501598236555
