0.420422371677733
0.39185355428840785
0.35933438131848644
0.3294771032777809
0.27644614658374356
0.24534362418500616
0.23167433270773488
0.20266631010469258
0.17235047267189865
0.0790708498196535
0.11674317706606264
0.07548092198220138
0.00821554791477438
-0.021915547305966912
-0.09107675181227709
-0.09487408017621156
-0.13829986763610377
-0.18574517389748343
-0.2098933506266845
-0.25672788566457183
-0.28974050947881164
-0.34059065346464784
-0.3646528645428454
-0.38191687786233447
-0.4841040951764629
0.4572734934951857
0.417268434069728
0.3547462389639571
0.30068239331210495
0.3164610444415332
0.2927775756572339
0.22150104325844863
0.19548835777935064
0.12316407376523594
0.10477884177702149
0.08342513431259344
0.03994829507844182
0.007075389106275052
-0.045745334201211865
-0.04007848017545258
-0.07207606996031746
-0.15835765535218105
-0.15201307159589927
-0.20931294725241736
-0.2544722948548181
-0.3058791057263368
-0.32563889145123115
-0.2959411493778892
-0.40625062552923524
-0.4145243276833729
0.4626749995211645
0.40766472597368986
0.3795238761587686
0.3107726600571091
0.2600865127756272
0.2844221679700572
0.1847078078522575
0.1557701931643879
0.1033994472978868
0.1103845206027911
0.08477922662521623
0.030775462431265277
-0.006461740609136954
0.003746895919720425
-0.03572773118889226
-0.11286220245675864
-0.13557776897031498
-0.18749208089264263
-0.25888003654265784
-0.26906424497231035
-0.28524018265396034
-0.31250546822931696
-0.3687649020315972
-0.403979636111036
-0.45791928807424204
0.4294843872048558
0.4277767980337256
0.3363024591680167
0.35388796923928
0.309123211952337
0.22718520613188772
0.2220613932963106
0.18586173077685852
0.1618068314098622
0.10066821940266667
0.09912193281004823
0.03887148301481
0.020516583553665313
-0.025637829687717852
-0.021411426850751362
-0.07403974827904895
-0.1337846305584052
-0.17014534810981663
-0.20442679036245562
-0.2515527687170408
-0.2586695350516276
-0.3261703814568871
-0.3503779247388629
-0.37925202971618077
-0.43128837019121136
0.4388648336216408
0.4087251752439041
0.36990020766602
0.32875829635503545
0.3152576321719886
0.2617691887146519
0.23545973344267485
0.19739457137829208
0.15988046057896765
0.11247167719581604
0.11045786034746899
0.04485871189227491
-0.027591198705068702
-0.05118302309748449
-0.06769935427760716
-0.12598076395488567
-0.12807300151520767
-0.1746173177055995
-0.24920589725387612
-0.25669556100427005
-0.2802641059311452
-0.35456939435134205
-0.3456381943733515
-0.3731931220173239
-0.41373650664135486
0.4592586508784721
0.4000669742622624
0.3955160625603651
0.33415845964452146
0.32818605940357815
0.2796795879578239
0.2550097980144006
0.21893943380096553
0.13719899052303902
0.11128486403806045
0.11677791179855374
0.04730597498956438
0.02453238063570151
-0.03187103614497048
-0.04512501313522566
-0.07954460684320228
-0.08796673257583942
-0.16892251441875467
-0.18994210358073246
-0.2462431565191067
-0.2885250418977304
-0.3293938535820736
-0.3362025045081469
-0.37340718093574243
-0.4224578993708426
0.4543496001904809
0.44297231300702117
0.35481512812075716
0.3441807842367392
0.26194638617113597
0.25620364807583934
0.23660651547920672
0.21928966529580396
0.15880653201448378
0.13991940279179527
0.09849508918452593
0.05571008388483704
-0.007819873427718251
-0.018145366192453917
-0.03352872845325473
-0.08541651578153969
-0.15325834790346393
-0.13076912757793008
-0.19781582773012638
-0.23500941934939015
-0.274768309255279
-0.32270075466817005
-0.34025529311645825
-0.3919605359563254
-0.4246382665240914
0.4389881217183334
0.42978051925146105
0.40589439753185136
0.31891680319962984
0.2803047857226664
0.26452275791364294
0.22987190931379778
0.18756140661080417
0.16220992183809813
0.10229408087565868
0.04710907911230216
0.07404264963890764
0.03511598517722674
0.017845786153886437
-0.01403268667658969
-0.09386521405160682
-0.1252631619812482
-0.17113663332928644
-0.14317575488905018
-0.25642039677340944
-0.24537289520149425
-0.27238366215897236
-0.3549813594099945
-0.3940406067170987
-0.4309952091749295
-0.43957625423282387
0.4255002840569133
0.39031324719270444
0.34139570359510013
0.35196514880357815
0.29091748220801084
0.23166141178132543
0.2083860074021614
0.16025310929438782
0.120623029184313
0.07644208935899365
0.06179987221778113
-0.00013171236907171674
-0.016796985459429554
-0.08467006894688678
-0.07451336222425482
-0.13125543034252443
-0.1638692306295824
-0.17352394475372326
-0.2335805172710616
-0.23896372749666087
-0.29629816332339914
-0.365641878091149
-0.3795598540250722
-0.39815325621816
-0.4520316616853117
0.42561356416683715
0.4097056792904772
0.34038673545102927
0.3302706514204512
0.26490749208388037
0.2445241996455212
0.18711859390067265
0.17356119633053996
0.13053420696364954
0.062185826024683165
0.07553994246504507
-0.0007501141606974099
-0.03029820225729809
-0.1087209982837025
-0.06883946734882926
-0.12790789426870222
-0.1668048096242848
-0.21205429902625447
-0.23556339483625588
-0.26900512935196697
-0.3213157188274796
-0.33365031627291514
-0.4170040352320398
-0.4001882296161377
-0.4775317291625498
0.4246037259147543
0.38076404286190824
0.3241811493795084
0.33334917856560486
0.262672039127445
