0.48677103908576225
0.4557292566549167
0.44886056826233
0.41373475809109617
0.38208184578845594
0.4152303759590783
0.387703812643691
0.3634328741015406
0.3634090762106045
0.3034316394685593
0.29105031866486886
0.2581727842165598
0.25930308218455916
0.24962807083636965
0.17754293997647191
0.21102703995188288
0.17207120256372382
0.14076974900052122
0.11848085941809229
0.10430403171773124
0.1295122498535263
0.03543342025015229
0.03902514708578635
0.03475424755042463
-0.03087404983877022
-0.023589688633621816
-0.07341702712200988
-0.06371922147404827
-0.0887961395032243
-0.06313208249488865
-0.12659737145345581
-0.13100726189758227
-0.16292525645406294
-0.19805502980722853
-0.23474099122878828
-0.2514765875903966
-0.26482454989855275
-0.2541720142333955
-0.2962507327752894
-0.31490939861032385
-0.3253556472732579
-0.3406252234401159
-0.34289348984764756
-0.38179031684706566
-0.4030724877483272
-0.42057065096095053
-0.4593684578495883
-0.46053583649173757
-0.47049446378353044
0.5400636715688776
0.470437125631497
0.45830325402878824
0.4384418897022521
0.411918271984177
0.4315132991373063
0.3903018431291042
0.34113528213677247
0.33073913566585333
0.30315332443232357
0.2979915227585095
0.2712525334461581
0.2524976224159985
0.27097128572037316
0.2206755425780268
0.20072146429203508
0.14907360948641074
0.15188992042778596
0.1398203917164433
0.09992888989645915
0.1258963164100034
0.06720248937796795
0.08343321788371347
0.019059831293011562
-0.013085060097379718
0.010633311204089325
-0.057949011319503516
-0.06532004130316298
-0.05999666411140622
-0.08058787500084319
-0.14280492355515909
-0.13576474929827684
-0.12238255631116637
-0.17305263228942772
-0.1500431599164858
-0.2186143990222062
-0.2311918442059379
-0.2579654347291833
-0.2648055143218624
-0.2790892462235112
-0.3139922682228949
-0.2897794170510653
-0.3004840776119034
-0.37302971483900876
-0.39691520334869723
-0.41013394563045336
-0.4573357995059525
-0.4715296592198176
-0.4858717478840304
-0.47934738083159534
0.4566737118331822
0.5031149171432491
0.46073462103289703
0.41408211319922034
0.3742928947261695
0.42366361535110525
0.35188338611656295
0.3537066924897031
0.35497495438218796
0.32883128012110785
0.298995129391467
0.275332071339952
0.3178816288517162
0.2504684979758493
0.23530516298724585
0.20063184663008352
0.18490312997644467
0.14613289526141496
0.1525698232525212
0.12072382959295806
0.12012009638691473
0.08371390720386487
0.04066378088996663
0.04009837354943913
-0.020802146610169693
-0.027002424394421715
-0.032323453801496926
-0.03580879256839366
-0.046234038694238394
-0.09625439668680898
-0.12687947034187436
-0.13227975325306643
-0.13382698879885951
-0.14529183483439012
-0.19169589320846658
-0.20857449991985946
-0.22727012121707707
-0.2331203725334271
-0.28210240638777
-0.30669083080826587
-0.2874054689071464
-0.31823616059840365
-0.37312339187826093
-0.35111053041143647
-0.4276189497266873
-0.44310327319330617
-0.428533731469823
-0.43038162845257766
-0.48528991468765825
-0.4636611253026041
-0.5001774951180384
0.49270589234433415
0.4683814606835843
0.4954240553591094
0.42261455705053086
0.4104300140794227
0.4010829444669773
0.38990024636132015
0.31162678242254505
0.29195144221713165
0.259729095988656
0.2871000570322621
0.22552596321279214
0.22504000937240826
0.2068646175878118
0.19610657053160632
0.1692381763583941
0.12820911611133678
0.1654871560900152
0.11668623333695594
0.05050771668687445
0.10823304008830816
0.057348655329216264
0.04399519792219958
0.03976790230649463
-0.015467241167702764
-0.011576894526805971
-0.05271261105833136
-0.05019753423294079
-0.09156246515270965
-0.11660363863466981
-0.0892952117406369
-0.13078043003251538
-0.15373696331891923
-0.17800760128614804
-0.18080262111539702
-0.22726828480514702
-0.2418700302956817
-0.23538147926490607
-0.29877460302241693
-0.295436997708764
-0.3370779789605386
-0.32458269416381724
-0.3402239040009835
-0.38468883295755185
-0.4112642479830215
-0.41569796701535955
-0.4513652400503445
-0.4654461159572274
-0.4823626765363345
-0.5281563211258423
0.5137382183864188
0.4582043392509431
0.4161482791861799
0.46156818378646125
0.4117466120815546
0.3975144177083139
0.3416803204896416
0.35853453226293697
0.3331029741146077
0.27143393501670193
0.283911244398166
0.2993542707616438
0.21487563170248863
0.2238234281977832
0.20003961457399674
0.1719647042705462
0.1803212005994986
0.13445005509467278
0.10567710537207214
0.08585390119532875
0.11348797501001373
0.04958967092349192
0.03763973136847337
0.0133467857955266
-0.00455975318417054
-0.021578556959876018
-0.05654582991064109
-0.040666907286241866
-0.07509444663335457
-0.08517273289539057
-0.10245229588544698
-0.13082917140839626
-0.11563905757359365
-0.16927942277375388
-0.19388322227191107
-0.21196940456323982
-0.260602453147686
-0.25598037028462317
-0.30953243603508324
-0.30499141914029265
-0.2966165815764434
-0.3596841474728402
-0.38780668754376013
-0.38819414502977867
-0.38210324086548064
-0.4208625952713355
-0.43456398173035
-0.49595463613103924
-0.4857077795949131
-0.5032154504650993
0.49225775356267254
0.4709060597618453
0.44292911861989787
0.43271385897313147
0.4176591188686885
0.38756517304263616
