-0.6137649914188307
-0.5911247749908277
-0.5497401286461832
-0.5078436401755009
-0.4556653912907652
-0.4343985215113264
-0.40943097426416886
-0.3571889260914952
-0.342666889019708
-0.3236592321239656
-0.2538984181279545
-0.20577004354634892
-0.1953503423629275
-0.1453890486663707
-0.09580467939933922
-0.04160059924261533
-0.053741556306247926
-0.021988096319611402
0.03656952445733186
0.09735516506688663
0.12656464592715005
0.09991892760779597
0.16377128449145117
0.27355493376860957
0.26790369055312535
0.2955069399754539
0.30545438642091094
0.3785863300803668
0.435760296452734
0.47946956094144483
0.5379274123338361
0.5421952615515555
0.5287583469207827
0.6012958934014083
0.6655817727498258
0.6925700551245718
0.6842447784144597
0.7768384396718379
0.784908921204744
0.8120063935978106
0.8667162576639812
0.8907418174102831
0.9578457378304244
0.8817979476899883
0.832844636801859
0.82316453476642
0.7812033093428152
0.7338124095819465
0.7267108081088052
0.6303510775811179
0.6087016522900099
0.5630050274616115
0.564608244585151
0.5343489957828604
0.5047280239976232
0.47964199805878666
0.40675036294372124
0.35812912599490715
0.36477971885659705
0.32346904631029394
0.2196879010791713
0.2313307909633378
0.18137627933265682
0.14198671807988042
0.09302745876519915
0.07330005722434642
0.03346170597676035
-0.007367550751440287
-0.008183407098847264
-0.07906271223131674
-0.08094598854944987
-0.12568886672770618
-0.19619953302248455
-0.21835063958839263
-0.2637963282262761
-0.29128012174529766
-0.3603197350488073
-0.37367073268154083
-0.42310004462243384
-0.4487621199690223
-0.5002509463094766
-0.5504923727092558
-0.526660526354385
-0.6105777194606258
-0.6747527734948392
-0.6633792942058677
-0.6785405589050614
-0.7697248040910902
-0.7723905520556476
-0.8038448738788162
-0.8396455944078415
-0.9031057198068457
-0.9293839063206127
-0.9166855640184727
-0.8932499586258456
-0.8146498729924959
-0.7492627682182369
-0.7170168024489599
-0.7076510575478739
-0.6532743909687612
-0.6710469586110539
-0.5811065415236669
-0.5336032056165616
-0.5093621759946673
-0.4592141513435128
-0.4667583357184822
-0.41101442951314526
-0.3954431830387513
-0.32622834641964354
-0.31338495046638276
-0.22576978890615357
-0.2161930052595091
-0.18678018726245726
-0.14273106818978748
-0.12557060911434142
-0.0778899582766893
-0.037084569053210455
0.00407027774024254
0.003855199696362062
0.09832702591940934
0.13010879066991224
0.1588648734635651
0.18734140196979182
0.2220070107514968
0.2637488129259608
0.2916420891378649
0.3586223958462639
0.36071237496468206
0.3919470444830707
0.46344677577182286
0.45940428484791807
0.5045662033973538
0.5689287415662082
0.6226322938526478
0.607329269512258
0.6913955006620516
0.716620306024964
0.7387600323860324
0.7965871681680177
0.8196913018822441
0.8466676273291136
0.8797285892424701
0.9161955357400647
0.9247658380199133
0.8471176323508893
0.7915296758633501
0.7917533902431896
0.7674576761402895
0.6864975674170264
0.6810962295033233
0.5884470306429865
0.6239081248814412
0.5973708851661486
0.5590303937560702
0.4922602450436247
0.44192520312287825
0.4342367157669971
0.39351956996094906
0.34730213206067173
0.3000389076450659
0.2934348584916147
0.20879989452819867
0.24593319904199085
0.18365352507441488
0.11906651229902637
0.08216272214301379
0.054647717613542215
0.019638468735235136
-0.03478287274123598
-0.08007258496422737
-0.08661741452800684
-0.1130953722973325
-0.1635524003461146
-0.2323678833967055
-0.21362745938952576
-0.27813196735942725
-0.3266839287935907
-0.3267339723353951
-0.4252298582660234
-0.4560369323233713
-0.4768418954887833
-0.5243516114568225
-0.5267599233336531
-0.5424563907487403
-0.6132571441937569
-0.6546709552738446
-0.7198140277078049
-0.7428180357705885
-0.7509404375054566
-0.7659185525692184
-0.8309621393126572
-0.8807503493950998
-0.9093748617401802
-0.9053272387704737
-0.8628869809167207
-0.8180483415080596
-0.7782725614226061
-0.697077962110908
-0.7073963769863435
-0.6860652046104929
-0.5967355551322646
-0.6071342178971345
-0.5745172230889432
-0.547644946439689
-0.5216441135593457
-0.4637468179509171
-0.4375034089856714
-0.3617094955352149
-0.3559447153770134
-0.2971888253108501
-0.24518314506213643
-0.24765573997710816
-0.17552040877070071
-0.18243371875804576
-0.10731397694376704
-0.08106901081850959
-0.03534523997817348
-0.026975613694652702
0.0141399036288387
0.07911652298994115
0.1072005257411639
0.15555226214983645
0.18650496675419842
0.2173278669449277
0.27092340797963255
0.2863204420902653
0.3176318031595085
0.3733147897250467
0.3749344781534612
0.4582785929778416
0.4706016518481363
0.5172767576976494
0.5378834949462217
0.572225720915015
0.61058259979356
0.6837600435571812
0.6914654765502991
0.7184372649495157
0.7493582021561184
0.8247779949415235
0.8627892490151096
0.8816457279388982
0.9417434567191107
0.9153925959192885
0.9117759740741824
0.8178122790426392
0.7812277164133744
0.7902388488805967
0.6670198039533666
0.7138893955373826
0.6587826871738373
0.6003384003200493
0.5911225243015579
0.5219470332772965
0.5022675612033108
0.410620383948454
