0.10307732960220564
0.08521068633454017
0.09930260802108973
0.1123597945062846
0.14686270463409598
0.15831262050054815
0.1742327290579541
0.20731317953387957
0.21696521139556899
0.21847589173963
0.18691887506456623
0.20068226147348217
0.14034573549328505
0.12968023459924305
0.10014467813790072
0.04976967933058767
0.06421729084804466
0.08411608468974724
0.05263244725460762
0.019211481096092206
0.027252604939767777
-0.016766614742062723
-0.021941942724896107
-0.09143042230976323
-0.054617915721590866
-0.04921236045308229
-0.09460886062241415
-0.10764372039665493
-0.12604381317225727
-0.1246805807556329
-0.1795771598718817
-0.10993331811939594
-0.1673098660754156
-0.203538859750264
-0.1817122647083226
-0.22520788882177156
-0.15961344331142632
-0.14830453970049928
-0.12041796810896341
-0.11050433086198447
-0.1423110206544782
-0.08434890173771142
-0.04594941115101206
-0.039644899859023926
-0.019160165124895052
-0.037780643605966696
0.006471121645327588
0.02486574713317719
0.011622680734565072
0.04537882920781212
0.05602000153524308
0.08986466334632191
0.1026321072884155
0.11096478272109936
0.17331750133728785
0.155482494402155
0.16578423650022897
0.16464715213832037
0.22391877226256168
0.2240974474070124
0.21586509925428463
0.17826086723331125
0.13058919173163464
0.13712101910712343
0.11922173711415401
0.10004101869314273
0.09913900580775792
0.06933512987846213
0.06524383087582031
0.03281290186220638
-0.012822128596883683
-0.009433821731378732
-0.0267248084307955
-0.025013829818091204
-0.047540590945486245
-0.04614023211989702
-0.10128656320977408
-0.10810635423917196
-0.1190240208727013
-0.12162564930676759
-0.1466395886964418
-0.19122584199077297
-0.22048088278611974
-0.2308739694234139
-0.22002147145030132
-0.21744846965384465
-0.19265194272192937
-0.1863631466118007
-0.1350449714775898
-0.06777975217913895
-0.06340648331856628
-0.08278431085400692
-0.052433609509918426
-0.066840070491884
-0.06660573408725588
-0.006284134663141863
-0.007904234031865123
0.022750186292734533
0.03905658770495309
0.05541487497924826
0.08102850305831194
0.09617827625762987
0.09793993740167244
0.13181479665667872
0.11685381790835443
0.12102649557135672
0.15100563852301171
0.1940964218503263
0.23673021456686913
0.19400510915638725
0.18469192840019694
0.14713941337887504
0.16079255259015848
0.1513597432017307
0.12755890593076993
0.05499168474323603
0.1026922368916149
0.12519808834673204
0.04856667904236306
0.00847465410840132
0.060578984650240156
0.04285145447708556
0.0016435184372890384
-0.05110557590402502
-0.027399736064680408
-0.06013973711908158
-0.08663785738923897
-0.07593085489969564
-0.10546567495843681
-0.13054742350988885
-0.15946409396034877
-0.1937204397687805
-0.18233757996097125
-0.20412231092218186
-0.16874263086556765
-0.200377926217302
-0.16794185645799925
-0.18760332613121716
-0.12906936969051147
-0.10349520369868198
-0.08192303958426334
-0.07873043722530033
-0.0909229998026388
-0.05415879946892067
-0.02134026001631571
-0.021071558158184782
-0.003298825478847252
0.006195095925423078
0.02575535875676199
0.05742844257912601
0.07106868533541
0.0860400857059765
0.04125740469581864
0.1217440225311271
0.13822495735618892
0.15614726991413677
0.17449425005802077
0.20258796644160465
0.20885776657360394
0.2192411782460075
0.2246756237376143
0.17413449384186644
0.11350898238170928
0.10640236142027201
0.14539719925209188
0.0916664755736907
0.08018912061935454
0.09411238043226527
0.057977928553296865
0.006390932324580149
0.06022760807536039
0.03586372518083911
-0.024981453081231904
-0.042824963666127
-0.03627669212694797
-0.046955860680080605
-0.05748526875119449
-0.10319800718457171
-0.14763166915707082
-0.1603268936012377
-0.155116670608289
-0.17707579409222937
-0.17929702353376864
-0.13969958753916517
-0.2084353843528905
-0.2074693572939907
-0.19568221902174432
-0.14838723389299296
-0.15178340474717072
-0.140266731929611
-0.11094117622582776
-0.09595772597360122
-0.05723093039308448
-0.06564878867135077
-0.0033506253884477283
-0.024192285126580684
0.0012968532005781892
0.001761573521917817
0.045658852906326236
0.0768301610427512
0.07431850364056641
0.09206185672181755
0.11148087883257658
0.08808991187598575
0.12538448832770896
0.1450660347126095
0.13832377603819024
0.18754833441295532
0.21295315194346803
0.2247652513676424
0.18887922872940188
0.17940996226196249
0.17361736086366975
0.13892719226368955
0.17143686096488747
0.13234607546889454
0.08259785896047771
0.08919442821561628
0.045715983032736766
0.027868254853841038
0.024080594139370026
-0.004495454157143473
0.0076462501959544665
-0.04796044762541364
-0.04013328847990729
-0.055638720863077806
-0.05681904471095596
-0.09408194093272741
-0.0909806269675763
-0.13364723887914165
-0.15221112498375877
-0.19984508108891777
-0.18439555022783455
-0.23869173501910174
-0.20959284377449386
-0.19992766720374022
-0.1401855131465802
-0.17025241636702512
-0.14399310108827573
-0.14613022853232818
-0.1261885682850764
-0.07111490516025534
-0.07985931567498786
-0.018881232409340684
-0.031815934139684254
-0.03705206528681662
0.016508972088479866
0.00010325928501656555
0.03385409614617211
0.09328685661992975
0.08522353297447892
0.07797708109438736
0.09607827367336441
0.09716699291855284
0.12475925493610512
0.14328634423577807
