-0.021367755747430578
-0.015821043088936677
0.020632819280544744
-0.0040738260610659344
0.031179101263309476
0.0009429929965703576
-0.0590845476572269
0.024217362304412605
-0.04901080592223293
-0.09225403992893472
-0.06679691625754858
-0.08755274994023632
-0.08166488825044127
-0.08929455415655711
-0.0743079336965544
-0.11034292195907863
-0.0805089232152363
-0.09820269104354533
-0.0711439554814951
-0.11840593552634963
-0.11712198098832446
-0.14580943842994565
-0.13637364964889367
-0.13582460868710136
-0.13224823628876595
-0.1609068346863925
-0.14862540123884477
-0.18605164071496144
-0.14529334205273656
-0.16516284746231513
-0.1532638916278832
-0.12591744788061587
-0.08798690186153225
-0.17942792997896362
-0.11160865749565929
-0.1103049910566389
-0.06533969384348198
-0.08832748777851321
-0.06084136861318426
-0.08791284155784151
-0.10103919529207725
-0.05698893071327983
-0.060197141170998586
-0.0393493488132426
-0.017648850570737163
-0.06621213886898134
-0.032280387029501784
-0.06267980235779687
-0.011736491611398201
-0.05051270287226097
-0.008306273294188298
0.01402453000641687
-0.035400242463689294
-0.0006150866660566204
0.007366648567678834
-0.00955869035928325
0.03334446594171336
0.022912009728310784
0.024512088049766647
0.018671270529680893
0.04773098820903018
0.04474888266789695
0.0281545193456713
0.08431765577998468
0.05403549784258031
0.054691160483607476
0.08136221439133737
0.08425275666262293
0.09815190046039639
0.1070983947712847
0.11068538453911969
0.10974851737219776
0.16243105051307014
0.16996599498610745
0.15870649160233152
0.17354353869935735
0.1425572338677109
0.1505686356802031
0.14500949671179764
0.13350621690817954
0.17046538464447658
0.13673571643440086
0.1271598856550698
0.12998674944632527
0.11566970453149877
0.07336412721341601
0.0958495215739773
0.10635363073541675
0.06960737919187814
0.13397079357608244
0.09073247331599309
0.09750851327968632
0.0796778838489804
0.03133739368101872
0.02786733198209781
0.049247731578334966
0.03880601673429705
0.04670941938399482
0.01853530661546475
0.02137766576793655
0.00805823964966667
0.03421246605190296
-0.01192733676306968
-0.003040690897352087
-0.009339976206841325
0.008848589188554464
-0.05019932737522925
-0.04991856796486045
-0.04185165539078316
-0.029814397068730545
-0.03264070264755456
-0.06719699837947798
-0.0957300717984919
-0.06903356709138816
-0.057422121988209285
-0.10022596725133368
-0.09763059124412088
-0.12305962226412868
-0.10482516644565423
-0.10006942965767165
-0.10197964740982336
-0.1107080835868467
-0.1336822467905675
-0.15983801704779527
-0.16202647943429052
-0.10845265303628787
-0.14800451632680678
-0.13814951690879262
-0.1443680834856987
-0.15664858076579488
-0.11305646435724451
-0.1501562458772877
-0.09313543793559831
-0.1582140998064711
-0.12114906276526595
-0.10013818911905359
-0.07719679596319606
-0.09348812338908793
-0.07370161108354799
-0.07725197440222673
-0.05530840288618838
-0.0709593953760332
-0.04697611447533764
-0.0691130518055283
-0.028096042096705187
-0.0531528157917838
-0.06028074785804202
-0.036243497993694355
0.0027553190482914394
-0.0017433635069646104
-0.005736304307083883
-0.0037259315954423005
-0.007883575000739274
-0.009950466015574692
-0.01441617810628467
0.022070167493708603
-0.0016145871240526438
0.055046078390704495
0.0547397015494179
0.03544331322027857
0.029879546824904315
0.06765967448756365
0.0816083329718027
0.0900927100026813
0.07111140903855068
0.1203367592859488
0.09930769428684541
0.0993221868299175
0.09319328677876164
0.10347942056390057
0.11569202457880452
0.09955421954736515
0.1508770440918288
0.12943520777547177
0.158355201264165
0.1355322924555279
0.15043924227545052
0.13396127798931487
0.16968363380054707
0.17165941298513132
0.11224770655123133
0.11024736274226372
0.09528602894704456
0.11099558872226777
0.1106427454757909
0.11138836263815677
0.09499564750992186
0.06998436307139812
0.06776170759177241
0.07325266776487606
0.05506000274821217
0.05268163193003346
0.11341022312684221
0.04957369248591514
0.0660126066074416
0.04565873306716487
0.05373748506541041
0.014380243477830915
0.05361884541929636
0.00916226933458507
-0.027777412421052024
0.005221057379262675
-0.0006071332839107674
-0.017866341246884177
-0.01239747050303034
-0.041038698238656496
-0.024308940669806656
-0.027050911284623544
-0.0431236535454291
-0.04306446861621079
-0.06421351266583969
-0.10411548978154879
-0.08211044078456091
-0.05869711865918174
-0.09982399976314255
-0.06588558181577468
-0.0916871513756954
-0.11442683090014907
-0.11299768042772451
-0.1238933779908293
-0.1548193166174523
-0.13095597154375632
-0.07934923669105066
-0.12424147057747671
-0.15301752774839178
-0.15377138190427547
-0.15595664456515243
-0.15979016107814098
-0.12186868177382501
-0.1491373057901378
-0.12115737156652477
-0.13864806832346624
-0.1280706162677811
-0.13099648097781622
-0.10443195777114797
-0.09619503547536985
-0.09517097610380025
-0.07539319528304914
-0.09225999712861148
-0.028266114473284212
-0.07847606199031867
-0.06060627077751499
-0.07335913532056254
-0.03673026207082662
-0.08352087920227984
-0.07006334612606188
-0.0013169708232638952
-0.0629239040621904
-0.034687328085262294
-0.022388773279140253
-0.042905542309036766
-0.012470015726535602
0.016708187215149002
0.031085796205613223
0.05378753639990569
0.009262209761086958
