-0.05378671264277188
-0.038812483403531606
-0.008231654155873944
-0.009826328991177656
-0.05836579891176071
-0.03985732662924372
-0.05466222111254593
-0.05460408997843376
-0.04814174611499735
-0.02955949496269653
-0.04021363190514492
-0.025471634310390796
-0.051455393516278584
0.007852446077175492
-0.013488969503904007
-0.06478556867176122
-0.12098302516594081
-0.047176994339382584
-0.04930176410242597
-0.007247574708126057
0.004277344311083948
-0.0427937759953541
-0.010510790687602547
-0.020921994557435285
-0.050112404348573863
-0.04159934296151001
-0.044103575450427326
-0.08072454375642735
-0.02919954593310132
-0.05537019778226282
-0.04933152679173193
-0.0777390931177705
-0.0971379837792229
-0.024253970931160947
-0.05328802103749475
-0.023737541905151323
-0.03296889857848121
-0.04924576464005293
-0.024389237534852927
-0.0800555580146783
-0.03152595604323409
0.023706055252535184
-0.013373582496226274
-0.014611446580061443
-0.04642908753424099
0.015347161662945828
-0.04892923653438074
-0.02347275519551069
0.00504766893194087
-0.07423293488107464
-0.07456504534901442
-0.08625689747205899
-0.06035612925527215
-0.06125586619106488
0.005630474014603091
-0.09269902043590361
-0.06314287593577635
-0.08130004086059492
-0.027701207188776507
0.025943548357179165
-0.03040861873227481
-0.03760608363365648
-0.007054910292919308
0.010479866982548859
-0.03309486115198538
-0.057835393838201715
-0.013804090435492595
-0.0008159674709413249
-0.0036688238895497723
-0.07101614899596498
-0.023809253058427515
-0.055728999250351206
-0.07601571722259066
0.03259836849468818
0.009937656751075039
-0.045662578725376456
-0.04728125564259544
-0.06942441449216441
-0.06397060852469315
-0.05726275692863528
-0.061037549362488945
0.00668579773338645
-0.025940939233726156
-0.021349824498881446
0.01096000974058045
-0.04862653248501887
-0.012067799185258576
-0.011948380698540546
-0.06545698153298499
-0.06689987071618278
-0.03369460336310501
-0.02711484746671177
-0.07744096041912527
-0.043437810519875164
-0.002932453798270302
-0.07073884501035219
0.012481260984939305
-0.03500584322450511
-0.018512563957155143
-0.0611608238693013
-0.006457740922589092
-0.008508822079064834
-0.02471115492151678
-0.04792221429062017
-0.05328317538738297
0.0016397688267886477
-0.004664064100190917
-0.040578997841243615
-0.02973122881352608
-0.04668999286962773
-0.09887588479493356
-0.06992257471145955
-0.03333042004276929
0.012747621404249898
-0.06701322457001438
-0.0466430986566469
-0.050861095323187624
-0.05758551792051392
-0.022440610606936227
-0.08242053985563835
-0.01675366450063661
-0.03949863766990968
0.007737646511635263
-0.036307748684958036
-0.028901293208721916
0.001089604760192411
-0.060000842050558764
-0.026927006847648066
-0.08091989515417644
-0.04887106357049659
-0.0522043621162341
0.019199361668581594
-0.058391801343780025
0.0010643361278405497
0.024053516065883476
-0.04486260981582556
-0.05872103188714678
-0.027593075060960825
-0.05314352176471102
-0.037515543890155954
-0.07554632350155173
-0.04904110631400628
-0.025034770785610987
-0.06766398543560516
0.0026415588677840916
-0.04012862514318426
-0.05179487798718255
-0.08159180501061328
-0.021711843398516777
-0.029975585832353813
-0.027645565971040335
-0.04387386779025199
-0.05560970973867485
-0.05995441206847481
-0.016618255867847938
-0.031480382673780935
-0.018303772851359576
-0.04448452580529143
-0.004272542621293568
0.0012066196509388657
-0.014720030852809542
-0.033407543708603035
-0.05513564571977075
-0.003644851258710312
-0.0006456175098630973
-0.07871859242443889
-0.07098424071149693
-0.02159402508760743
-0.05185008163076071
-0.00991935582098108
-0.09622307567856303
-0.05282102814443009
-0.05395230807315763
-0.08799024965564826
-0.07680546724562036
-0.04926057462872494
-0.02732642124111951
0.019061163501836335
-0.05164969116387862
-0.01630587600587447
-0.05648340640401994
-0.01861149897978747
-0.004618433205926911
-0.0007498444342893887
-0.021729916285185197
-0.036932367793517586
-0.008937639308973773
-0.06427807632602923
-0.02333805247930336
-0.003222623370447069
-0.01982997373302594
-0.03125393391398315
-0.06521252137412081
-0.05701757901460794
-0.05144724563403781
0.028229001936953727
-0.061508032473660636
-0.07167654882630582
-0.017506045278963718
-0.05737737323842343
-0.007916796547167489
0.0012321113533401082
-0.06478904322263765
-0.042425982656449625
0.007396746089150218
-0.05286145667311478
-0.0693507476326749
-0.05095866767695073
-0.006087884564037407
-0.0455957486523892
-0.0343840394121184
-0.04203731223175618
-0.04965671023306145
-0.028251857965816536
-0.011499234920046003
-0.049635641021034474
-0.033424092700329006
-0.10894211913525119
0.004618846278745668
-0.07355856456215011
0.009799434967678107
-0.010374538817258295
0.003032158185075684
-0.030087496089752887
-0.06039351677098037
-0.03277130951457294
0.0012670852055302884
-0.004484010458755981
-0.011567272732047265
-0.05993422160433515
-0.05609270789804382
-0.049483416561475674
0.0006068523073310336
-0.024423419237599303
-0.07721037050414424
-0.03864605838925857
-0.07562217940923041
-0.019343763490896844
-0.04354448136434179
-0.02564678840343386
-0.0287621426803653
-0.054060201470600894
-0.016690367282256185
-0.0819531570117256
-0.02891327383514779
-0.09799653911393602
-0.02314458788471859
-0.015440458502661177
-0.05524952868648676
-0.022106029512393734
-0.052163048481671616
-0.03161419737115401
-0.056715237016111704
-0.07012226633596585
-0.04324152858635941
-0.07633197334035972
