0.012529612896105793
0.004218302483252665
-0.0281114191933862
0.016436506012342363
0.00889611736784997
0.04679355648804315
0.01684010508377381
0.013140212256653665
0.010900123765140594
0.005525707743231703
0.004967008247943012
0.03738289165927053
0.02582920804409538
-0.007753470993410718
-0.008247584285587712
0.006864066697763104
-0.005703068320973195
-0.015776415572866413
-0.006470820092517855
-0.009027123874733036
-0.011210827583001248
-0.016144508987629792
-0.01175837007079042
0.0008779534055113319
-0.00827695782516772
-0.012003282290920132
-0.05078017534898882
0.018433022689931945
0.029135368935260808
-0.000739733651797525
0.009426819910257386
-0.006417043264149519
0.030449692708617564
-0.006534826801613887
0.012658845658202352
0.009212231699275871
0.016152715940042403
0.0068978910636513496
0.028952600231895914
-0.017547199540734314
0.02452633513222963
0.014446107016995438
-0.009609781802459872
0.019440806993065014
0.0017673665675332004
0.01373673823522355
-0.04043524653838611
-0.027814082170820598
-0.026111926904171103
-0.015106541333145648
-0.022750161277575967
0.023849478799596938
-0.0034701570579814822
0.019938656519306517
0.00021395554120193748
-0.02808027750663896
0.04276026102439541
0.01699516647611963
0.0176667196318678
-0.02110284723504189
-0.009938887717485129
-0.02240099915982215
-0.0013848164601050587
0.0021035612472588778
-0.0020851299640702514
0.018617422710606773
0.00023236631586640542
-0.02926460559583233
-0.04585923091053572
-0.027038224355493634
-0.009324484825507198
-0.04832610514850774
-0.018465088259692196
-0.03756541077590429
0.009708232399305301
0.0159111181003269
-0.035415000183051326
-0.02635457424882943
0.021190768514183195
-0.03786795991700823
0.02269426616766848
0.019809672315976603
0.00452897583485894
0.02973063232867252
0.008544303725874836
-0.0027607280752580624
0.01334566561638755
0.024916046629481842
0.011287031547081175
-0.0004378352895788545
-0.014681733495814527
-0.016378231057321793
0.010885217646226191
0.026990893118591944
-0.02907870198500477
-0.012573465462602455
-0.011134534527674746
0.04207843360080063
-0.01535288369752369
0.005691222281770186
-0.00665395149565789
0.019650950576592847
0.008477326241579371
-0.010070942054247639
0.028507710503318545
0.04515445309559118
-0.008907800235946096
-0.013274036228631124
0.013728710335272202
0.01894780756516369
0.003358660567026949
0.02156824926024506
0.01447230147493595
0.005748133307405454
0.02546075654291604
-0.007058174372204619
-0.0061284762947590235
-0.059229716628932366
-0.03681273628950117
-0.040187840175546316
0.0032338465761240116
-0.01752345460937825
-0.05791387684609839
-0.01267930482082905
0.014159937804297978
0.021666683581743916
0.01526102868534043
-0.022087187404944236
0.007918330160144978
0.0036224335428564434
0.018048513672475668
0.010692019869550512
0.045217823619043716
0.015162512218092424
0.03309425149775736
0.02402622124313606
0.012506348143937286
0.025449996213927635
0.052692029385995404
-0.01943802654201461
0.00883580222758536
-0.036319564512250435
-0.031254764689399875
-0.04545833929653535
0.020371220843275133
-0.02266765004647154
-0.03252629682956998
0.014768086251932513
-0.002247601064997242
-0.010184946734360933
-0.025583225278426
-0.020163439445816167
0.014355274282924657
0.0363865189099154
-0.0011350940663848366
-0.014450115392146074
-0.009794641903177213
-0.004349089175043713
0.034041807639004856
0.024203784304227878
0.018987762235289515
0.008665775983226182
-0.012508569750713835
0.017004186286011507
-0.00612865346934964
0.00784483556392379
-0.016791096370605732
0.002877589423145822
-0.00500235091365849
-0.023575133518093865
-0.024678481348118037
0.027048935907865924
-0.046342103822927416
0.0012166873187429202
0.003250288038391948
-0.05340081108914736
-0.007366608708270162
0.008146737097954833
-0.014498347613178753
-0.0007939919309186225
0.052006413773613945
-0.005800967378479575
0.020141496117438977
0.015038290576292357
0.018590714394173438
0.011455182760005535
0.00416702393573957
0.015746742714962476
0.015694023967722976
0.018631564311353748
-0.008282478099500416
0.039773878610909585
-0.026507392711053096
0.004815378391161234
-0.01941803630168756
0.02736101494392046
-0.0002608456940463473
0.0024225915061591094
-0.015410265757628251
-0.004752034576318472
-0.01699718761782971
0.024449744272220627
-0.009935177825069755
-0.023277820403274606
0.002668356961734417
0.03511159681366391
-0.0017138479298815408
0.011461686329762256
0.040366026627049606
0.03942318313229792
0.027709232824801713
0.008318123664109334
-0.0011417885116146703
-0.0005741239866026634
0.013149416685636317
0.03830552340304143
-0.014113383248362091
-0.019815003484144274
-0.01765706902667586
0.009754388469054596
-0.019463844239582785
-0.015337379053707302
-0.05055212906177081
0.017168754688622535
-0.058941205806649626
-0.017697922553942855
-0.012028081761104422
0.010567850112838756
-0.005633883702735558
0.01687018572609797
-0.0013071541735588943
-0.02060370782647215
0.07482580296709346
0.02105706907576015
-0.0008704357653575162
0.0030380930143979502
0.020448538176684735
0.012061908391936289
0.007318958034682618
0.03868198336841681
-0.0033191361100152208
-0.013758433847764436
-0.02679748417070381
-0.07629094176362644
-0.028950625454188108
-0.01827823306018569
0.0032968326246983863
-0.01517612515025987
-0.03004764494940779
0.013892311076523951
-0.0131538325547308
0.0026370613665935207
0.029061460632610874
0.004637452629171066
0.035273038720441754
-0.008041381454677716
