-0.05452030144124428
0.051235336196387156
0.12894449041151224
0.23088489366869255
0.3350346102514166
0.4076761883292079
0.4923494177202179
0.5197357941439953
0.4091813583291583
0.34228635129813967
0.23048041802958857
0.10731091044765209
0.08335956093076152
-0.007629422855701876
-0.08474978232338015
-0.22043560307479354
-0.2938295363185645
-0.38063639576926367
-0.44928603544503504
-0.5468854896971523
-0.46979186194575734
-0.36117810170053966
-0.28702008908854376
-0.20002282198337595
-0.10413229645028234
-0.03852618852225445
0.05734919340757701
0.17558050434818018
0.25020931954757114
0.279550473552051
0.3845222168289938
0.5048437039954643
0.473802905990937
0.42397493092586547
0.3588092326323246
0.253600621492625
0.14680698113569773
0.061456713893363865
-0.012777277364039144
-0.07518511131114353
-0.16385687220533193
-0.269153480543946
-0.32139855642013776
-0.4537469031555105
-0.5434264653691776
-0.48435853305602206
-0.40142074429787167
-0.2748540802090582
-0.22677302122085044
-0.10833645413993752
-0.017880505677798093
0.04681370722675131
0.145340967681643
0.2203515437985466
0.32537958008164364
0.39946252068178084
0.4973215474661905
0.47990762869233405
0.44628401109673665
0.29938987345624657
0.2557323970838041
0.18211649897465207
0.08068710764218034
-0.02102359911747781
-0.09169489675218136
-0.21379248576926155
-0.2710863328573315
-0.34959509078955453
-0.44956044737002704
-0.5336719066270025
-0.48650877993996955
-0.42176659558574187
-0.29006965851565575
-0.19325605757621753
-0.07778152078956982
-0.059511604322548456
0.03198877295170284
0.11828942583654187
0.21022609834485942
0.3214017403370972
0.3954037193640265
0.47551132371694493
0.5161422383819709
0.40736066951756983
0.33615310402204546
0.25306196440071976
0.2173849290269549
0.09921990681511186
-0.03184656461532134
-0.0881959610805423
-0.21009025062808856
-0.2818673584193633
-0.34919523154399107
-0.4508307239613605
-0.5265295950362515
-0.45920371303951557
-0.3744837318286458
-0.28035043440930796
-0.2220281651274752
-0.11204343444212944
-0.02531820270589789
0.04305371206171444
0.12928452142789917
0.22770636880042713
0.28597847267155674
0.3715593931526345
0.492328256499997
0.4938970310043335
0.42356918928508785
0.3431870626479696
0.2578979131674076
0.19980327853448268
0.10007862415343746
-0.007064747067937764
-0.10476874807925708
-0.1883202386578922
-0.26662041673566894
-0.3337421599202737
-0.447443827825707
-0.5138019319884921
-0.4665735927033856
-0.3908111742176793
-0.31925401826764843
-0.22623407471544962
-0.12321194275653255
-0.05423030375604111
0.07500925953307505
0.13419433001171574
0.22382945182061365
0.30909939164724637
0.3752279255724633
0.4667984081596556
0.5548784924003181
0.46964601692705177
0.3371202726190523
0.26619260875136175
0.16644197198989266
0.06633106768795086
-0.017008318386572224
-0.09095524880384483
-0.1884815471894846
-0.248332578388924
-0.32720091139663576
-0.4228102834483843
-0.5012088895304199
-0.5103366803024932
-0.3721294305589204
-0.2874207844278154
-0.20679341276975108
-0.0751301880405939
-0.06220997513013642
0.030430170998234155
0.12186745733356498
0.20356282508735038
0.32927857125765003
0.40126331325890807
0.4684523307488314
0.5435116544890446
0.42210928416758936
0.35871140963770815
0.28123555879620693
0.19877316880640228
0.1022227122699807
0.0183032020094836
-0.06037576337597683
-0.14715286065850836
-0.24818833470350496
-0.36190985341390375
-0.4434913433479054
-0.5406931804136621
-0.49704415787513573
-0.38713146582622093
-0.2948753911355532
-0.2130415640116485
-0.12855507476364206
-0.033424619929775315
0.04200072643161701
0.10032534144424814
0.23568788751732256
0.28989370144010684
0.3908815644127722
0.4468223474409611
0.5518999917479585
0.429095943380551
0.3649721180945436
0.25428941258934595
0.156778985660084
0.11290338760076628
0.038596026961337
-0.06178685755800332
-0.16414546996936788
-0.2441793151416905
-0.32191788057518184
-0.42975740966522413
-0.5229376444743548
-0.5171691587079397
-0.3900196366442611
-0.2845911587643018
-0.22932751433850784
-0.13356212205431653
-0.030017673338614208
0.016115854451930818
0.09289695571351674
0.21960321886324122
0.29508817789998465
0.398382019662953
0.4547807117911804
0.5572953758638989
0.48115535374191265
0.3408349903208092
0.2757976647459672
0.17381566749636723
0.11399199717983743
-0.0035409469091796097
-0.08138197003908676
-0.1697105562671552
-0.23629405785801808
-0.3217054608180969
-0.40814186137046937
-0.5181149554040223
-0.5298780431705596
-0.3820056684538852
-0.33971989091809923
-0.24557383355307097
-0.2015318025018413
-0.06055485327719824
0.04935686815726998
0.07130499943339896
0.20243067781628574
0.2783804423614646
0.38780791408016385
0.4490251131261308
0.5421413990914937
0.46162427374111065
0.3441666655742334
0.2872769770693712
0.19473019841317898
0.07196502895433182
0.03515902129577894
-0.06904024325981514
-0.14680932293623
-0.2618302988417411
-0.3219356253665362
-0.3824128836840723
-0.4950594286163617
-0.48875737270808994
-0.40607695700330465
-0.3261227433738276
-0.2484945204629005
-0.14976773409653305
-0.05940890588186885
0.019779836642145707
0.12361617290685331
0.15257187368653635
0.32544465457560445
0.3443803844681085
