-0.0750604080790967
-0.059312333293147924
-0.01061257714044879
-0.039866250050906105
-0.013353953605360333
-0.004471976280690488
-0.0012694192658199667
0.012578462896386287
0.0032655752808841906
0.008583878171660207
0.06692866513858921
0.04838169049097414
0.07939972927813363
0.07776990588919229
0.09039056420914346
0.08332370425700428
0.091808150937356
0.1250236417839233
-0.1452787800743054
-0.14009037893496862
-0.09580655719432088
-0.13311414241390385
-0.09088044431549823
-0.09829089703843377
-0.06851418027217891
-0.04888896869783667
-0.009980017654985136
-0.00025930045217722325
-0.029291138528921287
-0.02123923181212657
0.0017031562652460135
0.00759945421030404
-7.20469443133559e-06
0.014304560821812832
0.010015784658154583
0.034835205687386364
0.059031625740520885
0.055379777875623426
0.06526310979059372
0.07667465832039325
0.13788471172882508
0.062264379997056585
0.14580872538016632
-0.13544676362355543
-0.14978824416950962
-0.12570943860262151
-0.06137006398879266
-0.09682558729353172
-0.09014605795149595
-0.06172230468385131
-0.09498826872099686
-0.042799007515593804
-0.03489150147785351
-0.014484768439851848
-0.00998038054654155
-0.023126144397235922
-0.025466474912290003
0.010707865595695105
0.024064721170528013
0.049941572821277154
0.04777256424098249
0.03263782505802956
0.10008314220077458
0.12007934996995011
0.09023811359636798
0.11059142872812894
0.0716365854340554
0.10950386297411732
-0.17493762667356688
-0.15655346963074965
-0.06788717691912209
-0.11776606857485425
-0.0559124978207379
-0.08034104319497308
-0.053560511086949876
-0.015660574544493273
-0.05819094923712193
-0.01966467431572852
-0.04276220674071604
0.011445497897129949
-0.0264800081523614
0.009300341674533748
0.03279612128411914
0.01952407949999568
0.0112066535682371
0.033308776869380656
0.07584783572105508
0.05597066139414518
0.08873841560076146
0.043482698342780436
0.09357050008778532
0.12475977351476224
0.11675718707563398
0.14130360354727062
-0.14605835833075653
-0.13345402704090903
-0.09861003098713213
-0.06675396999367625
-0.07355908750682605
-0.07405127402449814
-0.028953740781086187
-0.05535370403673645
-0.03373164195012109
-0.024115512497084584
-0.05400026786026651
-0.01204160686452362
-0.004620672715951011
0.007158448439808527
0.024216144454685198
0.019938834242808522
0.04924784230127247
0.022151458974071614
0.029938591631804158
0.07519104776192248
0.09920672167241691
0.10682968081009127
0.09730475065614098
0.130676608138828
0.12014355875657186
-0.13587090482911515
-0.07943824446335845
-0.13932078126157046
-0.09969274724298118
-0.059921623021039726
-0.08036879882415135
-0.05731320862908033
-0.07263916386943264
-0.0678891132651486
-0.020998290839448333
-0.009475295856742505
-0.016136409350475285
-0.005639376408060141
0.0004575512891507195
0.019949377743948095
0.00025400775110201446
0.07168410314669188
0.04347937332101465
0.0631190807709868
0.1193119316451092
0.09016256679964374
0.0839249804292351
0.12856547146468303
0.12053016800258345
0.15697097920014913
-0.09835234811757312
-0.11110518570683017
-0.09350229771825132
-0.13269954882766447
-0.07969409366084274
-0.04912101649683662
-0.03786373282002417
-0.03673945875917365
-0.03566892968900282
-0.005488305769224128
-0.022205256178711563
-0.009701450845943932
0.015988853595369973
-0.023948173984448658
0.031544961583351266
0.07522555566923747
0.07581130620865646
0.04299385596855032
0.1000787680977622
0.09134829101655559
0.07037683346532227
0.09552386287769994
0.11726407862214946
0.1440570716539913
0.13703327191230066
-0.09303109643413231
-0.11656345534126725
-0.0890757978001999
-0.0771252640715622
-0.06154456050354362
-0.07045137484308789
-0.07055649140453399
-0.04520130152161587
-0.042268331295387034
-0.01957962472353924
-0.00658303418638548
-0.025341991383174334
0.002217996545037927
-0.009754751650740119
0.0005543528761355193
0.021246524074165784
0.06563496349484997
0.0650347506112069
0.07308996789118784
0.050482562904967235
0.09055161750162588
0.1132713963881024
0.08501654286417437
0.14024813862193758
0.12894336104070822
-0.14045305392003804
-0.13631687743430898
-0.10370681866657523
-0.10432081702761455
-0.05742526649287297
-0.08162535452135734
-0.057278920153431195
-0.043611419425115365
-0.0752569557468414
-0.04265523109559927
-0.006436567695963163
-0.032837560602688144
0.02895486087034862
-0.020421676866583603
0.034458904385205026
0.0704113214972015
0.05632408799167048
0.05806640655718111
0.03651126134460189
0.11830380336536703
0.08838449940958366
0.0955615256024879
0.08330054884645915
0.11818568380701822
0.10656639424090164
-0.11430101762867814
-0.08582858709000059
-0.10490296382491497
-0.1398641492839424
-0.06614155021354741
-0.06672887635511918
-0.07886084151845375
-0.04046132153474045
-0.07043311845078457
-0.028611064714735894
-0.04405264128640621
-0.004025191653006612
0.031028599454850102
0.019052575193869003
0.04170781898206286
0.03937394186928174
0.070903254730703
0.05125642322979178
0.048189171659309755
0.04917638448930135
0.1112429515259389
0.09739702715516514
0.1071975665582907
0.08591308616813623
0.1158426061921634
-0.10440112509796805
-0.11408010056834189
-0.055944123770710244
-0.12513024183063254
-0.08653887789396572
-0.06432828827018622
-0.060717794445492204
-0.04810157097326507
-0.06234027072032555
-0.056267676002265864
-0.03619369043174167
-0.01642324288955917
