0.6802386155691014
0.5374104738995783
0.01149214398826807
0.3721691404616816
0.014144290567305914
0.8015732052654634
0.7074953726143857
0.5415829540405085
0.21918276723041294
0.8734731216036609
0.9014104703653377
0.8596153125552826
0.17304752263271936
0.43526837297317056
0.6007547712978963
0.26628179734629476
0.6953980044554893
0.13007693632849435
0.5397393508179552
0.5754286416280187
0.6786889882942699
0.5990302797074859
0.42916260260158806
0.3577077213603652
0.36749714083110513
0.5094698301721016
0.56177072065093
0.24225803576893018
0.5997651486911423
0.6220386401419719
0.28894675222237887
0.39118234202934266
0.4432590447056304
0.7852363148936271
0.08077097264792721
0.1051336275008237
0.3075351518800551
0.3957116734142121
0.21053356868731443
0.29890021604648626
0.7398329113277831
0.6831104471785407
0.20746968489126272
0.34265071531747154
0.37455161130349235
0.8285413131729766
0.7203080626845059
0.2177456350848858
0.40730201241171693
0.5508323596908774
0.3780152020688311
0.8468450168004883
0.7649792736754634
0.17798907561577262
0.666149672567181
0.5277159415385713
0.05066276146603588
0.007012791278442308
0.39069102808976613
0.8398259031744225
0.44990130580866555
0.6635280686989735
0.5222919920989769
0.7414285092808377
0.43216150827513183
0.8211056992182209
0.4885220232040067
0.4645501365119094
0.43156653623256935
0.4890822018812585
0.07811100484301192
0.7639156844563278
0.13831181183545183
0.6662898103321835
0.6963590558428852
0.049448484457412234
0.32387864260438737
0.8234840550932242
0.5698240364710931
0.8677684442021043
0.2212882821047579
0.3140677875847535
0.2403591546643669
0.3582798283615481
0.7283581106719542
0.8639017928909519
0.26211377175239453
0.24421336051350753
0.12212254393406075
0.3853258236209062
0.03540307918056216
0.184445177578939
0.49741786017525885
0.37814111525459937
0.4510549042468579
0.6272875733897767
0.8841397107042974
0.07786255051720517
0.6134277353839419
0.4110390936296349
0.11120572050984995
0.4726578698596128
0.45019136830342477
0.49521541021648197
0.8618238685720789
0.12858559889820118
0.5575527138061513
0.5408150427017001
0.5713357276735297
0.49943683455246396
0.7516494889596055
0.24540036005179106
0.6676795150988319
0.8069193695692497
0.259948050685149
0.7111171674963499
0.7339098998767503
-0.010284366500697374
0.2104269257183633
0.561439788262314
0.061742916439973546
0.020963414849017738
0.27665224165816704
0.047300456519952905
0.5490710757207338
0.4560176687108697
0.5372969892130919
0.35688200724449026
0.7510020466009322
0.6968832670174903
0.8231095833503659
0.17913788386575977
0.29052200305999853
0.3144614037168678
0.06179066257365577
0.08597406272855966
0.6791425672573798
0.1053384660880196
0.750909648521729
0.10238569443814383
0.471163757916531
0.2073040950997751
0.2955534785300498
0.13587031702611252
0.48877146633269697
0.04106832711686585
0.6856688288826841
0.23998351305321627
0.7483948446163312
0.6168965743051895
0.5246506056947018
0.7755050322767126
0.4840563252664039
0.5324715752965538
0.1638325485645517
0.07438380277332965
0.5565049933149456
0.764625232117295
0.9269971648450928
0.8079331004644166
0.8347693734926354
0.21734656414082285
0.8052457444391123
0.0032241815163978685
0.6354013085125878
0.19363127115138126
0.04835953486465027
0.43233216685126863
0.1887639024846245
0.4176480835021355
0.8897115477198745
0.18121637091286985
0.06757830183618731
0.13669627611197177
0.5754731059785956
0.6631556686055615
0.8084870220208077
0.08453971516804468
0.7396594765210686
0.24437532223891195
0.03226742082415873
0.2576498484262726
0.4500612864315859
0.10832394566340957
0.77420984750072
0.1531780647915778
0.23257103069238258
0.17360281374489683
0.8148970426514759
0.3115208697365115
0.7723995137684356
0.141197663946437
0.6715536497994232
0.6314871666045776
0.10036245737852986
0.10078067081066655
0.2010050611419173
0.755526526198805
0.4750947493473894
0.1416254053769514
0.6564243903195084
0.06829319202544057
0.34943873780057044
0.32818976244778253
0.6961978904304155
0.2739896340652241
0.49307735356553906
-0.006345997066891729
0.24395025437806092
0.08744762000405075
0.33383832975823596
0.3021240638785415
0.5237521297648212
0.6516915497886904
0.6339193977300535
0.5756386803274605
0.10883742392181796
0.8023901178369954
0.4853253288853434
0.5071826300388121
0.35964217192541864
0.7115215803606719
0.649947260233465
0.344737728265086
0.8956227024656489
0.7061599516756603
0.5387250709576061
0.6550890814450004
0.04062651226222809
0.6558666688705859
0.381161116260604
0.39414241763395613
0.7524540039942809
0.46287301450339174
0.6577227220850794
0.8750920841285199
0.20637488776329696
0.14992939838445912
0.4978115682189436
0.3968502611988028
0.1481852517475128
0.8773621397981822
0.19899867922509396
0.2104695208665212
0.8224890798719958
0.09297468976607665
0.7263492202483435
0.5475349754800686
0.6913981932611787
0.4734895364249255
0.5722209421205627
0.011644129716169753
0.6013635524461787
0.6316966809375341
0.7807806789523873
0.6108501161848366
