-0.13928187020790933
-0.1744515304273237
-0.10980841470266652
-0.09417996786000063
-0.08820549528606277
-0.04857967505616259
-0.010045302179792645
0.005288065385408649
0.0471572596028446
0.09611691758889832
0.09548486928255868
0.11122745066476783
0.14517347376306652
0.18754060370921438
0.19452990672499076
0.2557626549887561
0.2450943955783075
0.3057100021227508
0.33484142510663495
-0.36195971447899455
-0.336399451580445
-0.2896903100918323
-0.23824410917797337
-0.20906758979236936
-0.22014769418156085
-0.19300543584526653
-0.12011942031725388
-0.11761470659574591
-0.06896190201145595
-0.08855943795321232
-0.02590233262207528
-0.03492312906674562
0.015004111130839123
0.06552256509297655
0.067843449249647
0.09664682359536242
0.10827405075371767
0.11364416854598322
0.20205801110144758
0.2283879858501717
0.20868403701930582
0.21349063387598188
0.25965504309940685
0.3302755507368375
-0.35363995363319095
-0.3041702915151795
-0.2711305504179677
-0.26612825408504515
-0.2741442296072088
-0.2203025511492914
-0.18728761108199996
-0.1686775244348722
-0.122016354058162
-0.10300189171979851
-0.07388781642966719
-0.05403901538062842
-0.0029851299863852387
0.010373267059095683
0.06642391175938953
0.07614493022175778
0.09627215491358868
0.10711445479994598
0.14391546304323868
0.20494822728790352
0.22994155098162145
0.20759635268469517
0.2937629492975515
0.2797413392395643
0.2878976158843321
0.3472038678384996
-0.3218079577480154
-0.28825755586923163
-0.2862613891603291
-0.22397380516333373
-0.21787194416175246
-0.16716373162764553
-0.13489065956263163
-0.1341797931988691
-0.11302611423528566
-0.061764318328980536
-0.030606249321614806
-0.03331537888465394
0.027372516769435137
-0.00368735890376011
0.07123256167300626
0.09684798461367064
0.14820753335746514
0.1276034921703162
0.18483948868929925
0.185452116904242
0.23299599035579213
0.24289160930015954
0.30455037447550704
0.32200252317653677
0.31539678352297496
-0.32248688960879174
-0.26793965453284324
-0.25082814269043496
-0.2715155582657217
-0.18898020215209366
-0.1264891505247338
-0.12994711029093622
-0.16351309983008866
-0.08652819855714534
-0.014845487055353296
-0.029726354841343505
-0.020774560975170626
-0.003921164466946903
0.057726684421496546
0.058457031538927694
0.09159503409011586
0.09623234676359019
0.14743946099005198
0.1702759297475123
0.1731258829462145
0.2502951366478843
0.2485515371359405
0.26128782500922026
0.31102153490478174
0.3201250015372662
-0.33860125760499316
-0.27582134002585024
-0.23064916602832933
-0.2445744220356017
-0.19945134347871046
-0.15292962662551635
-0.15298468642411805
-0.13439767703731492
-0.0847942342954178
-0.00955789227036146
-0.0546245079254082
-0.03269440845541873
0.031782857815423955
0.039150378431896234
0.03434158373531998
0.09319665559277494
0.10268873659397926
0.1626136834019759
0.16496341036367915
0.17843073486449978
0.2292631075046868
0.2525092821941995
0.28482639861161785
0.31932874710936404
0.34664336319939804
-0.26883325553632903
-0.2688201175653837
-0.22939969428834614
-0.24404095702607395
-0.2410073141741761
-0.1754028820460111
-0.16550905603319205
-0.11044547593715773
-0.06172758174517648
-0.06203483949443778
-0.00367386651027142
0.03519565651583387
0.005844574180308295
0.041788292989813354
0.0630779516790625
0.08940741874404563
0.10182873877441351
0.1162385909759532
0.20967490193382365
0.1987442213039489
0.23124498140460414
0.2877343515507462
0.2621409288364806
0.2736932275452762
0.33723815802865065
-0.3228681387850813
-0.2565275654881344
-0.25028685790200245
-0.22819241662281572
-0.20678182059467481
-0.17832373995370293
-0.1285617244252352
-0.11452477691434935
-0.08771779033180688
-0.09066467682116673
-0.028336786056907634
-0.005224314667641339
0.0258783240184022
0.02572595648782192
0.07517396334859074
0.08002406328071783
0.11234382165653155
0.16195226600535623
0.14785994037201852
0.21275265150953557
0.2416249722929223
0.22119145651532737
0.3025688616015651
0.288863231286298
0.30045990942423806
-0.2887131516477528
-0.308893437278356
-0.2851309353440017
-0.21539759910517073
-0.21990738374941485
-0.1513897936820508
-0.1494658676363113
-0.13362546723156038
-0.08432032047085117
-0.03720884339683918
-0.06326097158433755
-0.015705351879497426
0.0322669956424571
0.013666144713495476
0.022889958980576025
0.06919674518283246
0.12698439578872972
0.11017281500870892
0.13407707471720282
0.19336466062174676
0.22481124438007502
0.2126986179140508
0.28599230064762615
0.2778615848226057
0.3300096513437252
-0.3022783243867671
-0.28093280210689997
-0.2305532040682728
-0.24832403355974003
-0.22106428019784258
-0.19049135636966538
-0.15904248071267277
-0.11715319705515578
-0.14509732771159833
-0.08619272948657986
-0.05248170620049769
-0.011479115395897892
0.005193727257962688
0.017942222446501656
0.03644585861868709
0.09882046361693847
0.10124583644496007
0.11785203759440266
0.15453808965039628
0.21046334219665785
0.21751960438900012
0.24926584360786613
0.28423160153336724
0.3472155844243432
0.32878321667397703
-0.3430102236073449
-0.3067840132973239
-0.2831243499106078
-0.23704694892680456
-0.18997755828398338
-0.18983831080520336
-0.14713921979568592
-0.10209443804678034
-0.09788128202835161
-0.10310682503347698
-0.056937256613253856
