0.49837600590786174
0.5264728738849084
-0.5479549648057672
-0.4910920233377124
-0.4713796491396641
-0.4273988029263998
-0.3586940488797708
-0.3228095991731831
-0.275276510280799
-0.23709121924766988
-0.210013286816058
-0.13615537524748833
-0.08822967652701097
-0.037836161714829536
0.015096524432391872
0.024771273362693462
0.06126471020249091
0.11644895529070148
0.1929760153479343
0.1842478135182587
0.2810187902406668
0.29829040212632274
0.3572418542507537
0.375408020030357
0.4518532064424585
0.4713531544745619
0.5025865678739042
-0.5441953380830732
-0.46885830904476644
-0.45148317290350276
-0.3978632023061782
-0.3288373618198043
-0.30600892726779677
-0.2647391119961603
-0.18876138097137754
-0.21756502777103523
-0.12820847608344774
-0.09159018496536225
-0.0385990092721696
0.004126707039211184
0.06406597884521978
0.09745637791813425
0.12360568582560515
0.17723590011994234
0.20199857086736722
0.24076515859819245
0.3107989297109125
0.32624285730188557
0.36299500092429166
0.4571012280413038
0.4625608709153689
0.5515526366591109
-0.5644289981671281
-0.4871136247806371
-0.43933692673619085
-0.3813479026236994
-0.3610330026731558
-0.3356348143274686
-0.254664539020703
-0.23768357282269678
-0.2023701124931882
-0.1486548962442942
-0.10361059271392055
-0.019696775885020994
0.005917882256265262
0.02957306036792914
0.047102064376596774
0.09748660638492149
0.17256809204321166
0.18220732298277406
0.22665825555338748
0.2996186176507329
0.38828539924217614
0.38530074120939406
0.44606150474886813
0.4682559295844936
0.4988222174512508
-0.5889766998345033
-0.501972866284258
-0.4709675235716425
-0.4002583107218802
-0.3664508114450445
-0.30905285094442053
-0.2781511411201889
-0.23000212708724246
-0.21953882159179372
-0.1497080015754549
-0.12103621346908242
-0.10072208165706772
-0.016992149247287924
0.015258507259894995
0.0844423920317923
0.1449293690507515
0.17590241306738916
0.22535966972735733
0.25169856591412554
0.3008300207970421
0.31910055970789813
0.4047575794256827
0.4253393725717147
0.49270566418363765
0.5198129359770262
-0.550861759452467
-0.5101839472716682
-0.43945913140985454
-0.41974280575672507
-0.3961058089525283
-0.30828374453949664
-0.3106241180220901
-0.24109045242857338
-0.17169344467254471
-0.13148658977507455
-0.08098411437408107
-0.06941159032774866
0.012308602223761596
-0.010646044662003841
0.054438845902807245
0.11355841705854404
0.1879122739608104
0.21332408439487374
0.26688223500427005
0.32612639378456193
0.34437215553632394
0.39799328784430715
0.47590632539635386
0.5195653308158886
0.5268033617036905
-0.5834173468526063
-0.5142885797754161
-0.4204927469597907
-0.44642079217341823
-0.4000826843370986
-0.3161533513982379
-0.2932874967583869
-0.24099509239358488
-0.20563819804371067
-0.16969355296657312
-0.11885693342151767
-0.031744816072949655
0.017164884262397744
0.054920903813766755
0.07322996051842816
0.12795819095591754
0.1826753404810535
0.19060285486821477
0.2584313099158032
0.2910713294914278
0.354406425423847
0.3718118186174258
0.4527085518248398
0.4916601756451627
0.513790555477031
-0.5515506381284792
-0.49118115483464875
-0.4415586206343195
-0.42778927014157736
-0.41649125727151115
-0.35474784278332666
-0.296233971442586
-0.212451018367672
-0.20445177861217018
-0.14357462922573766
-0.08433274311612005
-0.06930431232228451
-0.056392697317449836
0.02587256648025823
0.11236376691058308
0.13545654334524418
0.17175334909710033
0.23836886164915225
0.2606136401443062
0.3430214989506235
0.32188564259067887
0.37473281168063444
0.43385044340114465
0.4385802931525892
0.5127812414981386
-0.5346589390435721
-0.48728004717465256
-0.4701621477137377
-0.40952060581919036
-0.42008705644481387
-0.3782108040097135
-0.2980462320879725
-0.23385700242784938
-0.21158367626532346
-0.1417797587983497
-0.08612766715930811
-0.10217876049575284
-0.013934723011347419
0.022259299806532018
0.06610442648617983
0.12918739715363084
0.13882070858263854
0.19662867175925972
0.24418585835718845
0.269503557062117
0.34707227104783683
0.37707181306191007
0.4286501847377684
0.43052348535714635
0.5033011019609379
-0.5568355105724992
-0.5456491312492349
-0.49208917179433004
-0.3909696536385239
-0.3891486297239013
-0.33111690441204356
-0.28892341567084107
-0.23150945782060067
-0.17552546763183088
-0.14402688416803233
-0.15196189546766697
-0.08297688855003772
-0.054815746444084545
0.019424852415524677
0.05797483229699317
0.11073854944967916
0.14977750221455652
0.1979025507606002
0.27681763044367874
0.31458064836260324
0.30290651547755437
0.3960542691142709
0.4236986709004777
0.47778096133608894
0.548480882791303
0.5392722718774944
-0.5247469090282474
-0.5000173599354442
-0.4471398880356838
-0.39477665459141065
-0.3231777497081301
-0.32560162005231
-0.23213025104024168
-0.23659559951668238
-0.13885666211988912
-0.11200799661112523
-0.05028409311482948
-0.045679974626707406
0.04638316846811915
0.07304914536688688
0.09051157044290543
0.15325342599384695
0.19074078172586717
0.25627424943349336
0.28928043181236784
0.34339686360927674
0.35788550032347377
0.4358932855535791
0.48769599603103225
0.5054795932886548
0.556100192589803
-0.5133527080659751
-0.5042656720443136
-0.41596727250654164
