0.18285551232485975
0.10746079244262684
0.038413533630598656
-0.0026544875704539277
-0.12713881086117174
-0.18693792604184845
-0.22055965109916112
-0.31229959048675865
-0.37458105792457036
-0.4688624147985321
-0.5097059990712818
-0.6189912443416279
-0.5774421087977757
-0.447841704947677
-0.4091996673848462
-0.3479380247112282
-0.26867645400211065
-0.19665445061611414
-0.08836895732942296
-0.03864662485858706
0.04124029178632182
0.1404633266542028
0.20190684819995286
0.26027749017100443
0.3437588541656328
0.40893159174704885
0.4909246658101144
0.5564122240532573
0.6092536403409744
0.5345159738125639
0.4681749019932551
0.385710342777351
0.3144030696627821
0.24711261287677264
0.15709748365464854
0.06293131176231274
0.02992102884888872
-0.05014754812774584
-0.12276048224981352
-0.20901198110699404
-0.28660465018151704
-0.3309278243117781
-0.40212253819456856
-0.4622908103804369
-0.5683569762468251
-0.5655414706623637
-0.5103173666335592
-0.44128192684541884
-0.3504558133260292
-0.27555806161256224
-0.252047566626871
-0.13377836222022982
-0.038073707133205535
0.012673327508349598
0.08687510182808195
0.15823238367296885
0.22942715774662414
0.28908932352432926
0.3771777414824031
0.4854421465252035
0.49764037523072624
0.6165666049090414
0.5410477958765891
0.4588675729112863
0.4185705542341883
0.33023536254703595
0.28172576676936634
0.19235890304514824
0.0937065375633874
0.021944467236202712
-0.007959745092929724
-0.09499817059573477
-0.1717171604055026
-0.2665474061864165
-0.3519710644503806
-0.4157989735702693
-0.4718333182449489
-0.5643699900022844
-0.5997909259059855
-0.5696823529536693
-0.4466972615777415
-0.41757305824881197
-0.3177624446575936
-0.21850810760520425
-0.19107587013837748
-0.07735958423948752
-0.03155709731451048
0.0954468333900422
0.14393526516942443
0.20812628013706344
0.28878262563004425
0.35161705488251
0.4528644487063349
0.5036499235181361
0.568233183559902
0.6067344078042741
0.5335088970517977
0.46721018142854526
0.3691872588425451
0.29373950399038545
0.21245105041253848
0.13153713233964026
0.03709268086023699
-0.025963376086316554
-0.09722078853863236
-0.1760125197035406
-0.20637342738361597
-0.2991831660656012
-0.36834517619644214
-0.4281709024054317
-0.5106757893994931
-0.5808142037594338
-0.5723521145810302
-0.524186226484248
-0.3966323239421532
-0.3730915077375057
-0.27587872017416976
-0.18902132653973105
-0.11093061201736379
-0.09628234578791262
-0.00242475919925993
0.12140409121156467
0.16850579507095695
0.25396061820770266
0.3529393668124009
0.388779387605546
0.48281209897390565
0.563409817112565
0.6267606304516435
0.5466078102234675
0.4922416857116387
0.40954256714646453
0.3450952116716457
0.25852512321360754
0.21281362019714614
0.12064530659521727
0.03077543712643265
-0.028181306369567075
-0.1260035400366749
-0.1923925540496475
-0.23953614223873024
-0.3099509013324109
-0.4399013338242937
-0.5054926764220383
-0.5633082068083919
-0.6301239999691938
-0.5385451727628661
-0.4750204139599496
-0.418163261863979
-0.2982696766073824
-0.24143793358068102
-0.16989575814469937
-0.09870411358462211
0.004202968325764389
0.0470821708617897
0.12803582862253524
0.21782313266887643
0.27688978709285106
0.3495622992379355
0.45024796371631304
0.5215776391345555
0.5834742676400133
0.5724883406037206
0.5300548477743875
0.4531360573120937
0.3800848249451322
0.3208680217152099
0.22416374472489767
0.13951766946341312
0.07149215205040474
-0.018930009972531987
-0.06088215358256435
-0.16407776610286126
-0.2074650457484654
-0.33955803019339414
-0.39062438606001243
-0.45333843235251753
-0.5370347847393289
-0.6013949579621393
-0.591646834791632
-0.46018912839195375
-0.4308967828154845
-0.3456287527531345
-0.27727538429551857
-0.1921070542694985
-0.12784541280274286
-0.025198863681040844
0.017834498563764824
0.08725214405242464
0.1453898151735567
0.2140842391194062
0.29810272691041995
0.4124189357782417
0.4792940440728865
0.5656851422734845
0.6247919483769466
0.5415939004596598
0.49029606593704905
0.3882882259617905
0.3088250723446446
0.23974586663441236
0.1769821365223194
0.10729686347681965
0.03634559328567022
-0.010832334713468957
-0.11079343800818385
-0.23418926966071962
-0.2774927417502536
-0.3465810885889292
-0.4197333519127307
-0.5071606726945317
-0.5872464556024191
-0.6025701941804971
-0.5319385690542136
-0.41697918108771503
-0.39538593156967006
-0.27802209204929795
-0.24555013447445498
-0.16373980817866124
-0.10469726750134384
-0.004265904547967095
0.062950633065761
0.13488585355133426
0.2471839465113279
0.28490891716787287
0.3826216875960113
0.4543249109225713
0.5207319212623013
0.5857915618143578
0.6388925466316184
0.5270812495834232
0.4394191273512012
0.37671240576787485
0.27024489125177686
0.2073045332356308
0.15511466244387884
0.05675825323498149
-0.0067615093135857075
-0.07980075694500503
-0.1868226903949627
-0.23118686447689574
-0.3094513432402955
-0.4093671047945071
-0.4548048089926695
-0.5660979643793607
-0.6518990665046527
-0.5717643722406017
-0.4503704257057334
-0.43271389240799274
-0.3205017116597819
-0.2813731222620737
-0.16415146942518066
-0.13386651115147682
-0.04628161241320613
0.04499084202561339
0.12289203617825425
