0.330491099495774
0.33409832274696666
0.34464562412196115
0.3076443286211133
0.33283128104310816
0.32141014240902094
0.32929294794016384
0.29452651233850247
0.3260183473241045
-0.3189432942740016
-0.3145280437828141
-0.33203036552440124
-0.3411743684153722
-0.34657215033872396
-0.3258180187177521
-0.32514422719458724
-0.31485885031194577
-0.33040507827564375
-0.3149195869049138
-0.3379346433241614
-0.31184879544214456
-0.3338709307140194
-0.33743859496063894
-0.33159641787655675
-0.3181110804967304
-0.35135088262797565
-0.3123879861964264
-0.34170388831950804
-0.31671993385769537
-0.33905444888327063
-0.3290673141148107
-0.3419592015606347
-0.3552338750996718
-0.35219093908431454
-0.33963614073793724
-0.3068617574573411
-0.33959246175501673
-0.34364487509568353
-0.3642824879591694
-0.32182631968522735
-0.33906413827477583
-0.3229273404979065
-0.3070718804441913
0.33519217106126536
0.33912770126905045
0.32023029966930694
0.3240791460201043
0.3409895584173409
0.32799259041113155
0.33003447876197406
0.33118541099763715
0.3315239958217811
0.35466930074414915
0.35905334349065804
0.3421006225814617
0.3378060829581903
0.3596595598803419
0.3177237552605632
0.34544348954198784
0.3043105592251024
0.33216591831521913
0.31447993111538475
0.3476404332922626
0.33293666970182195
0.33698338386655075
0.2943619914742174
0.3387432414912838
0.33269926144123646
0.338508940297595
0.31534459393634534
0.29949416879356017
0.32600488323571003
0.33155697451325566
0.33438604687498463
0.32126687937093656
0.3578797726041385
-0.31243286424666683
-0.3285560957632338
-0.3500380599311784
-0.3474636538544641
-0.3154691428273318
-0.33143251175314065
-0.3426481324945745
-0.3431288611264878
-0.30736284709109074
-0.3612234143602251
-0.3542066735390512
-0.36009556433568557
-0.3241217675921499
-0.3419268816803854
-0.3094458746521061
-0.32716227765361694
-0.3292050591667541
-0.3266806655146748
-0.34458545382146755
-0.38148015686959263
-0.3550038373919237
-0.3432091159204359
-0.35467996665257734
-0.34496014375761413
-0.3411778105262306
-0.34748976739520565
-0.38813866723730595
-0.3218407901507647
-0.353786457295392
-0.3335638918997669
-0.32523663274715364
-0.33734445658893153
-0.3294516077702009
-0.34589455939267794
0.33972459852280973
0.3429472711733988
0.34127456155174174
0.35802158496409153
0.3304671916139357
0.3296852551620539
0.34514229704779387
0.31834556330964864
0.3004308104416984
0.3361645422496455
0.3616855569823102
0.3246546189263209
0.3491465612280077
0.3234187030387574
0.342366804102222
0.35427009816264654
0.3101282348921428
0.3516352759853888
0.33009032186135084
0.28555206342734096
0.3465203940843819
0.31724881774941704
0.34742256112222053
0.3444786269159953
0.3709389442738505
0.3435555640175172
0.3415050003751975
0.3295743982531746
0.34503543553369964
0.3243636297633297
0.3021918904983362
0.3468366287501657
0.33642705171572884
-0.31477279211686887
-0.3138222304016928
-0.36193103108391156
-0.3647031779576861
-0.38680950734403785
-0.3044757670089958
-0.33613720370046835
-0.33091765366308074
-0.3700008333533282
-0.3600793653548283
-0.3478605958958266
-0.31441368305664846
-0.33281210452032245
-0.3279844136476219
-0.34323109739246294
-0.33859035662526765
-0.32310623530612065
-0.3291630586435999
-0.34244922995433386
-0.3760943012880209
-0.34049765380954
-0.3439112909265794
-0.3335109776921695
-0.35252372538643867
-0.33296581088958077
-0.3462777954309753
-0.35984785101804895
-0.31344465656947773
-0.33982677744273665
-0.3253916101943539
-0.3419558096099893
-0.33980271745667473
-0.33518633984079
-0.367824887087934
0.3375106479465116
0.36582311075877944
0.3313647300330807
0.3319617587376198
0.37246524820575855
0.3453903317859635
0.3401967070460609
0.3912673879021746
0.34004166507456696
0.32455373202876936
0.35280637077180305
0.34294798748753086
0.33784569562604083
0.3270955282949343
0.3542847498416612
0.37485345285307403
0.35140490895940735
0.33006416767503305
0.3242220665765982
0.31013682905035805
0.34978444024470456
0.3316623604067197
0.3582890851297186
0.343780827952858
0.3712215628762458
0.31934278802259086
0.3040719486955139
0.31941790589042596
0.3320909722181272
0.35537581276006674
0.3254012243740074
0.3675508217784955
0.3406259955800333
-0.3506584107425715
-0.34210319995670513
-0.37273779760136366
-0.33251367222785144
-0.3175962601913609
-0.3381397542206101
-0.3592272822158076
-0.33374840291525526
-0.33203165125072337
-0.3460491003896159
-0.3319634593971954
-0.31019467789221006
-0.3281013121453198
-0.32555527449688965
-0.3363095680577529
-0.33022725855631113
-0.33316457639226255
-0.3399857357948608
-0.34480642246710236
-0.3768348493436602
-0.3707568781717627
-0.35702523318899504
-0.3604536366187965
-0.34232577095698064
-0.36258095715749383
-0.3443321902122945
-0.3251202268790166
-0.34611344507982267
-0.3494890751749896
-0.33455025638641683
-0.325303526689503
-0.3352594095398763
-0.3492749419140513
0.32299037399869823
0.3711777594226605
0.37620184492318326
0.34966122552428947
0.34825911431112394
0.32911019248405216
0.33570310655080426
0.3495296321932069
0.32544166875543573
0.36240035632361334
0.3480186003072042
0.2958172610225374
0.32496984139886814
