-0.31814306992898855
-0.5731490148030689
-0.33379739831742367
-0.5167438849410958
-0.5504617425806777
-0.10075803516399548
-0.4360867071762822
-0.4452495584046298
-0.11427536047424904
-0.22025870871628303
-0.030057361051613184
-0.27631199235956944
-0.36581481477323463
-0.5265410942539371
-0.4962834937275279
-0.19509206500888968
-0.30778407809405395
-0.008188810114971927
-0.034479916265693716
-0.46562374643447707
-0.1256808289396149
-0.42572518791152
-0.24274705815146472
-0.4594302423217388
-0.3644585710299194
-0.508969037804497
-0.4516856184155694
-0.16981137126179766
-0.17965714327533824
-0.3181955733169228
-0.4567503450049988
-0.21613806844656938
0.05440570726640715
-0.1636055193406852
-0.5788285598560758
-0.37068505102610366
-0.48986917971662336
-0.5123764838436302
-0.26572995649464193
-0.37905829119660833
-0.12049032783207113
-0.4815340818955298
-0.17460715291207407
-0.2118261589298733
-0.1611646674784291
-0.4532371869758963
-0.15928108274529862
-0.37310772087465277
-0.46500446570711523
-0.06122578346493165
-0.2549484513694133
-0.280890482985909
-0.11376683504809139
-0.19503073231297857
-0.5129251514439841
-0.004397156621862979
-0.4693464342185181
-0.2457168171506387
0.008139473308168112
-0.4179776391561202
-0.02592709277376051
-0.5074137575270337
-0.4700226964051181
-0.5655104391905954
-0.15020883620373124
-0.009041057657874337
-0.017244003479986073
-0.11678087845544143
-0.0686640199461658
-0.43875825798819745
-0.14482930358162394
-0.359693398960485
-0.15148512396255034
-0.19202180891060283
-0.2643216275630844
-0.18740963897028348
-0.4693098740451075
-0.20773185936687666
-0.2839987035318545
-0.2395284675794474
-0.4071583290495265
-0.22505366530853138
-0.40211392490745645
-0.5174945437137538
-0.4023080153676914
-0.03738611422506497
-0.12343343328728022
-0.48752421743246654
-0.32110448617450094
-0.5306305891950325
-0.12612805121898285
-0.5258049411448265
-0.4581294206431782
-0.28843525365034256
-0.38602037635212666
-0.09996200995446809
-0.32403408894807895
-0.36664088590728805
-0.5331499498080878
-0.4457553423182687
-0.1520426066393622
-0.21566037775739466
-0.46105905537543135
-0.12855648951789772
-0.17195724226974549
-0.1604665207809048
-0.3227116520353384
-0.24873828710915039
-0.37509816414342795
-0.5185066083139976
-0.1905820590939363
-0.28823477904693684
-0.0172268170187784
-0.5382968702091764
-0.5460477401027608
-0.5647339037801133
-0.5018610251449276
-0.14628507349109346
-0.10737160632456388
-0.4412401274660734
-0.06306500570896775
-0.050550719716965564
-0.5502599892679213
-0.3112224064840382
-0.4176084017624056
-0.12030873684005071
-0.2053240281959646
-0.27699047154336665
-0.027061662087966922
-0.3684048704521738
-0.35872680994231937
-0.24531030613844737
-0.37686273784183844
-0.029243049043789993
-0.3222515389258911
-0.3151998632537875
-0.4864172419394215
-0.3574436861815805
-0.356572152174328
-0.4958130900799571
-0.048805732060576104
-0.36207643458008026
-0.4953565980813099
-0.4653948276710268
-0.2345761892194973
-0.4404918623111187
-0.09531808875971477
-0.2512104411582913
-0.5018030949348377
-0.24548389175022864
-0.4088291896299057
-0.27717627413086193
-0.25892771809954823
-0.469537893482756
-0.32608855747867066
-0.39429862213914124
-0.3657948513778816
-0.3407349106981678
-0.4662889607476213
-0.1099117012921987
-0.034672964221442365
-0.33364535056101385
-0.0015725953857101487
-0.2159945903364599
-0.49954026744982943
-0.294819168785784
-0.3897431913171876
-0.15863147909640085
-0.14943772688896736
-0.39915130776590574
-0.18726801090947484
-0.0662627134534651
-0.22117424369177002
-0.15976383635768748
-0.11610951358627658
-0.3404454846965623
-0.10833219088734396
-0.21252395808758426
-0.2911593532726205
-0.28251729851187574
-0.3697748000573493
-0.20496241253705563
-0.1780565659955583
-0.16084193856552848
-0.11135956972282218
-0.0947896779481254
-0.2062534363265323
-0.3517251062523863
-0.34025391117805454
-0.5264123712881824
-0.22137288411745704
-0.3378371603029347
-0.12412073996252013
-0.2325697840214449
-0.35210614163987924
-0.07714395846335262
-0.5801587104420597
-0.326682763265487
-0.04186557650606368
-0.5504305772580654
-0.060847913229530384
-0.29414030341991865
-0.3124459274442986
-0.4111441797476248
-0.1454731417254542
-0.385174578572391
-0.16159625296068283
-0.39341604223941695
-0.31148679004731544
-0.25834711660797005
-0.26708098249506707
-0.5088099485792946
-0.3969126638807942
-0.31824565757948103
-0.08457251599255425
-0.40072989294252465
-0.4494942412224062
-0.580417700245257
-0.2122820420563596
-0.5653672222935442
-0.3658401548495708
-0.26032667607629145
-0.14209972841763158
-0.22158224326501125
-0.4835049290601519
-0.10988265832239773
-0.5469288676516268
-0.23532274724727031
-0.4376159630885427
-0.4332310088826418
-0.34767785032859366
-0.3752445147977547
-0.5296268048563609
-0.34497573395505965
-0.07843287651100972
-0.4480639630399724
-0.3409100259883756
-0.24592729128446023
-0.5606809062802138
-0.0007730796415768891
0.018606284746785967
-0.2664440244106237
-0.1278952344458672
-0.5209741210385233
-0.05622469349277399
-0.5485261992282496
-0.2029724161318721
-0.16727067131245182
-0.07269023021592178
-0.10466390692639516
-0.333386376196203
-0.20547777824781863
-0.035120194484370176
-0.24573378980505772
-0.21988521257945254
-0.4196958597590549
