-0.4740825057820308
-0.4713503988982166
-0.5043757074631481
-0.47588517351375315
-0.482852735058516
-0.45954750691698304
-0.47597162412764377
-0.45305626020148226
-0.42785302957371374
-0.492187769074444
-0.4613848093692059
-0.42942410580074236
-0.4742743888490086
-0.4751568269224952
-0.5021065559164041
-0.49957335118952556
-0.4801946970332697
0.4659802301036565
0.487554761145536
0.43759396023660496
0.4584890310155685
0.4560834089942622
0.4490005914942982
0.45540782889425635
0.5099950597269852
0.4657659141384586
0.47009086006318396
0.46385764852426004
0.4642610519150234
0.4543742176101537
0.45695781524868223
0.494705101579354
0.48564500268944616
0.4715813204990896
0.4925789771542797
0.47000137844493234
0.47444289424897423
0.48427229155464907
0.5246703613550554
0.4735141919254688
0.4748727085944513
0.4652614190305889
0.46480829950287744
0.49456074076667506
0.43196792478002655
0.46778414881555086
0.4750412386891552
0.46268922488601205
0.4704954645378098
0.47136343328423774
-0.479204461328024
-0.45552822469448334
-0.5050800795740079
-0.46147006280619707
-0.4803698481308446
-0.46961993816425207
-0.4391838924949923
-0.46626832589716205
-0.46659632467784196
-0.45989155265133247
-0.43565611363217094
-0.4458838641611776
-0.4753930190360892
-0.4723597224978505
-0.48765349732870567
-0.4717768231343391
-0.4659376434932869
-0.45337500978144357
-0.4977467570927136
-0.48739097371099177
-0.4952825741477586
-0.4347082669885961
-0.4564499509295251
-0.42530524582282264
-0.4691337015276478
-0.47914705328776674
-0.45824106684447996
-0.49007644665486394
-0.4507102802623045
-0.42572756797712025
-0.45328601972924315
-0.44711544630068245
-0.4802296154063068
-0.47502697180400477
0.4488636568670963
0.48226855688947357
0.4929355857382869
0.46262064044657575
0.46416895246516343
0.4943994028534388
0.4472042902063299
0.4472538650894442
0.4637091721927905
0.46275116997004223
0.5105036785413838
0.46716158121425894
0.46115947810243807
0.4821091614012629
0.5095826891479902
0.44145736102846267
0.4814717690192571
0.4514165178008712
0.47100869724428096
0.48459920405169354
0.4770585582851856
0.4381332894699878
0.465516361486763
0.4817021857500658
0.44730735465731647
0.45231128176062213
0.4898415515053875
0.461878170412107
0.47569456424532686
0.48505447308126604
0.46378474459006613
0.47370011193239253
0.4371486807599827
-0.4987699000789716
-0.43686216399784056
-0.48759162898218944
-0.48566185800399986
-0.44337228820686536
-0.47048092335022
-0.4619536632594438
-0.4505720777820285
-0.4505756388386764
-0.4653623730150723
-0.44606637451507747
-0.4828681278069631
-0.45052363208988705
-0.4887159568360926
-0.48764460512503044
-0.4811447464261701
-0.4711254906929851
-0.49451858717123626
-0.4926341556861405
-0.4423333032307465
-0.43477792192028847
-0.46208458516486894
-0.4957265396319642
-0.4598307804050568
-0.5027182186636745
-0.43256091737584196
-0.4294597010953075
-0.4908492966248535
-0.4780652475453688
-0.4562165281476442
-0.47964909941098066
-0.4644697110868537
-0.5048349273788587
-0.4356242331881799
0.4408333820542625
0.5006122623134368
0.48131009487495274
0.4501409742018374
0.4670796388437466
0.501943142849038
0.4927228469974
0.4497835800647049
0.4592144999835689
0.5007008156594206
0.4729962169129939
0.49878017554800547
0.4518569387389783
0.4588655391126841
0.4831732071998216
0.4297836009801592
0.47569935916747763
0.514022938054521
0.4334923125394443
0.4637119357257517
0.48501115469391437
0.46035967464509764
0.4721221669494601
0.4626731348266263
0.4398097496540759
0.45539102591364455
0.42738248408006
0.47228995495197224
0.4192765801528302
0.451840605760102
0.5084543548869221
0.46101112521754095
0.4807977225855088
-0.4709672147040888
-0.475583878149331
-0.4433090875984062
-0.4746381377944206
-0.4665350208737898
-0.4442342565499648
-0.5028282575979177
-0.4504017998120905
-0.4484084991374474
-0.46573155459950266
-0.4848210325683797
-0.4524659090407823
-0.45281217209158375
-0.45723989388484665
-0.4607511660390968
-0.43358852159539185
-0.48300057040436917
-0.48814433746656094
-0.4635768944664283
-0.48527924475651474
-0.5003095056967747
-0.43997709473538615
-0.507095105017957
-0.4674090106789337
-0.4770978728468035
-0.4851465332276028
-0.5326932383922715
-0.4733140752856884
-0.43777325375772563
-0.4762816393205351
-0.4705208933794241
-0.48269176396782026
-0.45624945838314773
-0.42792372931496336
0.48952862590986423
0.4722917848914021
0.4757758288691745
0.4528772674056377
0.4871073909420475
0.4432036777940059
0.4591684528371485
0.44619637441019283
0.4940986799608128
0.46691878119768626
0.4685450389735233
0.48035479864219505
0.49955665121110987
0.4818036879348399
0.48306388775363185
0.46513759195648957
0.4586827845894084
0.47638488087029585
0.4708157861354058
0.5185181826565625
0.4942653782094666
0.45707654834377387
0.4705540847940443
0.4824059226557438
0.4501225847823547
0.4612155582186092
0.44643509748464505
0.4613652725323587
0.48537894041968177
0.471465315251328
0.45308073765204676
0.4494407492981028
0.4707215306965555
-0.4797691938716647
-0.4800173370138542
-0.48975827064014554
-0.4795175085655975
-0.46309070033735605
