0.05105930757498166
0.14207256805167778
0.25515956865273676
0.39726085202015404
0.40099869857865356
0.5562977589693142
0.573726302871717
0.6131025161388121
0.6248732042520839
0.598717868027706
0.5854466432462894
0.552197734363302
0.46828557115968145
0.3800394121101083
0.2941472251632089
0.1389332113924764
0.10510501435225988
-0.04906807172602555
-0.1784112140786418
-0.2737501911436871
-0.3574182627677696
-0.4621282471203135
-0.5385111276284342
-0.5828545867514074
-0.6013125353754946
-0.6461828221003343
-0.6207140879907604
-0.5952947446629835
-0.5044051365290247
-0.4213292202947006
-0.35838378047026337
-0.238232225145565
-0.15848087915647055
-0.056503409118371234
0.07779903959946999
0.1760400882187426
0.3344041423741186
0.37824492207331134
0.48404439244909414
0.5433797245928703
0.5683578670919519
0.6033816187834484
0.6187792706062178
0.6381979481412252
0.5739324645949725
0.4841631882490456
0.40056208094469287
0.3252016378695368
0.22418041456239005
0.07789794403754619
-0.005818047313409121
-0.1471441396537416
-0.19351571000439527
-0.3311510241471903
-0.4318744558486715
-0.5038073598750659
-0.5399174573557267
-0.6186067581960978
-0.6515463303933102
-0.6255940380623003
-0.5841283572259618
-0.5756155319497479
-0.479176878272485
-0.3690106988081883
-0.303878142677903
-0.13508350459737534
-0.07052322689217577
0.030568697245997485
0.12228400132466842
0.23219500057875053
0.3522862962299767
0.39979306989133245
0.5329816111326029
0.6078976183368656
0.6288630013342077
0.6019550102247851
0.6100049384256188
0.5680528737452651
0.5277561648925737
0.4898419008838829
0.3515963206393453
0.291112931123873
0.1715198960661129
0.04771174920521503
-0.060870271283421075
-0.16044586251609952
-0.2766881123626464
-0.39950682679328986
-0.5044440126609546
-0.580855615872739
-0.5884978142760511
-0.5997187531446682
-0.6069731382927704
-0.616579793015536
-0.5550597784218351
-0.5181760730758698
-0.46660788975695466
-0.34787148382068295
-0.2617367713787601
-0.1501115797140878
-0.0048696745088335665
0.10575167665679175
0.23068565150913267
0.32133926763686715
0.4256098352679893
0.5156512393142544
0.5750434363654235
0.5905957215224358
0.6382681499857423
0.5887800714303593
0.6102087118490273
0.5905271002240229
0.4733530511944714
0.3870167572740427
0.32855225755593376
0.20437390089605512
0.07735784080705396
0.0174167722833119
-0.1488252533086648
-0.2367647869231191
-0.3186726751437841
-0.4282498591461195
-0.5463162488457058
-0.5509868408584198
-0.6193476294466743
-0.5899876274950318
-0.6228843526685147
-0.5599000887095158
-0.5148655648731082
-0.44029411403528385
-0.3644366954392096
-0.25068874288936155
-0.16904907626597543
-0.08323507419164372
0.004769024155189677
0.2034887574128868
0.2424022849528577
0.35082343773064534
0.44579618560147194
0.522890854147078
0.5768212493902966
0.5899208143262356
0.621549722028854
0.5828960357039131
0.5478470174652281
0.5302834106634797
0.433995604791725
0.3448769868070929
0.274986534115766
0.15074788545726778
0.01171428138207729
-0.09773906337073024
-0.18967144616564544
-0.2969584121523211
-0.40536900686677574
-0.5124693650386933
-0.5646647347370403
-0.6087520553236594
-0.6016668515872103
-0.5953777526933343
-0.6050303264707484
-0.5902679892402652
-0.4963834177355564
-0.4356216372529534
-0.3351575972628311
-0.2573425435730924
-0.15007301493920971
0.02921438543437474
0.09821727714030878
0.19191241544705562
0.33577392917657656
0.3901703493330345
0.5279437721414969
0.5616619176535124
0.6234236437311174
0.6099886075589951
0.6104533977912502
0.5968022427983032
0.5414202670861222
0.47657618668331486
0.4457105013911085
0.2880693298820903
0.20913299547501915
0.09371835793902283
-0.026254151120580098
-0.13460697315870052
-0.24786361139389979
-0.3268154074660394
-0.4584366236442778
-0.517370460112517
-0.5900650919044558
-0.6317020875300933
-0.6250214511095922
-0.6134955079629351
-0.5785978503669903
-0.5510745192885824
-0.4652283284158083
-0.38138365016175046
-0.26987953557622796
-0.1762369946965405
-0.08118781350398095
0.09192271017041898
0.15788718970221233
0.2756039905223868
0.396493057474888
0.4815462412744279
0.5372945508561432
0.5557508603588466
0.6148645141030542
0.657033288669278
0.5945945408087844
0.6021988316606013
0.5441124134433867
0.442732196959038
0.3184347632177616
0.23739103178295626
0.14505995937636504
0.028875264637443707
-0.08867517897615416
-0.20934166996135933
-0.32861612658330985
-0.4239151155654513
-0.4867573067569566
-0.5646554756775815
-0.6081735168826743
-0.6229978028176456
-0.6268237155703786
-0.611495615136391
-0.5233425039838344
-0.5077701309365288
-0.33945216910656045
-0.32752097970138516
-0.215922166553204
-0.09519491416930753
-0.0296088210938447
0.12181029012677905
0.299829599053121
0.3243650494528596
0.42631270940050975
0.547545803444984
0.5393146498699426
0.5916553838352748
0.6233101747907169
0.6228822343782304
0.5685267672286152
0.5476175667187783
0.5007906051719173
0.3721982802293543
0.25091483772894635
0.18192137727577462
0.06252087986011982
-0.00944283472048357
-0.15651436444736938
-0.27153330968881667
-0.35206156705931946
-0.4964133812465483
