-0.10180528154644039
-0.040850137640535904
-0.04874928397565246
-0.06775134512208174
-0.041176518935659205
-0.0023822159662328507
-0.06634188188527218
0.0029534783731191352
-0.01628890122418479
0.028364023775263588
0.022726269054953528
-0.0020984011462869302
0.005559153229804725
0.003276712783194819
0.03553783279296247
0.03957340502267865
0.018073902572932735
0.07929227322000773
0.02924056017411763
0.03372329395208946
0.07462307573674345
0.0849478195914436
0.11569721482073787
0.0739726998849503
0.09709841552298148
0.06260856195388294
0.048061958457174765
0.025832067684071605
0.05576672295989582
0.06131324362234558
0.020056968566213272
0.012097162488228546
0.024981639592427694
0.04706895848726153
0.02468618863507254
-0.018897619266984855
-0.016360821857446303
0.021621172028399548
-0.030896051081419986
-0.03584919027901058
-0.027579374099029087
-0.046366255450246696
-0.060900495157794436
-0.07532600629738076
-0.06446475385144297
-0.0738490811528194
-0.09476175355985625
-0.05514229048176544
-0.0578406684804354
-0.06973059546852169
-0.09543902638132162
-0.07502524285988577
-0.08085412592958974
-0.03513367281387346
-0.033385304528863756
-0.024671015897127415
-0.03797770847902101
0.007585861353288977
-0.020742503478743173
-0.016646218781162715
0.008332701525633595
0.029775565436998275
0.02656641817427058
0.044495471517614966
0.03265894245896424
0.02473915618953225
0.050227468339600186
0.05318383739943451
0.04125924924177138
0.06316451425794381
0.0824706822651041
0.056022086096506676
0.10032188581896574
0.09416458670466742
0.07456438233176783
0.07449278307465854
0.07854860088384781
0.0586318113015617
0.06048629726562896
-0.002442233936282852
0.013529822730754166
0.0701115343719034
0.04188321648826697
0.006758878416101005
-0.03534938067106826
-0.0025637692071970603
-0.011778114638564562
-0.012706110938090025
-0.05237712485759696
-0.031778336892168565
-0.05898735057151133
-0.07828179335077642
-0.0895204212088457
-0.0839642706800844
-0.07382713041492202
-0.08399661698969682
-0.054583594019549625
-0.11206978665645533
-0.09474684470764072
-0.07057814428679743
-0.06497282808985204
-0.06168871434611211
-0.05894594045422238
-0.05544735514665142
-0.04220500374163186
-0.014642697048430839
0.007895008550232098
-0.02392808090386174
-0.02748307781133971
-0.026077051710819588
0.023814236593190215
0.009375726668018112
-0.007845854151552738
0.011087780430435349
0.014541045191471026
0.048231083676833666
0.06895504183461451
0.0660749590477925
0.1000681683007276
0.08824210801511623
0.08464522067674307
0.10305942344569785
0.03704166444467171
0.02854973870113272
0.1050872035254054
0.0716303099368344
0.05405063027413502
0.020055101251456486
0.08039037985558135
-0.00427072402647484
0.0035921002140734855
0.023730542495738124
0.01771140906962774
-0.02211952763970794
0.008387920941452786
-0.006251953190439979
-0.004806535434281244
-0.035711300517896026
0.01024029330509165
-0.014826550227192144
0.005956992106536149
-0.02484728160022397
-0.03536513664089828
-0.08413094935586457
-0.058317778741931434
-0.06625666959230868
-0.10597165243390314
-0.1106020113134253
-0.09365326462701129
-0.06267376918550273
-0.08629993619136139
-0.08998299615539408
-0.06822706358083934
-0.061235482921046386
-0.039767942164538314
-0.014095541655613254
-0.038533040815284234
-0.004908510641958186
0.007116937215809527
0.0031432877126845874
0.020668927438557392
0.011157583748815654
0.019188152732854673
-0.006128673568808311
0.025623681680366467
0.01999942448383147
0.04386985855751018
0.04081750117095082
0.050856252460255685
0.045925078201412534
0.06425674604305119
0.07769623686821372
0.07966573033231429
0.08673487628962151
0.05170458169570513
0.05813887720706684
0.06447691562625273
0.03770816879012315
0.047158964425672856
0.056632251127724076
0.026549795906933057
0.03164722334346077
0.007746429123391102
0.032285316992204244
0.029319272100499456
0.032269100589733514
-0.016696076936112123
-0.027772001103300862
0.003292506320818324
-0.051989928646272804
-0.045961569943817115
-0.02976361077725348
-0.0379093897012343
-0.013707804233172707
-0.059761835510373604
-0.04563821432911554
-0.08376791131448764
-0.06828444117073028
-0.11227135157072744
-0.08721738889626783
-0.0499204869054673
-0.062251185857567136
-0.06874676986972385
-0.03008094480871119
-0.004968446073765731
-0.04155897622129588
-0.06340729551977556
0.017670573313028515
-0.04454962416949501
-0.001391184714148049
-0.01441974803086316
-0.005896882695597634
0.014212459084721032
0.021481281645617512
0.04318123468180389
0.027286265702895086
0.06637605062787177
0.026386988488896836
0.05373236186413708
0.0439060741316652
0.06646494670449969
0.062310453066642624
0.08841962122830598
0.10190313586162396
0.0667885390620564
0.07497775232149524
0.06031214840152922
0.07815072281231243
0.01973288191078686
0.029075551771152352
0.002076754846964936
0.012478358995294021
0.055938856762725274
0.015770697647026998
-0.02178973411814971
-0.029575947938325638
-0.04261255205962529
-0.02618698845052827
-0.05107420680922267
-0.0390762252269036
-0.06786378085630088
0.0006024169120817727
-0.04906852541848749
-0.06293784576140796
-0.0413699742418656
-0.04959880526741818
-0.046833507302723495
-0.08429853259684947
-0.08054459792005442
-0.11620223955222994
-0.06087080236705449
-0.08588045435137173
-0.09563086294638418
-0.04958079186296013
-0.06071025831945729
-0.04302895839098039
