0.3458139001343624
0.3856150226261394
0.3792657673685149
0.38339921169254493
0.38953144308314547
0.3750938707543248
0.37988427470597425
0.3045076490870683
0.29317935668293904
0.27188875235220533
0.25569185275854583
0.21945749432553147
0.18542451596015208
0.10692458904949603
0.07496719987451395
0.04873592100926756
-0.03254134612950908
-0.07640287268503534
-0.12048194817448894
-0.12919568440848078
-0.18084419697958334
-0.22309215336539928
-0.23521597286489176
-0.30591004109950887
-0.3439593578172664
-0.345537696979088
-0.3902801346212007
-0.39701774448723054
-0.36503159622076753
-0.3459889986181238
-0.3993272480058451
-0.38238657142187216
-0.3173033922453453
-0.3022706540119207
-0.3416532570589666
-0.2478595738513871
-0.20645511554490448
-0.15331577922279752
-0.11749392802511413
-0.08537660397124915
-0.07166762534095741
-0.008936040138401708
0.036891813781311095
0.12883648190538655
0.14492927120032084
0.18787870040465512
0.21624446904520525
0.2360544696270321
0.3155003054102908
0.3342793294352052
0.3304377065017487
0.38078151112294417
0.38199794149101807
0.3766191827085837
0.40269196666624585
0.37007313220925436
0.39103559984678055
0.3495420190780617
0.30590501033821865
0.30386010630248494
0.2777335707531645
0.2296312426060622
0.17225812575065744
0.1887163242966739
0.08453240332069716
0.05246311078644279
-0.03024783122402477
-0.02539854865328535
-0.11298371183203608
-0.12765038523912606
-0.22069024693322686
-0.28852216833178057
-0.2671455002308426
-0.2928309824555888
-0.3251359084112592
-0.3598825940664909
-0.35347539140178985
-0.37383325985204585
-0.3863159302290442
-0.38341839730424176
-0.35493712552780293
-0.3634274743869134
-0.3474860133553165
-0.3373043006316324
-0.3086416580321668
-0.2495683577676176
-0.24196512168500892
-0.1687581353569382
-0.11961470149658854
-0.09890741980257999
-0.0171533610643846
-0.003934631149017958
0.07337774352091692
0.1124303535482156
0.17229439822864082
0.2016471911818782
0.22892874230719543
0.2852241822203727
0.27415885749005897
0.330940432414953
0.32509962901482725
0.351441279025891
0.3808841312120073
0.3950443571556646
0.3771627746863573
0.36601334774203836
0.336513895283354
0.34278565109996467
0.3015504733144459
0.3152678601009577
0.24733950831075965
0.19571911804828857
0.19016094842970277
0.12545290423451239
0.0878195316567366
0.034187197628058164
0.013715807883752972
-0.04843112090770592
-0.12224520918146548
-0.17196651053128495
-0.21769893661380255
-0.24050349064634352
-0.3109934793118008
-0.3211552877226088
-0.2699279517359423
-0.3333483398599066
-0.38072830226545346
-0.36172660294214615
-0.40334763591447015
-0.40077211879404356
-0.34927484057766806
-0.3595597758595261
-0.3521171424345396
-0.29436178873126295
-0.27696523073594675
-0.24756632311350216
-0.21046835701290464
-0.1812770161902423
-0.1498354639334976
-0.10465531235678827
-0.015144708121819603
0.0012827381311419817
0.06452575003760172
0.10081816108459445
0.11495822063834096
0.19641102776231914
0.24219147665901977
0.26671483506723
0.26363044535567887
0.31375506306624523
0.36948925569739055
0.3804258704903001
0.3620841744617117
0.3508702344834724
0.35226234795427747
0.3574215807405555
0.3510787618196495
0.32324173906485304
0.310417237102716
0.3107049115858136
0.2392059914380218
0.2115635458125034
0.14637186411935252
0.14198890571143116
0.08534520646648291
0.07375980997411774
0.018052011092390928
-0.005272467284732005
-0.11038068667440082
-0.13558286024043528
-0.2140018695354363
-0.20748162301522632
-0.29239562415589065
-0.300405746303043
-0.32737736433664677
-0.3562220831905237
-0.38051713239422225
-0.3873258529188428
-0.3722975597916116
-0.3903111648639097
-0.3538651291264131
-0.36727447571528227
-0.3576127357341157
-0.3446639654533937
-0.28090622883547695
-0.2604476021893286
-0.2028443490289388
-0.19943049988681852
-0.16012928355548084
-0.08936946788016935
-0.05926752895533662
-0.007100553436499444
0.06583196666837579
0.061872621011820755
0.12585192400538348
0.2029709166271914
0.25251743830276197
0.300445410763188
0.31313771006875574
0.3004812603177977
0.31806462630074517
0.35935216906006323
0.37397805561942427
0.3873715805231323
0.3676427651610134
0.35106244874348025
0.37210270331155054
0.37603056320043476
0.3131343251167149
0.28970694542297637
0.28165522533464593
0.22420370104660162
0.1913422109555494
0.16438470825013407
0.08744020238880772
0.06925055238860656
0.039934791289371385
-0.03876931872211056
-0.0665550918567154
-0.1623630739466486
-0.22810397888012948
-0.20034416864413174
-0.2330026273204798
-0.28594713057879534
-0.33210799995299295
-0.3424352835513078
-0.34586648730241143
-0.39597266606442166
-0.3813154847907808
-0.3567478577719355
-0.38339200797364953
-0.3797584008234215
-0.3194239048614528
-0.33035089531458406
-0.309897570052737
-0.290510791214785
-0.2265273727449788
-0.2090366101716556
-0.17694072819603016
-0.08216663010664493
-0.03736586165493812
0.0093691240587373
0.014960293519823573
0.0812815577004385
0.1401691380564886
0.15873717266401885
0.20192646868028566
0.24771669440918728
0.2611189139576867
0.28368449984316935
0.3383031194038817
0.367485246518932
0.38419030048071384
0.3486070990134021
0.360990968956528
0.35225371686344786
