-0.75957859053402
-0.643289837150235
-0.1544157680301613
-0.575179794286135
-0.39392925283719776
-0.07348812099762504
-0.24981541500710933
-0.04841301144940402
-0.3089384875993535
-0.1327869916254337
-0.46533190236132377
-0.10975509014307934
-0.793213825871149
-0.6729206587256769
-0.4007431425788078
-0.12620179394147446
-0.07437350189804495
-0.23690018138266788
-0.837928657262313
-0.2677273171955799
-0.46534772090456705
-0.511214809831484
-0.2139453580566118
-0.36887897746321446
-0.2375047595747685
-0.6994483985595126
-0.6761507113860434
-0.07997508170417404
-0.8940845592798
-0.6277593732634922
-0.0693872069710837
-0.21910523068756452
-0.7378878163149383
-0.3488099037388743
-0.6751415078726474
-0.3653930524000567
-0.6100734475597442
-0.7880227191176055
-0.7257836168621749
-0.14152936054846532
-0.1988687653341758
-0.2461005381749987
-0.9654682323784235
-0.1553321270544866
-0.3627942319724613
-0.1529646834376223
-0.35195652766785157
-0.11594069877293149
-0.18335302908445913
-0.5221844293394762
-0.5628504931746219
-0.012156126575368659
-0.9327823899694189
-0.21183268412828726
-0.3393773292932832
-0.818936340161302
-0.11877224463551408
-0.07832696089760914
-0.9183498894481514
-0.2507645839406506
-0.473297236284136
-0.19018437228423568
-0.07877807678592072
-0.7846361261914266
-0.6990020471718742
-0.41215962087123426
-0.5304196577925215
-0.4002257727960452
-0.4912638125104013
-0.06944832166914186
-0.8915802443000276
-0.18519268931103797
-0.7075417459389833
-0.6360304605902555
-0.6442965354676214
-0.5478500957704606
-0.10684175682466175
-0.4372271750280369
-0.7082601368006911
-0.5796536815417658
-0.2701060456609349
-0.8832484917660727
-0.8779824183266288
-0.4285535990717358
-0.082528831139378
-0.42357515732371837
-0.6893311080701591
-0.16627918834829056
-0.3006929898591188
-0.9065798054115388
-0.13645520403184938
-0.630712942489582
-0.2536563960773348
-0.8774487955903808
-0.6431592723894514
-0.4061948614002148
-0.9273957801840946
-0.8688112701282185
-0.8040381099557998
-0.2147338220137749
-0.9454182231098914
-0.8874269500155852
-0.08708119064402897
-0.8751665933173531
-0.37995809471119424
-0.367402803607346
-0.8430284906406931
-0.3822250264083397
-0.49257759867293305
-0.6771227639896459
-0.40793250792973273
-0.6314605855157087
-0.16654482650430089
-0.8391053872513562
-0.7448268997495109
-0.6853028646642
-0.12311344295633313
-0.42486337563827997
-0.9489397920017777
-0.5032595279606373
-0.87076902949571
-0.8507396929700746
-0.6470046050667351
-0.3310539744394357
-0.6278008965624049
-0.6186560794916495
-0.7178132707416105
-0.36812909820942347
-0.47516511649288945
-0.8357096002912308
-0.056586441787443854
-0.6638494249433131
-0.27525778146193447
-0.21101075989789642
-0.4604514480665424
-0.8739221564225781
-0.36960036294915544
-0.558995082102271
-0.9767966907056045
-0.4148598508765215
-0.7512404130245822
-0.41474315703928516
-0.015601821235634387
-0.24773037802872827
-0.686039497019357
-0.06928454515598106
-0.7979949467918134
-0.32898244483343414
-0.6968873154270798
-0.7519822083549642
-0.8108336112908363
-0.5244480974961112
-0.8940624873873176
-0.07496062939503023
-0.5995505405673027
-0.16160360391934978
-0.5941020769247408
-0.5301962820755168
-0.6170421406646038
-0.2337275284299478
-0.8536842558005406
-0.7297921533508825
-0.09893153296806087
-0.9231741318327675
-0.9327253842148039
-0.016556636183245512
-0.42938411973728435
-0.14272345982952955
-0.2452756990850049
-0.08967674913850425
-0.6321227472868679
-0.30420217124474463
-0.46137747468806145
-0.09734649785424453
-0.5989782207183466
-0.4302486370609417
-0.7319413490954578
-0.5857271909649824
-0.6348930819319697
-0.19197423681239134
-0.5009185004849864
-0.9351089040453504
-0.2570784693233811
-0.780804139853972
-0.5580382700944848
-0.46386604950755106
-0.9098643697318519
-0.12616856213545383
-0.2954859907330541
-0.8703233136891989
-0.4765789089157484
-0.8623384845779859
-0.015104559236731683
-0.6014635484824372
-0.8177471783450164
-0.915209952394261
-0.8450599733027347
-0.12071844088020645
-0.22990659405867692
-0.9474932330021206
-0.802485674004654
-0.2774058924543132
-0.21055268395546084
-0.1586435674948284
-0.7095778129487273
-0.11844605484174768
-0.6114980848575194
-0.18665423296631728
-0.06207013952220203
-0.18121708725768318
-0.6949913223593366
-0.11593129018528425
-0.7611454557049704
-0.31439924589861196
-0.6348896724191094
-0.47624369585216825
-0.36838239511986937
-0.32977048174700635
-0.2854569307200554
-0.06818956140989414
-0.5342597939339937
-0.8592043954431843
-0.6330467165441485
-0.024985566247438303
-0.20386272867192498
-0.8671466237647635
-0.8677330509183818
-0.35748161797504746
-0.46585972617913324
-0.019327617374784674
-0.6623816648271872
-0.572171907723427
-0.09895006268495213
-0.05112357847631247
-0.5960805952478083
-0.14412535901850634
-0.10000716217724445
-0.24390416679115037
-0.6369021011994881
-0.013734638657707434
-0.45347683638266534
-0.47643577196412196
-0.9433181302153245
-0.4243862503032415
-0.16129082886757487
-0.42663939293883807
-0.3139979171715448
-0.27820618352432414
-0.7652515460484246
-0.8775907503425416
-0.9540876649209761
-0.9427562330609119
-0.48962480444086776
-0.9419028542904686
-0.13061042984795365
-0.7200481053493087
