0.02161867592707767
-0.0160681659409399
0.0063086876850585675
-0.02338874504736006
-0.03079609060786591
-0.04307360126514757
-0.04129454984024134
-0.043252024329687534
-0.12581696366983414
-0.13094008702849919
-0.11206409749877609
-0.139854104059213
-0.13127918602071584
-0.13397557111615105
-0.14408077853184495
-0.12465799744820805
-0.1779448570499909
-0.16854314891938224
-0.16456350273198114
-0.15430942992377597
-0.1395803001388216
-0.16069824928916893
-0.1327039844443317
-0.09846329108960297
-0.14446103879812483
-0.11807604158561766
-0.10965315107558254
-0.15438461413505505
-0.05692508959354628
-0.08053628527803439
-0.09758007072567201
-0.03845062816255167
-0.03248545652971438
-0.008571978052487682
-0.02820256881660726
0.003432827834473232
-0.008364145658886787
0.05700269182991198
0.05316826835709565
0.04020008431442858
0.08910930957536975
0.08639008072022236
0.09517043900586386
0.09325811650661704
0.1067417605417991
0.10765966143091203
0.11867601069516676
0.1527227177095099
0.1560035764701321
0.17750546715905002
0.1316013143556217
0.1634814939664506
0.1480560313247692
0.15336552740444306
0.13081237658918746
0.1265149968244569
0.12472138841423627
0.1474809565372359
0.16286059906975864
0.1054587487163341
0.1340324826631572
0.11922148505151649
0.11107815855649408
0.09329725661924847
0.06264576501149666
0.06484155286835487
0.05437827643390687
0.0060933825239211405
0.06199524759157505
-0.05017010514797006
-0.0005190465163088624
-0.021207960681682972
-0.029185069108563978
-0.05809354238315104
-0.006244288335133949
-0.10885388799263718
-0.08294156440946635
-0.10357629108267517
-0.12446562518031395
-0.13075960995008565
-0.11328855373337496
-0.15261925927850337
-0.12802651902912174
-0.12940168131752244
-0.11945681406643466
-0.1144078560482821
-0.14433687631032532
-0.1779804006198701
-0.1636293177308196
-0.20526016133521108
-0.13301857659425023
-0.13173104474231873
-0.15118725537940142
-0.12734613916861343
-0.10180950646269525
-0.13635731086231714
-0.09874411531758213
-0.05462462322967254
-0.09297446682568258
-0.047305438514949436
-0.02338430106262426
-0.026476048966700277
-0.007221215860120436
-0.004056609088655183
0.023154167700985474
0.02673382800465239
0.04747009608363181
0.03815523254288113
0.0726724004044006
0.08372110705660851
0.0710882738549639
0.13621042342687828
0.09564016085677002
0.1406757673187671
0.1349419958263643
0.18606010040214627
0.15760707937713184
0.15458478132533068
0.14788365628526204
0.15635251553550691
0.2159800489332544
0.1581948627918853
0.17642426016385243
0.174715693535393
0.13336193687202774
0.1752672356570143
0.15948143744310922
0.10816577495014489
0.1345787862157259
0.08735181660808525
0.08001639521600441
0.06218657983110754
0.07632563866701768
0.016119278317760888
0.03822718301501239
0.008244573993325758
0.0056110941806811745
-0.03236797823821646
-0.04073620302770118
-0.054103714978318715
-0.09137843507806877
-0.0623627368865935
-0.12024509487115911
-0.0832728520114033
-0.11302655218452232
-0.1221872921713868
-0.14176775429582958
-0.15321985339660096
-0.17837509541780233
-0.16177327116643933
-0.16672465332260128
-0.15849757206811269
-0.17154128918513195
-0.1733230349504468
-0.13344021318660607
-0.13941716900250498
-0.17091635544619624
-0.1787444819833339
-0.1339510006141132
-0.1437997784137568
-0.1358789991409908
-0.10460501085348994
-0.11155785955953755
-0.07026739375137611
-0.08460450140375567
-0.06118504085789761
-0.025810677888056955
-0.009247812741904417
0.0024418235022190087
-0.003672440796921389
0.006587191375272355
0.014694649566552703
0.03369158094035349
0.05880688000111458
0.07015937275148146
0.0857723575039212
0.10570539162869427
0.11937200632308045
0.10408356669640968
0.11267846393169331
0.1191017258562989
0.13773261956459368
0.15536964874125106
0.17928761778901325
0.15563869919482415
0.12528859514321647
0.14590508441767291
0.13042818356934072
0.15670226338188512
0.16071281316875033
0.11715357155324974
0.13880555359827107
0.11578130660307615
0.13521488956425612
0.13002381735915922
0.10792456227213681
0.07262575528239079
0.1080447830111967
0.1001135568318963
0.058150058940128785
0.007666271152301014
0.025440238644332806
0.024761102946002457
-0.02619470224004905
-0.048068441386236754
-0.04743292755638331
-0.09146589960447166
-0.01456665291490672
-0.06552669751630448
-0.06570113693586489
-0.11478312975759591
-0.14516689486042186
-0.10854940534266266
-0.10074220754969557
-0.09220592200489663
-0.14232633293164845
-0.1420622688424891
-0.17831990690869415
-0.1444069859448215
-0.16141897591126364
-0.14488665620248398
-0.16006261025824065
-0.19124650974437335
-0.14923394289962824
-0.10815271822767228
-0.15498166010393497
-0.12314394141082492
-0.10923486776893815
-0.09403511041430687
-0.08003111137006205
-0.09060705618790936
-0.07991774936685757
-0.018628578398780654
-0.04483336879256738
-0.027241192758916018
-0.025393981280742325
0.01789482828442237
0.014165749518257732
-0.011497946905872067
0.06398200352381864
0.07250396688009071
0.09305094575431527
0.11138431034007024
0.11567272201873087
0.11070622891142878
0.1454339418403934
0.14607516225168074
0.15151367220192496
0.12437793641339125
0.14354478210460173
0.14489344556248326
0.13394921054089956
0.1908424123349527
0.152229262138446
0.16249026988091875
0.13995763443110235
