-0.05664494646848168
-0.041501788509875855
-0.0053310151667266565
-0.007419031415834864
0.009303606386784577
0.03824181085729096
0.05935760322050659
0.12943342045400907
0.09746982741971114
0.1049106662759394
0.06481732424431902
0.09638817102307258
0.08077524478997
0.07147639117252616
0.05868237240979381
-0.014531435064249405
-0.02558860023860838
-0.060438010873294715
-0.06499266496766255
-0.08657768320414416
-0.09826528754356442
-0.10130734896010377
-0.08652400182607882
-0.09990181672818856
-0.07649506588205265
-0.05348591453546023
-0.047662329388638194
-0.0147904394729686
-0.02078346883006836
0.007735882854123218
0.039100599708208256
0.07440416680840647
0.0763633797552723
0.12674868350766058
0.13822646271578642
0.09807256853538435
0.07276469932523226
0.06162648843696153
0.03794391682721715
0.02905955520537768
0.031159737623832538
-0.020892104492991646
0.0002664382351007799
-0.033584114824410705
-0.0641000556215527
-0.0769024293630043
-0.09766510522026076
-0.12259803758462788
-0.07967919012526864
-0.08228025861590943
-0.09047175176393796
0.010758401672702547
-0.015343747471792107
0.023315279861045892
-0.012958504365620294
0.003934753155705885
0.026403647466420457
0.062336756859820264
0.06646018992273864
0.11881776759741292
0.11869220714305229
0.04987840335828904
0.07459139913020922
0.10796851371497582
0.02388585214319327
0.03889496633549128
-0.0037804566016692246
-0.018856589796384274
-0.007399946776040903
-0.08945514216821862
-0.10325889041955613
-0.15622652966061268
-0.1170108904093475
-0.07337636839836448
-0.07554621935046472
-0.026119987688502933
-0.03794373474145041
-0.0005046155491089596
-0.010597947224776276
0.01091955484435945
0.03421279998335485
0.03018156936603145
0.07048982461622318
0.06695057889535516
0.10829577456003547
0.09192884582465599
0.10097375054288042
0.07564995463979544
0.0739420006013756
0.06225848796455909
0.014649730594789499
0.005975252963931525
-0.015255300684468025
-0.05021566998053434
-0.09578436154772907
-0.08617655676709025
-0.07611095515255328
-0.09631831086020809
-0.0911008721049227
-0.08789005683907353
-0.024392067030482793
-0.049702437853769287
-0.007225730473874561
-0.00790330659567521
0.02588025704137109
0.04260201516734468
0.031161705861159135
0.06893816625984117
0.07325085508602028
0.12600301745907708
0.12002552354482778
0.07367857579997723
0.09066082975181121
0.04802681504099177
0.01449075550552599
0.012380243729634338
0.02590806770520097
-0.021756051684567353
-0.0071456766788227585
-0.03580547703500995
-0.07834380822534608
-0.0631535704138056
-0.09658643568980016
-0.09600051407666811
-0.07244131597515983
0.017472165362692603
-0.02882302024658672
-0.04885613135775729
-0.03651675561756132
0.0010047503649634835
0.013470858033221272
0.07723199334930164
0.08625152592406586
0.07767606419863751
0.12196529220461319
0.12955544238189842
0.07821234698023272
0.0730689442753024
0.07521640970864585
0.04300919348155604
0.03180424590586793
-0.038894700047344466
-0.028346543680395363
-0.06626159618479589
-0.018900539024677657
-0.06538256278310921
-0.11438166582157579
-0.12351489877614165
-0.08485810445745393
-0.08301567373670658
-0.08551980069261983
-0.06598450484958605
-0.04363236883189667
-0.01981778607598765
0.047752577122472786
0.016900090545301692
0.031583298336542054
0.04990985080316317
0.10274922946227935
0.10883549064236632
0.11241468117687327
0.09013574716647417
0.04844771188654458
0.02949429692680993
0.03347676907110344
-0.0012906144091018711
0.008334992905987057
-0.052984280168335424
-0.010855102272896565
-0.05776083107676757
-0.07548862648210447
-0.10297988694696672
-0.09703456103386637
-0.09578671871332956
-0.06171341669017899
-0.04102704616412439
-0.01091816849458966
-0.055999022849737415
-0.04272872402474151
0.007949784908249217
0.03163808478614315
0.02330031236995271
0.06103075267643562
0.07092224700170754
0.08838550994164543
0.11633819662184323
0.11132242219551759
0.04760277090978543
0.06461579630789702
0.048585107532872776
0.0359004976277424
0.017046181584664827
0.0035734850864208197
-0.052280587616073446
-0.08885469226450057
-0.07406358461120692
-0.09468221890771329
-0.10780508073440268
-0.09378275212600701
-0.0361890916523497
-0.048990477307046164
-0.01949011860399612
-0.010982032150194413
0.012129993859507042
0.011274214506102023
0.032787600192021434
0.029157186104253954
0.12419244674657731
0.09479899927139236
0.12302421628962402
0.12467569768207006
0.08806833356093544
0.046436863350325416
0.06787532217675521
0.06292716563177547
0.04341238128959257
0.0161868000629315
0.001797685671768648
-0.03155654408837849
-0.05079059129246745
-0.0896801612614017
-0.05709565790505133
-0.10328177221116396
-0.09906014918443838
-0.10664917187905726
-0.0966107757371108
-0.029180346034839825
-0.008227615107405595
0.009800252268215208
-0.011538154232379576
0.028061561524675954
0.05438264030015585
0.11042667623175548
0.08214091919346136
0.12487588055154988
0.10236680495383783
0.09237351718308895
0.08737469448139033
0.03576898965089036
0.043954711429618744
0.028107939801196684
-0.04924481475410613
0.010782960957136541
-0.06847692056450785
-0.020566815531435384
-0.07969909589410759
-0.09828854553736341
-0.11590961156169126
-0.1110220502590097
-0.10776765259104445
-0.10698671282595065
-0.04930518908919839
-0.012854444461835405
0.006914940602817351
-0.023471869394725196
0.0066511105484660625
