0.4319727052153642
0.44247539155707294
0.46393054587693866
0.4344063111386339
0.46688981290565024
0.44685169879783876
0.4496043204638652
0.44212010907861754
0.45088138604581446
0.4177807205796331
0.4584472583224461
0.46552670175622296
0.4343929434203837
0.49557109112524045
0.4721463720965593
0.43995473308700106
-0.4498008843986014
-0.4539407118648406
-0.42059461776114027
-0.4494241628704674
-0.45621551878809496
-0.46084936318854325
-0.4345523899370792
-0.444228400504548
-0.47624653236504194
-0.47162018439697834
-0.46840684615109224
-0.4707475630679894
-0.48502744253441105
-0.5017483265394075
-0.43903372067258223
-0.4445679558735268
0.4441900621351445
0.46796311361391874
0.4834012404094385
0.4739151452912997
0.4703371548633164
0.47826968236465967
0.4807868475924574
0.5071312316955774
0.4436536693335757
0.44597303731453386
0.44866171669508437
0.458293104863343
0.46195582928982504
0.4726758182337126
0.45290401735455493
0.4834188919931922
0.45954011198751965
-0.4742516640254057
-0.4192952953599355
-0.4615070139523757
-0.4646784929789038
-0.45185698658788354
-0.46287198255406603
-0.4422258352130209
-0.4597406815876794
-0.44785978754142014
-0.43135959921825967
-0.45820132750462655
-0.43190301506776657
-0.49443312710701204
-0.46588907383397676
-0.46518732737486235
-0.4801479904824188
-0.472288972566767
0.4803239472525574
0.4493168544114652
0.46789376558625495
0.4497089140316285
0.442831953695137
0.47328900124308393
0.45670989370962456
0.4574796483198837
0.4743793421398055
0.47460814168632715
0.44006203305280384
0.45267406548638184
0.4425266398524275
0.4607369377818889
0.45979069525859173
0.47425924486403437
0.4445158796021879
-0.4558484957422393
-0.4498266743695919
-0.438395302184052
-0.4838802639314647
-0.4211078505350233
-0.46222852768169637
-0.45543559139648554
-0.41912018369804516
-0.4631069057344826
-0.45240857717814503
-0.430521861320097
-0.4673115730432217
-0.4271722472744789
-0.4833713366810843
-0.4480549544328163
-0.47660477649672384
0.4659887241649413
0.4890777609995277
0.44739096957855906
0.4711566205011586
0.48743062873962983
0.4916355309190251
0.4469904215675546
0.49548564693229924
0.49013062181654704
0.4698506052111091
0.46126593511459224
0.5060922400196438
0.4630408256138742
0.44565326299452596
0.4163155729843919
0.46446800070350525
0.4727864764816594
-0.43070900245063215
-0.4710905976418537
-0.44263252544428844
-0.5079077814780321
-0.4873446544840909
-0.46643080395325553
-0.4563365820060141
-0.45489569308460864
-0.4587118224969314
-0.4736419037232115
-0.45310644301716313
-0.47631347964903176
-0.476295230872648
-0.4891069416866348
-0.4331885123512828
-0.4628241570962808
-0.45409007721721156
0.46528579205157766
0.48717510624160737
0.4501702618073653
0.49814737690590105
0.4717094211093033
0.47729654079782635
0.4696049545681074
0.452352344206279
0.44823741281448143
0.49705805392164626
0.4742035823645766
0.43376633372802015
0.4229133049324441
0.4367617454701244
0.43900895307151927
0.41761057839933674
0.45688124753733517
-0.48301597610925057
-0.5007043941723949
-0.4517742351301613
-0.49664540036169336
-0.45257092120802006
-0.44577759184580174
-0.4474649098397439
-0.45062323844453345
-0.4773913832874478
-0.4515592158247195
-0.4615141628232758
-0.45228775121216963
-0.4775391111892576
-0.4627890555849418
-0.4570353680666008
-0.4329428965523043
0.4320985798890701
0.440373955425272
0.4237877704360016
0.4538006258831899
0.44007006033926643
0.46460849457947867
0.4709846536486944
0.4589779207147679
0.44640707420846154
0.460848286979596
0.4936400310238594
0.46309951462330934
0.47306742356901654
0.47538181686736564
0.4550944254843827
0.45927043638802295
0.4234124994623635
-0.44830764409264573
-0.4326462159501547
-0.4433816851306084
-0.4895808444966447
-0.4550954249918346
-0.4504557945594414
-0.47493433229250953
-0.4572413698661636
-0.4620303640224172
-0.46096775454291933
-0.4804755405181572
-0.44826670346436914
-0.47501525159118746
-0.4586580248843666
-0.44900404444688863
-0.44828521355579576
-0.48375382874482614
0.46773087108033967
0.4716119882479124
0.49529707760459124
0.45907796418696495
0.463834151582745
0.4548864502897227
0.46199048517553654
0.4669391742472449
0.45983918693713954
0.46632669393599685
0.4600918544091477
0.47581874722095024
0.4647955920404746
0.46352351387787405
0.4405591908796693
0.44598444140745763
-0.47380995180740415
-0.4503451001147481
-0.46071266182485526
-0.4511799514850078
-0.4295420052225698
-0.43372944533146285
-0.47661254737397646
-0.466030050001644
-0.46805837325637606
-0.46248640665494606
-0.44953175410009527
-0.43696204601265404
-0.5088795141505122
-0.4491115070839254
-0.47729057278625103
-0.44911183262657606
-0.4657225864357507
0.4810239376666079
0.46364203810577886
0.4636149069589263
0.45446583031757787
0.4360774555300212
0.4299223294579598
0.4620082513920412
0.4300677083008215
0.4394931607937633
0.4485087156759897
0.47597588776444827
0.43228591605947025
0.4385260249640168
0.43154442187675746
0.4576259744519352
0.48664498654250044
0.45579500917718213
-0.44397488462072643
-0.45454097290928824
-0.47093585403831173
-0.46837804180647374
-0.45230011003577686
-0.48164568595019175
