-0.9531168434393601
-0.906823522995355
-0.9029627963205631
-0.7917967618881667
-0.6931713621191924
-0.5245237408593411
-0.39133031887907144
-0.2294885652382983
-0.037398078030797144
0.12787652606603767
0.33978070701203156
0.502682645900842
0.6336994251175897
0.7603238587839496
0.8638443312324997
0.9025129549755124
0.9544778290210766
0.9645138493285295
0.9395351370996986
0.872900338031774
0.751530954794027
0.6351114372031466
0.47883400329971904
0.31322859813260917
0.14944250350048244
-0.033406687948752276
-0.20171750660650561
-0.3703650603097533
-0.5373987361282646
-0.6780613349935554
-0.7865930189390328
-0.8727914458238842
-0.9076593079225357
-0.9671410414168671
-0.9845832281255218
-0.8975893117262006
-0.8453873822175169
-0.7317125281971141
-0.6154122914752636
-0.4467601199815945
-0.29726839634316987
-0.11349992638745204
0.07235598055932041
0.2349319995820736
0.3805738405243674
0.5731313450687643
0.7214855919037667
0.8379906829191973
0.9169281449427215
0.934946561211777
0.9812974709480747
0.9377928900671172
0.855793911038599
0.8125960735311898
0.6959349104042992
0.5645587520255778
0.38444437625898265
0.24427360272235873
0.09818246054827408
-0.08318341776971
-0.2872572088818385
-0.4630936944536563
-0.6098641431976846
-0.7394275536349728
-0.8534897601817035
-0.9177486142704279
-0.9272542947164384
-0.9812486998547515
-0.9363547249374541
-0.8810844631003035
-0.7319108274787026
-0.6358647196581326
-0.525373375978288
-0.39120459512528205
-0.15456667468176
-0.012009221651658346
0.15780265680856567
0.33558557689275786
0.526386889957036
0.6551227034973846
0.743541163574005
0.8439417637478573
0.9208754338122814
0.949677974908541
0.9597211246260486
0.9118124185905345
0.8819251542993689
0.7722659666628854
0.6092291275936862
0.47927978385074055
0.3360935241097886
0.13810038009574033
-0.021508906943347075
-0.203765630246855
-0.3982558938255328
-0.5031486094913451
-0.6809118351606263
-0.8119241491287147
-0.9212378006492485
-0.912169377815194
-1.0046731056505525
-0.9425199489176074
-0.8729598439995709
-0.8203735963548626
-0.7089409135223769
-0.6207879034481611
-0.4199472260182783
-0.2933679646925301
-0.059953882174426903
0.09104533788334628
0.241057537529223
0.43815033051252356
0.6036043857956201
0.7297759429345241
0.8535074535637968
0.9187833043666014
0.9354436294851144
0.965791483099928
0.9548758803768436
0.8862902337552746
0.8197881632509993
0.6688822616730526
0.5843841184120342
0.40688702614310085
0.23005870556005775
0.05749391928713665
-0.14875321612159242
-0.2988226106645298
-0.47909184267156335
-0.6354776621011302
-0.7621259111064003
-0.8745409394208451
-0.9087815267075968
-0.9670862146339507
-0.9786566776210929
-0.9431378933157294
-0.8744246961820037
-0.7494216662111775
-0.6676442886435937
-0.5243776300923334
-0.3520835812704112
-0.20326068711362263
0.03476708732161181
0.18705380078391978
0.3796181808241984
0.5098487620644228
0.6349735554298374
0.8236662848637348
0.876514973750354
0.953515458752022
0.9774168088503714
0.9581778839574578
0.8879508325671278
0.8602415649888467
0.7698359862670412
0.6439146362451371
0.46806337244672946
0.31934429279410415
0.16159844924229447
-0.05788085970971466
-0.2221595976902294
-0.3737375021006113
-0.5886604883377485
-0.6764460993554344
-0.8159556594419297
-0.9049966676738637
-0.9590754960443055
-0.9626451284084832
-0.978643026985209
-0.8650856441375745
-0.8160466473526595
-0.7237980191229166
-0.5440019163520522
-0.4282074218233326
-0.20234971380589128
-0.07053437663769609
0.0997841733596365
0.26568563163202974
0.44534288624802293
0.551829882523783
0.74149700221133
0.8080504905735647
0.9315884394303083
0.9433016844953266
0.9599719861362628
0.9192957143813688
0.8910981526870668
0.7866665190184224
0.6861487841445659
0.520620869388637
0.3957565732464786
0.1546015014629988
0.018284703833274404
-0.12402614941451648
-0.316650289247052
-0.48160138563354427
-0.6507767312781756
-0.773373403012826
-0.8540202534774557
-0.9004526590447565
-0.9500284024121509
-0.9811666452754935
-0.9177902854211534
-0.8865645516184463
-0.7458904955925422
-0.6616252360708508
-0.4816123612033546
-0.3455762735736449
-0.1628993395341124
0.055392444165748365
0.18158354459247084
0.3425652532913345
0.533428456689622
0.6673895026644306
0.8187669342096435
0.8981230811827189
0.9446894646888528
0.9611588826293688
0.9229882409539075
0.9075293138719716
0.8603889931936645
0.7958394215217739
0.5920348775630866
0.42463429986166085
0.2798912068522708
0.12280461214554446
-0.06736127686244396
-0.22753171389036647
-0.42130709672661654
-0.6192984763946279
-0.7121529060887414
-0.8147369210569104
-0.8876279451516205
-0.9753381497207153
-0.9491945338838247
-0.9505826362357686
-0.8977654288059583
-0.7935407750885739
-0.6974524410810742
-0.5811184614215646
-0.39614630659384903
-0.2019411223680758
-0.02542343947641483
0.13559409096325903
0.3020413967550062
0.4231306240685913
0.6343800734685526
0.7136682696292055
0.8053674653717127
0.9415271301095307
0.9473465899517856
0.9585477717831221
0.9023520351740424
0.8770520568161964
0.8047800808971254
0.649023772094497
