0.12805347072383969
-0.007244355166104197
0.14732370727338512
-0.008860871565803346
0.07321994984715513
0.16194597211954015
0.16435283229485526
0.1185028894829219
0.06859819691811231
0.0679810465259531
0.15939720958691936
0.011552909290479347
-0.0001447445648021274
0.04527427881343478
-0.004970440455015381
0.05721882719134567
0.12689214955950914
0.18781771858432464
0.06481546484882425
0.1372930311539893
0.10254792112323352
0.13539584637755334
0.043453245207000245
0.1171748012721608
0.031428131956815986
0.18833784293212463
0.05716837925062257
0.016367723733484905
0.09624877224120593
0.07390844139542915
0.1653109279139356
0.06451007387541043
0.16472609356354298
0.0379375499193669
0.1450171160062219
0.11756108542974222
0.032995269686016925
0.13621486135833097
0.06627686519518584
0.17135274737507525
0.09768706225842769
0.014909773220904952
0.1638689440790512
0.10667418801953278
0.08085124604289705
0.15837302105935136
0.08726551518835389
0.0033771990387351514
0.1059008737206438
-0.034394825244110395
0.10751736909825862
0.15643215790952797
0.1775752525413592
0.09854385579300753
0.16770905304656838
0.12995488623302798
0.015145186625147952
-0.025002562761746314
0.07027448184335859
0.11116302081519319
0.07403810839962256
-0.01130584027270973
0.05328230657507489
0.06184462336635027
0.18890655911008014
0.17954164921895718
0.1505475080588351
0.04391063077131577
0.08847021923880227
0.11876525622439316
0.11841336483955608
0.19584561952064544
0.01945556082694217
0.07458628671656772
0.06358667568047056
-0.010976825866622273
0.041528219516454974
0.13186281115234472
0.20319893580137297
0.1630574273173467
-0.0004724914697283788
0.12464957554783956
0.08942189700898884
0.15658678780094393
0.022418015184702905
0.16048390910010785
0.1801160351877544
0.03571871518646601
0.04352601784633637
0.1417967279135165
0.17564317389946332
0.16165174844445432
0.16408345446772515
0.16060860141610456
0.04158200805020764
0.07204578468299978
0.09989726355765677
0.12098404826398061
0.0006109084769319803
0.10241071584987693
0.037214595006195075
0.10725280506732982
0.10249300483405588
0.2081886599352717
0.014370532611930756
0.15370603256834608
0.016584157486783418
0.10319602965394044
0.18261164250652498
0.03911450647627392
-0.017063752189287455
0.22495431922551926
-0.01774319246926425
0.1081589734957864
0.1112327858703445
0.11300224281037449
-0.004949238457457483
0.1531137352117219
0.055787281028160406
0.17661129983749504
0.01126789810921508
0.14990452672557916
0.04588423848646251
0.053904010614081316
0.02080397914879499
0.12215843672377061
0.1717726107398727
0.014158978212386233
0.020847781616242626
0.11958033980539248
0.1445522673501134
0.06964175653347278
0.14350529740712709
0.15395223077723177
0.0018874559855143677
0.1306234863768457
0.12435332952084713
0.11088217255019095
0.03344929697666214
0.030875476540034818
0.13914630335347053
0.05954305039758001
0.1389172100030005
0.04881547551604315
0.004480820824527103
0.11403269085184
0.04256035945482987
0.09345740177134607
0.06650762587673156
0.17067123763365505
0.0753128377876846
0.040836534141046585
0.157765872887607
0.15589947974873322
0.03668502641171645
0.08301283807686669
0.08059192633973992
-0.024332442679524734
0.1184076041375891
0.16524271989832148
0.18969197126056025
0.19454780293754229
0.042669762488523284
0.15811753810550377
5.277113141675732e-05
0.10144041869705796
0.12032301919784835
0.0774334158911419
0.12288685407703381
0.10340973757192233
0.1731584098164543
0.06656784584982822
0.011424691598327815
0.04877482208744295
0.10228435180769971
0.029754147272817867
0.1391593193844745
0.11726731833267642
0.11087710653197207
0.1490492860662505
0.11511563113616455
0.15270744464272723
0.018911275502327306
0.12521480788661588
0.025670417250691288
-0.01040992655316346
0.18100272470254963
0.06174188844106674
0.11182115665541444
0.19414895647402458
0.07766585215908989
0.008639796147501459
0.02399709153131742
0.13290020898871188
0.022956800399796133
0.003276347683762785
0.07804814877538895
-0.02558023214309739
0.01878884538667705
0.1196734542321788
0.15445519197735558
0.07804034645401071
0.09759982683475071
0.15593130064603158
0.08240666416618672
0.011357037134864535
0.1883545761335234
0.18789049798014057
0.15120096835365274
0.050865071900540265
0.08442028906677909
0.18844612846206277
0.13301672325308897
0.09807278727280996
0.1878527487014169
0.16092440542021005
-0.028459945108630123
0.031293980601672315
0.1165895134800141
0.16425122374321102
0.08273070791508642
0.01916389073224116
0.0764288445861129
0.147849135946442
0.012287197825662653
0.07210288876606273
0.10291343031791045
0.10261914375946425
0.011323800942622336
-0.027334139854901365
0.03047592699192035
0.0863998434099011
0.0924540416996365
0.010158859503455317
0.09742029647143163
0.03719162620024094
0.09233463024420999
0.07431641046928646
0.03143743541291342
0.14418108288731316
0.10010253720377792
0.10033279522738663
0.14623538248583992
0.06902293670672474
0.14476544457815613
0.07949140754093284
0.10374802416860748
0.16394587409277603
0.07277334951456796
0.15240001325277597
0.19254480734331222
0.17864223298865936
0.0054867426509929524
0.09228914777941685
0.052612629320322124
0.0015475613479288709
