0.45685142288347835
0.44622418559034804
0.46581692465455243
0.48503147072597197
-0.4517935534162963
-0.4775276182994632
-0.4919774100269833
-0.46330249865019313
-0.474449981632387
-0.48546483369884147
-0.4135342709286679
-0.4557055406886634
-0.48767509955871946
-0.4492135746121179
-0.45497292836657455
-0.4584516465796625
-0.4686934100846226
-0.4914562821572914
-0.4497778338724307
-0.4628180377355254
-0.4465664116906036
-0.4807572051263112
-0.4711448941947588
-0.451942024699075
-0.46248326455439037
-0.4907324910324328
-0.45730169422482675
-0.45697812598454185
-0.45086485470597404
-0.45937431058278677
-0.43796852139994863
-0.4368401630500299
-0.43830280089824303
-0.46012480032194536
-0.4508611286233686
-0.4624853934336911
-0.4528765048927122
0.44494380902570824
0.4610466928236332
0.488328307336501
0.4491703615784618
0.49214775770193164
0.45444733493072603
0.49716234788398467
0.47949504049139224
0.4614261886645278
0.4880399756247787
0.4557081397063386
0.4416547651344989
0.4605659019422062
0.4571897240801692
0.430118604580917
0.45313519269361074
0.47863418742731406
0.47023782288542576
0.4161618219939975
0.47496644063206506
0.4857678554825903
0.46360570329638634
0.4572951070782383
0.4870946585853079
0.4903481363698251
0.43944254157799184
0.4588105674812923
0.47000258076567475
0.47969898711494335
0.43437798140878725
0.5061954037357606
0.47688369586159396
0.4520890690123628
0.486593494914832
-0.47943178239564443
-0.4724837207050292
-0.4771668573775124
-0.4420961789503437
-0.4604432966916445
-0.4373667302040577
-0.48728424985163477
-0.4859390539941334
-0.47456487666949543
-0.5063656411419113
-0.47436703965421917
-0.48345526792919474
-0.48024876241248965
-0.4987953956229286
-0.4477705221673208
-0.5000057988300373
-0.45193392619272377
-0.4525660048918742
-0.4929764061578466
-0.5007346367393842
-0.46512210647318813
-0.4543465988932093
-0.47088004998226013
-0.475740388449528
-0.4391468861877672
-0.5046711907834349
-0.4255012084038816
-0.46506350130007373
-0.4428097081651796
-0.4639878360421788
-0.510503952518816
-0.47290428664212386
-0.46453107900630675
0.48121053119242396
0.47325130264713083
0.47311221463985126
0.4548406146872466
0.4822755503847845
0.4886839502500119
0.45748238363645444
0.47416314544167565
0.4700186892687631
0.4744913491246511
0.44671296827994034
0.4664041734339077
0.4914797090701469
0.4938217734674299
0.47136708306836816
0.4669822415133494
0.506987247706861
0.49251119891803685
0.469852915282174
0.45789017533398746
0.46256184326526967
0.440184968003974
0.4561297384327179
0.45144699587074255
0.47542570501345904
0.4710431318020703
0.45897725116362204
0.4733080520352209
0.4475378547380481
0.5252086959599919
0.4613166562927932
0.4679005434664454
0.4868640113300891
-0.4551277210050568
-0.4856457486806195
-0.4898096628757947
-0.4795976764730787
-0.46061085567022914
-0.4625205643164434
-0.48606811162594665
-0.4867649832911104
-0.4549288141268519
-0.4670976409257325
-0.4752489826151684
-0.4696762955278307
-0.47370555412856313
-0.49135422584898913
-0.45657772932867835
-0.44916242907645737
-0.42805414660316854
-0.48023245577701623
-0.46101412927945656
-0.3944102225755629
-0.48936830213283866
-0.49990710106941727
-0.44762691273501626
-0.4926185140753757
-0.46158437782095146
-0.47517489088933534
-0.4797125137251263
-0.47125421928262134
-0.47187774834559987
-0.4668380664988629
-0.4616517160148723
-0.4707000768027527
-0.4915824123821465
-0.49958475777880407
0.4715507253689401
0.4710298629123779
0.469708711357779
0.5015041703138259
0.4381995758090327
0.45481472461473954
0.48225349524656114
0.4538317107516459
0.46991487239529744
0.48686439848054874
0.46684128484750226
0.46570894282664577
0.4968740163313869
0.5175494809490666
0.4838949096145608
0.5023234393086529
0.45948835556637646
0.48086969721889067
0.46499171269396267
0.48536965545690264
0.472619766967193
0.4492273563318181
0.4562675283060471
0.4306312308101935
0.45198751556245564
0.4405719351015084
0.45982410056518463
0.48773693865259604
0.5296187782798679
0.42936250763425166
0.4863502050367093
0.4400890496446199
0.4635414398766605
-0.49655743360345356
-0.4508111269493528
-0.44882422473295913
-0.488487652308954
-0.44217615259924625
-0.4470901646401944
-0.4629883210034838
-0.45755862246410406
-0.41390409603426054
-0.5124713090771615
-0.4289911010550999
-0.46721132214709216
-0.5056917345083756
-0.4861078927632672
-0.4375437032743063
-0.4580350004864041
-0.4385518087780364
-0.4943117792038538
-0.4744507175008522
-0.4471313118995535
-0.44926325972946995
-0.4727304474659648
-0.4431085195574733
-0.4852769999440389
-0.44605620869718177
-0.44715137785961256
-0.4990935509231995
-0.44648738225913837
-0.4381140872539503
-0.4499545471048189
-0.4337366431562697
-0.45610267842803187
-0.4859631124237524
-0.4608894929538758
0.4667196939840452
0.45661743795094456
0.4456212240115236
0.4428652448247474
0.49182694725847675
0.46332748748314595
0.46850358786079993
0.4847321143084655
0.47500141238411303
0.46497263950602596
0.5007860386163558
0.4673220037205698
0.47172394590951394
0.44435373058460453
0.4474413737771571
0.4545702880985116
0.4475724012617628
0.4123998238726292
