-0.5078445091724884
-0.5866957926648904
-0.618055849062939
-0.5949764689643712
-0.6739015167990466
-0.6862756104962056
-0.7456503520955322
-0.7405888399573869
-0.7504698112747097
-0.7849581713986107
-0.7380514275401282
-0.7238257716009943
-0.7249694734162608
-0.7325405294198513
-0.7140109176328234
-0.6439748199200547
-0.5951812169612755
-0.5701626215416971
-0.5173000425013444
-0.47216855327625684
-0.3892271169349183
-0.3158637828486007
-0.2626597742979223
-0.16878891968405532
-0.10619167234597145
-0.07184013121738386
-0.008624458609958686
0.09260211103402394
0.18806337741004614
0.2140952088237407
0.2939108023908514
0.36877749291474315
0.4238079369597227
0.4766520373959032
0.533794175633496
0.6372231156843035
0.6010568090712541
0.6911351793626621
0.6541178577784108
0.716494317179002
0.7595450230456186
0.7592126385986695
0.7619622770978959
0.7729633576809367
0.7657191515682074
0.7109259593202656
0.732070247204229
0.6744167513181984
0.6691166674542682
0.6119120559682779
0.5626489177106277
0.5221227135313701
0.48517634756931804
0.43485819348703236
0.3695842013703749
0.31918870756052264
0.23387599807542145
0.15648744493288758
0.08207954648241571
0.02138934716069288
-0.05157845791873624
-0.13027094701225803
-0.209771600724035
-0.3029926522605177
-0.350562803195091
-0.4216841699490934
-0.45503995310113177
-0.5066808280684743
-0.5646398973842371
-0.601658289786772
-0.6410305710266113
-0.6697973891282109
-0.7297039236814187
-0.7547776399919417
-0.7461737941642116
-0.7967742380786245
-0.7688224821879397
-0.7704312773887534
-0.738026985404573
-0.7219737097487456
-0.6866560358517673
-0.6974876867607714
-0.6753996002908863
-0.5621819337584729
-0.5547755439103198
-0.4832138680062343
-0.4039540237719304
-0.4140580562407351
-0.34844732907327525
-0.2458772540627241
-0.1649237209312698
-0.0832668608806986
-0.04979610979994499
0.05048626535416148
0.10862686163615987
0.1715524145961135
0.22453459653759233
0.28323236834036336
0.3753561292200506
0.4208665092143612
0.48706296595666354
0.5070471584827411
0.5961202399087778
0.6184588664757079
0.6344509226653742
0.7081211239874532
0.7239432999131802
0.7289131665213995
0.7618758357414539
0.7833827472564368
0.7269530075752837
0.7502643623891687
0.7113804656115502
0.7378753094112873
0.6834295319363691
0.6650076096055202
0.6139862976426379
0.5572184947483076
0.4650379112938223
0.4801552870722771
0.4362023029591663
0.35171327283997367
0.2884452490438459
0.22068597404643028
0.1332119766596363
0.03070187422258757
0.03080628147441678
-0.05596436156226565
-0.12721222977667304
-0.18839530667943702
-0.27841123472155893
-0.3003963682021333
-0.4170453106500086
-0.4733127459009003
-0.49133166043667353
-0.565982455664579
-0.5912737109221723
-0.6718468749877653
-0.6813165086815868
-0.7235423899175042
-0.6822809257055622
-0.7188029435936929
-0.753500711927396
-0.7549978162460419
-0.7288570419444366
-0.7775178794795748
-0.6840766277710263
-0.6903871086497458
-0.6530141752988347
-0.6413449965409677
-0.5778335420576234
-0.5101756892566843
-0.5225441700881265
-0.4417274483588755
-0.3959321001557643
-0.3299546921440607
-0.19017940574396205
-0.17749319731624053
-0.07629431268000719
-0.046932430453207406
0.05988216731315654
0.12773714386213533
0.17649120629747145
0.2269062727549708
0.3358922701197864
0.37286618070108285
0.4536780861022676
0.49783426520516927
0.5072646475956659
0.5796306290473155
0.6156668380695721
0.6705864909236008
0.7141378182830035
0.72401521208115
0.7644556869915058
0.7469126885545234
0.7513275026799083
0.7165132037373408
0.7279112613755314
0.7210990493402164
0.6958551665081565
0.6880552258177264
0.6794541513066782
0.6097914692238986
0.525834783217443
0.5214759789535817
0.4720557289116024
0.3844942478086906
0.2921332124290563
0.2581842592460236
0.25579799937387404
0.11584183105233158
0.09733232012373702
0.0041220451218897305
-0.06953124577247623
-0.1335235464673563
-0.20491353122917247
-0.24484504844184238
-0.3863652655049419
-0.4232892990725226
-0.4778436139916851
-0.49255356319655785
-0.5502162477198134
-0.6135526043988941
-0.6565463865296386
-0.6867101539091564
-0.6917849203326027
-0.7171133981012852
-0.7342562916031555
-0.7331051867253525
-0.7762553288470702
-0.7558343410523771
-0.7318480240449058
-0.7480450838771355
-0.702040073776211
-0.6745753542299585
-0.6341707555561814
-0.5623699032640543
-0.5541900732830969
-0.5089931667650853
-0.4169112193728762
-0.3191865399350188
-0.31994130914157975
-0.20516091286618793
-0.15294055680526555
-0.0793255302567259
-0.021280263118797035
0.04842604916296861
0.13762066575530513
0.19011047763616548
0.24205505014819895
0.30450409313524746
0.39673921806080636
0.45281815674359094
0.5043805396875819
0.5248329695817116
0.5756209715152888
0.5904487635209646
0.6845581261449954
0.7000850616603614
0.7243435122066212
0.727348918416821
0.7500148998829527
0.7533686171774012
0.7739513851704212
0.7902038844342515
0.7119760677604031
0.683425959258672
0.6693638703688665
0.657536513036305
0.5846547373207419
0.5700833231056913
0.49906965430221634
0.4403254802952157
0.3834269162308593
0.3643210318576632
