-0.0888427477163576
-0.07413911921585745
-0.066804515370264
-0.060875871207164714
0.0024525113781634494
0.00046673334784451057
0.007790881979296654
0.05290544568788415
0.0382039460878835
0.08142536643859045
0.0804459957364533
0.107248818354697
0.1068604870402137
0.12237543817403733
0.09416047530800695
0.1028208040714938
0.08539475193691674
0.08369439087497094
0.07636049118188269
0.04763251615676316
0.023745982314346943
0.00921003121661949
-0.0434290968268895
-0.02109439487870405
0.0017501664304580382
-0.016909219864520805
-0.08358319924698318
-0.08099863977335828
-0.0766719799642855
-0.13362044786343055
-0.1250339272852887
-0.12135717546479037
-0.1046954953308601
-0.08879561445339304
-0.05258501626128402
-0.05957071072138601
-0.04292738759891746
-0.0412831727159351
-0.00632401430204169
-0.023845286331971423
0.012105803319397432
0.05304920557236671
0.07960146400554405
0.05195645282714595
0.06388410701051145
0.09812571060820181
0.07053603060270772
0.1285837352287119
0.08149424312870743
0.1401756325239023
0.0786953523496484
0.06173903023569925
0.09441089534844248
0.04100192001792825
0.05142187834727305
0.028747371837105296
-0.014183020493349758
-0.015052274257784583
-0.04774505026694387
-0.07035628085145998
-0.06724896600560158
-0.08948626181191056
-0.09359394661523461
-0.055885460803883805
-0.09196568067053336
-0.08883518929855945
-0.11976681412725418
-0.08965587502799027
-0.09452918901658036
-0.08794235424214394
-0.0636028760068862
0.006687475366477728
-0.01068323665320544
0.013970300843726122
-0.015854907181470392
0.014485879835517246
0.03551824272878332
0.035925856636464394
0.0964859614572801
0.11072468663528576
0.04905004066303259
0.09875281429986504
0.13073868905781616
0.11328305929020879
0.09467477670046967
0.12364823023378771
0.03302535562188438
0.027502401799791392
0.056514758391047665
-0.009316885651096618
-0.00040077545176821563
-0.029718031417996057
-0.028988266071654695
-0.062248717464205204
-0.059496386458091535
-0.11556405768348761
-0.11711723864099642
-0.11460261868201445
-0.09232925507142087
-0.15200737211291065
-0.1091973416167535
-0.08074382897857457
-0.06121964977563131
-0.04546386581810876
-0.05143746859911542
-0.03193547148214779
-0.022316841809945007
0.0481270674514711
0.03783448106992216
0.055560994441664104
0.06775646697737511
0.11566775495457575
0.10920965801673621
0.09830902578620432
0.0954261642587483
0.0975228891957027
0.10331420302058834
0.08973973756737932
0.08954800192255727
0.09636613209675614
0.05771252722990444
0.03852802175771773
0.003655509434789296
-0.015379470490295227
-0.0391076468150965
-0.011255675295105197
-0.08684501471007744
-0.05832757767476166
-0.04640366279248214
-0.08615306028142083
-0.1073797501701609
-0.08413709889930818
-0.08362175610132669
-0.09458350699345355
-0.08956298410669822
-0.07002727297759857
-0.05636186696805358
-0.03769095654736433
-0.06536916131061875
-0.02563705528813171
0.030599960662167747
0.0625169014355313
0.053158326212418235
0.0775614046896086
0.09656985537767651
0.1140033433740152
0.051711491115990445
0.1079440588518558
0.075703607082864
0.10686267151964082
0.10425137173812653
0.08839785964643866
0.09498031721050963
0.11760686272294235
-0.002599301112257639
0.042014021676095095
-0.01643044592622376
-0.019090596522251774
-0.04741168189687158
-0.04451779605798661
-0.07553600944659065
-0.12408788471270235
-0.08839649975334099
-0.0700642106476806
-0.14248859068800063
-0.10390381187415723
-0.09697054554152487
-0.08313003299788527
-0.08597385317782516
-0.0432502179724879
-0.03831768119541641
-0.035138820790508785
-0.010229770783963374
0.0043809558029991105
0.022211275237388084
0.07359515343645845
0.04223672653566912
0.0781665179818783
0.050702760757461364
0.07882435415719288
0.1025328650550036
0.12505618558651732
0.09122353494938565
0.071882751401783
0.04610341216367892
0.07838340436765806
0.05969817687387301
0.042370796796914224
0.028785284373771095
-0.004436810529579584
-0.03596781742314096
-0.0033492928855342816
-0.02195396147744558
-0.06845573175411358
-0.0631958061592696
-0.08361252311343395
-0.10083591986848169
-0.05819514477004227
-0.12310127894902766
-0.137430848625766
-0.14289105361280266
-0.10780579478725816
-0.061607005424558096
-0.07502181035898689
-0.056623980981540784
-0.014082665495341606
-0.009796189230295136
-0.015004450056804635
0.01993489849983806
0.0594735362396825
0.06654671098897812
0.09790462492916796
0.13768293697802667
0.12239125818155958
0.08963142522573414
0.1352378995749429
0.08175721026953756
0.0580115316149313
0.09553122864015912
0.07182684861795226
0.06191793230656139
0.06639941094875074
0.010256585238267262
-0.011897502927707544
-0.003527990706675796
-0.03358292062030345
-0.048283440303332856
-0.020887916161989713
-0.049976041966730764
-0.08474538808238255
-0.09934796752510969
-0.11004059991481856
-0.10063123431260947
-0.08703262937688178
-0.06811306847431972
-0.11708604296292911
-0.047854812870136314
-0.059481870011534196
-0.041280216658389185
-0.027922971036494368
0.0013533534343675572
0.0379208194145881
0.04706930010791676
0.04027660814572685
0.12046672512514245
0.154887509425977
0.1011656707890348
0.10424826044545693
0.09131222981593798
0.06890865625962903
0.11966837590117126
0.12142739375306233
0.12409417137030701
0.1062120340886561
0.07589358952944551
0.03934502205092759
