0.46690046008109404
0.36199580092474914
0.3239817148273058
0.030119714698994222
0.4963045602177681
0.3203062632901094
0.12514370159147525
0.4104254134258751
0.3223405651898831
0.13037588860188087
0.528927505513702
0.16216923694337543
0.08203859351985615
0.3816904534493278
0.29776694212152294
0.3089460947071334
0.666230857765665
0.12409204452359981
0.45407061175550506
0.40320758300927395
0.2761979245210781
0.33649334763783506
0.5859253159387292
0.3643772287680222
0.6628293948897558
0.6685299604682275
0.6077374113005231
0.7503397376702029
0.3793159644011391
0.41535255475601046
0.7078046555287462
0.7063144506749823
0.5604967601522568
0.5547356128582945
0.6580743237049375
0.1959736053531214
0.5486435641796329
0.711872368367864
0.222827807033608
0.061943631176055086
0.7112982631357103
0.6080770391214055
0.1936935093052633
0.6236093389119087
0.7841704525492745
0.2759962132835413
0.41988425702595833
0.25750775745790044
0.7357368257634654
0.05565504488945176
0.014900261244864071
0.4725497311875076
0.3117962216890294
0.4273418844037501
0.5890425775387769
0.4812264902192648
0.3407540202796504
0.11105171121285984
0.7333898617189868
0.45752954078688346
0.6878595534572913
0.09857422554005113
0.5093569877343582
0.05974376104522047
0.22652613540382352
0.09622273975339786
0.5871671013498849
0.2717736636217025
0.5665472620387239
0.4075818658006562
0.7552270174302768
0.047180708764372574
0.1331508559775255
0.39887541329869014
0.6010417276797473
0.19518433003761737
0.31939238594461256
0.3128681011612441
0.389293897953035
0.10997258465598399
0.21193604513560257
0.6652711127609054
-0.005739371432903202
0.6788294241682529
0.4025240394625413
0.5659794027459284
0.5062404118260041
0.6186850728272131
0.4018819106753462
0.2871541696124614
0.5529219008788843
0.17126776919927872
0.512300339333651
0.03448418648892409
0.6323894107133253
0.29812919628796464
0.5166835135132989
0.26364412989966163
0.17859352575545626
0.5904378506157192
0.2610642333665697
0.12401785625444428
0.15847291243136052
0.6188680394183852
0.19867254225026074
0.26302217411447154
0.7424891665830238
0.31612108144580126
0.22108747959281955
0.24181295690812624
0.12586013675080865
0.18317444085829324
0.16154632794382262
0.06315858325471765
0.6855753143080575
0.7642296137810624
0.47272394829232794
0.44794075497692887
0.2945258867844667
0.6508090685169995
0.21786783414006228
0.038707804455346786
0.46432010856683664
0.6792876916641083
0.0616224208771143
0.40473590527577535
0.05332322139636169
0.652710446761482
0.16659661438816867
0.6407550548522791
0.5092460239840937
0.6032203263540085
0.04305382069372004
0.4112275333714298
0.5467412235918716
0.28153271462038704
0.6321981217417886
0.25967745374421297
0.04191967398910984
0.29577671682345913
0.3149512860569159
0.4027771464317292
0.09883388552335429
0.062434833035306926
0.3116873688227999
0.4316544023417934
0.18433286585301376
0.42745198133948203
0.39920306871479594
0.3733272378242141
0.20600338981561805
0.5171945422580287
0.11877242726799159
0.5525922778752853
0.565738714925296
0.31890994116004157
0.14122170686338456
0.10866042726399001
0.08997053685299833
0.24688807634293095
0.09305255281791201
0.3942336696896671
0.22088698546293656
0.6889101143265342
0.24121319433121322
0.2965571191591105
0.6833712488499158
0.4996770114569879
0.7060578466870382
0.21877952434700454
0.4398273093526316
0.5798131820678847
0.3232644112472521
0.40826780820258624
0.02099131912644197
0.68649863539592
0.5795357045445313
0.6729670002161066
0.4817431780415348
0.18218021765798575
0.5861643886152026
0.06477141793529856
0.669957531678045
0.6470304368195272
0.7041523053758391
0.1207623787908661
0.3259537308073654
0.6082003316736908
0.09237589600290168
0.5185913825200706
0.25924673162918904
0.5480097674822173
0.3379796769058062
0.5159015352582331
0.5931959268621558
0.5601251903096292
0.29448718883512354
0.5409546185702331
0.4426025465410859
0.3029996371632557
0.725924275385531
0.4144085861720549
0.19021433019051937
0.2857723375054856
0.7058040056531057
0.6515540527473899
0.22040568828923443
0.6065645930794749
0.4611451141642223
0.5285125857050492
0.06731555493658672
0.5073934082021808
0.20783404366875557
0.3524981491361454
0.6405726709229643
0.13778540356363364
0.47379715982735804
0.6914225551610471
0.10000245324914443
0.2796758891065346
0.07458639398203179
-0.03374800335803813
0.267776502528277
0.5307398555445226
0.19869546946634864
0.1297764382402916
0.6779048442716782
0.0632696619483308
0.17667293614383023
0.13471101708987415
0.04064640983339267
0.2912476910459662
0.26038065840229857
0.1858463393817081
0.16947007600709574
0.010871868440604907
0.7290231134355682
0.5571386563706191
0.6182523488176197
0.02634157721025622
0.6330784257497185
0.01720407285204753
0.6967396582707944
0.32475394397164564
0.07314618403621542
0.3905307870303829
0.2892773976850258
0.6167621145281061
0.461438917684426
0.19826332597239857
0.44385023065337365
0.535114969651102
0.4363111289980239
0.023456322101326803
0.5232524432277171
0.389445162336115
