0.40842215318032876
0.4448374601559256
0.39137470997183976
0.42168880625212557
0.4269665563696801
-0.412073840208765
-0.42967553176158724
-0.41025663737042734
-0.4283853448037795
-0.3917257716199868
-0.4210056277981668
-0.4018590009765252
-0.4134904096079549
-0.40797995070385895
-0.4153617104231922
-0.370887719224738
-0.4082429328431822
-0.4240572107485683
-0.4659458800528711
-0.43300665554875517
-0.4312245507826236
-0.4246257388976584
0.4412140978533868
0.42152831983929706
0.38811263178778643
0.43011149580331137
0.40021563217649714
0.38267676388092464
0.4238353494868623
0.41773107094367196
0.41228205770560217
0.4170868404409393
0.4170783782284997
0.4025346588129229
0.38944304855673406
0.45131436559657684
0.4104922247753478
0.37223807732238423
0.4001238953443297
-0.4117106479635981
-0.38579828318568327
-0.38760519091322787
-0.43198447450761257
-0.45583728687993513
-0.41875299132377347
-0.39104161293951756
-0.461064948075874
-0.43662896563866466
-0.4005654864915891
-0.4220310997248057
-0.42881629278857364
-0.41911108559621246
-0.39579553323330546
-0.4384100826182683
-0.4011116313415061
-0.42024452112433347
0.4313817671443048
0.4119258739838884
0.42233323030685627
0.4298640505055366
0.42201707996378796
0.4344836753639367
0.44653637303169885
0.4422393589639688
0.40928174983145144
0.4148379541999544
0.41182621868793656
0.3971514984607029
0.4480891705799656
0.4296550882650269
0.42373181500736584
0.42855124435861885
-0.3942766857941937
-0.41898820174762624
-0.4491013218163678
-0.42355049352370794
-0.4096806829699031
-0.39547462609422934
-0.3890914952878244
-0.41869201327530736
-0.4120037397553354
-0.41755601938014103
-0.3980057506497363
-0.4399200936561562
-0.445494202587872
-0.4340525081028156
-0.4270987897583134
-0.4274208554986298
-0.4299832894011894
0.42603510324001465
0.4285327593317069
0.42320741954422153
0.4849401692896089
0.4463810238176581
0.4216286047685395
0.4249579594869051
0.4354592003133799
0.44939133813166043
0.4068173487170088
0.4283838257218149
0.4068226692596458
0.43486278564329856
0.4173311955499591
0.42591997565797374
0.4443740257356982
0.4124697151050756
-0.4041516726937618
-0.40435284011298
-0.4013379249481655
-0.41429838470268193
-0.41625868736472654
-0.4098192773549407
-0.4109734593582578
-0.4242427448935252
-0.42313038672333464
-0.4042430206452553
-0.41800634466339526
-0.45001965222904183
-0.4083443515088042
-0.4257111125698484
-0.42273490163836447
-0.4239099391449093
-0.43259098057785517
0.4155944885916474
0.38675233488808425
0.4227004847737333
0.4289141640264374
0.40787360651290056
0.3923129821667791
0.414871777186854
0.4231958543793942
0.44539928452855265
0.38843887801517457
0.38792296510889934
0.43647373158738834
0.44706797009620797
0.4293857751121994
0.4249371988096403
0.44333195248668567
-0.404020988913375
-0.43404311354446157
-0.43984074957158875
-0.421945187211579
-0.4116115604547183
-0.4274579216951829
-0.4177261576879657
-0.38655466374034875
-0.3831834338563316
-0.41261601495810124
-0.4252687165316418
-0.4138697547106504
-0.3993125684921432
-0.4343134371686775
-0.40826529391275956
-0.4108461241470561
-0.46513418485260616
0.40435531811137626
0.4494214287257061
0.42330846174014397
0.3925650196338178
0.42697657096524183
0.43463905450083057
0.4209007242668234
0.42301436069664694
0.38349305270360823
0.42123913566341786
0.4570713120649997
0.3900462317923673
0.4168467677565771
0.403916567653447
0.4379150885986001
0.4421260743982898
0.40664026540426323
-0.43060526242837477
-0.4110296962654647
-0.42014626085764994
-0.38486097131310276
-0.38342214615462933
-0.47165980653651496
-0.41125827963340267
-0.43814564417482943
-0.45786808960047937
-0.4272078035056202
-0.40316832140419867
-0.463115467964123
-0.40782160997088
-0.4356570675672859
-0.4439270071889533
-0.4603896274962692
0.38756837443995723
0.426210180524115
0.4078381349226491
0.44220816955215314
0.44078190850313087
0.39968321801651774
0.41499069335593775
0.41435358765803654
0.41048899568224667
0.4278933591452028
0.4223420801989122
0.40537998462129937
0.4363951009286692
0.42008025894750484
0.42838845992628155
0.4304877448254483
0.44196799769692147
-0.45259348265784044
-0.39609643367248604
-0.42577316747236327
-0.41002575641919775
-0.3826327527249891
-0.3907611715297714
-0.4115758438056661
-0.40536887386469506
-0.4610570528289586
-0.42884373752141364
-0.40959680909679547
-0.4514121802346439
-0.40674707667875576
-0.39222731843047764
-0.4299680789271147
-0.44031504106416103
-0.40709046105534424
0.3902148138259524
0.4445670085644355
0.4308049451587318
0.39799627586415975
0.43358023312120875
0.4056250939342423
0.4101823133313157
0.42133759185024416
0.42284595219061316
0.45497257957251236
0.4297550283544928
0.43388913179746424
0.4401442527651798
0.4572220194786625
0.39942532683780363
0.41085316981142284
0.41512088962956595
-0.4262974502091854
-0.4063596977223864
-0.41513781454711396
-0.43173538098675984
-0.3930436615553715
-0.42031625818877977
-0.42287394946574913
-0.3942600181993771
-0.4368852938746595
-0.4256302795407503
-0.4120122136725057
-0.41972234779150996
-0.4443713532173331
-0.42177330579506955
-0.39638229815246684
-0.41771270778852815
