-0.017231869248167407
-0.026087814515346582
-0.07055994811405897
-0.10239180602573901
-0.09240641221445589
-0.09749813062164192
-0.08763666516068085
-0.1397327169826137
-0.10721763942968132
-0.041418418454967916
-0.02342061207746076
-0.08649281953540006
0.03666779133223308
0.004953129568873123
-0.002012186413531826
0.028418919115804676
0.0555821083860262
0.054840584606526716
0.11653049277453592
0.1339964494837555
0.08838355973243453
0.10263866232145033
0.046024788673779016
0.030233127851840194
0.03043093160353503
0.011258128761445383
-0.012813904385244344
-0.047956234137536205
-0.09722920167558537
-0.06517227139473686
-0.11380668701684213
-0.14032252482600624
-0.08583801696224347
-0.10592190805419692
-0.0741946333850953
-0.06508142173267464
-0.028776615522401648
-0.010198575637633893
0.01820884568022275
0.02015022844685166
0.06298776425345658
0.05658307234209279
0.10028770759496865
0.15190001262023306
0.11905126551156806
0.1259846106555292
0.08520042207347608
0.08567876694487472
0.03843860418657104
0.06650546201854948
-0.017256404546476416
0.004984934659244308
-0.03225239508550826
-0.07712442704752923
-0.08205344539622889
-0.10653391503268113
-0.12224601454611052
-0.14701165637799152
-0.10136551584673381
-0.08496251563196155
-0.06735412673399443
-0.040358859451525536
-0.02097555977607201
0.010485699507002679
0.03817858733275958
0.03603265407272272
0.06879308398243666
0.0996184008956077
0.11944988397397004
0.1441051014962683
0.13189834452442767
0.07656629952931156
0.09277074567913496
0.0161988532808379
0.04585760599120664
0.024564780102706144
0.0128652941434469
-0.02099150842545075
-0.08895343040027823
-0.08979205338596613
-0.14659553758585636
-0.13433610823366302
-0.12809030545959801
-0.1066712513529266
-0.08034183179752453
-0.053123909528532146
-0.05504995478677878
-0.0013421176165072813
0.030627987680593705
0.006338410394315441
0.07105322005113018
0.08375624379952405
0.10058198925543048
0.12491651013759886
0.1438027002473209
0.13416799286408868
0.1486487906580984
0.04882805315655835
0.037467497828340704
-0.006434958337004772
0.030363358097801267
-0.015589961915177752
-0.045853946722093024
-0.082076906946773
-0.10823093942382107
-0.1031392960976974
-0.13436325573871424
-0.09537552068776227
-0.07869557152921318
-0.07419836794696034
-0.11407296833402561
-0.0642117411930157
-0.02038470029439774
0.017867825037358648
0.03911363185222058
0.08697378712991047
0.0860391204017324
0.09147374835622993
0.11136390929105833
0.11133202192748409
0.11647045023356697
0.11935301704529527
0.0387546369167957
0.0428449899992086
0.05573482053805255
0.034436388784740826
-0.03450076776997378
-0.021504956965499738
-0.053844818247387814
-0.12454600801482196
-0.11063071863910254
-0.13724345351248604
-0.09886123386560806
-0.10693912657918513
-0.06853108635917328
-0.07462203422220581
-0.01581296598345075
-0.0050576939982078205
0.006391756494190251
0.017875943347295014
0.036194474923718696
0.05306340405466299
0.11279901454336116
0.12572630562103254
0.15145914186100135
0.12365490938056992
0.07869648319267822
0.05618583131708381
0.08901657520677059
0.04550655730796704
0.021049354131883285
-0.011870684246928682
-0.051623713976831256
-0.07345109282153094
-0.07313270625026251
-0.13375748928753622
-0.13451116663995957
-0.09617982744207201
-0.08258296468808093
-0.08641523614584669
-0.06998972695593735
-0.01017653472453654
-0.03392371866075064
0.007706656580787384
0.028913379112943446
0.06927629748602677
0.08610769774335557
0.07983541558368938
0.10740129531479853
0.1344957981236319
0.10748667464146895
0.08331893426955478
0.049454954337381896
0.040779133511617646
0.047121446637471615
-0.010122762454816605
-0.023448493571658804
-0.051592339566357025
-0.0827897953079522
-0.07505924751935852
-0.08285389622614936
-0.156511910115593
-0.1196924734574301
-0.09142938173912424
-0.07389009211963118
-0.04909033687599087
-0.07596837564761061
0.0041961769803769144
0.008800850876620744
0.019061837570230087
0.06532317277420405
0.07233355539545872
0.1142190454561101
0.09605074270248382
0.11498767791774223
0.11761299411681304
0.14007720389914421
0.055415542788119304
0.057414032425964004
0.020085529699813157
-0.0027409853784472445
0.006170488440453734
-0.04457286080146674
-0.037304970128655565
-0.07607119056603531
-0.11699363668985044
-0.15597763421379865
-0.14653497198813978
-0.0973566042650324
-0.0956303055709993
-0.049950421428033666
-0.030499792391289547
-0.020314120841786854
0.006378915431844819
0.016755687188431227
0.04533056947950922
0.05493795424520548
0.0698033629902628
0.11179999891700367
0.1466509639704421
0.13148053924261469
0.09592062328239068
0.051336121647820004
0.05196640357998681
0.040220346945342524
0.01146092074210004
-0.031395878017746494
-0.051109656312742294
-0.04012005443275454
-0.07074976926239136
-0.10282349048120673
-0.13136130964300452
-0.10977330673167096
-0.1178529138937216
-0.06395721562228183
-0.06288218796919072
-0.025403517524357655
-0.00783889716500135
-0.0039869366915348875
0.003262426547063456
0.03093338096431681
0.06687252778447113
0.09745769563259644
0.15104608944518
0.14353862457863473
0.15351164659889432
0.09172512113193347
0.09956554655903609
0.04743635537977726
0.045543204847414094
0.003107688939615237
0.04857662621828206
-0.007538679615860654
-0.05945739247002854
-0.08262057094430944
-0.08707344473906752
