0.5772311521834492
0.4662353468436996
0.38448147552635076
0.3042783458692835
0.20274113095776508
0.028811035482839614
-0.011760627308188179
-0.12139170496188995
-0.19662894036578496
-0.2950459443666478
-0.4116355538977788
-0.534169591318654
-0.6325073100515234
-0.5614276315247845
-0.441131805442744
-0.3466830880521888
-0.21416874362595725
-0.13125308671067168
-0.011523110270913614
0.08379025932650674
0.16054055678021303
0.24210342736074167
0.3633409001337494
0.46773081997342814
0.5831136337424985
0.6052593394224374
0.48430438212377813
0.37496727015827125
0.2870288159810231
0.1723299104993546
0.09492627903802682
-0.022066929370495165
-0.09220050490202358
-0.20941230635337904
-0.30626905682738165
-0.4306098213899553
-0.52558029791235
-0.6089053994312364
-0.5598162372490568
-0.44730365099113795
-0.3099184535204238
-0.2419412801572421
-0.12445951871385352
-0.006599636162518421
0.03853260128716335
0.14996699920114342
0.2651465417491048
0.36228467885384286
0.4842600179327357
0.5396342921665496
0.614016074429148
0.47664821220262205
0.42347637478790867
0.28963672078185276
0.2093161104125991
0.07478473514097042
0.024134722328499662
-0.0694676086639553
-0.20084144090435055
-0.3264717980530707
-0.4105408234615778
-0.507156403003031
-0.6028789125218567
-0.5696229877319496
-0.4635671935923666
-0.33433948484110465
-0.24687878586981607
-0.09385716487845827
-0.03759554800791081
0.04117873885372048
0.1613777808333436
0.2570994954107139
0.36129033117169523
0.47957121269888026
0.5492178305110345
0.6625114783068182
0.5157304527648782
0.39885263068327403
0.33257755227545543
0.18154566886730195
0.0899306534007255
-0.014039194187032185
-0.08183650322442065
-0.20532054452369877
-0.3256532355375912
-0.4143905088564775
-0.5282224542910602
-0.6089582129891256
-0.563094397320641
-0.4526154125816027
-0.37021244414669924
-0.28085267741536085
-0.1626177558156448
-0.048033616965323975
0.04815280524288895
0.14187563852168036
0.23796738413513352
0.3808188596842248
0.4627357590325454
0.5755186283021122
0.6135664030139694
0.5104598283382239
0.41567122889336167
0.3142601052100058
0.19220931134217906
0.09783669300574803
-0.0021946882863174756
-0.11046096681572656
-0.20681756558194048
-0.31664615420980474
-0.40497138343407885
-0.505816630663835
-0.5937418480439379
-0.5818335200770112
-0.42150222482797844
-0.3699789958883682
-0.2904923200445435
-0.17351013104840787
-0.06032084561742447
0.037274335348947814
0.1169053879221332
0.25750719425669555
0.3644346022782953
0.432407030506858
0.5139490181226807
0.6537183077041181
0.5118895758546579
0.415991311806854
0.2843314036706741
0.2367607912437088
0.11142535411680178
-0.012654679473527702
-0.09223093554480695
-0.23006905446100168
-0.28928084086926364
-0.38539851012751786
-0.4811340740074743
-0.6137227919417325
-0.5773128582132194
-0.4885121081810871
-0.3231970031343921
-0.2643123688081637
-0.15858067073535476
-0.07511592634288573
0.034963420197735316
0.1351147468683987
0.19675505624931927
0.3432139340296011
0.4501490570987647
0.5219010163770852
0.6167346273690509
0.5236134851340267
0.4246989031305469
0.3364818302309648
0.21216358504553215
0.10825983940386709
-0.011071633675294065
-0.11087549685498269
-0.19145601082887168
-0.3051925142757295
-0.3301215265696737
-0.47244986936644884
-0.6124167725796287
-0.559707481967231
-0.4563241145628355
-0.35456193499179156
-0.2647586835054827
-0.19031531701401536
-0.05380834575231884
0.03437313658404683
0.1568534397064748
0.23092198229988503
0.31204586855823585
0.449840979375012
0.5367932835376
0.6435737583572071
0.516487778804286
0.4194042582601325
0.33812837768424514
0.21272785095915409
0.11928907164489926
0.041550251027614504
-0.09699311085019585
-0.16656561825475463
-0.26760743233488915
-0.3676336045139622
-0.4664666627166006
-0.5597113748215831
-0.5689987869622155
-0.4867878992314366
-0.35160381470768737
-0.2897799654827457
-0.17993626779037314
-0.07559636320976439
-0.02592117933283893
0.14162849517916645
0.2035070292556001
0.34017629633556457
0.41072566191266846
0.5471868756917717
0.593194825796478
0.5630408665221569
0.41459541660074567
0.3214300857849595
0.20419819038154965
0.1120382321738894
0.0100652784437495
-0.05621788585478488
-0.15673959932488582
-0.2639700094641454
-0.39159336402403977
-0.4826783178943833
-0.6048957106658807
-0.5786857488906959
-0.4654109612041841
-0.388276522947444
-0.28142768385986855
-0.20189661199402142
-0.08739369393966434
-0.02485351831413947
0.11980209042024902
0.23255683284844297
0.32584044041493243
0.43310950624452715
0.5725285048003863
0.6288590077114872
0.5598145906190676
0.4123894509628354
0.3278329928358679
0.25038054985032926
0.11062392302547258
0.0307993617284077
-0.05862161286499695
-0.16593557581398918
-0.2695818132198955
-0.3705771898573023
-0.4712899109718084
-0.5569102306212942
-0.6015699315791075
-0.46455496845344824
-0.38126544192556616
-0.2560798314353181
-0.1810354781333178
-0.09679171874070565
0.0039924066914542415
0.09025488899069621
0.21384332842470588
0.31079337768592136
0.4202663465623667
0.5045390264827752
0.566589361234889
0.5100688440922206
0.420829846255058
0.3023148583569373
0.25570475216683036
0.109025253512513
