-0.47707308054419556
-0.39853239849687655
-0.3726860884706674
-0.3468691487542229
-0.3109954172057526
-0.275754650854301
-0.25747377702817564
-0.21240604801562404
-0.17795566053146597
-0.16734091933962914
-0.09982534607970998
-0.12840946329833028
-0.07146090479859057
-0.05708454515425734
-0.015958712993808712
0.027916206897732797
0.056687060379785256
0.07304563769725239
0.11923442459399629
0.1661545592444582
0.19133327847144024
0.2798377540196295
0.22453477168016145
0.2738102680911416
0.3335487139853265
0.31352708642568156
0.38003217867888855
0.43939602517282983
0.4228761758672059
0.4654853083856836
0.4676683524134627
0.5462798884622323
0.4770210103706353
0.44317007441385264
0.44478534434195444
0.3785753364305066
0.3469320781123606
0.3292579443686276
0.3283225531971657
0.26696013380232
0.24418740900707464
0.20771543490486755
0.1402157029526092
0.14078690794515344
0.15585870314752087
0.06238796431510106
0.0677615600136367
0.00880553962201247
-0.0075402169366684205
-0.08622745478870004
-0.07373353429784679
-0.11919192186478797
-0.16063672741874832
-0.1619721269564093
-0.2415603543866375
-0.21556791628015215
-0.24490683917152534
-0.29682962933788193
-0.38045573936757593
-0.3451376297718521
-0.357938170958191
-0.4507649042964504
-0.4690366923960743
-0.4470812995719725
-0.488369481475045
-0.5157838608306549
-0.4644006058710031
-0.4303238178662844
-0.42763074727112377
-0.36720838732101313
-0.37930872967660684
-0.31710233835670226
-0.2976409448743615
-0.3212674749734694
-0.2110911985930874
-0.21591168470712618
-0.15098220163410633
-0.12553145105599783
-0.07866982366055555
-0.06211599081869525
-0.025006530269794162
-0.005842946707861391
0.055442871189806786
0.037862232089116085
0.11521243926410848
0.10825948582289006
0.1323454593474931
0.1962484772718972
0.2191232860892764
0.2669919005286756
0.30997006795164317
0.3234282454427657
0.36056396439403
0.35856416339821495
0.404614781720284
0.4625570597077298
0.5038828214751762
0.5139697376457358
0.5037159831218555
0.5197876895714864
0.44684245104219006
0.37976257488511334
0.38380354383635146
0.35726200194798874
0.3212183921754311
0.2816708171413116
0.2675092437137644
0.24095490269449316
0.2069034324863715
0.1844153774522336
0.1694673948119227
0.09687216915102248
0.057530865923070953
0.028860261330079642
-1.8502365811324042e-05
-0.029982188707193914
-0.04248348462740571
-0.07008891514741278
-0.10836240052286755
-0.14361799026445413
-0.18594759670874444
-0.20565913849704182
-0.2643030782678265
-0.28765119246468496
-0.31034972736558003
-0.3165538679835558
-0.37110377775332853
-0.40331806549259347
-0.42807908067410394
-0.4150624713840555
-0.500909834447927
-0.5383146384859593
-0.5043186653100733
-0.48303922089453305
-0.4432363923994441
-0.4178173305933942
-0.41818502299886307
-0.35958398132645863
-0.3205969515806963
-0.2698525281253614
-0.27801192280289355
-0.21412556016232384
-0.17403397657581518
-0.16993619807195398
-0.10147057216690594
-0.10366483684728993
-0.0570536465676713
-0.060266920454617665
0.017098190615536052
0.06280316465272048
0.0721806616496141
0.09911671587008927
0.15223938513950447
0.16029642312492146
0.18651048263305306
0.26159798475472873
0.27257999625790635
0.29226410688306337
0.3192798576139791
0.34025391202641697
0.4056281020380872
0.38865732650120327
0.46293993865803673
0.4667934247544172
0.5276135067362092
0.48324165605627795
0.4637165874762209
0.4607834710961653
0.41678287270277714
0.4325515397481765
0.3370446839185134
0.309926022262704
0.29012225299200545
0.2540492751545134
0.2700572180282778
0.21424097514600413
0.19991602885383683
0.1444448844691584
0.07377673933609641
0.07101467082117775
0.05136606355679807
0.016287431282034272
-0.016753192147259396
-0.06728201053624314
-0.10242277715210653
-0.09149191842733505
-0.1685673129342859
-0.17884325705458787
-0.22362536734312846
-0.24077224568933545
-0.2770171557754221
-0.279618573750787
-0.3385790087685354
-0.3782364337950899
-0.35199304752925287
-0.41918380127270183
-0.4768916892953458
-0.5248906451742581
-0.529908112348276
-0.4716681022811079
-0.4533575349595871
-0.42337544180479614
-0.3888103954780345
-0.36338013181780393
-0.3250828131572497
-0.3176589411419157
-0.24866956157493314
-0.25042286463207775
-0.22138077210962837
-0.18544137662216234
-0.13101660671255583
-0.12663791503135988
-0.07154104864858146
-0.0770362345245747
-0.015263682633690752
0.01837879818707311
0.04871288605268975
0.10053126232827284
0.10329478063668839
0.11812687480217457
0.16498139004086704
0.1964740157793294
0.2250317921935154
0.2575661602454853
0.29451748743063527
0.33098447693230926
0.34121361854022403
0.3594925105308722
0.4174286651892842
0.44858645540872816
0.4878589290780442
0.5075735215249609
0.5121690700753889
0.4876712081883678
0.44551479187138165
0.42297651304376466
0.38093156048227156
0.38005434798121795
0.3491848664293649
0.30375920527739386
0.2667258937819033
0.21904399093634186
0.183472003530658
0.18892641080954276
0.11353740518635734
0.090029529305004
0.08121016115100338
0.02569930560379754
0.010383877008231197
-0.05959273791163161
-0.03619181872763657
-0.08367706869899402
-0.13343007849790228
-0.16097360366094277
-0.18479285293921108
-0.23694325665552055
