-0.2537517515361759
-0.19611718643596698
-0.24766156758866226
-0.26178526138919433
-0.2727636204840997
-0.22917428722874428
-0.22814437075824268
-0.23663932385433317
-0.2518128036050505
-0.253661540084491
-0.2247821514388367
-0.25071672133727707
-0.23500639463745568
0.2290494992248837
0.26146442003897585
0.2466798816098986
0.24445046689236455
0.243845719609839
0.2654383616987095
0.2329366330241328
0.2493488295574868
0.26081510619809734
0.26945027157598966
0.2189119889768603
0.24994113312820573
0.2501537630909837
0.22824867465985832
0.25398230821538637
0.22880587938456518
0.1987736524020466
0.24570153757316374
0.25776012181584657
0.24025041145561354
0.25913796871928146
0.26948179437051345
0.23227168030400194
0.23630804894126842
0.261504927334035
0.24988076472927806
0.21627360158054654
0.2663406179567652
0.26868157394691056
0.23459267060744896
0.22516460183231948
0.22275917902776704
0.2369480475735346
0.21319274874198302
0.2632760639000083
0.2206578562215147
0.2302282568135707
0.23437534675580218
0.240339796586383
0.25851766585774266
0.26262344737057985
0.22826059812395888
0.288681384364125
0.2705957336526033
0.20093647203329273
0.25662469244384023
0.23902010072636212
0.23008900791145356
0.2160989291241893
0.21289480757369028
-0.25865105129042015
-0.25673483118863477
-0.25668604401974804
-0.234614998428384
-0.262784315986978
-0.24519635286397554
-0.25185132069982114
-0.24243907186969751
-0.25598327610965016
-0.23287892856467216
-0.2491910945295802
-0.23874588583906628
-0.2577677900519982
-0.24207142922368902
-0.24232811630220683
-0.24970042990389257
-0.23482782003669067
-0.23972270278532223
-0.2196663234403787
-0.24789026578460513
-0.27988971889312336
-0.24571262747587716
-0.22970632274083747
-0.22064463920964905
-0.2447632261322487
-0.24470526121436664
-0.228974003649895
-0.2712920029837439
-0.2475467605605993
-0.22874420584628108
-0.21587152215800393
-0.2031211334543369
-0.254310254244076
-0.24036611003362104
-0.23583973915740583
-0.2134958403532537
-0.24401449581035473
-0.22762456521414934
-0.2441267729201847
-0.2249006303735493
-0.24198565450200646
-0.23860795512818592
-0.23992371609523558
-0.29804815192971684
-0.23526074300453542
-0.2357379804581501
-0.2657723819574012
-0.19980732100300058
-0.24230272698407823
-0.2388388490300762
0.2849218420857074
0.24319107327781914
0.22713568868746614
0.23323168148451984
0.23845476014754724
0.25152583151138286
0.2699567045567944
0.23788039287112056
0.2508652122251571
0.23374480223602964
0.26457704943219085
0.2743959304536559
0.25519084968390915
0.20615306565621272
0.23286872270681755
0.2700932952229426
0.24135942983889588
0.23017277714567946
0.20779420945274374
0.24876610705773486
0.22647152393105996
0.24935235797359306
0.25261675913019044
0.2134036241924813
0.25342579573374896
0.254137660489236
0.2566572865474259
0.2509584156035502
0.2190558953335321
0.26273144130297904
0.29309889044445664
0.20085127534594255
0.2620156461190786
0.2352689130960146
0.24088595536473098
0.20487432884470777
0.2565441409802938
0.24035640568865715
0.2729583132652361
0.19802600317607738
0.22592431700579912
0.22708186672329542
0.2267329213622312
0.2777886702307908
0.21789633460466037
0.2450079467375713
0.23169350470804964
0.23859327463089489
0.23628388153695962
0.24768878271332911
-0.23307820664903756
-0.2749577229784785
-0.23934744457282128
-0.26598075451356273
-0.2958440698545419
-0.21941621559587224
-0.23441274466802198
-0.2715186427894178
-0.26240512102642966
-0.2615792257777322
-0.2603790296864964
-0.22780453278770102
-0.23564924949300028
-0.2728373522348068
-0.22252319135233214
-0.26490878226699743
-0.2504142811732535
-0.23301762883057092
-0.242278697957824
-0.2454718854685751
-0.24594246327250568
-0.277142168577723
-0.24091344834541112
-0.21093057865493653
-0.25596716719227125
-0.16654686398271268
-0.2309865665287548
-0.21411004271214684
-0.25709340892473886
-0.2368676974142119
-0.23775361708868548
-0.2467217332084594
-0.26214758156690715
-0.26003565315329724
-0.21054818817046522
-0.22230741953230854
-0.2556155840762435
-0.23408254013704283
-0.26273549034179855
-0.24281186535182356
-0.2215715785133262
-0.25840633205182456
-0.26168661509071417
-0.19631530301118325
-0.226260418556531
-0.26158607146443474
-0.1974125891751729
-0.2398340297869587
-0.21064871600840107
-0.24478131673859596
0.2347331927083172
0.29142546225325583
0.26603815145372806
0.2834720643025827
0.25185014261576466
0.24655018674042928
0.24513252064715663
0.2586363778470574
0.23349246509175148
0.2254702866570785
0.2574416044726636
0.2523165180470535
0.22117848217050567
0.27678361124803424
0.2808150478162435
0.2552813755801313
0.23439923788722716
0.2531318969509595
0.2542953063410628
0.26109002129367476
0.2769773100613337
0.2666591933316764
0.24802567605272471
0.24556338488844703
0.22843365378194436
0.2356208511046646
0.23809898832082002
0.2483468183345487
0.24942168555547778
0.2309070001735954
0.2542567664346276
0.238712424759141
0.26526780363820346
0.2108797641063959
0.2527903519265232
0.23555242993056738
0.265573775603947
0.23412098419424943
0.26415813609950023
0.25306434313515086
0.2405235924466311
0.2178256516556248
0.23953765119855325
