0.13199707394094654
0.12028072502027362
0.14549973175469785
0.1305533385381922
-0.1453517666910013
-0.1509451027246237
-0.1681188185823311
-0.13855487296253977
-0.1482638530110754
-0.15247023846285077
-0.0894060250172002
-0.14213642981258148
-0.09214014686889228
-0.17340012490120318
-0.09701225360463772
-0.133797145583069
-0.06717978063582293
-0.08359935300802185
-0.07939240428021237
-0.10280099419328607
-0.054783851972441705
-0.08258969837951735
-0.07667015353066758
-0.039336466608952646
-0.035150922640416915
-0.01870518930625579
-0.030708035142048028
-0.0013088465091397345
-0.00549564627791986
-0.02324058045895625
0.004745236932107162
0.00830980064282888
0.02207083091369781
0.013716723269017479
0.04461365461810832
0.0016026994637436953
0.006092780127784379
0.04114330481206151
0.038803011587388636
0.059379683825414115
0.07764151458085522
0.09679552828887393
0.03196267508555228
0.05785968857009623
0.11184490063400307
0.10962413867772636
0.1444207291769835
0.11504215720709252
0.1401044618947136
0.12675925423218384
0.08877269423753434
0.21582436410513614
0.0994123062821133
0.18758062096290232
-0.17418514258995124
-0.1203118752242543
-0.14322063641600682
-0.15168877238294354
-0.13744670879080065
-0.12537244014913212
-0.11976484252720868
-0.11543908986645234
-0.09646547790108011
-0.08264963864512515
-0.09977588000955735
-0.06395926564674943
-0.09234203428345202
-0.09743794342504214
-0.06456884887392188
-0.042929958596326534
-0.0613503270892888
-0.07263428273233238
-0.036986970203121784
-0.04124939942972113
-0.04725937424069204
-0.0023212785030300477
0.024720627954547204
-0.03224830037848368
-0.006021657245775229
0.018972556402479256
0.01999021121034528
0.006163220314146794
0.02067467438278079
0.005943950945254298
0.04305120464072164
0.04824368402221658
0.015414722951004815
0.04392920148153409
0.0492737139975452
0.07660719476563634
0.0706516464102109
0.05429380495070989
0.07170800654425342
0.06795890291144104
0.08494431501938066
0.11518069040505252
0.12154369725999856
0.11839431433864213
0.08009709900580145
0.1551196722975396
0.10604029359571532
0.09811842445357596
0.1458651643475821
0.15153819196695936
0.12150271356595951
-0.1286779876298281
-0.12526708722542132
-0.132411720168782
-0.10240198197173236
-0.13356617231493997
-0.09168986038458209
-0.10375190796129456
-0.10681985567727413
-0.10846959830416598
-0.10620869792546198
-0.06552642166748011
-0.06148925761311362
-0.079145901659244
-0.0660042447230276
-0.051128746561625145
-0.04061260011347938
-0.04657359624071582
-0.06450822184550602
-0.015541933520436535
-0.04182550779345485
0.00307990743218026
-0.03936691079573111
-0.007779322986710298
-0.00888066820875614
0.02311891520411276
0.0008764715071886888
0.023005663770870516
0.008495870084878175
0.024629744678181766
0.04034282533865145
0.027179465735829925
0.05564771667079234
0.043137866579708424
0.034318303037357376
0.06080515568838996
0.0672252617517148
0.08751413589119933
0.07981197957661684
0.09618258657649689
0.11327683269470533
0.08511007427818569
0.10091237036312559
0.09700102915930917
0.15337312703425787
0.13918630481514463
0.10573658283010415
0.09624171257363831
0.1585273981793707
0.1634556183708417
0.17593430162012594
-0.14217193177863482
-0.1358408170798058
-0.15418267819792014
-0.14132374530878178
-0.13051556808693254
-0.11870761629082933
-0.10303552332268075
-0.13322116168842907
-0.10351187464977012
-0.11785306539561421
-0.07509354295215862
-0.09133832347592959
-0.029172260553890522
-0.05404418687298775
-0.06619123023346557
-0.057342588273961166
-0.05143165922458424
-0.03445702597399984
-0.05989181629498069
-0.0513840479205126
-0.01788905671482512
-0.017920378333558876
-0.01459274610559641
-0.0022034724473311684
-0.008371744460241772
-0.014370987332453629
-0.022102481171731133
0.0264210610754605
0.027176045614649487
0.06115842638629655
0.054785795958711844
0.0346547203433905
0.05311291125161522
0.08620104465329398
0.05284418738445093
0.0819667690736953
0.09303635274284922
0.10437948490074017
0.12499620471764342
0.09009587863781007
0.10450336525666909
0.09154218296466737
0.1321811713514308
0.13234044425411226
0.15781277613280503
0.12771221390323506
0.13653178676861175
0.11371282735283943
0.1589895520738734
0.13964475325159534
-0.11882136325596707
-0.12938152601991998
-0.11869568963917088
-0.15285223886440197
-0.17407057987355
-0.08695514279856512
-0.09724358883710855
-0.1080779920866243
-0.09268073158420209
-0.07852847945420402
-0.0938073083542613
-0.071916158415565
-0.07036536444694148
-0.07557325740511908
-0.08052201442045256
-0.05737392659270412
-0.06548724626753474
-0.07163469161025107
-0.034185801383162746
-0.02272190227742866
-0.01743757320194251
0.015162456929409582
-0.024091947038360054
-0.024258148797337637
0.004510264220821164
0.010752582094378611
-0.01933626766274979
0.004673100419058444
0.03659234312639948
0.020974992826391092
0.029401160586488756
0.062340458527322645
0.07524735401974889
0.03651100968056535
0.03599425849010065
0.07173155636248435
0.08137277818816789
0.09762264381796014
0.10913109325303476
0.09312216073333636
0.09678085681253695
0.08917815039204448
0.10184439565568107
0.09299527608766744
0.1128283291569871
0.16139664030973025
0.1490117582221278
0.12502001750986752
0.1577334848260491
0.155820609798665
-0.13890602743044295
