-0.26428380280261
-0.26057706446535533
-0.24450305300369743
-0.24469069178403663
-0.24593567923921852
-0.21735130413940862
-0.20096224195588633
-0.20449687696872354
-0.18697412361336133
-0.14391495560622308
-0.14137545270741828
-0.12181518944101108
-0.11488895798368835
-0.05252203463485557
-0.04708565104697942
-0.0443142340124717
-0.010852513605730262
0.007978815902580386
0.047502618938916594
0.09436415776772464
0.1142995899808351
0.08104851203691182
0.13594017730268332
0.1210045263470676
0.15999678973083645
0.18283698135083212
0.20916670999093123
0.21120294401077666
0.22351869568621338
0.2421426316349779
0.21395400302620163
0.25600026463298603
0.24649923262842413
0.24764823448568715
0.247279205582925
0.23532287249611727
0.24753930552208264
0.21523467549362368
0.22549229157702053
0.2245662819776746
0.1804639123479517
0.1560904352248953
0.1429233728047519
0.14768986272682516
0.1172425104601002
0.08758868802048105
0.04415103345165495
0.04350760598572348
0.042803345840570314
0.004096097024765342
-0.008349287211092071
-0.027083752224544518
-0.04448536326782419
-0.11027807638758498
-0.0912397689753993
-0.10535764380739934
-0.17568800735304752
-0.17696512724786884
-0.19030368475435133
-0.1907534192137014
-0.21384236976974325
-0.2084066937431635
-0.2431124710218564
-0.2464806533287024
-0.22846968598125028
-0.24249297594540753
-0.2716260167818711
-0.23375960346341929
-0.2748236655869956
-0.25019544014563755
-0.21999141727263322
-0.2184050402480476
-0.23378830132267514
-0.2162926110808178
-0.18172794916734952
-0.17416315308317973
-0.12488901655255438
-0.12892151275530558
-0.11921701454552991
-0.09965418886795561
-0.04044493074182141
-0.06807104189955339
-0.006229987279516095
0.021278581324022154
0.01859014155168516
0.06437827123195307
0.07985848910809677
0.09926118875408821
0.13088398714264832
0.1125054868651198
0.17879208951145448
0.15417038751528161
0.16925097767387665
0.21223332908139025
0.2206938259132359
0.19939201638088924
0.23695313221510853
0.25865991136408795
0.2477510530049664
0.2542289894108155
0.23039447640645877
0.25282043990924674
0.2544058156143545
0.21385773403988145
0.1948724152203985
0.24292666280595565
0.19753513045644946
0.1576558534128542
0.17390910199245005
0.17304348516677612
0.13932942308882795
0.12186061512128502
0.12289794035695367
0.11994093638033793
0.07510180802956265
0.007128202900746717
0.02821615775159801
-0.047813803267809846
-0.05555796574474847
-0.0929379829474151
-0.0935043826878134
-0.05018496302328379
-0.1783001501363291
-0.17426612424027657
-0.13556377811164133
-0.1698671159266744
-0.19835733280700937
-0.21273146535096593
-0.23610035865725806
-0.242483457042665
-0.23709047596500493
-0.25991393179544753
-0.23594096161311076
-0.24208761184606775
-0.2012854166845535
-0.25614135476813316
-0.24851611492026662
-0.20433237989350003
-0.24959095893489514
-0.22558317296434208
-0.2127438650058235
-0.18349857552598375
-0.20063838564461065
-0.1441093366541346
-0.07016581903909344
-0.09018942217438974
-0.10653205555926498
-0.06819887190357964
-0.05466706545064645
-0.028954258462863144
0.005056155457786549
0.05353704631343144
0.028630675731327406
0.09158585537402417
0.1097409463506081
0.13602803016021933
0.12789148006318127
0.15553564344668663
0.17390206683108894
0.18815945549181323
0.25123981700591314
0.24267460964014734
0.23471503237127336
0.21621027859104847
0.2333438404937544
0.25319294805149045
0.2701386371269204
0.2817683974528551
0.25978537687741154
0.2827538665544916
0.27304780624154035
0.19507591503327748
0.19637927017960438
0.1827368124793483
0.20848278558497926
0.14993030778249147
0.18982643639750513
0.16436718870115985
0.09730209159943945
0.12620206026371686
0.06067390710573016
0.08649961409195424
0.007561374452691786
-0.011868045934503253
-0.039144465624843645
-0.04226769153971525
-0.04879994220049565
-0.08806600540028374
-0.11202067099834558
-0.1446189546388043
-0.119571179271073
-0.16824925460607834
-0.17875577577973598
-0.18100207418873313
-0.21615952058452
-0.2766623729844118
-0.256963018217481
-0.2384429722807494
-0.2667104423687184
-0.23864875478887504
-0.24254439890286741
-0.2604417007234421
-0.2656405138397619
-0.2088262708769852
-0.22748558476627959
-0.21630454080807487
-0.21772069428670943
-0.19278317683163282
-0.18686369996515564
-0.10358041841772388
-0.13632227302219313
-0.12913717249308834
-0.12610939453186223
-0.11068930023200486
-0.06686819794264308
-0.04746871988442071
-0.006251414301299346
-0.010147008328958243
0.04923566504947307
0.05666882885934019
0.08724638834659224
0.10795950043589964
0.12561846056196407
0.16034510903234725
0.13985598763752677
0.20993492083487575
0.20265906952251805
0.17900059820549374
0.2598288319457836
0.21927780600450267
0.23799363172231044
0.2329316444587318
0.2599545505152821
0.22786328547182558
0.2376759283899504
0.20919475265573806
0.24288809170233613
0.22243981679749844
0.22727684870743178
0.23558711837157498
0.20684551890349892
0.2196344430501147
0.15508867478836655
0.13324270662349927
0.10595587865577458
0.11194396853473379
0.07260019050919908
0.057023446469145804
0.015477555330406595
0.0299143298557531
0.006039875155345131
-0.010846876376563725
-0.058555725588648626
-0.08737174471027737
-0.08015035283523944
-0.10524585073661084
