0.22465472213244378
0.320531200917928
0.07661385537601946
0.06315944757813477
0.36915283257920056
0.28132216581849534
0.5314986065873698
0.009320476226092195
0.35147113600505103
0.19412371091736194
0.3517710758620918
0.49768129815996776
0.40393419465236846
0.17852990566924398
0.2827220336828848
0.5973116026527401
0.41110974132099615
0.4580835966625286
0.41257759231290614
0.133518809891685
0.58730811201177
0.36167372834317063
0.4947452194826882
0.11338702839241356
0.3362458627250578
0.4992043827690323
0.5036093795005746
0.36397869873514666
0.05301064110573829
0.4567003350785076
0.5109125786776594
0.05367765826437742
0.14178876334024695
0.1453927518977843
0.31865339218995525
0.13523882833598777
0.22675401438513323
0.1948391217292792
0.367641127346813
0.30757786069652454
0.4416183469229814
0.5613806083461897
0.14097735778598725
0.5757107144802445
0.09837553743498179
0.2679679050239406
0.5677588316237423
0.3340164503671002
0.4692239584302008
0.14318218526419196
0.2234537574750325
0.22691290360791588
0.4377887476558719
0.35791170173341547
0.09130788574601964
0.38949480631402006
0.042524899290586386
0.025738001318216283
0.3997755805340078
0.4643888757220661
0.070844378428053
0.3725876785036467
0.5472468161367788
0.455492003306679
0.10756604972354541
0.5502486031320497
0.4964363926407984
0.2188045799267168
0.22755519420700893
0.08269123633324442
0.39635312850174015
0.07386549355336613
0.46220609024204395
0.5561142374260882
0.37638728300635693
0.016857750026645513
0.20132672320328734
0.5345828793494479
0.3345327131019349
0.09218911198140697
0.5538020380126699
0.5523738737564561
0.5232696183144231
0.45235209750392846
0.2848982487440466
0.09312760398373868
0.374281201688187
0.2912799834523103
0.2727040497821504
0.18093473874135632
0.41047260982329503
0.18878830682362455
0.29366900239372645
0.04412776420380611
0.5123085750869966
0.055760463530835275
0.3661499839014141
0.3519610307534964
0.18858712147524087
0.14307191332546262
0.3912300583295145
0.5214119397402006
0.39459863958460273
0.2502547175857195
0.44081221809107357
0.5715406396658943
0.3490403396735423
0.12815347386333392
0.4587031693175556
0.6048894773629376
0.5319925450385922
0.22446323788411202
0.5180969638676504
0.16678374027318776
0.557985077562427
0.26837376994177087
0.4656045269296139
0.24728294499303913
0.3122624947917146
0.22090108330130936
0.16663174415971788
0.035500497465650135
0.028747789617112742
0.5510131877458638
0.3777147805907481
0.16192760562178837
0.4291752380444134
0.48276146031156336
0.19698578983683615
0.2601894524890699
0.035478569312003334
0.36847911126930505
0.2745744062972226
0.16919509772446653
0.33151382761173037
0.15627817032559857
0.3019098238314727
0.1650515912282166
0.09179310673650812
0.08054140310567706
0.3450854193989724
0.4728906281794645
0.43869069461004406
0.5380786350270144
0.5602775597272377
0.3938424636876818
0.047351315634675206
0.2629601227968127
0.15680529059699821
0.5463133632337157
0.5408611749937757
0.4050455450887506
0.06001767285778951
0.35816511562831044
0.09413237636890259
0.33263658201879037
0.3637685732684897
0.3239796044194002
0.3453870896902196
0.11195137358338987
0.14563401605701423
0.15707689638085295
0.4673009322427348
0.5749882057176422
0.19473617466011287
0.4911746986746405
0.3864198189741369
0.5772620049077888
0.46032047546010224
0.36314013930741046
0.5602141777907289
0.32623635874002255
0.36172504941767103
0.5080707114411134
0.5315294533910745
0.46353183951656635
0.3626426269322473
0.24458756021009834
0.5087521974993819
0.4416193169679787
0.3096221174070997
0.04781102846746965
0.5018848887273747
0.13096830884845106
0.5313573896897646
0.1678633811647016
0.5831150546062955
0.05931768219335791
0.041901607181585795
0.07825132901386712
0.3505420131473551
0.2713864672113531
0.09802369669611122
0.4976023065180122
0.4928714945495523
0.5511436566702983
0.5472654037405454
0.009275583717114566
0.227513511407489
0.24031678360567296
0.3733827478303385
0.32612021436608823
0.46277532165010915
0.5075075297085478
0.23486735672467066
0.15365218344130685
0.201830315187467
0.37573873299754024
0.4000917937983475
0.10958257292423161
0.3807796681750619
0.16221749243915035
0.5085638653918783
0.355084303997096
0.45772193420008206
0.04133065832422835
0.564022609980011
0.48188831239283125
0.2239306355744981
0.12502265802817183
0.2064290181924573
0.05744423238250754
0.19369078362904646
0.22286136032413026
0.05507809481575474
0.023261918101345137
0.4761519630241499
0.47966209541019217
0.38874891462400557
0.6062723753727227
0.30495405645236395
0.5039116580298119
0.469041681932044
0.20878284572220351
0.4486961943722505
0.5433189632475883
0.08564647463692884
0.45253527236816093
0.23317295833162377
0.5569736256088917
0.1402768972372333
0.42230121015757077
0.14060701203376427
0.26390338502095734
0.2417212544395611
0.46490200483287025
0.029480911513117727
0.5726098499305965
0.5787930966331852
0.5678676754857923
0.5967284142649661
0.47910145374134205
0.08040503466946142
0.2683924811913932
0.12913153875970018
0.24792900415852098
