-0.20222255098556646
-0.18676090575903423
-0.20881745294420198
-0.19327307706099706
0.19720149737106865
0.22001565041872445
0.23269752628996068
0.19536743591222552
0.23336473096695562
0.20180298763524035
0.1788703078259488
0.21776930374338602
0.1997748679917575
0.22844270025380103
0.1841980331141471
0.1709199347588347
0.1977061643162457
0.21019286521444666
0.21128866860192547
0.19816767347856024
0.19811731981102304
-0.2100340374276975
-0.18036908160158496
-0.1810295892378994
-0.20784969476649337
-0.18945093641666122
-0.202085019119329
-0.2107133001764897
-0.2421401381132094
-0.19906458458837165
-0.17876957866349696
-0.20079471564858548
-0.23094545119979423
-0.18449563695872684
-0.2298018979801588
-0.22212029563104105
-0.20047735008858397
-0.178456512330373
0.2263678955045657
0.20154095533580418
0.21540838584820116
0.21798602385249977
0.20127968249596173
0.2142019000819697
0.24511064399073276
0.2227851682128395
0.21060859192467354
0.19888272533315038
0.20255107809358772
0.17829740076932138
0.21648144424175067
0.22721646625604985
0.1828439297557149
0.22060385773183333
-0.22253764165741538
-0.21127982082417188
-0.21576886665105716
-0.22280741446738217
-0.19952090515631457
-0.22791671827858134
-0.1940740944154632
-0.18750758991384847
-0.2276973396030772
-0.1977153828679506
-0.21982625795242297
-0.20580395034679536
-0.1879895945325818
-0.16518414656654623
-0.24397324392271183
-0.2125901146002422
-0.23457709055974146
0.20726056914865618
0.1943953005710357
0.22825810695374787
0.2188112579056045
0.21956192016779277
0.20746344195726046
0.2326490147741729
0.2008816090080625
0.21749750383467117
0.18692676125296803
0.22222733137557138
0.20836471183415026
0.2173576427197307
0.20571306338112794
0.21027444154687547
0.2243247558183823
0.18463912157018816
-0.19087008959298052
-0.19533966016862678
-0.19869875393779343
-0.22756788938445072
-0.19552834282121173
-0.21047299244889725
-0.21608139367375442
-0.1841669232079322
-0.17916557851204448
-0.20798414175560645
-0.21239440137537335
-0.21064095950504488
-0.2352562471334483
-0.21817455738117758
-0.20556063700652893
-0.22273464784662136
-0.2002159142818098
0.21305174434461657
0.2159199738012496
0.2423759462294958
0.17792939600662502
0.1982102322138784
0.20346912635177167
0.21221736167113
0.22619635104227007
0.20270377810376086
0.22410429503425447
0.18469903955142222
0.21095617203983802
0.18006144035664903
0.20472106389740796
0.20489808452725128
0.20816421845174157
-0.1864891263433736
-0.20562814030566667
-0.23857796862238803
-0.17514541596969868
-0.21713903770761395
-0.185702600564347
-0.22755677265947943
-0.21787416846494032
-0.19473460373366272
-0.2234146329217294
-0.19497837551989458
-0.20598356911968005
-0.22527517024934327
-0.211282191695599
-0.18588633061015183
-0.21999350865032208
-0.23176390153399615
0.19452518045817907
0.2368250742254418
0.1999954710703424
0.17198254056972417
0.16940337843071296
0.24013794396796012
0.22261114516128228
0.2348527313116205
0.20144893281297221
0.1627764605333683
0.2046487740160109
0.18027078358250156
0.16961423368468503
0.2254729980248385
0.22674495410053425
0.20717693938546328
0.2120987030801917
-0.20523780936975405
-0.21658565053371523
-0.24111581366484192
-0.18759541834582774
-0.21019987787532307
-0.21441008936923278
-0.225462921439646
-0.174854942157861
-0.20852949109719918
-0.22570150603282224
-0.21095343626275176
-0.20058101082333743
-0.23217084534829502
-0.22087288576540845
-0.20019313217681675
-0.2316857380049027
0.20235402236728892
0.21771051797631877
0.2249306653152996
0.24147883514254878
0.20377019699621157
0.17748027794102966
0.21186806931950983
0.20560748516768565
0.21221801198077345
0.2182380958045605
0.1985725412024939
0.20486305842069855
0.2112288713579203
0.21340568407846952
0.2201053821672249
0.21568044979740983
0.20850754423487627
-0.21959567363311122
-0.2194209345803623
-0.23873533308002903
-0.2522856632973151
-0.22559036585814496
-0.2149014470611364
-0.2010486675680392
-0.21097141146178588
-0.21367068443993015
-0.20970743579351947
-0.16721737431259182
-0.21515173278870886
-0.20902581880585105
-0.207540961102933
-0.20550466517475738
-0.22012986736038284
-0.2046297386786904
0.2172546695865231
0.24139190998855317
0.22621011427068966
0.19008123232296445
0.23525355312174384
0.23767690152969256
0.22455425529867462
0.20934792617052972
0.19389502639349362
0.19033021119709007
0.21856614093192822
0.18449491896302925
0.17852646658840338
0.2173459474563669
0.1927892160684122
0.2343563306026177
0.22923867285032276
-0.2191205370482037
-0.20548408078784805
-0.21437072787086087
-0.1688194863362725
-0.2004959412724579
-0.1870122100946626
-0.2281722450155802
-0.24046382795144602
-0.2182083646149405
-0.21868399304503244
-0.19604656857399727
-0.18345561727480994
-0.24240414695919038
-0.19865141156008126
-0.20896077336186708
-0.207507144049756
0.19552302001107083
0.2299279907161974
0.22417019517811826
0.21437206200935416
0.1837758672464586
0.19465090747197528
0.1907455728379044
0.2036985002614603
0.20617029591795658
0.19945894346876217
0.20580292124123534
0.22311416826563235
0.2197682465797026
0.15987454178086047
0.19618321820005302
0.21676187291388238
0.19286040848532698
-0.20035784708713647
