0.17851026293968317
0.1878051174545461
0.1986649008653466
0.22097358331303724
0.19022316197626662
0.1340341189764629
0.05642489943728025
0.016880842363339546
0.03497835586450711
-0.04655736432431258
-0.06174886083556661
-0.1046442608427578
-0.1280489793607255
-0.20140957877668342
-0.22982971981776137
-0.22092738407219167
-0.1701627871364713
-0.13907239022220472
-0.1314099373775917
-0.09754739814173521
-0.032292283500353104
-0.015810147525198957
0.05866040872913186
0.03285251630355387
0.0957942652535975
0.15450276443595823
0.16387461490070263
0.20947449897719508
0.20240835962961895
0.2004374172918923
0.14356913982960146
0.09886162111826817
0.07027309588798053
0.026515208298483067
-0.019257399951114883
-0.06583516881524716
-0.08259381753897875
-0.1515625167150719
-0.16934827084518178
-0.2370628974122231
-0.18308744026827206
-0.19577151989534777
-0.19555879976943644
-0.11327879084876279
-0.07041791711245772
-0.030789018100267955
0.010977633782367408
0.05696683130004995
0.1036815806752167
0.09760289025600329
0.12141686554802888
0.16928156322982868
0.21836278887939573
0.212238628265632
0.1503528149287695
0.13863243436684147
0.07844526267322205
0.029906824261459023
0.01553675402858469
-0.01805986854082966
-0.05590150844512828
-0.10075218244373343
-0.14105283733372928
-0.15429508277394138
-0.20839702796341159
-0.21686973566986903
-0.2101659361289074
-0.16080676594874488
-0.11744135873160708
-0.06415011189844057
-0.008672361488865698
0.040577573532483556
0.021799345065300853
0.07637542690804844
0.12048825047703667
0.11271929626970972
0.23330378706849159
0.22577110039544737
0.1921192863756266
0.18296508422070104
0.11259221800285017
0.10394152209053574
0.07907230026814183
0.03701181926575087
-0.008279370571969685
-0.08368729420878333
-0.05629498295539642
-0.11205713026785748
-0.18117171987661973
-0.17671132446335797
-0.20785754484798563
-0.1627225165544844
-0.12478272622282618
-0.1435418044797995
-0.08717508498391631
-0.02440790095332565
0.008711815588829691
0.03484520675549926
0.10780232696637063
0.13571848690879898
0.11057533362401281
0.19350215047669503
0.2234347426940156
0.20647167574122335
0.18812688230776448
0.13190498421152336
0.07269634989417029
0.08966030706253425
0.0025631522966808908
-0.04214651310297704
-0.02670877160492835
-0.11237500250974612
-0.12433046500603068
-0.144116233920896
-0.21565834343907037
-0.23141333690768365
-0.2030869939561774
-0.14785850755942992
-0.08972487138850944
-0.08451054296219415
-0.03219775410143639
0.006233923348961938
0.06569041193576669
0.0685582822830429
0.06653464156503933
0.16316730136838783
0.19210723974776378
0.24667586313931938
0.22936203823551413
0.21322892665375678
0.12446278384384639
0.1169989028977345
0.09014600491273633
0.032171894414544454
-0.0250923212440192
-0.020918613863485955
-0.11746599321179416
-0.13329848329021193
-0.14525338582012268
-0.209202383359509
-0.21816504818667298
-0.15462985478821462
-0.14380897823009964
-0.14346593653770318
-0.10540410996354423
-0.03889015276431272
0.004938694014209016
0.013727730608372273
0.065719330340837
0.12301725044329696
0.17022354650424973
0.22287979876537242
0.22565539652051206
0.20938711420689116
0.16832451988860536
0.15799308924351577
0.06490761110779891
0.06682818786348704
0.03118565937975443
-0.014203367767459688
-0.06911399366905091
-0.07499812080796284
-0.13045548358887513
-0.15642595616667745
-0.1846415245441926
-0.2641924985347733
-0.198378663443255
-0.16534705409120257
-0.10980722368301066
-0.05434953389206547
-0.019578185099230327
-0.03428625160173093
-0.011594346201668562
0.07532614118420754
0.1305492550244659
0.14329794258752915
0.20538588485673884
0.22629997501882707
0.2041863328227371
0.1632656894609326
0.11694921511618007
0.08478396834805751
0.06309522708052442
0.023606171835575906
0.017375298296430256
-0.04802556596366468
-0.10733506032837146
-0.12443783341255871
-0.18440264014971777
-0.18001022391727137
-0.2574236049383558
-0.18156990744353105
-0.1852695699258695
-0.13080987126307986
-0.06694533392531658
-0.05331068910345295
0.013191601407779835
0.0319705140290324
0.11199830158731061
0.101992188393486
0.1474426503514749
0.17901615910345542
0.18927025175911816
0.20173931687214672
0.20464231942470354
0.1632941663530173
0.14670169954281018
0.0619021282011563
0.02444353425587304
0.014464279576622396
-0.05546390477885754
-0.059606311099969125
-0.15433053063544916
-0.15052289392345133
-0.21179044629429722
-0.2282759172771146
-0.17642663939822067
-0.1325030141358549
-0.11492648343488528
-0.07318904589192364
-0.050544838518285236
-0.04198726543164257
0.007810931099617179
0.04437952310036104
0.11551527944337425
0.1444517413462638
0.1553645076082897
0.2873938697778031
0.2103005382419787
0.19573204645418718
0.12980580687902704
0.100819705825841
0.05404162715421798
0.01374653425276385
-0.047281624088687434
-0.06479394251553847
-0.05519721383385861
-0.08127024216902837
-0.1526642573842359
-0.19183664461547464
-0.2272690036660312
-0.19767193401444164
-0.14071019875197283
-0.10980392738103094
-0.09751173259541637
-0.029757217572063316
-0.01361472054880918
0.05420456139443218
0.031932317649483954
0.07457358643570469
0.12926355485975888
0.14284229011111538
0.2084294883984781
0.21918200099829066
0.18213657485909115
0.140163245218255
