0.6606791939249144
0.5503347232974531
0.44085651394928577
0.4214127855198765
0.3416439238674611
0.2543652901126746
0.1967605144685031
0.15442149228873475
0.07196748232166199
0.009465986585324267
-0.06936660907276027
-0.17286844451089448
-0.1963833947829583
-0.25558055299222293
-0.3534404639198356
-0.40076899322148013
-0.4848306941775263
-0.5764058228870841
-0.6072803729050555
-0.749454411250546
-0.7562639194500197
-0.8315006557021463
0.83602173257736
0.8061141346559514
0.6951095613330738
0.6531185482488152
0.5611993679209167
0.4746488006998251
0.39551282229225027
0.39330590637795676
0.25723652397353564
0.22032923527023948
0.13547302731586455
0.07066039107591615
0.010280613498596955
-0.07878428224080218
-0.1288898019003109
-0.20388998891476678
-0.2725162195497447
-0.31491506971761885
-0.40312025569620863
-0.5347381195214954
-0.597185561473845
-0.5991637914264152
-0.7046874034514918
-0.7517920458094005
-0.8205611350966653
0.8472593467504568
0.7640213685600129
0.7017597898492247
0.614768869675848
0.5742474892441333
0.4882667619973112
0.41975963210911976
0.3997804654875839
0.2701226911711018
0.2052659931972876
0.17376137814274287
0.11865203005162077
0.013168433190564497
-0.04989279921558305
-0.12764694234239274
-0.22843005048939977
-0.2810744738689015
-0.3046579692721374
-0.4077322070708144
-0.536803974189826
-0.5029761241113809
-0.6556854532383897
-0.6935483817896221
-0.7431538327414996
-0.8626299364489701
0.8334328068731622
0.7664134234925281
0.7113916372894933
0.6326187777229766
0.5816129550530256
0.497345662750599
0.41813355381733985
0.3724886124916014
0.24891345146931826
0.2234969800964238
0.13609040200529515
0.06449368491387296
0.022006037206102388
-0.06540571535441324
-0.10484654644352769
-0.1962375533670638
-0.2910665365203854
-0.345767243252976
-0.444385328408592
-0.5068822371056656
-0.5489494806211062
-0.6249935436429663
-0.7007370769598564
-0.760973084696538
-0.8186375592687052
0.870660532874225
0.7868369989887569
0.7101979478683265
0.6372285794623606
0.5846366898667096
0.5195499334123159
0.46317488149851876
0.3877637972212463
0.2576787563628665
0.22100534423888765
0.14742438652986578
0.07982468501684023
-0.006589294676931364
-0.06901747372661217
-0.10700049707745087
-0.17883417951944156
-0.2833002635777275
-0.3270085352676845
-0.4416819168617942
-0.47185410071897266
-0.5164209854147908
-0.6205090530492352
-0.6810475630682826
-0.7817745124559109
-0.8199594314570926
0.8829806197529747
0.7866879218210949
0.7165090352995345
0.6229106491390259
0.6284457899736472
0.5249249888387332
0.4397031488346391
0.3750633949392124
0.2780219182038027
0.22427796236998698
0.16101820910970707
0.07870233370965163
0.044176382334239456
-0.0662608623953179
-0.08317092769990507
-0.15312498550439085
-0.2804270472159931
-0.33530748765161245
-0.41506221310850094
-0.5064011438291047
-0.56709331079963
-0.576700717288574
-0.6740403056891527
-0.7590376222787679
-0.8154592497273884
0.844494157571697
0.7828201868015382
0.7472021672150946
0.6397328859550223
0.6198874055342286
0.49212102626055215
0.476544812847846
0.3668290036356012
0.3341287596050179
0.24319277847521512
0.14056687638470788
0.11733758757817178
0.03428985896478534
-0.061613894177650244
-0.11276197563603652
-0.19152195810882955
-0.25805687849118397
-0.33166245683789647
-0.36071778001871396
-0.5045897580515946
-0.5692716075234144
-0.645908295693167
-0.6430122853708038
-0.7415720702254236
-0.828446013593675
0.8505676438064849
0.7929524573683949
0.7595430333420136
0.67959923079581
0.5910517387055764
0.5164576355384675
0.4505334063067319
0.35340649052626316
0.30375322580051467
0.21041527848439134
0.1537686805094219
0.12840624852080318
0.0167303741717139
-0.039229923038126266
-0.09771805061424747
-0.19013432482013864
-0.28875839252072577
-0.33907999440473496
-0.4163815939111441
-0.48351483875590534
-0.5670249025614481
-0.6271944790842868
-0.6630487408353964
-0.7165744534115325
-0.8203948770811668
0.8882490838679968
0.800951995333356
0.7419108824842747
0.6678868394022043
0.5914260208958066
0.5350224984333211
0.4596147243415562
0.38639559046769495
0.30460265561173844
0.24050380409958855
0.1796569041100995
0.07112168714347353
0.061968290300598375
-0.02170419079944933
-0.11046297889461099
-0.1556920933152099
-0.24395466300220545
-0.2951944742146757
-0.39948545244916706
-0.48557552972976675
-0.5088986354601792
-0.5974528140964371
-0.6679785573321616
-0.7624927114961474
-0.76019478104063
0.9063361255891227
0.7732304304297628
0.7294010960774061
0.663894853389766
0.5788833791879123
0.5281671450537985
0.45768465357413396
0.3843557017428782
0.34216918792313583
0.25982986478706566
0.1645511088888243
0.1379879412666684
0.03673400628395854
-0.02112221337278026
-0.12212170099560787
-0.15083177750344343
-0.2612959591712515
-0.35328056749959214
-0.3952843903359899
-0.47824682617238035
-0.49832829238423104
-0.5834937401752884
-0.6701642175396165
-0.749794105234842
-0.8206242235342922
-0.8877004916221791
0.8109273818132382
0.7321387318538081
0.6780360961060579
0.6032677170398392
0.5218004180795034
0.4634224296908108
0.3624431029344212
0.30546175990104274
