0.17140746172086047
0.13828972656888494
0.16924567759477244
0.14988327040536042
0.1697244957200057
0.16981686649476163
0.10655334578952115
0.1115550557620046
0.1301658303116218
0.08637755911649656
0.0610479869335307
0.05965843434210007
0.041837812508488545
-0.01143142653940898
-0.00762124315041588
-0.030120723209069812
-0.07220166566556879
-0.04013500749759596
-0.0771579381558123
-0.08211497290053138
-0.10825926214988847
-0.10494661768011085
-0.12962429621331809
-0.11687313345965018
-0.12050908536614849
-0.15163365498257247
-0.1789891098719864
-0.20363143503789768
-0.1452150982722512
-0.1611062010613252
-0.1516955375778452
-0.17239985582130418
-0.16611971688242222
-0.15420553195077824
-0.1949609002201986
-0.14016681148583282
-0.1399704747793326
-0.14600994680568916
-0.13750705459051848
-0.09378925364827802
-0.1452960277127229
-0.08986234579156704
-0.10477473939224201
-0.09447918816784372
-0.06737221592627682
-0.03255945637339426
-0.022852332476280247
-0.009208193802942022
0.022057712398879728
0.02695699509170666
0.06322396357471656
0.037598105960614726
0.0677926343380459
0.0865216243105399
0.10507409759884598
0.11437658733768423
0.15643884755406662
0.16328135265646485
0.161508825298484
0.18988037106229236
0.15020575376030829
0.17981585035578115
0.19802005552036472
0.17393595440265142
0.17370143873336213
0.18729035996357563
0.2075895008332191
0.1531576326600254
0.17152407060905595
0.18986687270226416
0.17978392621205305
0.1543357007422296
0.11878616419305259
0.0989885304517327
0.10003221735657584
0.08414707991130214
0.07375035237830975
0.06422921497241817
0.06443819160036943
0.02022944596805588
0.03952790838443379
-0.02696698718824192
-0.0017906804081870425
-0.03471774418384065
-0.02789609451441381
-0.08720577748741323
-0.07797534384789792
-0.1296206600047291
-0.0658921119578135
-0.09528428071264333
-0.10548066212851687
-0.13508687856558976
-0.10322203523311324
-0.13729236798721797
-0.14673400407898807
-0.16713172631068623
-0.1652872667147419
-0.1760582194240333
-0.17496344165589425
-0.1522040277897566
-0.14305524012032675
-0.16028585285013047
-0.15299205039651254
-0.08281235706726654
-0.16500074390364325
-0.1758183715133486
-0.13643251804814666
-0.1261148550238856
-0.13008982592146065
-0.07020333529535489
-0.07081606743268823
-0.050140778355270914
-0.04474931723966555
-0.017943762530971765
-0.008203694780121609
-0.005988192320753731
0.006281557873981922
0.023112453503118587
0.06487976213810445
0.10574462511572277
0.09219446926494078
0.08038053019965108
0.0895907291448029
0.10371078099700687
0.14448157945019044
0.18061432447504017
0.12330589208329411
0.17394393599699676
0.18851641586707235
0.13763457699986065
0.19641418457817048
0.18993906603729133
0.19742871778224003
0.17621705330055284
0.17009980731913277
0.1578734685219819
0.13031664633076795
0.1365864763750807
0.14436269615017183
0.1202180267755716
0.14879569331792752
0.12100090977713461
0.05322996452819056
0.07433473371806065
0.07156521230199576
0.04150595382228715
0.041208182951129116
0.044219608808583874
-0.008225014682595577
0.016698358266728726
-0.038261617316636076
-0.04224650221703117
-0.06824625286092044
-0.10746807640415178
-0.06197914863576665
-0.0969292238462168
-0.13283753364601375
-0.1315986069103352
-0.14612528194389757
-0.09344884446477268
-0.13919195367616705
-0.17230635783934625
-0.16228104241392596
-0.18220063302863795
-0.1797996876491591
-0.17583311495482964
-0.16882190632898036
-0.1690430746092675
-0.17661163231580623
-0.17149533666735917
-0.1709129440374596
-0.1267517395060543
-0.13639937624461
-0.11933193425428457
-0.14545901842509182
-0.09715211199702026
-0.10678881202516903
-0.06890311496660832
-0.08237986815339088
-0.028015178457715
-0.041964374464165774
0.005572664240593614
0.006636060051823653
0.06752618234784917
0.04737683987825852
0.09737614250162988
0.07699763311506366
0.08010574944607038
0.13797436666042495
0.0991870939312535
0.14469436331020918
0.12429787365890195
0.12908016894594923
0.12095590374236681
0.1660408264776722
0.1485782663869402
0.20767118427179632
0.16338332384025725
0.16655158901882905
0.16425693729526336
0.17184493285266383
0.14083200343104155
0.1620050656338561
0.14490367490325157
0.1241689814336336
0.18609510810804722
0.1502567124121302
0.1471450272612662
0.09735654455895393
0.11223287146013036
0.06355048603275962
0.048881224019604874
0.0109823118757892
0.03247818653724249
0.0026005477695886913
-0.009757973482454435
-0.06217139079490483
-0.06460030558979053
-0.06232499427924598
-0.047151313702764645
-0.06722090795451993
-0.09944092766340716
-0.15283757540818993
-0.09448817224314093
-0.16451208240519222
-0.1643392765553954
-0.12270482745302602
-0.1620898166162447
-0.1495454661190249
-0.19717306195945683
-0.15762442316534978
-0.13126964153920662
-0.15104764874403537
-0.22628089808477428
-0.16145144402234163
-0.18876062106581593
-0.17686954432283902
-0.15428500923262478
-0.1561575739886644
-0.15728166948453468
-0.16640628978753153
-0.135334582220906
-0.10857332240203375
-0.07176788544549498
-0.08043578556758943
-0.0662915638572459
-0.03455593998587316
0.02265975201971107
-0.020608729458698183
0.01095442445451871
0.02280577461580447
0.014173516135106912
0.05173554706085421
0.07244148430254628
0.09945034050016087
0.11754135708217806
