0.513854693955987
0.5586467614061076
0.6089774914691867
0.6730719196256536
0.7061207570644826
0.6799852926334514
0.7790644930154585
0.8470216452520912
0.8200555524700339
0.8794793327537975
0.9109242543710636
0.8417575968218464
0.8262060155044846
0.8033894434072542
0.8264318658847642
0.8092827740877901
0.7435352901963536
0.7111802003884858
0.6347544913159217
0.5870806965588593
0.5648318595834926
0.47282708784565947
0.41823849840438604
0.3351819227163335
0.27169190521983166
0.2213492476271844
0.09751988101212569
0.03549716135796571
-0.0789562158599253
-0.16070679924633388
-0.24072971357727266
-0.29236775986681385
-0.3392240609121381
-0.4418122269630837
-0.5157249033793208
-0.5710506838653551
-0.6632095175934972
-0.7044780042831323
-0.7181861112211477
-0.7595959990379727
-0.8113521528357724
-0.8612983742624698
-0.8292525625787518
-0.8618595980785573
-0.8757754725483075
-0.8930277132801809
-0.8270239064932396
-0.794626761662429
-0.8011173353642506
-0.7576364803545509
-0.7280572805142123
-0.6724437332000475
-0.6387019279825285
-0.5831874049935996
-0.478911607503638
-0.4087679301189363
-0.34675553755381117
-0.2935077437097228
-0.1912229827729055
-0.11816060113332227
-0.07289331461602648
0.04447847917438231
0.07901057860987545
0.19769350482481163
0.26405413369768127
0.34859332124367676
0.4583665987373861
0.4840867555885866
0.5549671159103408
0.6155800361198561
0.6743655795128424
0.7184583158744408
0.758216760488892
0.7921940874147027
0.8164820288458187
0.8533027394631317
0.8486473692005098
0.8416390506014947
0.837365787881672
0.7888080676110346
0.8170301117784194
0.7875327572279782
0.7498368161327658
0.7201366817882539
0.7039907393639192
0.6259745805123752
0.5883545861723309
0.5417290825370875
0.44394228878726344
0.38666016279447996
0.320029041058519
0.25741697482347686
0.14857087383560166
0.08081895483162706
-0.011010574989185205
-0.05721692627793737
-0.16895785938609756
-0.24000706720801065
-0.308918810096887
-0.3917078894501256
-0.48762906407605777
-0.5255547196430171
-0.6193896332721669
-0.6732582263387515
-0.7139271862386394
-0.744958274019148
-0.7734228942172117
-0.7925449919645915
-0.8321759252891224
-0.8196460738235853
-0.8685455304157439
-0.8273202987053575
-0.8630909041269796
-0.8111641744358262
-0.8187770976221811
-0.7767988741837203
-0.7457555705281896
-0.7056076334276304
-0.6983111495072342
-0.6001543414443792
-0.582611526065984
-0.49541341220249085
-0.4197935326324492
-0.36756752323271263
-0.2600385464642084
-0.21744542530044647
-0.16777350539342473
-0.04234627761488959
0.028439022011642695
0.1323907142733557
0.2083627929493447
0.2459743833625193
0.37481706150371696
0.44673718923607963
0.47158158265359224
0.5185681559849205
0.6253616801028354
0.710735411325308
0.7200015261679223
0.7409159858370581
0.7704848161212514
0.8297143892925898
0.8611690221085876
0.862975835072243
0.8670630910986835
0.8372715472521254
0.8483850060184072
0.8328924882151708
0.804490829575647
0.7313176843292543
0.6992041282322582
0.6442787288432961
0.6663136643043471
0.5942056279816074
0.49881069585826177
0.429430151629169
0.4041359003942408
0.30603420651990687
0.2935742937359467
0.14850600185305723
0.07881264165546757
-0.00801741156101103
-0.06228847207420874
-0.16890245029981396
-0.23207913692389134
-0.3272886849458763
-0.4235169261586235
-0.4722504394864662
-0.5450510446214963
-0.6006144747627279
-0.6413664282517014
-0.7057763261461529
-0.7251449986948908
-0.7910799057449612
-0.82573421757793
-0.8244294713581231
-0.8137943142476515
-0.812778687844586
-0.8699423387357097
-0.8463841117986538
-0.8056203856429354
-0.8362446821751186
-0.7999928616626513
-0.7390943360354322
-0.6850240376843146
-0.678521734428527
-0.5726245917762796
-0.5293886813606509
-0.47144011944090625
-0.38915698531162685
-0.3374099232013337
-0.2870230035067901
-0.22128797775215056
-0.1053153938962024
-0.03439886444840558
0.03977585719683019
0.14815089263615047
0.24118106965938196
0.3177149201891487
0.3545780625851526
0.4437348188832443
0.5329384081668778
0.6001780038432514
0.6156198911932746
0.6371296471020399
0.749929825767995
0.7585075751584348
0.8215787279800996
0.8018633000459069
0.824699861188154
0.8221199255141265
0.8444148019496484
0.8674098782987931
0.8781510636670563
0.849307664360841
0.7957340755688379
0.7699256452492763
0.757719855062232
0.6676472871179874
0.6254619958150549
0.5953832238496404
0.5264992583922792
0.43944767851222516
0.3597206990004924
0.28387765178653906
0.21014127015763392
0.12975366304384797
0.05658626660389805
-0.021528642317154935
-0.10921769632032599
-0.1632113706686736
-0.28208617393327395
-0.3439164002794657
-0.4082465274669675
-0.48055459165498543
-0.5157425129456547
-0.5809744549595887
-0.6332394358001403
-0.7076470569080597
-0.7641575975090938
-0.7880200861743293
-0.8302049826523207
-0.8241747609550838
-0.869580960801213
-0.8326798008333842
-0.8226006488718081
-0.8377708695154024
-0.8157411021638868
-0.8253638227336914
-0.7802458171614498
-0.7419644035415378
-0.7066208098670951
-0.6360242353028978
-0.6113358721434116
-0.5561655696403082
-0.47463599497621767
