0.11014130596025506
0.07603618676091359
0.002204033516637888
-0.04764335486727807
-0.10168679682081544
-0.13286283863769846
-0.19728567298228833
-0.24558133481804298
-0.30895772752097916
-0.3174136642633501
-0.39079514068491317
-0.4398218035059674
-0.4394932395765494
-0.5259603896242362
-0.5779487266253154
-0.5948512573412765
-0.6750998710106307
-0.7249799152458186
-0.7931890294486754
-0.8106969291417225
0.7328266860404662
0.7202987586909745
0.6186029762466349
0.6221350032442765
0.562272440511586
0.5307504786930164
0.44090061674923514
0.4008922284101216
0.3988398909312871
0.32491303552936274
0.28910439394217774
0.20716955990962035
0.19161471865805
0.11508234311346663
0.12334036265500867
0.03212634281104265
-0.040056044916202335
-0.042550495099043864
-0.11415845971888088
-0.12867251304724864
-0.20957200459105405
-0.26244905755277037
-0.289264960221974
-0.33172886098810034
-0.3873344852921923
-0.44673454028868376
-0.5025982847212415
-0.5513006753566178
-0.5879615057698255
-0.6237431299512315
-0.7154062872476727
-0.7518241062839793
-0.7648501903745285
0.7545023858330138
0.7072989176880171
0.6887844648440284
0.6314108976106457
0.6151795444978063
0.5257724550017129
0.4959839427879644
0.4293583379407638
0.38070169458185893
0.36310075370680905
0.3260787548644268
0.24697580876179118
0.18441057299806432
0.16436253121666386
0.1086064168138609
0.03268444433337137
-0.009164677742624654
-0.06616828412637991
-0.07799551343336213
-0.10498266086066177
-0.1760829593596252
-0.22900529468814992
-0.27349575706730517
-0.27750666891269404
-0.37771122607132657
-0.4545068916052559
-0.4392224073865659
-0.5274459048656883
-0.568350815617572
-0.6216693372806629
-0.6573558352172628
-0.7112155758051344
-0.7696210093644023
0.8169284211651062
0.7369802566094817
0.6919400515504178
0.6561565134546717
0.5776962599642391
0.5573893414171179
0.49557423209491475
0.4875717934852697
0.41790954158747806
0.346527509355037
0.33399773212181233
0.2709578913453496
0.2153055539437156
0.15761079404908762
0.14440291024782026
0.08591977042952136
0.043068092827355055
-0.0057489037196920955
-0.08116360894274523
-0.11377861695731373
-0.14564318967445258
-0.22502703376998712
-0.2653032952346756
-0.30950445080141176
-0.3377404583100271
-0.40914239377798056
-0.438076843466488
-0.5022299901381606
-0.5805825574789664
-0.5490584758394972
-0.6657830532149386
-0.6783881567217311
-0.7546018123463831
-0.7588109074060925
0.7764903050554678
0.7259283652789078
0.6814984255812078
0.6443881876920432
0.5769365204831348
0.5374236011854012
0.4734286935531159
0.4373610687541517
0.419012556037055
0.35780881923891017
0.25895587063041087
0.22590847380624304
0.18541269031143845
0.17777607828899922
0.07913993007063369
0.08010095964941816
0.03160607828864208
-0.03739509843088159
-0.07940955923811721
-0.13353585970639797
-0.19887108394673908
-0.21722290939610353
-0.329458269445151
-0.35106056082095005
-0.37066664046060166
-0.46278952849762867
-0.46119055980526397
-0.5202565944971368
-0.5965217441586338
-0.6028496632352861
-0.6515470419255188
-0.680704342115447
-0.7848273662817535
0.7828866202060413
0.7541897011563694
0.6867359654840614
0.6348703066871562
0.6222345453480412
0.5473716274710406
0.5220596379603385
0.4707564107582077
0.4263245629864886
0.33139629351747396
0.3164975570949667
0.28737542098186136
0.26569441850921527
0.17262279496275473
0.09206364015491744
0.09552406635269642
-0.008167530421783302
-0.014583289428576503
-0.05108234000204215
-0.11578005223631094
-0.1734800533562667
-0.23274922356144723
-0.22379671558328415
-0.3387907528142954
-0.3683659842240617
-0.39498953851293095
-0.4286941619170299
-0.532861881034582
-0.5643383778931323
-0.5765890681282396
-0.6853591212258509
-0.6596665386446047
-0.7563759221753769
-0.8409049241029758
0.7350028343432831
0.704570545443913
0.6830860740830246
0.6298566754687718
0.5695173047477896
0.5210809837911116
0.4761300622374668
0.45103665241876584
0.3918775101829999
0.34358562029694045
0.2786246725751816
0.23144015467879325
0.14777758043386371
0.13542653034465038
0.07748582034145787
0.049831237601246636
0.015581921669253714
-0.06218334938500128
-0.08187006242151154
-0.15148883645577496
-0.16788495773550652
-0.25925226254538747
-0.26103645414068133
-0.3562660170874431
-0.39732885790402617
-0.4617382636518003
-0.5086431894079757
-0.5297294651699481
-0.5520755232814268
-0.6352807303928483
-0.6828773983902356
-0.7109027533920812
-0.7808408161933496
0.7966153191249727
0.7223227022067783
0.6764921050585652
0.637605718728309
0.616796581500129
0.5989421208277059
0.4833930344177681
0.4773491481344652
0.40379825848559553
0.32468062498967465
0.3177997013156696
0.312078102778842
0.2515860114868188
0.19584657418051293
0.10071397603340945
0.09870817891989728
0.04011280719470031
-0.0399923173114661
-0.09257733899692891
-0.13724745119680362
-0.16939814200826214
-0.2474463636809135
-0.2605573159890075
-0.3510474708954825
-0.38337283336789657
-0.4235805843275905
-0.4842757743665573
-0.5060640564086747
-0.5759501288495524
-0.604192785984976
-0.6816919937799718
-0.665675327979684
-0.763400384132317
-0.7677548308216652
0.7774446449048732
0.7490331843283231
