-0.0434089798357142
-0.034234753790137226
-0.025412184824081824
-0.010902189651202737
0.010505853425902049
-0.010634661092852648
-0.01128799884833068
-0.03526509562042213
-0.0376356001476624
-0.004376586221300341
-0.03204880643234367
0.00957091596696872
-0.04490589538523582
-0.03474329537536765
0.022970912428567015
0.05682424322021805
0.01630680231862822
-0.013389149948941009
0.0008075767161523119
0.01686149828065247
0.027732620737247478
0.009969752231519111
-0.010102486060461897
-0.02061712216565679
-0.007026138101201106
0.002726735727521451
0.013716514464624078
-0.042578131201172036
0.0190543005039624
0.028094070911638704
0.0018758268594267077
-0.0019050491566170117
0.025855327319536034
-0.01350058727958357
0.0034785316237772408
-0.002766333818774621
-0.0030793276326261726
-0.0035729162328016076
-0.015676911047129097
-0.029770222343159188
-0.02138821931541588
-0.03086294027624563
-0.03363246246356111
0.0011537467134638928
0.003969097060836074
-0.021125254107748476
-0.051976910169651946
0.02308865156645698
0.004695604929066056
0.003726684880275225
0.019254751414845155
0.019739978900810806
0.01167466577855061
0.03087244207713051
-0.015653270695985426
0.01757766737745317
0.012732038023140485
-0.008700301723944889
-0.004376478500917744
0.002777778257733611
0.006806672259098149
0.0038179810374681477
0.04194824119111932
-0.0026066887126095905
0.019424976871560386
0.010551605277608657
-0.017209908061916405
-0.0499271776665669
-0.009540710397095302
-0.00756945970295284
0.02234036268172605
-0.04536068334415433
-0.003984297728987746
-0.0337861630485818
-0.014590512299517699
-0.043211091656700874
-0.02501163182551544
-0.00391343235043215
-0.015950720626907302
-0.03010643885296315
-0.015659454699232432
0.03016255634265483
0.017531552863880626
0.03547164002390598
0.034025052425488686
0.00771283718665765
0.013416364937413171
-0.008462970324424508
0.02835030447982753
0.009388514739752468
0.021538093483397018
0.007608964273184141
0.0027547267271145984
-0.03239388951323306
-0.03763316273402517
-0.002012327804124141
-0.005802157084842065
-0.041896685447953365
-0.00039916852743047504
0.02797338117612788
0.00405785241740124
-0.017863480652477913
-0.025155845927440853
-0.013976137218099198
-0.0038359385313288426
0.011718485453324023
-0.0018123061159858265
-0.012813482137048277
-0.044595408423107864
-0.01876139554726442
-0.02303917481600634
-0.031258774367377916
-0.04344599153349118
-0.024239876710197276
0.042310523244318776
0.0044597501543825295
0.022944474497123023
0.03484893650154024
-0.0033395285927513008
0.003746322256188343
0.01664864917809198
-0.0027045561259186873
-0.007764716955423471
0.03020421927904441
0.00021094560185608464
0.048974253602352816
0.023035119003620153
0.004298898262033258
0.018630472790154073
0.021049312135657413
-0.021568413919862417
0.004388357556187432
-0.04374741306491252
0.0017560940691048617
-0.010288436463026943
-0.010003999689025742
-0.03015033252064011
0.006214504494226851
0.008559453325508505
-0.013101817977383296
0.011449865108002524
0.011342469295662842
-0.00799906602585491
-0.00019120642539542654
-0.014949644001160542
-0.007308302377426693
0.013784685580598234
-0.024607663475051306
0.034194470063580215
0.03658319036797321
0.02508550651611796
0.05946285794430812
0.03923573064015426
0.033674894616081405
-0.013646097283513743
0.0316911100494991
0.02710110298978013
0.032525898149941904
0.031566712106292735
-0.011038238404285899
-0.026551752189133387
0.008093442447876905
-0.025088455412929516
0.012831132829628441
0.015940186674602955
0.0029961975961009697
-0.004789319038714057
0.031053902303127205
-0.013666078563762073
-0.013125029189724784
-0.02253312756148254
0.005848898176129975
-0.035367281442778946
-0.029813928495845462
-0.04451715157701191
-0.036837375877928874
-0.03559149015593041
-0.0013983617438722735
0.016142026326721907
-0.04342230824975918
-0.03666199996200591
0.02683491379270054
0.033932416759632135
0.02460410644607311
0.03488108175713841
0.05921413498007441
0.030724439101046955
-0.02457031997722126
0.0552778980610231
0.020476524759029106
-0.012946726937597837
0.024423508461999463
0.03566314064997377
0.03510366600911921
0.0286266947182181
0.0013476913917687566
-0.0035994881541766047
0.03081127960435071
-0.013017815446755687
0.0170447625295327
0.009670387391515267
-0.0069603580295645555
0.03315838967138678
-0.029854312858832343
-0.023245886032838104
-0.032497426449496505
0.008351870816926203
0.012845755739136619
-0.03417701597694892
-0.026058691191350784
-0.039255226517793985
-0.051573088246525615
0.010733499149659199
-0.002941271508098312
-0.06568580214120348
0.02397205511229661
0.04737492981188987
0.034714958621163805
0.047192451842749325
0.036812528009587175
0.021174072355983096
0.009294686420365957
-0.01697875029386659
0.02787806020449707
0.052676722856876274
0.039960368573533814
-0.010524209923950015
0.010304823224651179
0.028373320552484597
-0.013009719397210653
0.001395889680361001
-0.014028556686380545
0.03491872123951515
0.015233521026053558
-0.06121794309793269
-0.029951715522939765
0.006539680855342678
-0.028060718138850468
-0.014997402279350478
0.02295330978013229
-0.01907692264427035
0.016597605860064393
-0.029332927780483038
-0.031054420293661213
-0.040562043755356575
0.010507202545268681
-0.021134364560433123
-0.021525657889750183
0.004503677843035153
0.0013813751454301061
-0.029356143252699852
0.020016945520023983
0.0018583315272191932
0.022280010735372887
0.03102143400775771
0.024741318210880783
