-0.9711582925200383
-0.9897366021177921
-0.9454796176126685
-0.9563865459704406
-0.9946652356159877
1.0038563306319677
0.9935508863675473
0.9599170322077253
0.9841863533744181
0.9934350814265224
0.9994056330267272
1.007638654113863
0.9859202829591879
0.9516210561087066
1.0239668109829223
0.9970196227212417
0.9803636322051504
0.9846371601561124
0.965969058114425
0.9860252756121437
0.9759503867764919
0.9621033939651152
0.952621306724837
0.9867113488650733
0.9848145349408731
0.98775985028483
0.9697833332029372
0.9639932808407309
0.9670854611855424
0.9837300745272738
0.9478250651156143
0.9806768434403133
0.9865420539323256
0.9713912660299722
1.0092598979698706
0.9674334486788306
0.967328486869402
0.9978671445792368
-0.940726093902797
-0.9650565686963906
-0.9390843192808583
-0.96721730192195
-0.9999697199564405
-0.9831433894891664
-1.0076311406809457
-0.9571311545164345
-0.9785017700211818
-1.0148882540394055
-0.9931615657021738
-1.003878033678828
-0.9919697469083073
-0.955401880950334
-0.9978225368691325
-0.9856642815862658
-1.021514729649212
-0.9756960614984567
-0.9862861913014332
-0.994461048150798
-1.0243942874400325
-0.9987402798043928
-0.9523753241798777
-0.9760441242116583
-1.0096897041467552
-1.0097099554877735
-1.003949060817149
-0.9568666692946667
-0.9868094488543888
-0.974346422476121
-0.996916077951032
-0.9577050500424001
-0.9754058386132727
-0.9819456578320571
0.9861789663661144
0.9897526249721852
0.9860287630995648
0.9917360350686494
1.0017407183523825
1.0097549835601192
0.9804640732630361
1.0145163047442394
0.998139210578743
1.0230584631203452
1.0121278903310074
0.9687537168081735
1.033872321435087
0.979317951042801
0.9859748019224304
1.0055956044148076
1.0099662545975139
0.9915665062227468
1.007904877348676
0.9932493058870215
0.9608390309532495
1.0020259484705343
1.0028317252357015
1.0034206203580331
0.977719480430385
1.0019113252161074
1.0054189114763155
0.9873155301810058
0.9894262296315811
0.9786077342734527
0.9768145768903462
0.9805349509397873
0.9648719173718661
-0.9831630781544908
-1.0021204997085895
-1.0144092809467748
-0.9718811613579302
-0.9824564804719923
-0.9757647739044445
-1.020054836118897
-0.9742351819134183
-0.9881862418386834
-0.9634079399315397
-0.992715237160722
-0.9938253971962713
-0.977939327527867
-1.0129191271305842
-0.993063053858134
-0.997021249030188
-0.9934263670101304
-0.9908112360777048
-1.0061309013279043
-0.9869006215028682
-0.9833967797154121
-1.010807275038666
-1.0096130917636579
-1.0008466391969975
-0.9853873916566653
-0.9841006524269171
-0.9956292684454443
-0.9906381448845771
-0.9669184114146459
-0.9623709585518467
-0.9870863669542649
-1.0164889223973377
-0.9915864183638492
-0.9910242077379402
0.9706609283995459
0.9993851080613042
0.9968328553074091
0.9893496834138894
0.9718126940038678
1.009493217102906
0.972546005165651
0.9803741713155418
0.9761032679029905
1.0226639551917718
0.9877755098436557
0.9947776584645263
0.9617831500379335
0.9877344437145809
1.0032533271124235
1.0096894085659478
1.0185670270577516
0.9953074585843531
0.9533805895698002
1.0097646064550192
0.9942552378445846
0.9981199024107336
0.9784323215924319
1.0077925730007633
0.9798723701363297
0.9490467564559021
0.9892510092165541
0.976265348292051
0.9725851688080824
0.961137433973343
0.9891168858285793
0.983510144234525
0.9653727758816765
-0.9998966255590575
-1.0137628561493082
-0.950097863263849
-1.0337488242199966
-0.9724816011159357
-0.9768283441295824
-1.0130351908377804
-0.9963605034673205
-1.0102523781001402
-1.0213783003636625
-1.0044853821062731
-0.9627127824899379
-0.9664726469931262
-0.9315213995774063
-0.9649426603725709
-1.0206520861713275
-0.9885644565763388
-1.021865344845149
-0.9697971294136045
-0.9985424422344017
-0.9811108471003424
-0.9367101540914611
-0.9899864246703504
-1.0512520222506296
-0.962626402188104
-0.9888883238106781
-0.9803107832375563
-0.999620388850606
-1.0189145147482062
-0.9978699603785485
-1.0046103133715516
-0.9626595727741495
-0.9920637532270629
-1.01136446295434
0.9652010066441031
0.949926347754791
0.9943722395896327
0.9533432682858601
1.006028829221576
0.9772460493840045
0.9879699718476639
0.9570448196894659
0.9883707027018797
1.0295170551530375
1.0023915928990796
0.9708293565799003
0.978752014852189
0.9757992573410186
0.9736191888288743
1.020281927727822
0.9922930172216825
1.0009750617626134
0.9648103200332846
0.9796980868866858
1.0099006990869932
0.9975330480800784
0.9762644654754945
0.9714244065137927
0.9580119307546018
0.9737083725921349
0.9560450808055495
1.0029090998883727
1.0034869569874785
0.9871242251573645
0.9509238744609703
1.0281505227645746
0.9900462639208168
-1.0012641991302031
-1.0030002644879326
-0.9454253344398135
-0.9643103022491629
-1.0130725991648366
-1.0249503176609838
-0.9685503070140522
-0.986473843062385
-0.9773403380372115
-1.0201285892788323
-0.9898279691760085
-0.9602433294807766
-0.9587324258807395
-1.009405560156635
-0.9641516936878063
-0.9854860259274524
-0.9912554913592243
