0.05719796073755745
0.1030549367846514
0.10765312152129854
0.11592888995564336
0.08110530975653622
0.11768399452381903
0.1057841841498518
0.10697162927912608
0.12558716540664003
0.13545278921285886
0.08286284028285579
0.10446554278497075
0.1347539304145365
0.10256853599621184
0.1318779798259066
0.11762383170889032
0.16391124034387045
0.1285925854489332
0.11335410062738346
0.11283401643523644
0.12169989826978411
0.11689988123025834
0.10771681724667759
0.1267417405080012
0.10431886427234997
0.10487143915701669
0.07883986108921137
0.10918378670667349
0.09736001881200781
0.09658496695934897
0.05864924934778135
0.05907580964511297
0.056017307691855346
0.04905920996656035
0.04091607862682136
0.05875966007688124
0.03271870039384297
0.020811617653507447
0.01613089219906178
0.00797848805912921
0.038456058417594696
0.003680073985969841
-0.038741256176160616
-0.027146489773390754
-0.05313410164002984
-0.033031034650784136
-0.048642456068550846
-0.022528007608259598
-0.06408023575184865
-0.06640556948198939
-0.11061490740028036
-0.07204742142428495
-0.10355428477806572
-0.07571308718646512
-0.12663006965599008
-0.0890007748594178
-0.10948698584634986
-0.12269596284810946
-0.10838929940054283
-0.12744181726120532
-0.10521206745750866
-0.12896707219140285
-0.15429892722445904
-0.10100874096362256
-0.08727056493902205
-0.13351554969690926
-0.13234731622590723
-0.09271775809888105
-0.12199040896658228
-0.11433632409389112
-0.09762423154001967
-0.13483279726457775
-0.12758483354804465
-0.08719361263115719
-0.11713997284006956
-0.06385568916188411
-0.06964981962472361
-0.1268533807596503
-0.09338020012166011
-0.058406507181799155
-0.04248319465570595
-0.05545337763451549
-0.058605115877676105
-0.04877826060728998
-0.06051954502289605
-0.014119787602673899
-0.03716774269853167
-0.004033414211730918
0.012937695352124636
0.032787259650753006
0.006550169480280224
-0.00011864192202634509
0.03990708675317633
0.03642720448125489
0.04603814062068881
0.06511323491173077
0.022361582446371948
0.08485350864794183
0.06604641947698875
0.06358554727739928
0.09423370727226674
0.06827935918839285
0.10149306648165968
0.08628545365542789
0.09165716844285869
0.11534721049467103
0.09053576916492528
0.1486216983351316
0.12084634432845824
0.14498202902610785
0.105144418863805
0.13448382070801893
0.08055738959988484
0.11786340322778358
0.10412344592065934
0.12618978117770788
0.09985423274909982
0.13701489429802716
0.11831638675812756
0.1366973142774403
0.16531048257801606
0.10202593966715119
0.051428191055959624
0.0710017284455855
0.10583160441951875
0.09052698379458865
0.09457691382523098
0.09112137203566892
0.05432667480441858
0.09904455715741226
0.07924719106285805
0.08036951255004772
0.04993092816922521
0.09916819365261896
0.0671298218587976
0.019490482147911527
0.03956257343963464
0.009952259486760907
0.02816626809230793
-0.02454387790308714
0.002478850145006181
0.0029290915748666716
0.009751493101437747
-0.030395833522462255
-0.056628919101161565
-0.05567392366232905
-0.028580739680572186
-0.03139685707960008
-0.09912442234254668
-0.06371638430716492
-0.11870764758929814
-0.04459375686728399
-0.10849350397653174
-0.08183564972500279
-0.13014604265722268
-0.1181892075610726
-0.12725913620568488
-0.12714811446073618
-0.12372674339379823
-0.11035237672593454
-0.1505185238903365
-0.13819658531640458
-0.10416403933833207
-0.11847538085904462
-0.16615069049703182
-0.09567761102725479
-0.07652677863930044
-0.1133349387152688
-0.1422867393347741
-0.10667502970327218
-0.09664452185986262
-0.09927668092582126
-0.12015054170911035
-0.12071464987574328
-0.10988618605246808
-0.08407422284043956
-0.08756073570061926
-0.034606670818440745
-0.09504833661797038
-0.0888170696560759
-0.05575902289715369
-0.035498838918740484
-0.0680266350052885
-0.05558533136132189
-0.015911049190881103
-0.032760657717998104
-0.03990873448929473
0.0012565834355613807
-0.015343138533339431
-0.006406259818371044
0.010575936888889626
0.014125377814931265
0.047355777069977636
0.03998492354219707
0.04415951016518115
0.07214530008499093
0.05369705902515452
0.06963486584924378
0.04896882452926199
0.04107231649653341
0.04696747288651752
0.07254883749315694
0.08992149255962859
0.1297828288108972
0.08938160446193245
0.08757989241248416
0.12500313385799963
0.1213419464079322
0.10986752566389521
0.10006659966872902
0.1317453549634074
0.0604449872488779
0.10902166669725434
0.11773613260150188
0.1298877747382245
0.12135917916443932
0.09125422948577053
0.13356221487731465
0.08458878853620896
0.12165434514612167
0.04406829754659536
0.12320500888143857
0.11274377362693956
0.08677867938904578
0.08256581327554946
0.11678033836720444
0.1197549791884793
0.09747358424320912
0.07612988014713559
0.05618008659139191
0.06565991372886505
0.03917962796271524
0.052969363094552295
0.07980098901478133
0.0770639354948528
0.04248951308232595
0.008626273536193621
0.0017139888301401923
0.03640626272635067
0.010915551880007403
-0.03265023265115748
-0.02054856368223418
-0.023852030703866017
-0.009654651870158602
-0.06436887324275414
-0.07688989072282626
-0.0406369534689661
-0.07493983345172794
-0.05166329335219633
-0.04875317118020981
-0.06476652316898729
-0.05639927338409856
-0.1014453684385459
-0.07696746546364941
-0.06021617876833944
-0.1142302058277184
