0.036687695378601316
0.06350947802390375
0.016565116804910417
-0.035779094821901884
-0.011416780639666505
-0.0013393151080250143
-0.010517679794163265
-0.040680417893972094
-0.021400933941079718
-0.02351269025924373
0.00475069835463025
-0.05012620615537629
-0.005648075683484761
-0.030584774020577184
-0.04234035799372673
-0.005135849895681631
-0.02648278989852978
-0.021737467437594034
-0.043155140613351205
-0.03222636155284202
-0.07090197961549036
-0.06355393911625969
-0.06548482966567762
-0.07291492369294902
-0.06850635111553045
-0.07884052033125717
-0.07552101409480177
-0.08449951389406424
-0.03791618374733256
-0.06508454073134899
-0.07044631652175015
-0.06173202849736096
-0.07396548810157652
-0.0773667880881722
-0.09700719350201077
-0.03420775381929333
-0.06888502117788407
-0.05913401027891962
-0.013620207980279977
-0.057427852564921465
-0.04661409566284966
-0.0626626796138431
-0.05291511290304136
-0.04398643956675322
-0.028932971965786244
-0.022881408218760488
-0.03587350705851099
-0.016167757445257547
-0.032114459089483016
-0.009133489363499784
-0.024263910792449325
-0.04236423653051523
-0.02218843889017585
-0.021175001330475764
-0.003470698808173688
-0.01696205538593036
-0.015441958853095841
-0.014442403078427502
0.013537088331572062
0.011336728349148652
-0.0003370145687125077
0.013696598736015586
0.015996824651857075
0.039558530212953004
0.051201293863681496
0.06512095474066852
0.045930382347624414
0.05428573755113171
0.010477098758095056
0.03254264062595129
0.027477021063627153
0.06103937213302405
0.06585628351097003
0.07702321928524422
0.02786532992009206
0.07034461059066362
0.0817778694504837
0.07300686192083146
0.08175905508160285
0.06291598162949158
0.08336422227185764
0.07988782555257658
0.0988756661443998
0.09401720444131476
0.06316591615461958
0.10352419067153537
0.06840989181685808
0.07507792869235527
0.008203372154905096
0.047964069255303776
0.051938366954099854
0.019667042015651656
0.07952607216650538
0.057372028631935704
0.08180142811101923
0.03661251659402871
0.03213876956904975
0.04925095950796612
0.02533038202172258
0.022535021261086217
-0.01454206842805138
0.008225217466140947
0.01621715612189946
0.037594887390895476
0.0011259798568455173
0.03220726232843244
-0.0059103045546957216
0.00430281032310927
-0.028252995511392768
1.548327502666827e-05
0.009558006616592334
-0.013306680336913602
-0.061445192782117825
-0.03795070024072746
-0.03067814826167778
-0.01589327571836742
-0.04829856528661582
-0.035804025887976584
-0.08042788157046044
-0.04568741081798231
-0.08767148086148974
-0.06763209958192759
-0.05903979839273364
-0.07090353075863223
-0.043555538486273096
-0.04354465619524031
-0.04811044465748596
-0.03498113288400706
-0.04173521890986473
-0.07065930326490938
-0.08763632385849443
-0.08065500552472074
-0.09813205777570531
-0.0531334504343367
-0.07717827275445932
-0.04111626163170343
-0.057281354383128674
-0.047689204915856716
-0.10667167911920142
-0.07931290405604605
-0.05267960737517418
-0.04738820673503186
-0.03602453809796487
-0.046198605026137124
-0.03305486277500349
-0.04895992377555833
-0.03345478708742024
-0.049022925573676865
-0.03885054863974563
-0.026144976049839754
0.016636506162208072
-0.01242558705356139
-0.002584785221080403
-0.0232055173050462
-0.0053359521174877736
-0.03474407230401823
-2.229753782217103e-05
0.0008971359271900117
0.05418830208745348
0.007686338680251288
0.03955472813387613
-0.0011847809464863024
0.03402962522416514
0.012339414930890778
0.025898068742657168
0.0659124984169037
0.07590495756308316
0.05629330962712316
0.052141115369580146
0.042746756242538236
0.025170751646569574
0.04738440647851147
0.05271392437264611
0.08514266785035554
0.05416373991906051
0.06803397935257507
0.05496599405842229
0.04714861640644297
0.0420146547139303
0.07990054303903985
0.06778352718812461
0.0869636270452744
0.03338553715528708
0.08140198604038691
0.04213697623029923
0.06006794104770994
0.04923227878331585
0.0741234954781551
0.08122495578303011
0.06629365120882788
0.07187491829224033
0.06946129381015195
0.05816921911562207
0.10388079828999469
0.025684737763858226
0.08081928273582148
0.04185971893793194
0.0312886919311394
0.04383964604139017
0.009280671361691788
0.022670502134292572
-0.0012639584110231937
-0.01141590579915778
0.04030189504403145
0.003779106180489066
-0.024325887677166435
0.02449442973431203
-0.013151354974970306
0.01886186943192928
-0.04450945021047153
-0.02013302575317178
-0.0079495193015722
-0.03542763311972463
-0.026882675442081463
-0.026179044030154558
-0.050380238089738974
-0.024425744904046177
-0.032184666011517656
-0.06763126277693143
-0.06428284970000045
-0.037582555009356186
-0.05370137716842506
-0.0767744332625913
-0.06023590534847746
-0.05352475029917506
-0.07450383170295485
-0.07754478544525902
-0.1050137122492707
-0.04909937461542879
-0.059314523008600226
-0.07954235959586073
-0.07114639670967046
-0.08733040103138032
-0.07667535813174006
-0.058968579430324
-0.06997809537883082
-0.0794362856512196
-0.06255523618249231
-0.04480897643115186
-0.05517915190749919
-0.03765194635269568
-0.05758443704763494
-0.018428254291713263
-0.07152789085455889
-0.049884542160758424
-0.05272630733866798
-0.027212317042360115
-0.05709812835691144
-0.02225802722411669
-0.03802707666369382
-0.014382391619566873
-0.020977271178012513
-0.02663013878895597
-0.030149243919639163
-0.018279172850352035
0.0036793314872364253
