-0.12186554545598784
-0.14151200120321722
-0.09456987544899899
-0.07551591221986244
-0.06737668524772582
-0.026235847564732115
-0.03348707192575974
-0.034336102767476125
-0.012627965667980568
-0.004563671893710276
0.03449128871560526
-0.004995716603627945
0.04600381199395762
0.05648901608601192
0.03993827842259027
0.06490335891226909
0.04566843963052698
0.09581815866631796
0.0987745688409015
0.13555809499991284
0.09624401691477423
0.14406575329757215
0.1578412537214736
0.16538307866925617
0.14961399309045686
0.16854918748547856
0.2057895630298811
0.2040552456416098
0.1647454366534814
0.1948043695774966
0.19667876818043875
0.18165546515365952
0.132788769366804
0.12846375291413015
0.11444559025809822
0.07199543515310014
0.08379283606904274
0.1337390036774218
0.07561673924594052
0.044464728582012766
0.0583740214360811
0.015590530400212866
0.011861105256963198
0.03329387165800619
-0.05040552601715445
0.008816834945105188
-0.03254792818530882
-0.058800696796909635
-0.03303960035138191
-0.07263129993263193
-0.06863584296824399
-0.10579524105037441
-0.10363549747797031
-0.1375262908859564
-0.08233332526287224
-0.13278565006993354
-0.19756465568916418
-0.18145474907814935
-0.18797002212135008
-0.18363895942988662
-0.19927532856581068
-0.20824460439194611
-0.16864978498564875
-0.17311897766980058
-0.13445995212208317
-0.1217636194155674
-0.11688872338572244
-0.1065431336719266
-0.1133881118082215
-0.09059761002974384
-0.1017417727904676
-0.10897816578991446
-0.0690831176005193
-0.061961269028282744
0.0033222552563375307
-0.026751801865483336
-0.03567419769806397
0.02115758296662824
0.02531561397323925
0.02948669293912861
0.05240139356806504
0.03929738711531441
0.06057589836025251
0.07650442326841105
0.10294388590388015
0.09084624425244504
0.07015998638026454
0.08974853243717018
0.13004900635477196
0.14252795301156163
0.13930240342641617
0.17588591496392814
0.13892537120928536
0.21367190618478238
0.17327908443620227
0.1897040003678091
0.17970365283379905
0.1659569523147842
0.15239442293676764
0.1336857587340671
0.09674504628112628
0.12015420970042127
0.09943781749157966
0.10071791622955717
0.10248471671585446
0.09653689624860633
0.03069392917942733
0.0625339947388322
0.03879530008458869
0.008723741005096514
0.004192914863485368
-0.0417194017969206
-0.03242795144017813
-0.0294766682523424
-0.007753961293409828
-0.07407380582048545
-0.053194940941332
-0.10527943812341137
-0.09553052373825735
-0.11351890641069826
-0.1146988613521698
-0.13042717679903662
-0.1262941972582347
-0.13998207925539563
-0.17969300696131568
-0.18147734873676388
-0.20679869342102628
-0.2222222582556481
-0.17998554465606373
-0.18251732984961763
-0.15333684734986977
-0.15752042672991762
-0.13815002768518017
-0.12756374498069495
-0.14642574317342977
-0.14063004614641883
-0.09127706642108929
-0.10310643175262457
-0.099728215289788
-0.0722774272640276
-0.03610089907883361
-0.02533079815540123
-0.02069539646704577
0.02343353050847085
0.0332957457656152
0.017713202136669378
0.01888233061152459
0.03024086557510199
0.03123386900974187
0.06255765931481262
0.09298577019070767
0.09239016962775931
0.10192710838564245
0.13319584507301907
0.1169699011142501
0.11292254947430307
0.1321403181936585
0.1574654270562609
0.20235635385487966
0.2047155174864127
0.1771400585898898
0.21208461130689285
0.19029740096355074
0.2055199394330528
0.17252382247719278
0.1326318804775678
0.15168079279842095
0.13213073166871533
0.12688106403025334
0.09327207850908148
0.08679217269028733
0.09585809592020911
0.06994821144060116
0.04719088389286621
0.016278664019576134
0.06740363112942165
0.03014161470768998
0.0016743628858850931
-0.013908330954015991
-0.017962131262150682
-0.028900813605916332
-0.03535035314206757
-0.028276894198961018
-0.08617186239848142
-0.07489634842569849
-0.10064882128537679
-0.10589408341821623
-0.13974933292965214
-0.10494546951139092
-0.12183320747865652
-0.1332693388215414
-0.1891911961091404
-0.1759826539133019
-0.21738429095467734
-0.21126551845968825
-0.18372027390280757
-0.17414582226410155
-0.1916430864193881
-0.16832996374235193
-0.13840779052813937
-0.12561440722486805
-0.13023576803733206
-0.12626615169612254
-0.06666998631565031
-0.07890749732072039
-0.04455643273056471
-0.0693406075412459
-0.014467290359405752
-0.053342638604748166
-0.05227424387392696
-0.022802221767843085
-0.016447399523069534
0.007336320830395314
0.028392447257764554
0.028635636530476086
0.03863001180573469
0.047118847866899294
0.07112467388127282
0.034414664624350326
0.07551086395678984
0.12539317319523108
0.15111703718831165
0.13907857930886897
0.1751965653564503
0.1504971776864115
0.20249791048683966
0.17657246228630194
0.23264454388470213
0.18727729553293343
0.1877355375424471
0.18419186302450938
0.14843282159405258
0.13734728751879893
0.14940815755160497
0.12281983416709318
0.10283007310822999
0.12214613199652843
0.0790186997454771
0.10569697042984269
0.06623800384347542
0.023687361994586074
0.041862353151697326
0.03214731505281848
-0.0005649137125761598
-0.010856613067080164
-0.07229733114237878
-0.007852026143632047
-0.02469597874884389
-0.016561359532344045
-0.04235630061028632
-0.0678831837608312
-0.0822188271382087
-0.08038993246930783
-0.10327585469038357
-0.13114386358506894
-0.12285419793862487
