-0.7623766931488056
-0.7006059785354424
-0.5740769660408493
-0.4486017173348595
-0.3468967604051436
-0.2627193680340541
-0.11289018353427772
0.005876067807036675
0.10577635308315658
0.2403176511000616
0.37476939439256646
0.44078366973558814
0.5817458127615327
0.660621196553359
0.7558542631912861
0.8707067786366726
0.8450039818833988
0.9218675821413974
0.9808460938710875
0.9761295827840242
0.9917455513613399
0.9931732801100113
0.9458009513035077
0.914318360658904
0.8366118620135866
0.7456341476325085
0.6799945536881017
0.5358397550667965
0.46458727423247487
0.36654279980178905
0.23694466785705595
0.10425337293651599
0.04275087022076414
-0.15513194497632918
-0.25485794009523055
-0.35556866329795905
-0.5185168569222833
-0.5870173682425283
-0.6655095191773619
-0.7407083587805208
-0.8625125423520312
-0.8760270480725334
-0.9259986448420509
-0.9763852845921183
-0.9744704814059817
-1.019479913751281
-0.9845578360032388
-0.9123619555484687
-0.905115695805047
-0.8250563703720054
-0.7561213351669058
-0.6613867870566709
-0.5898004429711318
-0.4740329859561302
-0.3558172978711635
-0.2396625447714157
-0.14646359029078765
-0.008351794447330354
0.13639995235005753
0.2270480556557712
0.3308253367544492
0.48854733216104196
0.5767141770607767
0.6895264947690741
0.7258895665832774
0.8356615704566306
0.8797116534249131
0.9243188362488206
0.9711990911334458
0.9911281256603853
0.9782796608580534
0.9931660966776155
0.9702489176880107
0.8971771136272951
0.8515551414991561
0.7626663676763228
0.6892369136140896
0.5948204982333705
0.4530318175628497
0.3928465116433331
0.2541172376058149
0.12646416965135884
0.04268317309111047
-0.13332030304336817
-0.1907684040029617
-0.34072420125825714
-0.4748941222579177
-0.6008768226279135
-0.6577598339663818
-0.749509321599684
-0.8100597262588409
-0.8637916219281019
-0.9132690086618536
-0.9681379019149732
-0.9857131016824159
-0.9999559694425232
-0.9781794959903155
-0.9971956298449551
-0.8930169838830027
-0.8483113807230482
-0.7814170277935888
-0.7052524984128895
-0.6057877751840687
-0.5290169928031508
-0.35602901311981927
-0.2885629345389258
-0.14805096916044275
-0.011907672994382392
0.10354568692392031
0.24830854412183395
0.36535197682770365
0.44915531339308185
0.5452704500863448
0.6516743260340201
0.7420980744508376
0.8219518282118142
0.8768587954251021
0.9670278548473595
0.9588090104321644
0.9696567109996042
1.0042954873314278
0.9719782886006034
0.941717472667006
0.9062539683886442
0.8378279493781072
0.7789640662161418
0.6749549480261681
0.5980406066024437
0.5230764319444219
0.36133568583802295
0.2502624054738112
0.11452383935572683
0.024768638085021173
-0.1223728499746611
-0.20000051146918646
-0.31797751218028364
-0.4563426630882907
-0.5530700989489619
-0.6864574987768196
-0.7046460873229792
-0.7789355454469435
-0.8746912877958845
-0.9510937996466992
-0.9335047652781361
-0.9540588660074655
-1.0165779376594464
-1.0068454463129013
-0.9728943293074122
-0.8995355319438944
-0.8563252409747536
-0.7838298151648638
-0.6438540510747917
-0.6185777038576639
-0.4986881592652766
-0.34257821134803096
-0.2749649837200788
-0.13113095660717772
-0.05022725694065226
0.10240461808725362
0.1766635692180261
0.3180569169725293
0.4548799876696344
0.5533756499638568
0.6377923998286693
0.7330739832318183
0.8093690934177115
0.8844561187199039
0.9255205209656192
1.006762961829357
0.9875257167689483
0.9819291137730775
0.9654666029155083
0.9504091598375176
0.9536663437857243
0.8029732065451707
0.7800949605334406
0.6898844590352076
0.6176424692165419
0.5107490751519204
0.4049691406222154
0.28538229595268727
0.18626008181225975
0.04259594139533185
-0.07378581379224566
-0.19699981709741643
-0.32291816184159233
-0.43647936415353333
-0.5236604004373346
-0.6361542911536957
-0.7467112387767909
-0.8022111674712333
-0.8560068246925531
-0.9130668057879445
-0.9284759953068977
-0.9840126723230439
-0.9608166227502235
-0.9965446363920536
-0.9693361854578985
-0.908562570458591
-0.845990193183517
-0.7968552481140432
-0.7305957793358187
-0.5999935642621458
-0.513903329998605
-0.4203232268039866
-0.26604048453398976
-0.18054236787479327
-0.0340752208947793
0.07233863045774948
0.25830868574456783
0.32990202175568484
0.4548776051988326
0.5377172946751502
0.56798300993451
0.7462176706983227
0.8328001203091829
0.8497087033130998
0.8994324959943504
0.9805160368832465
0.9972998895072603
0.9857349954592837
0.9653219533094968
0.9396616903774304
0.9142902526012002
0.8739023192914979
0.7931513141030767
0.7193607715365649
0.6432298093384985
0.5375779214378219
0.45056578258853
0.31419099872691275
0.19144459626467866
0.050418281847608715
-0.09301049808185669
-0.17584234803660137
-0.3003885847190774
-0.3986102201735594
-0.5045926397475886
-0.6793239639069596
-0.7028578272390137
-0.8018749208929492
-0.863805309216618
-0.9160965413472785
-0.9520933513970816
-0.9411601539063339
-1.00883950123826
-0.9846826290672306
-0.9001977935789692
-0.8869795159552519
-0.900620801772923
-0.7582684846701372
-0.7079564090464706
-0.6187294740687683
-0.5210108132109718
-0.45216595245647173
-0.31009829793399585
