-0.2808771086371449
-0.2965823599446871
-0.34945354720095834
-0.44385630652038166
-0.4667742687466822
-0.5473734846138526
-0.6112376600902283
-0.6396461928257572
-0.672036373242581
-0.5888860875160284
-0.5230690659744801
-0.45950984212468804
-0.43989171718718284
-0.3159464390439892
-0.33142688562608746
-0.26400931318673726
-0.1755443764482416
-0.16604511721338125
-0.12483285844458206
-0.07105522622979327
0.0010760551423660471
0.05806548280653155
0.07217691129855418
0.15779132516833122
0.1952564682923985
0.2383356754301448
0.32742026136065816
0.36033233944785914
0.42015281708320756
0.4644029232415253
0.5555247037249049
0.5520099314323667
0.6558947576000377
0.6484699923556395
0.6063510979486304
0.5378355153224172
0.4843148055013114
0.4514744766796858
0.35268400238031344
0.31741373626647906
0.2760307313126978
0.21967500438732243
0.17006552252340432
0.12895055136282738
0.06105551639929693
-0.006350716336729975
-0.05235944749958879
-0.11478702759101206
-0.18555354446315492
-0.21529498341584485
-0.2790618464483987
-0.30951764477312615
-0.366493741863094
-0.4329824671249251
-0.4797062590924936
-0.5388805415210204
-0.5306776507303859
-0.6511839214725714
-0.695770565237283
-0.6124833642609839
-0.5287279481753779
-0.5010509892542298
-0.46380025114531637
-0.37334776841865197
-0.321434631322596
-0.307157164794878
-0.20972560103615118
-0.1606261814492494
-0.13374697565007787
-0.07246775439619997
-0.018982985197399268
0.03902429580305069
0.13564583195289598
0.13613577443543737
0.18883334938122892
0.2341982020898893
0.3359185640989362
0.38482345350309327
0.46003521496541716
0.43704374285034575
0.5592314350755231
0.5767376192283565
0.6122997587472112
0.6305134965236742
0.631681794202679
0.5572128638729498
0.5083971957458041
0.4480159071933387
0.38116482618467584
0.3235212569242947
0.25661066655824666
0.2392930012885038
0.19689664308008906
0.12363402846930754
0.03969913601248277
0.0029190632605913935
-0.023236715568129646
-0.10822309643916798
-0.13035955603479685
-0.19700931233030367
-0.29289248455446654
-0.27093123567772726
-0.3675410261943338
-0.4040035083313544
-0.4569992416816417
-0.5227087990255959
-0.5751987105687592
-0.6264793260558262
-0.6451569854389801
-0.6087484511383879
-0.5419410399944369
-0.507334169373572
-0.44634308180350524
-0.40840286768604456
-0.3342798502247168
-0.2715424377412701
-0.25666957949526403
-0.1983477954472362
-0.14561633321115333
-0.07620260628291946
-0.0033236329676682025
0.02185182675531031
0.08046274138696907
0.1394608028410595
0.16424562256676825
0.2661981952910509
0.2883521370729453
0.31922710219122985
0.3942853813837095
0.44223389703131927
0.46526333566287925
0.5687976601568733
0.617163064099762
0.6492823071294922
0.6085756887967748
0.5361050087254667
0.5167447015009801
0.4037330882324788
0.38565872506787885
0.3366117896072733
0.28571353941680744
0.2621695333881943
0.1730357487124399
0.12392461268121821
0.11201201297683108
-0.011325494121100177
0.03114720738862909
-0.08192538683422317
-0.12448612919402578
-0.20078500867238522
-0.284366461610136
-0.3147956344431309
-0.3576975120202072
-0.3895819582351522
-0.47055627245158727
-0.4824795423002457
-0.5517384488108283
-0.6410498599811015
-0.6527583234158145
-0.6089284782786593
-0.5697139727044762
-0.5435550449865241
-0.44486214689438625
-0.44188890970638683
-0.3406974246653072
-0.28840702128797036
-0.2716655596612719
-0.19475947425463586
-0.11702696295318668
-0.07921361819000314
-0.02886432183630492
0.019374821578916956
0.050241994359103724
0.14736062453118096
0.1876832563688062
0.24496617921429176
0.3058270316083534
0.3271922724982837
0.3941182182786154
0.43575664169685757
0.5444088391477526
0.5759124960496738
0.5922712742092725
0.6647733901450672
0.6294390838274391
0.5736775921499028
0.49206303802726015
0.44678058902785506
0.40599602732291307
0.34266137459198137
0.2694236499125615
0.23567720208084736
0.19346109904726216
0.14835000982651086
0.10011994791866466
0.018670014646016635
0.03227383561043399
-0.07562890603639792
-0.14686581277771793
-0.17675816290472515
-0.25127769990103443
-0.29208221991434447
-0.39025933875753294
-0.4048766511232972
-0.4593770255359917
-0.45128965973988416
-0.5794477596623624
-0.6028173836741203
-0.6701620133263827
-0.6251583009503362
-0.570377233433555
-0.5246426849862913
-0.46865776138052867
-0.4216002906517567
-0.3851450293059519
-0.2867151662266823
-0.26255198499571314
-0.18717712924598268
-0.11558799189534967
-0.09293588901041996
-0.03172994860067569
0.08709991867385707
0.10669128058284845
0.11325884116426052
0.14986777983131377
0.2306997525329575
0.3052656534729353
0.33266981125482853
0.3826140361853558
0.45625050469555595
0.5078356168138893
0.5884812555464974
0.590087869576611
0.6624642892837014
0.6206053837636902
0.5626559627195676
0.5494844130154438
0.47287965715656444
0.45113023660977014
0.38200079619047755
0.3036517586512901
0.24289539465872714
0.19646755199164614
0.10681077394294411
0.11608766666038077
0.01856253849372029
-0.04012845922040294
-0.053830023647594816
-0.14370648993303298
-0.17527100380392607
-0.23778871677127075
-0.25281423909374584
-0.3622480628494482
-0.39312764175812787
-0.4487043296828085
-0.4881368401141514
