-0.6786552465914131
-0.5803659565543757
-0.47693974414028506
-0.38943216093881977
-0.26596998491216683
-0.17384281354076872
-0.05770597469605337
0.11689402826917453
0.16487907559807594
0.3362504547794112
0.41168867619340216
0.5245485566696735
0.5812694105133391
0.6198702456973386
0.6798837827304922
0.6798425452465624
0.6353946235016478
0.5829207137357585
0.5370925097594264
0.445491320131626
0.3811694906857263
0.25225090167013475
0.11543761614739464
0.015044681112780452
-0.10855232393020597
-0.26484878988082283
-0.34627173741801587
-0.4925338782894101
-0.5527208475768336
-0.6145076512772302
-0.6696289358639566
-0.6860608389551388
-0.65949210248424
-0.621392621202487
-0.5853053558429288
-0.5626392908824445
-0.416367356392362
-0.34431005317639407
-0.22017518185198004
-0.10557444022282501
0.022950566190865218
0.15274684345217343
0.29999095339834253
0.3770509794235526
0.5069387210736536
0.5806771177535227
0.6282627712422368
0.6844051603754515
0.6803693534252476
0.6545213642119668
0.5992063914518052
0.6006896098618755
0.5207127666522651
0.45474017847661913
0.30532880079327335
0.15772802534307906
0.0910768763630242
-0.03413186408346153
-0.20591394032547586
-0.30062544530124824
-0.4346848446147253
-0.5256830612533574
-0.6266827491633229
-0.6428556081083092
-0.669142097533279
-0.6786135283554982
-0.6890116296494212
-0.6524166327060745
-0.5765134278777818
-0.5322858812659236
-0.4226415138901606
-0.3221300207698666
-0.16971383938320386
-0.05379613945409362
0.08556486394794245
0.2178220043643694
0.319496740643098
0.4701799803341693
0.5299857809869126
0.6115180898824645
0.6521187290817771
0.6897408158733613
0.6911219444031739
0.6606408920315601
0.6294798636840662
0.5161735499143995
0.46853524356040976
0.35566883213915057
0.22215200077671665
0.13699109801059145
0.015969729079933576
-0.11544179872665161
-0.2534406563649786
-0.3730694091257968
-0.46295312239514774
-0.516947325922984
-0.6111945515154731
-0.6728516434256737
-0.6950512249555922
-0.6747048116357665
-0.6550144580498163
-0.6055263060152115
-0.5413533439170307
-0.4449281695075662
-0.37187089210917734
-0.23018281021610024
-0.10715512117501796
0.025770945210976073
0.13940733132866331
0.25565377159355046
0.3851819394974398
0.4857223013439616
0.5723927034793573
0.5983635720493848
0.7068305021751654
0.6593516092932704
0.6280884690398242
0.6301111392578598
0.5844554234928506
0.5286412008329854
0.39654275403984096
0.30680611200001706
0.18170735768159568
0.05212337778177426
-0.0672338386415224
-0.1698299500378304
-0.3255875085900346
-0.40169154628018977
-0.5107252571621512
-0.5999319778766445
-0.656864812183806
-0.6764898773601505
-0.6945346077885517
-0.6450690273098855
-0.6844542764523491
-0.5788511006383925
-0.4853897633847416
-0.36930649228732365
-0.2642403693318986
-0.16666254785681892
0.0012158241976558785
0.08060670233079376
0.2409761555220188
0.3126528148125395
0.45225445133764464
0.5588095093848195
0.5784470796378921
0.6659032054685784
0.7204655721600466
0.7029540734536605
0.6613069566566286
0.5931559300388409
0.5511368177069779
0.4809478774525034
0.35179306277839667
0.24406263843219506
0.14782308451951692
-0.010799931546358083
-0.14758789488916818
-0.27781768924260725
-0.38121748634977054
-0.48750093529488886
-0.5714635372775783
-0.6256351447514054
-0.7038646603148678
-0.6922142037124249
-0.6895556322703011
-0.6428944642060831
-0.5475814398734946
-0.51305854337926
-0.4329156477228978
-0.32298373356753135
-0.21417663995512803
-0.06365220201592299
0.04878512238480486
0.1740686285855552
0.3209702857059892
0.40870947913798916
0.5020847578196297
0.5969740045861456
0.6178014434673249
0.6679662388592935
0.6818424370191472
0.6703452772470126
0.6180853901456886
0.5578969310299556
0.47793788428294537
0.42809002345098995
0.26931333823352677
0.17042900405655265
0.08923491119404833
-0.038732907509357324
-0.23167542089305004
-0.35312107349037325
-0.41623749269469534
-0.5263439899093364
-0.6093963637671199
-0.6334646867747684
-0.7154579520124363
-0.6725128148334816
-0.6673841644345718
-0.6167792934360609
-0.5746061280331883
-0.4282149369793492
-0.3662284750633687
-0.2547695502409653
-0.10760634314265345
-0.04139382912399207
0.13412882798110062
0.26070304013614815
0.35776756080898897
0.4693613474478371
0.5419613928074034
0.6055174142933919
0.6712611098320077
0.6949753477196391
0.6372090754356251
0.6767735867029926
0.5621733848743935
0.5695074476229337
0.44557978076079524
0.3302850513558765
0.2208287541392606
0.10718181599891977
-0.001878944542846317
-0.1914497774843612
-0.2580220651856211
-0.3955652572329588
-0.4671509135964591
-0.5405501568091896
-0.6153464145199758
-0.6435810797640549
-0.690839066028623
-0.6539679640663202
-0.6656916370063267
-0.6178824215243601
-0.5171893357009811
-0.42348375907034114
-0.31983532685545113
-0.20727840844058448
-0.07147970437185358
0.06068471636225523
0.1750193063897227
0.32317142490657713
0.42104192754320896
0.5084328157754849
0.5906643352963395
0.6235394208732286
0.6783587904810221
0.6451519737605382
0.6641223881324626
0.5673137850914762
0.6031479038010289
0.46100517016172576
0.37847201654011453
0.2662625132186272
