-0.8985783849758371
-0.9064853379798479
-0.8705509918995905
-0.8245078558901855
-0.7736954285595344
-0.7603587004705138
-0.7105421669363151
-0.6437131985831204
-0.6318834325133557
-0.5867565955916799
-0.5160497733905626
-0.5238471694860154
-0.48195774284218057
-0.47255004962799635
-0.3901561400650669
-0.3727175147365539
-0.34249797745754207
-0.3084255071495963
-0.27404677370741387
-0.22298626429713547
-0.19849114482756744
-0.16236389122850486
-0.12707196630467546
-0.07710141437353983
-0.02544614614034118
-0.031647565604334106
0.0039037296396567146
0.06941603071542822
0.0982229571849064
0.1274738230186012
0.1515987791966305
0.2247318546364204
0.2748335596013953
0.25237002733450975
0.28236351230781787
0.3688689253282032
0.3942750522216507
0.43417993459942705
0.44754655047960484
0.47567044251491647
0.5430826694487205
0.5726323056060113
0.6156431590175376
0.6604784434703678
0.6751293299332716
0.6915742791676016
0.7388809149182191
0.8072590962630269
0.7974780436975237
0.8854685145543018
0.9012019264640719
0.9110398894852186
0.8626180493615144
0.8489647502707387
0.8034358399126017
0.7553883667397684
0.691662472674318
0.6658410291300185
0.6086720444786785
0.5730107663289602
0.5723730603584436
0.5487023396543868
0.5026672353356099
0.442057899448427
0.4702693440482236
0.3633067187843101
0.3604382864257533
0.29874655921695226
0.2673770301782347
0.2030921629916003
0.19784884191785493
0.11954553837761607
0.10890205019485467
0.09853892601195213
0.021622956854271697
0.005269640649708814
-0.012511818927395578
-0.06330305634493621
-0.1281909459843691
-0.13309161243786496
-0.17043712568200037
-0.1831044609391847
-0.22027136908322906
-0.28993934391827547
-0.33549272141555564
-0.37960562252505575
-0.3959400438783459
-0.4372703652504337
-0.4482669976976757
-0.47983431160641965
-0.5442253998839224
-0.6069561354807984
-0.5985795497642126
-0.6460408667101641
-0.6994516721117616
-0.7051734116175448
-0.7695637287677519
-0.8113632036399271
-0.8252981165471474
-0.8716279973813764
-0.9083404436393915
-0.9163787962704775
-0.8859010320268923
-0.8217745144668389
-0.7795006460517824
-0.7795185253645944
-0.7267214960447521
-0.6692631247169016
-0.6543562790469708
-0.5844204865157965
-0.576098658315368
-0.5407208825222485
-0.4670493823645897
-0.4722719104468414
-0.4171832562714121
-0.366736340855343
-0.3758233615384395
-0.30033957513042964
-0.2834800151537352
-0.2333821518027361
-0.19188602402524904
-0.1777219199554769
-0.10015313201544576
-0.08285073632295042
-0.0307750729292241
-0.03393574488443575
0.008592425163353916
0.0404297090453708
0.08743549671922372
0.1639352769536263
0.15648515886394135
0.181346937629702
0.24371422772187296
0.29698397630576806
0.29828763383330664
0.3636863437226792
0.3680709658151289
0.4209045640977076
0.45465662282062536
0.4904645588389992
0.5504516390406898
0.5351816216460255
0.5999173415191255
0.6474890839124626
0.7183588973725028
0.7293099198285444
0.7549033546575591
0.7983507058448929
0.7893649642737375
0.8678961583437887
0.8974773332827489
0.8782567806538792
0.8425999773873221
0.829408699153849
0.7803827836591287
0.7319205889057713
0.7468104182755004
0.7114339515310715
0.6761361146291484
0.6389019271014075
0.6020251542814523
0.5239797675108231
0.4929494594944618
0.44344272394594225
0.42918408019497617
0.4177482618594163
0.3081360964798541
0.2943698697057137
0.26152655415205284
0.25222741141617083
0.23200825751769955
0.1871936551765301
0.09824575583751749
0.10780180313124743
0.07641795154840395
0.021175665390261205
-0.05322901561143415
-0.06349127020179982
-0.11321734537221495
-0.1422490510655287
-0.17653810305850984
-0.1839452882939424
-0.20631314904687456
-0.2877321822151542
-0.2686968868999684
-0.3767446758642117
-0.34996220711121395
-0.39331306223321755
-0.46063958372409425
-0.5177741994706223
-0.5284047213217087
-0.5759997777921861
-0.5761152150168222
-0.6297557352383211
-0.6638958344138556
-0.7067467526301924
-0.7538568075368259
-0.7849078009059974
-0.825910722759808
-0.8939270225431718
-0.9073528007200455
-0.9036106454956805
-0.8763257837785018
-0.8024456939262785
-0.7932784053998319
-0.7649748453305149
-0.7106815157432779
-0.6922667750746274
-0.6555420822022241
-0.6243558715773971
-0.5867042369667984
-0.5422667002277983
-0.514216702844618
-0.4829514773288044
-0.44628073903216886
-0.3666939588474561
-0.3497046593875576
-0.3592741501361746
-0.2679825101011188
-0.24273694177529584
-0.2207946452388611
-0.16882940889281794
-0.12368014689511657
-0.10045830936978908
-0.05155308363333811
-0.022974937590262052
0.0254016206669844
0.07136554775112884
0.07578194075726127
0.13625625690287382
0.12580385527738608
0.19794463996010708
0.22189584982232707
0.2426144880771523
0.3039615588561733
0.3203453460504338
0.3881444961396041
0.44199309128993924
0.49417540061264725
0.502927838414029
0.535819580893703
0.5540241518405042
0.5803234605861188
0.6236223995530882
0.6704486661011552
0.69532251947922
0.7304554526505083
0.7694706094975091
0.8090810647358123
0.8586799006131877
0.9001614599543258
0.9296066275982204
0.8769177136985281
0.8293025888522338
0.814167536439954
0.758603710712372
