0.3313959017899634
0.33356428026080914
0.3934228704934311
0.19140075459230124
0.06454697014522359
0.43012592813529826
0.05473918359337684
0.32467690100696717
0.39197954234152815
0.2691386547869132
0.19010058558743959
0.21691996596970514
0.40325586751914183
0.19405982973385813
0.4873756608701217
0.07921681672388223
0.2701195208246203
0.06547950519850927
0.13363320686908514
0.3712562204606933
0.4493453907181981
0.05263460269058389
0.3568851796515505
0.2557605829426191
0.23306875306863553
0.27644055850758564
0.07958817218790887
0.22588966331018626
0.086774907129732
0.1383527765601986
0.46180105868619165
0.0597273611548214
0.3025071459887978
0.4845951956142662
0.18392399744493848
0.0714013307330972
0.251380644173743
0.16658075611337342
0.06779434506915115
0.3188353582407723
0.3263445241210792
0.011121063836704581
0.2082137015245525
0.2907336103376138
0.1423068992152883
0.21193111047722396
0.07571680691549591
0.38883020564059534
0.10419262175523056
0.30356164719417783
0.2595255948517853
0.1585525047476713
0.3781809004917524
0.4397045194054312
0.010314586162509333
0.2354670087291285
0.23534766832457826
0.21929837335222774
0.08726580094009664
0.28533960559180815
0.4766183333258624
0.3775037624794149
0.10683832725766723
0.3662590243211437
0.12937034391802216
0.40556409849754227
0.17825328349109876
0.22335689379914753
0.20996389721175052
0.1321473140684773
0.4433137388773025
-0.005750155016787461
0.11031363678240806
0.26864815469609465
0.10149012835113616
0.4327538410446694
0.14069260768575131
0.13385482274510907
0.12105275775296842
0.2057062098127919
0.010581460493306577
0.16762865517040942
0.4186489222945228
0.3572988288831346
0.32698503209554225
0.2919484373502997
0.34675879693052364
0.1880921597974691
0.3415196239702231
0.45708816095666266
0.3560105842587979
0.16305297748684647
0.2456873142301685
0.37787034227126604
0.050184446124198444
0.07729017508016515
0.06352014828807642
0.07674983203308466
0.1602041244549164
0.1342999801609448
0.34786030195081535
0.19447300009098406
0.12307819503856662
0.2318011921587958
0.38760030764221765
0.33973024563684723
0.07244468722916884
0.10543270079352181
0.2277748690463422
0.034762866585910976
0.23067524363219621
0.2401690146386299
0.2631121253641347
0.24842127766487648
0.2945315100065591
0.07621054417758241
0.02286154169738237
0.36534745497090876
0.07549796243181264
0.3377027197858353
0.4351156812095263
0.2571053939173063
0.21473675913885745
0.040236009794634
0.04185666299884299
0.16445701048768901
0.35873246297647315
0.3004555495104156
0.23458204783756093
0.03664283805453978
0.3111264471763722
0.36161494827535057
0.1054795450488279
0.4503481393862319
0.29055915155961576
0.4332988230960602
0.026698467334114833
0.4436863427210724
0.29909433092830623
0.17601877034781463
0.08025962263211306
0.1582302838750102
0.2537357220164782
0.3192132853551853
0.31028259078933185
0.17870049593338044
0.21106063328467808
0.0070248821465802285
0.4390155327055116
0.11036928036659897
0.33216437896662065
0.17158163191435788
0.18826655205886367
0.3740573298511899
0.10364655533287744
0.3701248187587608
0.10291084033480058
0.277767744255711
0.20674786572436687
0.27893128179539617
0.2543249096865338
0.12045104168578756
0.37025453612559617
0.11357677968405863
0.0142433585502736
0.32934319309985965
0.1545369731006182
0.11787053192839403
0.08461448917762968
0.1811553744173661
0.48036221432192466
0.4679861055623353
-0.001614845577821128
0.18035294219173767
0.13838343181672694
0.26338100385099705
0.09068904591233379
0.2818705729550527
0.47531217904998174
0.08350642178594328
0.24712789815946415
0.33216177573452427
0.11449472473157389
0.3188363665116785
0.062549079348024
0.24748357608844257
0.1967605745853504
0.10407158439888625
0.34507422328501663
0.24711857893958775
0.34428040489344786
0.4597616756315247
0.07812328304857016
0.20503429890114494
0.3613506187603279
0.04537190812657243
0.2533645172548227
0.18930176253733086
0.28407955146437036
0.4615709989650751
0.2716644914126091
0.36290748035610987
0.10057059130389401
0.06584715037589775
0.1939589073900747
0.463892621513734
0.10570520897826428
0.07097414230564479
0.3281014192287788
0.2189794898926126
0.1313771086702
0.46039986076793954
0.1620370011369053
0.3681908009200036
0.15721178125482346
0.22546444162157092
0.45409807062114443
0.0828771403109616
0.33516938469154545
0.41639524177456333
0.15240002057867652
0.04932612119286245
0.2373710068621755
0.019442173031323225
0.24251253950926907
0.15399271352458066
0.18546195056490272
0.1596912708551509
0.3177930376644207
0.07726765601360107
0.17414090621260725
0.23332392805088625
0.10396316227271113
0.44480749745297943
0.4695077080551083
0.4314071127939178
0.3569664428247039
0.2854359136976476
0.3838508948395947
0.07136740949549916
0.32090679241977393
0.11824025750174226
0.01779464859455896
0.007521664560893259
0.38823216705680497
0.3990463620105589
0.054623763512164636
0.38311423397995087
0.30517107485611944
0.38172876888744023
0.16199746189381667
0.3805872391606319
0.34282502750137184
0.2545720753966311
0.06006049418863736
0.26539615340616896
