0.05638579790530751
-0.014581394639695731
-0.008944480980173756
0.018726332373328363
0.09078920936508672
-0.004580094759045979
0.007549181581142024
0.014409856483034542
0.016880052034256306
-0.0033053197109993507
-0.012631684816563477
-0.002414605577711048
-0.01440609566685757
0.004731672305980249
-0.06208856210302559
0.04537092325779018
-0.010659348592260275
-0.019834960245695428
-0.0424064301784005
-0.012070852672065707
-0.019232521616075412
-0.0068028460710788975
-0.014984445407870299
-0.02134850114495484
-0.034868938182065046
-0.05152224925302308
-0.010090346883810346
-0.006036658053593824
-0.028924941997133767
-0.041158228326131516
-0.004204972956279904
-0.05167147128232654
-0.03660418020224648
-0.04536631668387051
-0.08233356356696833
-0.06547975508538581
-0.0011614707792699103
-0.07816063279407012
-0.03277387876191327
-0.08460812354976395
-0.021012522859004856
-0.05002117943006717
-0.04247226315342222
-0.05597274605679838
-0.09677090681679776
-0.05465849610840879
0.09921852286901447
0.074992408326879
0.021465102385119714
0.09737322153035252
0.0587918882640273
0.03702118377389682
0.04790794035414536
0.03948000650646436
0.022373509345512188
0.037903068392865474
0.059229058367780446
0.026327203609360847
0.030772721244425472
0.01818716464822671
0.053969696751424115
0.021768297678378082
0.06111411808388962
0.008940594327017597
-0.007031886240785469
0.041289163336429555
0.022079872179250747
0.01302409919292998
-0.01630158322244561
0.0014919585873201385
-0.0038063563935693163
0.025179721605219405
-0.006873914437938555
0.04367432281453181
0.021311902354603892
0.007276088422203435
-0.007304433168885593
0.013305404510692974
-0.028097566994248837
0.017165878478756554
0.00018657045682266438
-0.021659040714889048
-0.008041258691417315
-0.001829245341446772
0.0066884272056664616
-0.047191079650333506
-0.011949083861351052
-0.00010752606543030022
-0.04770740077694653
-0.035243592079367864
-0.01675322719151355
-0.06112942679169345
-0.034305047506445065
-0.04727434923362545
-0.029481962539929015
-0.038894180939928476
-0.03896338297227568
-0.020239588157698545
-0.049447170336668914
-0.05589695121608365
-0.016731649711331974
-0.050611113175163466
-0.053979898833201735
-0.051515791812669874
-0.002309286126770199
-0.03938861480407585
-0.0625995141437447
-0.016959942437280343
-0.04910330383941549
-0.04239204533977446
-0.04901605406740025
-0.08858644386559518
-0.06795319476096312
0.05612248635459646
0.06570132869513101
0.07001462476091173
0.0715787685267995
0.038025651198242354
0.06934729344006849
0.05271070481474985
0.039820543101022746
0.028745867198401782
0.06456560223044752
0.01090197573916524
0.03207888042270194
0.0006469861765616494
-0.017087497780679112
0.047127028425338724
0.03852134524223351
0.03506606777534273
0.05175068527041198
0.012738907392944216
-0.01236824123252719
0.04577833964479022
0.0015579626759668827
0.04113805169943498
0.015874824200482508
0.0061026404757989205
-0.007273556013540494
0.03762171838495143
0.008294991646745367
0.0160362524373131
0.013464821479936611
0.01627543353056391
-0.035727104786174975
-0.020258961891176968
0.02491585734781188
0.02245982720000418
-0.015017065278729095
0.0001204512107670858
-0.02887126186259411
0.017252699347854547
-0.0261755219139757
-0.005660041967989639
-0.04793979875170449
-0.009389125423372245
-0.0009865372766739884
-0.033511767320046765
-0.020188269968875024
-0.01419252503874439
-0.025241561339055356
0.002256099914882674
-0.02161658280941365
-0.015447806789880763
-0.05936279238650494
-0.0307561046417709
-0.013082761144510468
-0.04237746508324758
-0.04573312693520211
-0.017783841383917472
-0.07860208092311077
-0.02640331206428132
-0.07739695107123476
-0.05080343195537553
-0.041838833168970024
-0.0454138573072278
-0.07086090485125343
-0.08461435895296113
-0.029052805393590325
-0.0330260063267533
0.045712123217239914
0.04994398013390459
0.042911836113273365
0.036529521795071976
0.04346847157236254
0.05645346492550542
0.04575652355487781
0.07434281074154578
0.05491831409569037
0.07252674156609207
0.04756639017222472
0.030276532847839245
0.00571484755029486
0.03858491496869146
0.04253281205374739
-0.0012361168140378603
0.017534655349029545
0.04112970179814644
0.007694361065383085
-0.016245174246691193
0.016339896428714668
0.028790171279879588
0.06783410522050341
-0.016590965940931016
0.04852429002685162
0.01955647037065047
-0.0016854059664317012
0.011737546607419115
0.02231431188465735
0.008465070172076507
0.004109099808742078
-0.005201776559526453
-0.0003899679210041802
0.009432424588355004
0.009987026183601953
-0.0036413325718254925
-0.02791476834987005
0.01695260756981614
-0.02254825067986775
0.01658858181779255
0.008351142970410137
-0.020382566693890346
-0.010810065635935066
-0.03007161781056139
-0.03192030632045349
-0.01852686690605937
-0.03877671695429982
-0.056642198027564955
-0.021706822620583134
-0.023323441979617575
-0.07398593426918935
-0.030061245869134046
-0.037320375413844906
-0.06659078813301215
-0.010263939341027064
-0.03886828582176653
-0.012816201336733744
-0.05588296476932644
-0.005564760477903774
-0.050146363700608175
-0.03476593769837868
-0.014367885723742292
-0.05634846629899285
-0.06916158557827327
-0.018722066036284055
-0.07354774511544465
-0.07986134002812958
0.07616507964931532
0.04307170432794648
0.07485290316564953
0.041746830840737464
0.05445853071199338
0.021990384484734355
0.06960994579897249
0.05537745332045388
0.0387784406503355
