0.5105954386261446
0.5977990824211846
0.6663401152427236
0.7450798957032535
0.7756834825275523
0.7902517410513685
0.7370576520983925
0.6609681136020954
0.5724383429225977
0.5391234706003415
0.4688165631184188
0.4369029321617281
0.3686442760765525
0.2719546661701658
0.18610773926106822
0.1595929980503825
0.059059830938709465
0.02281493869069441
-0.04906054099066688
-0.13299189567319894
-0.1864646618848454
-0.25027120113611073
-0.28711333569967923
-0.4063130580082908
-0.4259490608343812
-0.5341965223310708
-0.6227437705558395
-0.6840110524427749
-0.7377029968002904
-0.8013357628645849
-0.799213130243476
-0.7462048517653775
-0.6600277410155502
-0.6222144515305679
-0.5336499737494352
-0.49000676444137886
-0.41724942224495365
-0.33541946182058857
-0.2783959007334249
-0.21059482024784304
-0.1415457035760691
-0.09758529394925407
-0.0017433118687141952
0.06685552974062883
0.10670212544258124
0.2208505151649117
0.2532675450394593
0.3135771639027064
0.37097109635036235
0.4122683534109424
0.5140470217573287
0.5869669211832885
0.6507505561876202
0.7205648961494127
0.82379430730524
0.8144522024038543
0.737876024836975
0.6937358366655967
0.6174742998683779
0.5138699844339485
0.47047161729725634
0.4045032892922016
0.3408093264691642
0.2657282867964928
0.21968405926673285
0.18036165662455236
0.07884561108460522
0.023263818991969065
-0.06275675496498243
-0.11776506337490815
-0.17057403344798666
-0.23668676406446906
-0.3474301259667112
-0.39054810505606974
-0.4381543426642584
-0.4977759639608155
-0.5730626635552214
-0.6660405968838837
-0.675778059476971
-0.7618063360114367
-0.8229878620259692
-0.7601052790166232
-0.7196336085483352
-0.5829831083632505
-0.5442429822609595
-0.5203931028112903
-0.38683670601043835
-0.3381210338092795
-0.31149069238491356
-0.2416346119835988
-0.13317018817556722
-0.0972749074451035
0.006848847627192772
0.07806093959588592
0.09341591827796132
0.17254132223510293
0.22905594904912024
0.34104687995074523
0.3859119955697771
0.4276561853731895
0.5350730205001758
0.6002693931045865
0.6577026289505205
0.70138218390292
0.7760349542785945
0.816176240309594
0.7410198008116338
0.7119784394391229
0.6346243347329292
0.5369517643692384
0.5142215202322411
0.42084652415960494
0.33607504105892283
0.293876438386783
0.20432672177664307
0.14046848021623895
0.1221692946981024
-0.012177700564852657
-0.046164733838650406
-0.12072094409150189
-0.16646830846233412
-0.23140109359468752
-0.30073529674143284
-0.36597206248496034
-0.44668544453601905
-0.49961033987917747
-0.5808302238654679
-0.6605860463113049
-0.6836429981351616
-0.7628272626523463
-0.7936526985552116
-0.7473908556336861
-0.6887591579929873
-0.598523755893119
-0.548601138396569
-0.478748544806768
-0.40437018918728806
-0.3657106297358453
-0.2992992462267385
-0.2595611926054726
-0.15940588374770115
-0.10294518600014951
-0.03990141800601333
0.053282851916445224
0.08640220685239085
0.16654807672989194
0.2148624066552244
0.3214780404869598
0.3730741517114676
0.41955502465996436
0.5116057272471033
0.5471580784633645
0.6159416877459162
0.66571254573714
0.7859139078112575
0.851767412488933
0.7458436293157021
0.6731065619172294
0.6196747486792678
0.5645055053436003
0.47417194429141246
0.40285972858277663
0.37394980267369865
0.30634095243840237
0.2233256328368747
0.15623734445385037
0.07417100347278727
0.013157405808858595
-0.029374942953090222
-0.0789715346162532
-0.1369687292613008
-0.20439093369411482
-0.29032736096174544
-0.3499182982122493
-0.44201140910759845
-0.496520670900509
-0.5808214337990435
-0.6465661791543735
-0.7110184003973451
-0.7797121426844367
-0.8205562527356396
-0.7807018524907929
-0.6606841886783201
-0.6211874945595056
-0.5666157971606902
-0.487198174336307
-0.4348300731457497
-0.3580768259017681
-0.29469079223987227
-0.24495083646134638
-0.1422767817325284
-0.09010688714536556
-0.030071838612287384
0.01759150362963887
0.08542504499730275
0.14545669594030358
0.2461080766594936
0.2695271388578672
0.33959589737098
0.41420154813631554
0.46256609030269424
0.5516685794938383
0.6268297505430661
0.6824048242561452
0.7532566181202694
0.7930468947740328
0.7710956348759744
0.7032017203731917
0.6176305320421215
0.5983935116458012
0.5251301281803362
0.4209041444955268
0.3857949829179048
0.27975178052657984
0.20579529147950582
0.1538847788678078
0.13429754876244462
0.04970409200890056
-0.04626670099377597
-0.07170446525250117
-0.1620300947473713
-0.2393904276876858
-0.3208939436513453
-0.3366334729117202
-0.41230210311293836
-0.49002170129179423
-0.5647463180282996
-0.5956465040463961
-0.6897995806914978
-0.7482719907723554
-0.8052502429637725
-0.7720252006163019
-0.6878158869171916
-0.6229215272907146
-0.5872819901349535
-0.5180305725699751
-0.42471689813609426
-0.38988425848570946
-0.30843028504233305
-0.26431248122491335
-0.18153105217225984
-0.10704613584999677
-0.05495755967633994
0.04014230178656185
0.06331688230870784
0.15427629947617108
0.16775309838187702
0.3336786541511374
0.33788327863475887
0.39858421348210776
0.5108914965807179
0.5754508018839858
0.6169876578462108
0.6685113691162584
0.7619699056961956
0.8163954893984929
