-0.7420121573136232
-0.5191336747322829
-0.7434376316800285
-0.13274222024950208
-0.4605548133758138
-0.15864421947202056
-0.5774656607688878
-0.3789816780722237
-0.4203948553472887
-0.14230783401226685
-0.5886958970584156
-0.4895798096007134
-0.48199564934737127
-0.2141777423576718
-0.13562426835823788
-0.6639853990413264
-0.6678227444932305
-0.6933421154270294
-0.5853702348418566
-0.5543307948940736
-0.7600754702636814
-0.22282662205649845
-0.2889792506472424
-0.04179054809169018
-0.4271764846702524
-0.29143382713482424
-0.42347942309712555
-0.012514108703209757
-0.2845620578255567
-0.7071410509431032
-0.35166558952775684
-0.47045665242552814
-0.7231589788722401
-0.5241843998386053
-0.7306524986643832
-0.3111710050851102
-0.6258096693747016
-0.5342875837961956
-0.6751524836459727
-0.43840033017962093
-0.21672618349556186
-0.45395177843227413
-0.10368735604585372
-0.6292456545528
-0.6095580714081825
-0.51237595032415
-0.47679674661873217
-0.3379229782479248
-0.30668533799878034
-0.1946417362438999
-0.1108300698597853
-0.46260660944938126
-0.18136895828793148
-0.09533706826346261
-0.6769099240404542
-0.03785382688748079
-0.6568285971462235
-0.4114470716065766
-0.5886109599769233
-0.7813436358913411
-0.003602370198425228
-0.4763939695796313
-0.4671932261194308
-0.08739706065120706
-0.6077862938343986
-0.5571472770012543
0.006193771739648475
-0.3202189646173886
-0.7312276609429518
-0.7340800946744284
-0.4620033894674886
-0.08789166123267607
-0.741383316056175
-0.06285584412285185
-0.7441773165190154
-0.4014220661178578
-0.09681044681681493
-0.2130945786037328
-0.47549817949739537
-0.6045639789203645
-0.415446477251189
-0.4239310647619356
-0.4124246178140893
-0.13238654070275627
-0.27538028520063307
-0.7606017409312729
-0.38943368971788944
-0.19848325984454793
-0.4133758380286762
-0.16888373077129343
-0.4329680509278399
0.009468757240326378
-0.40593317727051653
-0.20419310301946877
-0.039391082036733804
-0.6049273958395797
-0.3812244003028705
-0.43812351713716885
-0.7779785415152266
-0.17355257485094108
-0.3050604428166788
-0.4080332134402162
-0.3020719352964449
-0.21406861101971042
-0.5716782199156327
-0.27311361757098485
-0.07961149311293077
-0.1858512731503713
-0.0960766819445164
-0.36137737533341396
-0.27513431551128353
-0.1280453728453776
-0.5252811638912241
-0.460184863205004
-0.4836171066095568
-0.22025242150213464
-0.1692781723988927
-0.19308460447016995
-0.594787463655242
-0.6569956677494923
-0.18990119605713815
-0.33436190225664736
-0.5148315158571821
-0.47701167487232277
0.0006928948297404078
-0.21617352691255443
-0.4093128116599225
-0.7167531089494326
-0.6478071724754099
-0.7111221002916417
-0.026910749054946233
-0.6297563522404171
-0.4104143094559298
-0.15031006869156283
-0.07321699503165267
-0.6354587772797321
-0.11867907941858365
-0.7348490353819318
-0.5715691468138517
-0.5709049311627102
-0.5051564320908956
-0.6358042210849394
-0.13028684085152484
-0.13625937592801562
-0.21144228620008199
-0.11863137194401244
-0.16815800834656267
-0.5048969172374953
-0.12785494960049712
-0.7672060913841742
-0.348789700537535
-0.12713159804888288
-0.7582211607696729
-0.46978166333912946
-0.3940783361412322
-0.26843567630613946
-0.031968036218511846
-0.40966343265974753
-0.35188976657215537
-0.4939689026559834
-0.6571266550675289
-0.1892919456096995
-0.6439609232909378
-0.5651660807184099
-0.4995913778949444
-0.6352305753756
-0.3441987469349193
-0.12800921794565523
-0.57804997086954
-0.6668842110599427
-0.3329868053162052
-0.3896292268429859
-0.6944465819306784
-0.4464348584318996
-0.4853832904328061
-0.7282585018515356
-0.7723286691490817
-0.3667632368270389
-0.2374623751624545
-0.5170956729139444
-0.12509656402548475
-0.6439116967339352
-0.4332225280649562
-0.1433410551411906
-0.7678633915895156
-0.770277159487804
-0.22692608187884533
-0.18042259402537716
-0.521630784619892
-0.637435011405531
-0.08944653210969851
-0.06825961980889682
-0.3195228092445108
-0.5039116510170889
-0.11312444135090868
-0.7644359806601385
-0.3483425585206152
-0.5457444618515281
-0.042800441655838226
-0.13759362849538118
-0.7247987023088311
-0.5915587175733213
-0.39965305152274394
-0.5628801914280429
-0.21502015489921017
-0.17949330431461227
-0.7738524460769894
-0.1412659376128047
-0.013600358921123872
-0.4369361231715759
-0.0071621520371142056
-0.23117478865576283
-0.2972350267899022
-0.4376936184082007
-0.2804707581937343
-0.44489768685750175
-0.3595171301550684
-0.27016068879161426
-0.4118347548872633
-0.47660838056621885
-0.7386053141986223
-0.009968871985844141
-0.6719081742935394
-0.16118195894586262
-0.5327338726489504
-0.31651299829141444
-0.5815683295258984
-0.5352617534442354
-0.1982903110053899
-0.08184876396252463
-0.4855542747916771
-0.5150844054589326
-0.7067019627629222
-0.49492447018633784
0.002020347845242569
-0.7738265333498855
-0.490402113772689
-0.6459035360062301
-0.23372358086162803
-0.2785603944641206
-0.028923740399795624
-0.360224679786837
-0.4477607122711156
-0.36009426644988696
-0.6434733688320715
-0.10073793569482088
-0.29261138768676026
-0.3816811612690332
-0.5216623516743599
-0.6951539690096381
-0.382145416003666
-0.5786777110741127
-0.21988932755039747
-0.39494882398276765
-0.15041376754656596
-0.19553552921125145
