-0.2251304328047043
-0.2860531736467802
-0.31374996804145927
-0.3326097307147432
-0.30280485991696293
-0.24230890489706436
-0.19584971602998333
-0.16334962406291956
-0.158071749699582
-0.09704958695312237
-0.062450449185288706
0.034301086466256216
0.050382452824368665
0.04709950931228281
0.13210140977861615
0.1428077635836472
0.22533528594074917
0.23817218854796057
0.2807074450507134
0.3707659806440273
0.3093125339778187
0.25149996769256094
0.24359525252170774
0.19871681701263666
0.1408302854098469
0.10686736219263601
0.07098971883642394
0.03224129081730738
0.008151970503573806
-0.03328046008749034
-0.13415567964482894
-0.1151836310401729
-0.18895263802723103
-0.2335519330271238
-0.25039150252726133
-0.31567404896124707
-0.31600488956026596
-0.27384187757789963
-0.23793387413147724
-0.20058258046455854
-0.1955589028491116
-0.1413676605567856
-0.07921836233184021
-0.04760891049701679
-0.019822368388248655
0.0537551724995291
0.06174188026377603
0.1452158835085256
0.14760576032771663
0.21553093958976272
0.23933367371577075
0.28460860384964426
0.3361636859882456
0.3112039915980794
0.316225711450995
0.2732771046741702
0.19989380695586875
0.16959740276744925
0.11298350448694222
0.09028852741814428
0.03213212041029413
-0.029233265135700348
-0.08350874787514044
-0.07138891010971535
-0.09617399658669895
-0.17795089545067114
-0.22131217441041773
-0.24114073391992263
-0.283206590926953
-0.3574631580181151
-0.326319211380592
-0.27553894904524223
-0.21746670959217465
-0.18634147438289708
-0.12825597023697863
-0.09416713184446145
-0.08782160827522946
-0.019481300428496603
0.01265439061028293
0.08577568524741119
0.1172257949500867
0.16160422745055514
0.15410608242268073
0.21827290987716289
0.3080660214047736
0.3128116881269002
0.3535233712760225
0.3014580592218867
0.2575370933541616
0.20460513499453067
0.18373420117924216
0.14798175312103953
0.10862109016010149
0.07500457609399663
-0.011970980760779196
0.013553973787099615
-0.07273670023338143
-0.12008468346251447
-0.17342527868625698
-0.18628547996252756
-0.19820208304765075
-0.290048775476224
-0.3413461664995863
-0.32909003704953554
-0.2899645788278979
-0.2659507317315975
-0.22074188940717526
-0.19530672465488294
-0.0819891523578396
-0.06426520575794506
-0.039337011667726324
0.019289625186208876
0.0636058838820814
0.10897935561897935
0.10592665787323186
0.14605417550049232
0.2224115611085262
0.24142728753586265
0.2670563163962979
0.3548450157742905
0.34302076536897314
0.2765113289813215
0.2585217855861822
0.1926395187000262
0.15281953331508807
0.1333050752017682
0.10747622777656683
0.0501800919355265
-0.0428883718439904
-0.04978796542172722
-0.0714653683642183
-0.12159332893713173
-0.2081509172023241
-0.18059473366608433
-0.2656014913933045
-0.31092144106631525
-0.3209818219538535
-0.3145846326599049
-0.2906532425089211
-0.24610259024831946
-0.21460735470199022
-0.14888612768254184
-0.0679291071406192
-0.05827883585062404
-0.01748083128378097
-0.004956230873508112
0.09078286628047616
0.08472691368514354
0.1473090978255845
0.17641059654348284
0.24101782506313896
0.27700117464965757
0.3101793871440624
0.3456875575501212
0.32622013200093875
0.26090024700247094
0.21689997324616975
0.19167718934622358
0.14668632420990527
0.11831868695152845
0.05215048119273101
0.05662822094405166
-0.055114131850193024
-0.06111686358828912
-0.09635886048428302
-0.16694016335749312
-0.1745100782610292
-0.23397717654988254
-0.2722635792495216
-0.3272069954652188
-0.34184755820283697
-0.2850405691061674
-0.25049789927411886
-0.2067477225162576
-0.16100245277525496
-0.1601562732869633
-0.05112535831686786
-0.006037066189473479
-0.010440718910693824
0.01860909101303585
0.0953970876006868
0.1221407893673226
0.1558836309914498
0.19871802983390496
0.29833023566883143
0.31618059646493357
0.33958772532577375
0.3451473406359153
0.27368245605325914
0.23467857950256324
0.18906752897359502
0.1429496795770729
0.13954146544280044
0.10540632768004869
0.01283855809899119
0.00014038914660683896
-0.04310489506039347
-0.06876309709733464
-0.12512727422605419
-0.18108241766204936
-0.2519019030925373
-0.253285603169809
-0.3226660507279683
-0.30705597782088806
-0.3341939338031772
-0.31076606904382253
-0.23464638692259474
-0.1933043400510635
-0.15301037390306393
-0.10556479439047296
-0.05994203894916471
-0.012493283733115108
0.024535198368380612
0.04926943172819682
0.09044053981758657
0.14738164519426913
0.23356086008437268
0.2497756517445611
0.3223760926701378
0.31129009409474906
0.35977677454886525
0.3039983563231309
0.2443114021972333
0.2165435205144131
0.1466092529668284
0.1131097917097615
0.07960395084944198
0.02920996724937281
0.002890649392920261
-0.05375798109674386
-0.10690130312399163
-0.17030383630829293
-0.17030607578886942
-0.20644978489972662
-0.22909862151626026
-0.30477973937594816
-0.318496914131355
-0.32680339546564113
-0.29103321015448297
-0.2541258609276462
-0.19039786132361164
-0.18493687549490542
-0.1256276662644449
-0.07531585995979524
-0.029322455427250572
0.0068965823034873655
0.08012554526272478
0.08002617469578789
0.09478482486474143
0.1812562421372914
0.22456591018233188
0.24352561793973565
0.3065889156625332
0.34824739961751366
0.3160019904319627
0.28531743818075705
