0.9010543853758272
0.9021665842927628
0.8995172087227125
0.9423152476266576
0.9598500285303453
0.931155417709131
0.9312534903217575
0.9440086993167475
0.9602262814005699
0.9174974054762148
0.9131214562324501
0.9172842853800695
0.9546424292862108
0.9067169466887186
0.9136790262251165
0.9213243223401659
0.9217937935554785
0.9494500744113451
0.9395183291557436
0.9628497284565098
0.9537430971143821
-0.9262444786240872
-0.9607038809131097
-0.9574980669681191
-0.9557505595361443
-0.928212045193266
-0.9579602987717128
-0.9305539719786925
-0.9363122372628404
-0.9415347349022839
-0.9385342745579872
-0.9216625218735346
-0.9436059431832421
-0.9403527614806613
-0.9384978601573083
-0.9369785578282882
-0.9303470160547807
-0.9434785277945783
-0.9333785596071771
-1.0001576186074062
-0.9457380851265971
-0.9458698008530786
-0.9225946772823044
-0.9360860952212791
-0.9425813019941599
-0.9357491292364766
-0.9442885896828783
-0.9412597858945112
-0.9286950665560464
-0.9277631857771539
-0.95763727791696
-0.9495183098529691
-0.9099311589558471
-0.8998913542317238
0.9387708498693182
0.9017731361465902
0.8802768582541282
0.9271098981227188
0.9615351440842862
0.9283117831400598
0.9327461250945831
0.9028669461349869
0.9504106878610503
0.9262824640189969
0.9276778773312425
0.9339583271041028
0.9703100111170899
0.933931230182353
0.9408589777297227
0.9304112470573696
0.9285754130671203
0.9530845824605232
0.9445323327053784
0.94718687575058
0.8977232689137509
0.9075946890729989
0.9537070934522395
0.9368996660526033
0.9547666666732241
0.9345919952790596
0.9346008000888619
0.8957834140408683
0.9237088409686485
0.9232836767905626
0.9724039062767076
0.9366663822903603
0.9423681248942712
0.9690672655236814
-0.9764581183987369
-0.9713919507118801
-0.9337676279349545
-0.9242789135152826
-0.9105731427824172
-0.9328819533343155
-0.9462910236446503
-0.922347916783197
-0.9440999748279998
-0.9544461752905118
-0.9110218654166874
-0.9499907490088332
-0.9401010524492462
-0.9638802062657325
-0.9459155980464006
-0.9240158488093347
-0.9758955095621863
-0.9168657962152458
-0.9122174390678504
-0.9536592820197697
-0.961429615565551
-0.9253693379240386
-0.9329783636931155
-0.9332943654928928
-0.9444758952111167
-0.960818919201225
-0.9556033406926102
-0.9391861296974677
-0.9141949500160653
-0.9478498492551838
-0.9434712454726508
-0.9386362378136254
-0.9558328671398444
0.9160778359121027
0.9379873598154868
0.9512379669220918
0.8924348108184529
0.932430844458315
0.9290857773619514
0.9802808809383415
0.9296366178408771
0.9311745127351412
0.9278173483137767
0.8931671873639624
0.9411662636618192
0.9488921313058968
0.9434564657575035
0.9093330360104234
0.9344453806249229
0.931591407857216
0.9306232508462803
0.899636398365604
0.897225414943225
0.943434483641977
0.9200738700762563
0.9228637552217226
0.912462902128764
0.9408177171222976
0.9393423315797629
0.9518040886539064
0.919319954555314
0.9427203245576632
0.9382859196053903
0.8782649412969554
0.9314448563006072
0.9224073898448125
0.9363034716157885
-0.9110181367354947
-0.9266137586503957
-0.9369993580676226
-0.9098577734737519
-0.9309597432901653
-0.9265736582096831
-0.9486499248055809
-0.9074438022107558
-0.928634655439266
-0.9635992082818869
-0.9054325186967613
-0.9420910120903168
-0.9247427560048083
-0.9434590921443299
-0.9073191872063558
-0.8957937229303053
-0.9631461372514043
-0.9507865759584545
-0.9206654768070917
-0.9067994099130924
-0.9345349343993492
-0.9676258533844878
-0.9357376782860499
-0.9408064364383634
-0.9489464769940145
-0.9265059138748131
-0.9396401924910803
-0.9256428188996417
-0.9542857886590137
-0.9588677771204683
-0.9275065137215709
-0.9325015601285194
-0.9616379711286348
0.9757640209701441
0.9342496757631193
0.9475857488510862
0.9229819225043114
0.9299044351566274
0.9645367660868202
0.9280726600961321
0.9680931366485083
0.9739500452083897
0.9229338235710137
0.8995160742835389
0.942198821822043
0.8852064285407543
0.9278476821130482
0.9546942938060612
0.9328293731547131
0.9478954091397789
0.9452638598109493
0.9449234977922352
0.8955663362861537
0.9520644353065505
0.9523232514969316
0.9060009411429291
0.9525493386199707
0.939348987005342
0.9544791767490326
0.9058680094324058
0.9271967815458642
0.9182130209050647
0.9252808406426755
0.9434407576751439
0.933955321607608
0.9402733716329561
0.9436624391469972
-0.9269667245871892
-0.9627906374459451
-0.9260432790840087
-0.9175786777028354
-0.909107636137843
-0.9581303879217159
-0.922781404390523
-0.9051277756347151
-0.9279418825665253
-0.9684816671934523
-0.9184342989448736
-0.9374066248033681
-0.9631243636416794
-0.9380165688808628
-0.970224992888484
-0.9415460183245077
-0.9687718438539625
-0.9504739233036076
-0.9629718546756076
-0.9392446470874263
-0.9146057101086109
-0.9337408879952336
-0.9496042215645704
-0.9064696904679042
-0.9375103286160029
-0.9312473133415964
-0.9503551111025578
-0.9574166156302583
-0.9310592873650976
-0.9285866447655975
-0.9071305280656818
-0.9387078183076546
-0.9514085984726535
0.9412908678239805
