-0.4908955458637861
-0.48532112572577674
-0.488925144642855
-0.5187649066253022
-0.5162866757570258
0.5115341482419615
0.5140438717354139
0.4757085657898098
0.5113549700480083
0.518191321279597
0.5264327504093858
0.5225840113536413
0.49861375233071664
0.4615489125937695
0.5213944863016355
0.5084268748966957
0.4700999237589341
0.5393226456548545
0.5041491145930429
0.5263311849438654
0.510279076915799
-0.5355018352107086
-0.5065329570045961
-0.496532173756367
-0.46939737099963336
-0.49931071536480703
-0.5138301436715504
-0.5153117741416918
-0.5109031871429411
-0.5037674431741528
-0.4900233361217992
-0.5073589568027016
-0.5048586481910642
-0.5324415771774829
-0.5012307982383586
-0.5395802197477839
-0.5360168892947982
-0.48332665342488773
0.5275822121377658
0.4987907497480674
0.5073899517394791
0.5163242334958248
0.5421736586620207
0.5146091779171472
0.49813908948491165
0.4665199720735464
0.5359900996191275
0.5064731537191322
0.5249231865346222
0.5105089064255408
0.5503465030817205
0.49790371475430195
0.546933912085714
0.5114281906579978
0.5038263375597496
-0.5219797424997276
-0.5248576734546319
-0.5430785126140923
-0.47930681665449
-0.5222756659159616
-0.4956715371398317
-0.534527014040302
-0.49105634271100984
-0.49745391800262306
-0.5139024345013656
-0.5207157851755105
-0.5106503907064388
-0.490812016541061
-0.515146395941814
-0.5236134908683262
-0.5003584384543186
-0.5324247669463942
0.5132692559252983
0.5241048425941691
0.476495153390431
0.5225363681881205
0.5135963546522395
0.4708179921406027
0.5361674186073551
0.5101725566309122
0.49660178997374543
0.4859150611020082
0.5337039859036632
0.47969259707095463
0.49322338352028877
0.5512060764624014
0.4821655619272424
0.5094169572861457
-0.4996058498884991
-0.5190552881788599
-0.5137840613995523
-0.49776148178176904
-0.537278361869891
-0.524796686921528
-0.49988487716254654
-0.5132638574770507
-0.5525260177047079
-0.47691251889562797
-0.5233412251145955
-0.5261525882735556
-0.5332146318326679
-0.5261721425528519
-0.5183532569087413
-0.5314444780006915
-0.5236114294177883
0.49535077273159417
0.5275392320338218
0.5215691578263824
0.5528819061122163
0.5166407726780003
0.5243592119015392
0.5212187849700909
0.4964793626515112
0.4989471094727859
0.5123310082431998
0.5119336884802259
0.46249989915336276
0.48498069955917295
0.5003110617273211
0.5251548268870602
0.5217917311224796
0.5295745133828839
-0.5215617701459224
-0.5031792543263426
-0.5019381352010565
-0.5489591274536211
-0.4886022387723229
-0.5320600378483613
-0.5068694148805397
-0.5021674467275195
-0.5114218641073769
-0.5258762808432871
-0.5127560328782882
-0.5008101099386223
-0.5288515665437751
-0.479589009971904
-0.506621860962827
-0.48661925412658236
0.5440426178281736
0.5083215258262507
0.5227203346045096
0.5160849084910613
0.5373293318050759
0.5018619380397917
0.536950526879955
0.49456763507357043
0.5116042973635538
0.5128879162890663
0.5237806990710279
0.5325559597788825
0.5293279801501201
0.5158893022575712
0.5372488947954268
0.4940913470634233
0.5409531843716964
-0.4988694276365107
-0.5000665784802707
-0.5219986621111437
-0.5092403807885383
-0.4971877325194276
-0.48089546284161444
-0.4821186299238911
-0.5102225451379739
-0.49011841381042587
-0.4960564007609158
-0.49161078544932507
-0.5036835788826722
-0.4860284668460367
-0.522300474726473
-0.47294474281432375
-0.5298147649857325
-0.49503758116972313
0.5118263018648715
0.48793665925573776
0.5482445876901463
0.5070354728504421
0.5382733189625974
0.5135758681811036
0.5312879600043762
0.5062996784027225
0.4938545468429498
0.5115176343604959
0.49578651675654783
0.5196990116107257
0.497178062236232
0.511326919421876
0.5245566876304405
0.501665462193639
0.4908405175682345
-0.5191099446565142
-0.49382362001121977
-0.5421629651342583
-0.5057066892240594
-0.504472215114569
-0.4952257977154358
-0.5364332401324963
-0.5219066473524921
-0.5430701751377838
-0.5018329031720014
-0.5158486458927254
-0.5280391790343474
-0.5199185102967567
-0.5425552270622913
-0.5109393465702176
-0.5011554519521606
0.4909324521520576
0.5310287956125641
0.5290292978048767
0.5496748222789171
0.5144525849030189
0.5184590617444016
0.533319756428405
0.4966094931845149
0.5254841122967917
0.5264088293971851
0.49074106028578923
0.5329462004895182
0.5265493001568615
0.5136934474565382
0.5046526439858529
0.5002810357751316
0.49590281710168066
-0.48614338894356246
-0.49958489371770737
-0.5488275040095415
-0.4953670564323937
-0.4787710340963897
-0.5192356933766875
-0.4883542565327956
-0.5019770595832359
-0.5093529484767818
-0.5319016080081063
-0.5111124129175731
-0.4831133499583041
-0.48534970109547615
-0.5099306843254573
-0.5222254149841152
-0.5107184019350696
-0.5246340850608076
0.5324987265578033
0.49422194452286483
0.49117995787838514
0.47862352491816634
0.5212055865641995
0.47998629829237893
0.5329561222698396
0.5247330558386131
0.4765964504048053
0.545058892621967
0.5078079018495351
0.5131011025011436
0.5546899023988083
0.5088958984479016
0.5173052802700744
0.5162906721710683
0.5086874702953735
