0.004610854025056234
0.04180350427392703
0.008601852045623349
0.04573679120787587
-0.006009539440615594
-0.016988107577083363
0.0029493643570305123
0.03335227857169932
0.013575931713260988
0.007744751945610532
-0.01698551825580167
0.01235301374105113
-0.03174388784279966
0.001838266280377955
0.03434764948661423
0.005620827472338805
-0.006518172439690769
0.052071819747396754
0.03692931806867204
0.02195299047628953
0.002524483064037854
0.003152373669212968
0.03751438102906098
0.03427876354316278
0.03570392732290561
0.012659148319199237
-0.014180819714150378
-0.015810027624894127
0.01925749182192034
0.013885130640503934
0.03120206749807349
0.021960403090102512
0.02290742079338352
-0.007033828263751842
0.04632643551396516
0.018375621313149845
0.011172594298036548
-0.027482308877186397
-0.03468487126506868
-0.03146069897865844
0.010747953927588157
-0.011238168614991498
-0.01316246843482459
-0.02365284459016589
0.0012822726580197091
-0.018372846940088523
-0.0035015570832462005
0.00591516835113939
-0.0057874943005358295
-0.05061472393472078
-0.01981598189097057
-0.025564732028916848
-0.04688485217158135
0.013625602113762486
-0.02152612546557442
-0.021733026446281722
-0.028862159288675776
-0.004587739813461264
0.009646347274143718
-0.02157228130691848
-0.007717495491535815
0.008826598180868006
-0.002859978500364853
0.023302827335830938
-0.030256248617185268
-0.008883493606828684
0.006170800890324034
0.0015986316338827931
0.0007011427362240176
-0.027047871598719426
-0.023326962119156643
-0.06180155676667752
-0.023496271915681096
-0.03835192371825186
-0.031753450557637924
-0.03638617510934572
0.002217350835431023
0.02192321799063699
0.02652555131697569
-0.025139397722180275
-0.04699657638556189
0.0001781996788903263
-0.002899570542076778
-0.02965361202281493
-0.01107335038677546
-0.0159946501118469
0.012424551867049837
-0.01646386866685149
0.03383110519380979
0.008674783080363659
0.01671333638399487
0.00946189508803541
0.021366278730434916
0.027608283869870118
0.010179645263721683
0.03376768844740692
0.04766525646621242
0.017230816637318902
0.019687550876981867
-0.0017528873506401817
0.023333289318050083
0.03693688429524954
-0.004961827545821064
0.01680384749269631
0.045177822439768756
0.0198250031826928
0.008445245102848536
0.03798061394162973
0.01567586310138666
-0.013319823834592438
0.017396938817918522
0.013145988267038037
-0.004801670186753485
-0.001311421180669091
-0.0004202996675305576
0.04314823511683166
0.004879486587085728
-0.03279511800811533
0.015764679370563264
0.009853490162772503
-0.0006860534842265571
0.039960155140852605
-0.011293718035360677
0.017438020447285648
0.05111405836555994
0.04643980544979946
0.004513973948253685
-0.024238913959511603
0.010584369062141157
0.0062010417018593025
0.006463644083053673
0.015758902764084554
0.01199172119407415
0.024590119873553126
-0.0033302514567602297
0.010209925832083955
-0.0036948567111932014
-0.02607317584575379
-0.009034175947657224
-0.005084299816384544
-0.027193214733097194
-0.018887220539199414
-0.026062525278954675
-0.0053795451768551255
0.0004754396734805606
0.012795107210404971
-0.004243686653965517
-0.039736964225615776
-0.03338572432964483
0.0004553835270690518
-0.06318621774672153
-0.027694025934037934
-0.04194793522460316
0.0024740334344848687
-0.01720060834850594
-0.05804246346963558
0.006880166769052527
0.028579149339255788
-0.05101005075494314
-0.023475328058862193
0.005772062633615901
-0.012302193244627467
-0.015522493584672455
0.00082394240447883
-0.02274245310698584
-0.02814808063009109
-0.023570748825157556
0.001775876317779427
-0.0028635077892551677
-0.025636812079927275
0.012104900579508554
-0.006514455313559023
-0.04045934003014262
-0.011890937465475378
0.010970663480794708
-0.03175242318763927
0.007000447985721473
0.010109018016915581
0.04478065832427901
-0.020237931029410048
-0.05111044743499567
-0.04897830852118408
-0.020028356179618116
0.00014786232280264433
-0.0181171588882971
-0.02853905161642754
-0.010506914789552148
0.015914664140739623
0.03086451795666765
0.02226909692733849
-0.017172233649126407
0.003914411691132309
-0.001357193757894306
-0.023564022593531193
0.017885617562271257
-0.017813161976289918
-0.015694127411574152
0.04075084057367779
0.049255688727742684
0.005955222634317475
0.016955924295127545
0.019079294884515378
0.0008173492457878399
0.028914969005695807
0.006869287356896219
0.007863555282989654
0.015972196663155774
0.010172305699845185
0.016082241699704604
0.00274609098957488
0.009061193580361525
0.012939699497469774
0.010061341789890009
0.06135230802572805
0.046791551756636844
0.020334348659609914
0.017827908240968034
0.0005751494639262451
0.0012114807533969534
0.018888579538405708
0.015146643419828975
-0.008119190219753193
0.027021141340657102
-0.0025431676232507937
0.05392362636071749
0.011651863615460861
-0.0293666256730929
0.00893278393103554
0.03346427686493062
0.02716867717109111
0.014321555271508439
-0.0003198998628305208
0.01544765680604942
0.03482375471230569
0.011464972965515066
0.013186622257723908
0.031009498221435984
-0.0011249248678291378
-0.05155407677180101
0.02071329417545601
0.01635674695160455
-0.0024413629867547134
-0.028782869479600882
-0.026765183319630903
-0.008427648754630543
-0.03178793770494509
-0.035337350700236185
-0.006895429237903065
-0.05073659871848205
-0.02923327188004072
-0.020497936327296518
0.024786985175857368
-0.0019226800845915538
-0.053693483220111984
-0.02313755133939783
-0.004226368253224803
