-0.5843145649442513
-0.570040103538847
-0.580973091939256
-0.5388572768467776
-0.5109987016935251
-0.5013625733336137
-0.474753438329737
-0.4320501115488148
-0.44680176692987705
-0.45031521563232124
-0.390607284308067
-0.393739174754156
-0.38584219595285096
-0.3640449978225814
-0.3074567740807718
-0.33177513297044753
-0.3161159417244236
-0.3047249263837862
-0.274556744030059
-0.2602321383128836
-0.2570642678000321
-0.19599695553289598
-0.19351154148859875
-0.12253049690766117
-0.1682187026523799
-0.15420897774526915
-0.13493113006917523
-0.09032139052634836
-0.09757742397195998
-0.09269025753911292
-0.04452847693095134
-0.048958815132143604
-0.02372471541018354
-0.017164275088142295
-0.0063469166126419625
0.015447576711215626
0.04038514638541578
0.00018529720411305378
0.05691863845837148
0.11088552185162305
0.09408066001369224
0.09869271096464206
0.12913462091490258
0.08751188751340598
0.17502794728691967
0.1764883736282748
0.20951956636956945
0.2388169650321139
0.27697404789152713
0.24320548694729452
0.30432392413361625
0.3127389226333781
0.29319393977544517
0.31680549074193276
0.3447024435951292
0.3668314486113719
0.36550731037109013
0.42591369120274464
0.4018951316013404
0.43001493301296223
0.4462616410600099
0.4907850404408111
0.47452924454128176
0.4995528003013181
0.5552900421136053
0.5681758213424022
0.5140495243233559
0.5665271084874123
0.5729404298766176
0.5798148708318198
0.6351555596298787
0.6482370235355706
0.6390300680651441
0.6474228507246234
0.6989697122021528
0.6979238542210656
0.7553702306069622
0.7654687136888829
0.7574873532161559
0.7930754728499109
0.8523785811244579
0.8467228275312
0.8345258436042479
0.8580947309215097
-0.8940875931692821
-0.8584684922173894
-0.8308205356740039
-0.7926212614283449
-0.8175634702655763
-0.786585380064601
-0.7755284295645586
-0.7397984127359761
-0.7480043357659107
-0.6913144355275561
-0.6926194760771919
-0.693430272734172
-0.6391554621330419
-0.6137469759035528
-0.6222209196529478
-0.6398918849080487
-0.5959016441140454
-0.5730574210229281
-0.5394265645630812
-0.5272044077767355
-0.5491240417441461
-0.5275064673583147
-0.4613964703220806
-0.4888633849132362
-0.43101726157654713
-0.46654093748318015
-0.38644935751616827
-0.3775679115841543
-0.36280493167167904
-0.37543728349807504
-0.331549388220189
-0.3292505174115272
-0.31744891906956973
-0.24810013273049808
-0.29134193315521567
-0.2811336166471773
-0.25440303904182276
-0.22685304265869558
-0.2075308595880158
-0.19307388233772327
-0.14816608924530425
-0.14899149601760384
-0.11527996087893508
-0.12312452854498554
-0.11350831539290328
-0.06556464707191194
-0.08815040401214169
-0.07285203943390406
-0.00032806293920022156
-0.019814254747728938
0.01795442714110291
0.022386459209988555
0.03159603567907781
0.04259920602337018
0.09096199737771501
0.11286790018295521
0.1120090773323627
0.11969039599152034
0.13233000526490205
0.14805504820517842
0.1819563514959749
0.19566922417818539
0.20501199733153325
0.1830433091481987
0.27981831549009684
0.25878338839839365
0.30147778915139606
0.30069332359645184
0.32039964782430924
0.310371741661001
0.34938665190503965
0.36930234207090457
0.3852274860781688
0.3853996710696474
0.4396812927070422
0.4363812024089755
0.4276947882797399
0.47461742456662515
0.48401090907126054
0.49964439588845583
0.5322563333011808
0.49686725822199335
0.5699878489423267
0.5987137183215395
0.624002995368773
0.5923256965854287
0.6081401720555994
0.6092953716285895
0.6224764579067738
0.6942704358817899
0.6858396226772505
0.701010988801187
0.707939609605227
0.7223815695551542
0.7390827343122592
0.7758213112987545
0.8340660979993355
0.7907127441458639
0.8265093382084684
0.8244565620155018
0.834736925989
-0.8700859284656911
-0.8607803146044973
-0.8140474661610901
-0.790297797671165
-0.7803750735002197
-0.7677811999400661
-0.7532532219053634
-0.7417259599978582
-0.7022805049472579
-0.7172084348168313
-0.7061836572676861
-0.6850988544820235
-0.6419609965341936
-0.6686672847154439
-0.6328490289693658
-0.5768731132039283
-0.5757902007657084
-0.535335039635142
-0.5690687583994009
-0.5368175903312039
-0.49820511648680926
-0.48406750302999635
-0.5190334714296032
-0.46625925006658064
-0.4399228773340488
-0.41802066279083083
-0.42071143189762517
-0.3861296027032619
-0.3769584974127096
-0.38779177162338924
-0.3170246637943326
-0.3278702256210776
-0.31505497268315874
-0.2798156002931267
-0.25067238086161053
-0.2513550330008654
-0.21462513987272647
-0.20220993030788997
-0.20845196632334603
-0.17674277416996784
-0.1349859852580263
-0.16805459117722235
-0.13189662951430645
-0.11332151613317493
-0.05256143106160681
-0.10371327910590032
-0.056286023627156165
-0.03106951271911483
-0.04614201787444128
-0.010341158490082866
-0.02554326987752758
-0.00942996883029653
0.05490248182930241
0.04587955428158088
0.10026443879963522
0.08779306428886989
0.12096508025968543
0.11065677148950426
0.15933203995716716
0.16736200395535997
0.1737691706887678
0.16518702917216668
0.21226207441108058
0.259173663469129
0.23920701158151902
0.2569360257975374
0.306153314719328
0.2895590489114483
0.318687066869991
0.340453918662317
0.3268830214897767
