0.6852196645281277
0.5478855085536684
0.352440172799662
0.1885184406410554
0.030725903237192168
-0.17648102004086585
-0.33391263390879233
-0.5065294199195018
-0.624591482852449
-0.7649916259238962
-0.8786161640103242
-0.9370370878800262
-0.9807406665662913
-0.995447327072253
-0.8966748815204446
-0.8605934996602385
-0.7369678247235218
-0.6529637862961144
-0.4787200772179533
-0.30725443604291347
-0.13305231742122717
0.043944831525851186
0.1866314167038087
0.3674256946246518
0.534331431075399
0.6839378317640122
0.7931279299079722
0.8957904226680268
0.9592150869587514
0.9610047629593216
0.9405812178498172
0.9351771907297899
0.858601204713587
0.7476601519120546
0.5656749168864349
0.4474441007016468
0.28380480513534084
0.11726683235877117
-0.08380186070473446
-0.24040608027202298
-0.44810336182719157
-0.5565898368879062
-0.7309501065831461
-0.8154068910029831
-0.915940549878401
-0.9263146987607909
-0.9716650227519356
-0.9190214310189563
-0.8675476354337296
-0.8109842422719635
-0.7277630058204659
-0.5541271738956199
-0.40876498855597254
-0.21553599095832018
-0.05158236094812925
0.10340042185835817
0.284379241319778
0.511729940300413
0.5983240975029496
0.7665833438608126
0.8564818457982476
0.9354080412633555
0.9354379771466566
0.9807880115098689
0.9228212993829654
0.879761817028814
0.7898636075282051
0.6458545953123556
0.5193830074958886
0.3392994070156062
0.17950043226995974
0.018261646210154484
-0.18669716131649325
-0.351703011440534
-0.5116184663409497
-0.6577067504224429
-0.7357258510505376
-0.8646876842148251
-0.9274330555222694
-0.9503349018396986
-0.9709591538283723
-0.9305501963997809
-0.8429338296330766
-0.7592289454891064
-0.6321353028364974
-0.4883035609000583
-0.28058522337516284
-0.10798570857265659
0.022973541158126908
0.2185154834719102
0.395356938460247
0.5481883660261103
0.6553849122777653
0.8432504528215011
0.8658165206479951
0.9253437409010713
0.946419086614868
0.9301213774518705
0.9056917037254213
0.8304921391979956
0.6877468724985016
0.5737322591816003
0.4370017514180984
0.2654119719453453
0.044146654076621356
-0.06709250417225204
-0.2993399727162134
-0.482381277427102
-0.5873364573166967
-0.7128228042766847
-0.8225643334204328
-0.9368590605676462
-0.9312618129733383
-0.9768389562649974
-0.9363823665075616
-0.8983504860676216
-0.7525610351013081
-0.6741272626026605
-0.5235588462350456
-0.40802708896602463
-0.18688676546770247
-0.022657735946122307
0.1302332654681168
0.3441686893331359
0.49678707105616515
0.6307039605373648
0.7457407096138555
0.8619944123193771
0.9271294191383392
0.9147670940247337
0.9318262914101242
0.9318277034724953
0.8719097488480485
0.7887427744775044
0.6449584703244731
0.4811167521534886
0.3447635184352254
0.14923105969661035
-0.013204772465653714
-0.20235608453939788
-0.37886476503088506
-0.5285360177160785
-0.6703588949057205
-0.7938910694819795
-0.882847801815672
-0.9230932794210894
-0.9677740436362643
-0.9666403260591377
-0.9118817377333677
-0.8204140667856862
-0.7093930095820427
-0.6168543462724714
-0.45613323184411697
-0.2661787485578526
-0.08855691708520078
0.06498243363707262
0.24982730765102118
0.3812299171784374
0.5651929211956196
0.7253566700102478
0.8279648304018281
0.9085669753462253
0.9280394234257535
0.939788261763995
0.952864346507513
0.8966087550368154
0.7901746542076326
0.6767919149942309
0.5543045687370542
0.44906006253756764
0.266133588316938
0.05471335978923774
-0.1079493555431455
-0.3202585055005813
-0.45332425949416866
-0.6250143508101881
-0.7737457356570231
-0.8526806519485464
-0.9444356963339565
-0.9316137662252788
-0.9491594069201451
-0.9380123009260204
-0.8680459659300894
-0.7624476054003011
-0.650575363699565
-0.5387675161008249
-0.3696650084754834
-0.22725209628632384
0.0137415594205454
0.19546269071894226
0.3608719182346122
0.5032621571442187
0.6438797862627735
0.7506661166819644
0.8572049321260663
0.9182007428235613
0.9548933732007335
0.9487637231587043
0.9332150619894368
0.8774774875495851
0.7587232111932883
0.6331845835685496
0.5058646565852974
0.3524399479201411
0.1301231394204134
-0.020160730016161088
-0.21078569374241368
-0.4102008268661453
-0.5486810729744768
-0.7158705756674911
-0.7741100585269655
-0.8906486102653266
-0.944886397098413
-0.9607848895089904
-0.9566751216450082
-0.9021037298794932
-0.8294412875464066
-0.7029782733063827
-0.6222107064007405
-0.45683729871640244
-0.2445179499918288
-0.11995239289433343
0.06387529063354905
0.2730492881155098
0.4208501859992283
0.5857501663256361
0.726889254972198
0.8528282970782446
0.8820076116384429
0.9441657187975782
0.9640100418736816
0.8932765548866071
0.8936278387828389
0.7833202618278211
0.7074556726705128
0.5755403676547189
0.3904093041145483
0.22468826211813453
0.03128889667169487
-0.13632059740153626
-0.3056823602589775
-0.4707283603042028
-0.605004667447671
-0.7691624974641289
-0.8585752060234246
-0.9618612492056687
-0.9252582811653494
-0.9824516620345096
-0.959988950864809
-0.8604332283082079
-0.7703772403859608
-0.632831453092998
-0.5017761118448933
-0.3562019347653069
-0.19552102911665956
0.023899367115751687
