0.17070658926907487
0.14367033305626215
0.13307988319520292
0.12748815561936902
0.0927967246813309
0.11564457905105904
0.09808244671412254
0.06941069433696115
0.06276829685715893
0.07133297745729131
0.07345776218400947
0.024435078312071177
0.018108825675260374
-0.018768944276166974
-0.028276554972571227
-0.022652603398143054
-0.06926731037086536
-0.09806552611057104
-0.047143074501695637
-0.08323256642307902
-0.08862190683291668
-0.06172251822579955
-0.10384458225067333
-0.14532568636470053
-0.11972805712859581
-0.139138629683677
-0.14736407714725114
-0.16474719072036323
-0.2225699696813658
-0.17037341067364659
-0.19082378113214832
-0.2285615640063161
-0.21846410757694285
-0.2126455100798057
-0.25156847422524375
-0.291831652389304
-0.27269921666078295
-0.2797728741196725
-0.31255038290309106
0.3122087254733499
0.27932255259719696
0.27711248784852593
0.2528264067810509
0.25893054396948806
0.2494955868845899
0.25968170030835475
0.21802199133018318
0.19428031338847399
0.1491654808197542
0.15787739576399906
0.15778014804443802
0.1618429206251903
0.1648495601734538
0.11715660206246978
0.10335691553471778
0.08986287314735741
0.07335517082513941
0.05249500999078196
0.0801837689692252
0.06419996458724189
0.0594431053519954
0.038238880565775304
0.019171388631462963
0.009858742837041152
-0.005719700038976442
-0.01836227707583615
-0.011719403404826266
-0.028496867150836554
-0.034246946138320605
-0.08623526422472394
-0.06059781770851047
-0.08108157684102867
-0.10448375971140327
-0.10853622916001254
-0.14289511512094677
-0.17985532420006417
-0.1817405781192705
-0.18785085844097021
-0.19960481193329582
-0.20471329105842778
-0.1871481857878614
-0.22441264540156292
-0.21792283911833688
-0.2250802966837001
-0.27716599059497654
-0.28627069545082534
-0.29192495517189654
-0.2714906661492569
-0.28396073664661614
0.30556196741067526
0.31468178928185897
0.28717227077500124
0.239491242264083
0.2662470089552048
0.26764607606231106
0.22418176884218535
0.20823075477573555
0.17602279872808024
0.18497760990338943
0.19182109846189768
0.14962514624832735
0.1332947512368522
0.12032782027872835
0.1302011636196634
0.11370183034214168
0.0817435968360776
0.08358295330764821
0.05898820943717184
0.07989691014407167
0.06462680281817099
0.04835679317648997
0.04129257034610914
0.030324245368118015
0.009856738462903197
0.010773466414432976
-0.001309079007604394
-0.0376189163249838
-0.013747002486903574
-0.0584353330389302
-0.07151793108929508
-0.05023172517729335
-0.10207304616650884
-0.13727715062815368
-0.11480908664226487
-0.1366349648849181
-0.1468168137644502
-0.1507400464061472
-0.15128777614776986
-0.18116654968020696
-0.18540918488188537
-0.19901883091655187
-0.1961986804396156
-0.2298419589229154
-0.23357413418616757
-0.23867298923938882
-0.27742512418049736
-0.2505411141443402
-0.30629771927669663
-0.30473374879491605
0.29083984266751234
0.31118167074412406
0.27732156762340154
0.24779347248621456
0.28310705946002934
0.2659823267960827
0.22853725145256082
0.18861383356398778
0.15995839252955352
0.20010770843466888
0.17171131259257555
0.1518083946284596
0.19459541155175436
0.09876243888639061
0.1236150802764879
0.13708362931145363
0.14106840247156946
0.11644333217333969
0.08410458844982259
0.07833079585617544
0.062047285556564635
0.046358452551569104
0.018515475491155307
0.01920728139115087
0.020984512816275884
0.018774299667002916
-0.027071965495643523
-0.04169716100737825
-0.013584401162529118
-0.04989085131563865
-0.0358065219197683
-0.08735656469389415
-0.060263553637383824
-0.1299362250843166
-0.07851208533285485
-0.11100927811868881
-0.12265216033118305
-0.1550137128506027
-0.1738931077173482
-0.1419230301133699
-0.22853026758904088
-0.19574807238810937
-0.21354413940415268
-0.19247617183009744
-0.2558920702617422
-0.242796384251325
-0.24844977015586725
-0.2717481623555704
-0.26091286363793537
-0.29266092495882473
0.28699468855377597
0.2814509796991691
0.3067374005962727
0.2625211687945515
0.26949214671712335
0.2568066778254947
0.2549910591209771
0.20244872548735612
0.19980608534772776
0.19326015024629398
0.19074982707545776
0.20308844867712478
0.18411014297519984
0.15624851637067377
0.12175378430416675
0.13724577798152704
0.08993552038349165
0.08695920697771364
0.09135257918018319
0.07404177729586024
0.06378965380928611
0.03400873358046426
0.06132616222627315
-0.004554412700176921
0.019753455122869655
-0.01160892426670287
-0.018868530945602008
-0.03853643016535569
-0.0584371194036933
-0.07594199039461431
-0.08676162022628921
-0.041162810600291345
-0.05253598433909166
-0.12537217965614306
-0.11783057039532985
-0.1170663087080801
-0.14493934293060137
-0.16617107806039905
-0.13172070703271166
-0.19377522108735373
-0.16371249175371422
-0.16127646099291298
-0.19520340630236424
-0.22015040859360813
-0.21752216780103
-0.2544207664150969
-0.26908495433411694
-0.26975274078860056
-0.3004076050284662
-0.29166033378527545
0.27096053854128166
0.30857418776064416
0.2780856287711366
0.24481766208659916
0.25002112527526626
0.220073900283278
0.24802248224235138
0.2536778591768606
0.20455215938484186
0.18901173998009949
0.1958044849856037
0.17682081159730761
0.13416601208346507
0.14776527152266625
0.11072696993683596
0.09491032868469548
0.09189739948645048
