0.9588793712810258
0.9490652272140421
0.9490486997115437
0.9253689340306874
0.9534646338269701
0.9850816015317805
-0.9510378391390117
-0.9356405412798571
-0.9501610527931338
-0.9437086810023899
-0.966081634179294
-0.96035126998706
-0.9321784220780692
-0.9879811809331271
-0.9448551467796964
-0.9534282856480518
-0.9489229855124363
-0.9423173213171776
-0.9338996270072499
-0.9589581580936425
-0.9585710036950772
-0.9705934992537835
-0.9512773923246505
0.9703638915581839
0.9807757693985473
0.9688185044639714
0.9523868321585006
0.9434366549474412
0.953717900567267
0.9611269121271775
0.9459363506294957
0.9763652894492139
0.9477082489400255
0.9676019406926771
0.9707568921390453
0.9458449765280801
0.9627510151658314
0.9523231970094385
0.9417335806315491
-0.9618576802118621
-0.9754443427383496
-0.9530856075076757
-0.956652829735164
-0.9716690490177836
-0.9214044343615468
-0.9478268780066215
-0.9160889236096937
-0.9971867655919723
-0.9689671253455461
-0.9525373148301348
-0.9732270581002809
-0.9520688324873156
-0.9051483305476777
-0.9446995500028489
-0.9511021629066633
-0.9636360277197933
0.9584506649073227
0.9280929722852437
0.9302432932468976
0.9564170947552841
0.9634245180737994
0.9583316574689308
0.9731987778050085
0.9908438112246916
0.9470305767961419
0.9573097851191157
0.9668478788871466
0.975669065988966
1.013261247789174
1.0052122471199507
0.9505883882089238
0.9581555116120304
0.9108488534953911
-0.9876102994250919
-0.9133001465866439
-0.9229636464230252
-0.9411414531868632
-0.984026264870698
-0.9547183509537812
-0.9533013444298537
-0.9501617182672096
-0.9729830936069586
-0.9207670221102459
-0.9356370569337663
-0.9384917200114495
-0.9515155047138175
-0.9841190607179873
-0.9347686459942778
-0.9522963501560187
-0.9337719824353675
0.9257382113388856
0.9444609816369371
0.9657891087324549
0.9717917174347396
0.9819661641843088
0.9743377291195598
0.9733627194667137
0.9593943133632333
0.9401591391645651
0.9272164140986638
0.9609360263517341
0.9494226699484325
0.9572399477012211
0.9707095511465222
0.9298462873098662
0.9518756419770636
-0.9514886301001236
-0.9625440485656299
-0.9643914583190595
-0.9694685254212219
-0.9461920740679666
-0.9633556400200436
-0.9204407822536601
-0.9565458339186279
-0.9532215605950386
-0.9615977673477284
-0.9576835318593336
-0.9422309225803253
-0.9670423666295167
-0.9847066459479579
-0.9711609994327336
-0.9558220115292444
-0.9268649952137943
0.98679781138261
0.9595607312480094
0.973154881978221
0.9847006488878944
0.9732343001023176
0.9623493614684752
0.9210622637074389
0.9775851053708082
0.9960310126610995
0.9492884233890155
0.937565663649098
0.957088689727392
0.9227776032869695
0.9668283963851737
0.9856203749828397
0.966515208940636
0.9278227285579425
-0.9484545056943479
-0.9531655149340447
-0.907268427751254
-0.9421804156465023
-0.9773718509764406
-0.8987738529135663
-0.9335777739103974
-0.9793211701074872
-0.9657936652983033
-0.946917674309756
-0.9527131452797822
-0.9456702005464868
-0.9435455564655141
-0.9526274869934543
-0.9515809567775395
-0.954043187989554
0.9665879764931177
0.9760954851130882
0.977751289503963
0.9690552440594663
0.9427624129203921
0.9632247079585151
0.94865528115506
0.9913232743941573
0.9344129412291416
0.949237558796683
0.9516161110650272
0.9680700817799004
0.9583282950888278
0.9736880446152584
0.9537970831341387
0.9577461459840585
0.9379284444997942
-0.9090382879662642
-0.930484227008048
-0.9737685838967967
-0.9571120884428054
-0.9413304601909029
-0.9621216767938368
-0.9566710423608135
-0.9474731910249979
-0.9390755781618465
-0.9847312741319973
-0.9476231222549858
-0.9796171376207575
-0.9272106726028332
-0.9466408813672977
-0.9475111432412312
-0.9628120964158368
-0.9418051485330232
0.9110092680342214
0.9245832514424658
0.9536985493834835
0.915806953753847
0.9457785660628336
0.9532487838461204
0.9832091865559314
0.947970221026878
0.9348962164430578
0.9480285853218671
0.984520369436131
0.9673310522995036
0.9578667037201074
0.9457278377378926
0.9322365847582119
0.9337408329407529
1.0056716188903023
-0.9668607028806144
-0.9436382972018759
-0.9584171939805359
-1.0086288659788463
-0.9744462999112898
-0.9649264051926795
-0.9010828234709041
-0.9409139794663687
-0.9731050092636297
-0.9468160839015973
-0.9579254341003199
-0.956637371736963
-0.9365073583565737
-0.9401954017889073
-0.9250845382066297
-0.9655873163350857
0.9435279131495814
0.9496618514705134
0.9607076388393992
0.9810533352184567
0.9173480299589032
0.9538026667209133
0.8978107305968577
0.9734578480399635
0.9702957722879888
0.977050256965852
0.9256645268088377
0.9381633050148421
0.9454347106412958
0.9490966353868949
0.9663664045072724
0.9605470788521501
0.9411221104719774
-0.9833346734626515
-0.9611196189765173
-0.9301226520084648
-0.9715829573018139
-0.9412458279873803
-0.958836662396513
-0.990183824265139
-0.9593125556804196
-0.9521535921641744
-0.9845881854470933
-0.9567074482239056
-0.9445664404373888
-0.9816625731602938
-0.975048173454741
-0.9760896057418041
-0.9749615917447241
