0.4897431311943648
0.5787386186725993
0.4947323786056874
0.5343698102708871
0.55102013085774
0.5216224664263405
0.5458978192725308
0.5389279413590554
0.5582721517055252
0.5554828342288959
0.4930337311070848
0.530903944880872
0.5606590895304017
0.5160994661584815
0.5261093737743345
0.5299364669803366
0.5034992848152996
0.510447727921759
0.5579072195266848
0.5494878984368481
0.5469355731542596
0.5382857077607964
0.5418340347222793
0.5070990294900399
0.5206570901574165
0.5788133653446819
0.5319225334210482
0.5038949845435079
0.4974506004637228
0.4991309216678297
0.5465216994206534
0.5300647233365733
0.5083376471339435
-0.5371205031851658
-0.5313884048146235
-0.5217625925720235
-0.5131116602943744
-0.5386603046526944
-0.5220994658420874
-0.5135860056957738
-0.5118994535413177
-0.5643978051638205
-0.5170912856523041
-0.5101044601134739
-0.5214016739626908
-0.5311942757922337
-0.5349986661835422
-0.5316142125668237
-0.5376751687210185
-0.5487218628709569
-0.546504393927307
-0.551048792670839
-0.5175386410864127
-0.5078333088115584
-0.5227690123065815
-0.525030729694518
-0.5444125785195952
-0.5261366890646494
-0.5112645790374174
-0.5233972914513036
-0.5212769481115734
-0.5560090661127518
-0.5232993881882826
-0.5515788409446775
-0.48334889804581854
-0.5373169264191292
-0.5051780485801504
-0.5125383491263092
-0.5216833694581887
-0.5429501659798082
-0.5191115662548343
-0.525265995517686
-0.5378510180869096
-0.4925941050705418
-0.5370422993591115
-0.49032877974481764
-0.527160578047166
-0.5300983907007335
-0.4866964485206282
-0.5066241350401482
-0.565617302525741
-0.5240549846540931
-0.5320054360892778
0.5418016321803111
0.5533456395564941
0.5121862036547754
0.5738592354499485
0.537789029998364
0.547758022450468
0.5421883897733171
0.5138353943631445
0.5595178957330573
0.5388537776915266
0.5065159221754324
0.5348665101537641
0.5607966477137964
0.519644686115638
0.5791376448797358
0.5246807355203581
0.5504116559309254
0.5286227696864736
0.5380891982081001
0.5588638099880185
0.5052918824795806
0.5314694701362488
0.5546989270721969
0.5542853899485972
0.5090065753283128
0.5399144880330461
0.5428054125195402
0.5507990435937324
0.5389372896826177
0.5455311146886536
0.5389484749193169
0.5525478174694461
0.49203581639757593
0.5174204070183845
0.5215636327243154
0.5511524632284012
0.517192568417559
0.5603074267809771
0.5869786370189101
0.5149855382750325
0.5290112231052614
0.5170627622661215
0.5220391775604509
0.5269235633320047
0.5217181434842543
0.5540339106159587
0.5256514207217406
0.5543350475253331
0.5676534704796903
0.5835155529736449
-0.5162650565021287
-0.540902811444965
-0.5682541655521248
-0.5319324613851578
-0.5130221243933083
-0.5319117444645224
-0.5126704034832975
-0.49646191768086395
-0.5225786066506618
-0.5344989363079087
-0.5234239953391441
-0.5572843088445624
-0.5276288686939727
-0.5138553741681666
-0.5268527616165718
-0.5293564424556134
-0.5166823230355541
-0.5480053923697168
-0.5500967078807796
-0.5507294369208782
-0.546430517506866
-0.5197474919480765
-0.5192742624871812
-0.538156059857769
-0.5689351820677004
-0.5245254704838148
-0.5434221996295459
-0.5188507590108978
-0.5696356986283089
-0.5472898525070506
-0.5314627362257192
-0.5205102837403752
-0.5101917059434478
-0.5198455693684743
-0.5345260961692134
-0.5482400597820006
-0.5298364069417281
-0.5326891164346554
-0.5414761593020393
-0.507359196767508
-0.5302994361293881
-0.5276480827776715
-0.5135254836018532
-0.5501110368783453
-0.5153796112387578
-0.5184548309246524
-0.5052483087768981
-0.5454714423299429
-0.5459619124359844
-0.5091734835912753
0.5351454564689748
0.5086933238691973
0.5747988252458254
0.48389578987830356
0.522696263385433
0.5419778256516683
0.4864788732329593
0.5436766855117984
0.5405786957077139
0.5376617281135369
0.5358523813408773
0.5627607991317588
0.5287571794036273
0.5431734763455252
0.5499630017091246
0.5269157620017099
0.5382251608850543
0.5246602856370682
0.5192660447608389
0.5350488128828258
0.551354818475413
0.53128859593964
0.5194085582120748
0.5779408279113788
0.540613817400878
0.5012399096128077
0.5668737295974023
0.5152006524401811
0.5347548081604114
0.5364983964530755
0.5348985199677976
0.5371323542114408
0.5283645771711903
0.49649678147954013
0.5506344797912052
0.5450002171300984
0.5283782236973399
0.5224596286422649
0.5513615758847885
0.5518859825306301
0.5122315875292347
0.5446181810151081
0.5351243284435305
0.5758971876106603
0.533199658585994
0.5239559750186012
0.5443524843656364
0.5537783372253322
0.5105692526036552
0.5263195876725432
-0.5308408140716316
-0.5554218281995124
-0.5035221258306233
-0.5297266596917802
-0.5552934163487404
-0.5803164380223704
-0.5431546795211167
-0.5600539702768218
-0.5260003419698225
-0.5402943191425038
-0.5273687095035462
-0.5554705041206766
-0.5434795864612969
-0.5485812903914643
-0.5276546545356043
-0.5017991672141688
-0.5591785954045229
-0.5358761031964349
-0.5596674293871249
-0.5140431137126588
-0.5509892555418187
-0.5228238932093054
-0.511055710524157
