-0.34642409836397836
-0.3629126977922133
-0.3425154556781894
-0.3622052916300287
-0.3668862558364303
-0.35605124923846787
-0.3601027737083785
-0.39778825371338017
-0.35032308197013623
-0.36647268052339377
-0.3545425672434324
-0.341634997202272
-0.38616616686925703
-0.38837441408241935
-0.3897655492477229
-0.3569054695730449
-0.34087564510419954
0.3354119128774946
0.36361700180411927
0.361659633121291
0.3584248350593581
0.3319139797557256
0.3639628599357125
0.31987069180408617
0.339727794982728
0.34657556202234335
0.322438710339586
0.35941644654691374
0.3383683554163335
0.3686617465812312
0.33752835276492393
0.36077635605690656
0.35285357509173476
-0.3613671176770646
-0.35075245759003926
-0.32079642246524315
-0.37026323537927475
-0.3369532541793696
-0.3623355802949532
-0.39832700853823194
-0.30967571515429937
-0.3694127919253619
-0.3592532615104685
-0.3647528818334095
-0.3010184446621452
-0.3750481570086785
-0.39689052333626207
-0.35210859158712865
-0.3248925593146358
-0.3877863317540085
0.3609255164502936
0.38709700487615545
0.3566700145329206
0.33585375839863724
0.3776307824428911
0.3615876738562719
0.38855927722264655
0.3442908322007414
0.37408985252428645
0.3682855299927641
0.32990726899066375
0.3308478397671392
0.3528616561819931
0.33981616090880756
0.3485277404779962
0.3755320467979031
0.34621254218657077
-0.3396617635811569
-0.37799818882009595
-0.37214410371047607
-0.3478693301545698
-0.32645433474962016
-0.335870948612246
-0.35247453727069405
-0.3785973756702467
-0.34397664404213363
-0.3291933493399352
-0.32389981071256735
-0.33811349212612474
-0.3577613447891563
-0.34188382842493215
-0.343260565146148
-0.3531002095286991
-0.3530261946184237
0.3238379264557643
0.4148602446134291
0.3608751011453579
0.3529465227249803
0.3632255287471314
0.3584579995158185
0.37756366251555895
0.3465740636745237
0.3465312842797213
0.36353124241548007
0.3489516892423542
0.34726061956403836
0.3637307722433569
0.3634039973997305
0.34820696509083743
0.36816399658314924
-0.40065948870223156
-0.350263615823511
-0.38481565038657134
-0.36532170385032925
-0.3630030034662713
-0.38755115696531856
-0.35583252714971914
-0.389671209935441
-0.3464656378326102
-0.3317614888456754
-0.3806484049133474
-0.3825197296159603
-0.3668360863962538
-0.3508191784204675
-0.34867331986268013
-0.3407654366819124
-0.36728225120497926
0.3447800953091096
0.3611351976656738
0.35886590720323874
0.3692891192913417
0.3508317910534729
0.3359890620264464
0.34484309930162355
0.3860014410152926
0.363591068298855
0.38627754772422873
0.38671322257454077
0.3602357661927891
0.35593509285035013
0.3552481694421099
0.39472518485801866
0.3551398859987668
0.3720898410230391
-0.3258344955498244
-0.378092995486155
-0.3829660038161916
-0.37065598170963254
-0.3313544282564248
-0.3354292693880934
-0.3667422962815873
-0.3612850457121341
-0.3370406240054658
-0.37193356094659136
-0.36906427788796686
-0.3704834172148147
-0.32513989572822294
-0.36637261668500515
-0.3724463157695734
-0.35006248867587336
0.3676265308749053
0.35826127283910947
0.34164210464576594
0.36757539188642613
0.3954782379439894
0.3837732411920422
0.37992894896727425
0.3271057844503389
0.3376520149886855
0.38178383969664487
0.361524943344933
0.3775869534942835
0.3520606865600154
0.3659531793357354
0.35026377182088386
0.3926228939393746
0.35790426813514414
-0.350278964166003
-0.3406004731692102
-0.3538478006641632
-0.35179796451336454
-0.33373086278439035
-0.331372609586616
-0.35697351029502733
-0.35647819730922037
-0.3675595767886796
-0.3493716700226398
-0.37417358195236855
-0.3455709943405941
-0.377677768444598
-0.3739527321031758
-0.3387933383318245
-0.35325818506387524
-0.3902221463879852
0.3261581285899462
0.327762184381964
0.366992307526173
0.3802967572946009
0.33136944794300677
0.3350017648138463
0.3367630137142519
0.38255000727973026
0.3245400879654346
0.3481929679749393
0.3720339579885588
0.36247621622389026
0.3309918344075014
0.37211706542776146
0.3883095059084047
0.32874972430539123
0.3507888146269895
-0.33009594960550687
-0.34682214889958046
-0.3610136009883656
-0.3663370656620623
-0.3320664922766423
-0.370223657932316
-0.34695097129361696
-0.37365866864515385
-0.33769884696802915
-0.34024694447780557
-0.33032367435769394
-0.38851706044068596
-0.33228807408561983
-0.35054035074358003
-0.35451879668483915
-0.3312253490088313
0.3472093609661336
0.3709093398531017
0.3169737812764541
0.387192566977381
0.36490306138026757
0.3651899402798955
0.3396107216495328
0.33638490570716867
0.37017918126965677
0.3642207828141599
0.3320729350584311
0.3372352476526696
0.3423548576807496
0.3806741577954532
0.34704831978726003
0.35476453917620143
0.3398974528493884
-0.34347215607848725
-0.3817247455702972
-0.3464195073218042
-0.32511403125300875
-0.3272709005355292
-0.38387060416828894
-0.36038776855448773
-0.33565627001471476
-0.3650646602490887
-0.3600362300154211
-0.3606872165971215
-0.340319966968041
-0.3351515553437987
-0.3328139179545952
-0.31690840704790757
-0.3286737430924691
-0.36363484694758486
0.3549891583104086
0.3895615599968958
0.34913862581358984
0.3303330843316544
0.31069958997535374
