0.039396270235422276
0.07137275964716971
0.027483826937987343
0.026954760886993636
0.01446286848725011
0.03579251686982282
0.005610658254759166
0.0009209328701417878
-0.004351899193871585
0.01215082191541323
0.03440238379125548
-0.0017300975560601492
0.025499797606200452
0.022576971196131626
0.011854112310786107
-0.00583874743338802
-0.03551815993099809
-0.05445948988888359
0.008474867060145212
0.023257018107719508
0.03235536908394764
-0.002098042206745621
0.025051784337401066
-0.05123190809989316
-0.03111395257123156
0.010583895174508525
-0.0054854503272057185
-0.03384768129997946
-0.02209486157946755
-0.005408787103966302
-0.008492525061302903
-0.013949171945953937
-0.0369042436678505
-0.009398229316950288
-0.020010389222693326
0.004991771228253642
-0.04175421097104494
0.014007715784455036
-0.011485140408638869
-0.003402955864756004
-0.05824103241727535
-0.037578095940682746
-0.019133815043769247
-0.02811934661547726
0.006264096273594134
-0.020666053187299603
-0.026534160383069286
-0.01736678358530308
-0.05623369023355094
0.052973569058662254
0.0035420647891860335
0.03001211247967438
-0.014321984146912659
0.02591147163481652
0.013027502944315934
0.011697595115150984
0.03261744634435221
0.015532826752115973
0.017459981726986144
-0.03135527269434944
0.032103077182713685
0.015800402064940544
0.04390555276542327
0.00941174284993853
0.005923640973497367
0.044250207628120715
0.008917528809294641
0.020342942664815417
0.017190925170722005
-0.019616604537701452
-0.0035813891730272548
-0.002115619679982223
-0.0009048689144899058
-0.01680865408665446
0.01689075673172425
-0.004346241446411431
-0.017719489131187205
-0.0056473710424871
-0.021546405213597304
0.006833567413206201
-0.0429167479833451
-0.019589202046171074
-0.02081993583979247
0.004980262362909181
0.003975172545610306
-0.016775185340826542
-0.016144683903153826
0.011347748703513579
-0.030983938850425156
-0.027181603019016096
-0.023787032631998686
-0.008408585037764234
0.007785811892587757
-0.023597844532416548
-0.023707243367487245
-0.036693984788672696
-0.013924339396054359
-0.010499884510334692
-0.030353342615593058
-0.014810265934432038
0.01739473005932624
-0.014358057387523264
0.04380306920474411
0.027920430321836175
0.058706912237528254
0.021419108645779696
-0.020377131138935356
0.0005556312229307234
-0.0166899157893911
0.01619482834032323
0.0060678019053810196
0.028726995144953027
-0.01402879278391591
0.024260718264645743
-0.0069881160729124685
0.021251399889364767
-0.016324475295482293
0.02346703417139208
-0.02372741594142429
0.02441955098484791
0.0010386788692512434
-0.0017992601266760182
0.01230131772486061
-0.03737523344953532
0.011047756433685607
0.03147275306111744
0.02215326335827464
-0.003398055193223709
-0.01021547113211195
-0.011703738321261894
0.04333927158088995
-0.0016965815131388794
0.010499442484338664
0.007851352627594286
-0.005118268140403784
-0.03318412822721062
0.009393835389892198
-0.01772632780521436
0.00731130018993896
-0.0226801287974674
-0.05393677047348262
-0.04664407598402887
-0.04218626768403703
-0.013633030196840713
-0.03932791901163396
-0.005132702864145126
-0.013858603473327036
-0.01547115710059472
-0.0813993730518409
-0.02639094520142285
-0.0008354750989796184
0.050433811492962825
0.009953788759044572
-0.001337630935537272
0.03991265289446219
0.018848730521806013
0.028911985918523436
0.042339489635910554
0.014205934635740998
-0.008140201082506328
0.03798359510265916
0.0018676996452673053
0.011831658685875818
-0.02300069248629972
0.04465388272358824
0.01894164243881058
-0.03694745399452512
-0.026588035452429097
0.03528702661727353
0.04673768550538904
0.03491048274458792
-0.006788065264576996
-0.014920658408025289
0.0012592201795492183
-0.011270900880421694
-0.0016206611445469124
-0.0425605098322536
-0.0416876946321123
-0.03295760914578853
-0.01502597883079784
-0.026258029287364818
0.01667818724891592
-0.017903259384727567
-0.022220564899320783
0.007569615554121074
-0.013925604431136647
-0.004656369003799501
-0.025004821085147934
-0.042571143056709435
-0.012492081970730384
-0.00823005625068068
-0.0039914046947123055
-0.0271771490905876
-0.027817931394031742
-0.016015718489708203
0.0030073528379851826
-0.007045290545760901
-0.0066548863186758865
-0.03461595689750625
0.003603480487452307
0.01415561739845914
0.018782891799768716
0.013949667584342452
0.008347528522903946
0.04258652961596055
0.025102791124720133
0.01567025141858333
0.003749761972659995
0.021428977244147735
-0.002776803753804076
0.011816829490972914
-0.022405051405059533
-0.03562596745406406
0.05615913416360373
-0.004522870147534856
0.040276294190462185
0.022289736074478227
0.019450721545026292
0.040859944047258956
0.0020476057436249586
-0.007569612003979992
-0.002732481055421381
0.03380241274622481
0.013732233139806328
-0.004896573320360591
-0.027821305213923987
0.005962044023583099
-0.04917876126715029
-0.03612285817103857
-0.008653322405535978
-0.0038075011732364604
0.015722921345934778
0.006892163198096737
0.028909274070305878
0.014681846459141308
-0.0029925292554652764
-0.03890594147128067
0.007683020294799503
-0.02584652378500659
-0.05168590163220173
0.009837933778324853
-0.02965501218841697
-0.0695922138095573
-0.024733115639476805
0.0019515643642163336
-0.030990468968924052
-0.01719597519789772
-0.05395057201150402
-0.011872628981106196
-0.02568068447832566
0.05232984018366657
0.01586018229633549
0.018134912293190232
0.03911529308570505
0.03278980180689607
0.02143237778110406
