-0.6188496435398126
-0.4482336470940952
-0.5563846951156353
-0.043416758343249075
-0.11829532066494008
-0.2895907709931602
-0.056921219488364094
-0.35904381255380846
-0.5820122587008028
-0.6248516969503833
-0.11354471097261903
-0.13561512578931775
-0.5160176990075015
-0.4366589898084475
-0.5905778388408848
-0.3608739065051748
-0.5933868709189793
-0.29043099315221754
-0.4971676406457176
-0.3741529732418115
-0.474333211680219
-0.3227565545250417
-0.5508706936676889
-0.16972439935107936
-0.5537191538690315
-0.5747570399904652
-0.36672874039567416
-0.5455005702525754
-0.21085853925358594
-0.5052608895405594
-0.24934249844376546
-0.22360717564278795
-0.10441946254189402
-0.6875086589282376
-0.18348044443359343
-0.3624994864043685
-0.5638756672672668
-0.598534253045099
-0.5181625357149481
-0.5588916135872064
-0.04103794043254591
-0.5312914512857173
-0.25938907190544574
-0.4529828040120229
-0.152530679498325
-0.18249716132206534
-0.10743745940652127
-0.5471082956355865
-0.24097513907222595
-0.14472549502565518
-0.3660974397393414
-0.2534380693694708
-0.22811982566158248
-0.6525779781804948
-0.34688991576504313
-0.19446712784106973
-0.4510920077361638
-0.2580042704700867
-0.4799370636293685
-0.05328693003669456
-0.2534755006313154
-0.1566687441794159
-0.3038181970527476
-0.4575544910235317
-0.10433986724366685
-0.3194487054440584
-0.34322363784409005
-0.1828963099961537
-0.10790232681513516
-0.5960347964391656
-0.11358825905981033
-0.4131117846373252
-0.25265021444433206
-0.373155566299974
-0.5699105973742535
-0.27573657286960845
-0.1507869552202807
-0.38049158041506576
-0.2776909662346284
-0.40679027284274216
-0.12586128936171276
-0.6388652248999076
-0.15736240902913215
-0.3155170243473674
-0.13359132473227217
-0.6513599225854717
-0.4935713879280045
-0.41368604114319524
-0.11467918428307305
-0.017727349923299072
-0.101251948691458
-0.16273438601167467
-0.40333158927945423
-0.02474740983003173
-0.48917584919839685
-0.6289729374445266
-0.5660517830390538
-0.5079129448450025
-0.12186910887297689
-0.5691748573165382
-0.04980026658328822
-0.25329880008221056
-0.6096694310303208
-0.38491248964801855
-0.38685203653794525
-0.12624933846887204
-0.10997051514438795
-0.5471747848448897
-0.4885310892385569
-0.584927790411195
-0.4292828888093756
-0.5997529750151992
-0.11812053559655425
-0.29299711288186053
-0.3493366803228642
-0.3870708204934255
-0.38798319018210364
-0.44239392540409994
-0.35364600427928033
-0.636469346500513
0.008247580521290139
-0.45761091170574514
-0.3728191346519076
-0.5354371641665022
-0.08504373008629561
-0.349463807226492
-0.6098106578111981
-0.41557229999335216
-0.5739969237909252
-0.1565298395234935
-0.13507929071304317
-0.014296974402093175
-0.4293348953742191
-0.07555997847361755
-0.3662621860602813
-0.6331725152950193
-0.23623990479440785
-0.02558120148055533
-0.44431155438757514
-0.07290237415246736
-0.3731675999178714
-0.2249723464232973
-0.3402576994234204
-0.08658947256194247
-0.3543771023693214
-0.33872018432336387
-0.12266617637392513
-0.4049437796976981
-0.35813983716963116
-0.5254394285592155
-0.3106228509297713
-0.46960275362328396
-0.29719527649391336
-0.29361299516929235
-0.13682035588191876
-0.515194950229609
-0.5665613010575167
-0.2505470610394221
-0.3290244773641606
-0.5904720442675248
-0.030742177140428782
-0.06709037504102924
-0.6244972922466085
-0.48700047280611525
-0.43330455541747587
-0.20771819019333704
-0.21491345770007544
-0.5133648207329483
-0.46024482307309583
-0.5196393301993764
-0.6525080457108365
-0.6112737618003462
-0.5136597858171531
-0.1462881046360605
-0.6328455050721056
-0.5097332613881742
-0.0077836727714517264
-0.02677144706952817
-0.12417364272042936
-0.44659193926590873
-0.07089840265975417
-0.3358855001007656
-0.24834715017079345
-0.30218505400388707
-0.4922948935347198
-0.3736757547177344
-0.2539624180422192
-0.4561126641136762
-0.39026232828105584
-0.5716270215095887
-0.2512841219547696
-0.2983992165980774
-0.516365011463884
-0.3339013156216212
-0.34597900564417466
-0.6258371456241995
-0.23050047116071237
-0.18391394471040348
-0.31356284835750636
-0.005957532529126643
-0.49000125060569155
-0.0029666657835085283
-0.41767442913653585
-0.4382293262822531
-0.32813334420176404
-0.3985337267329378
-0.24029574921136412
-0.09735471753147917
-0.17851675631194053
-0.0046040205376653215
-0.5764245913138338
-0.17896227142045634
-0.5817186671126497
-0.484718179130716
-0.3476683271329697
-0.2125768590436935
-0.028895777016107134
-0.5228652751871897
-0.21077268974194985
-0.3093730554917904
-0.38377337794027344
-0.3371348766886392
-0.6456018625493763
-0.27697238649865136
-0.6581902853531607
-0.38094512150302856
-0.4905817648840357
-0.1710150998098654
-0.6303260072369462
-0.19519309797646892
-0.2482263059143479
-0.3821289030287037
-0.4716172999860351
-0.04104661127296543
-0.3721463557012236
-0.21520799089360632
-0.48535361969337765
-0.5268444559018689
-0.2167879098304183
-0.6144538780882113
-0.1572961453328276
-0.05389386307758061
-0.09344741439180038
-0.45221941907558977
-0.6272682990340611
-0.3792908968459696
-0.6400301054094012
-0.13712357344575826
-0.526034598916252
-0.4273920193277885
-0.3112891397501097
-0.3650239077806502
-0.11714300389508507
-0.24807877318572555
-0.18690449565053824
-0.0870720417194083
