-0.47496499889735566
-0.8425441925518393
-0.9117981531017529
-0.03798989393602819
-0.1543889269348827
-0.37406811156227326
-0.4224569523081826
-0.2979061250768412
-0.5966442180286251
-0.894839923554633
-0.004223374377856075
-0.5435913383232698
-0.04604822325285343
-0.11128876904184411
-0.7765097442875745
-0.5586476311737322
-0.6252607164156654
-0.31393450253788324
-0.5664664791150542
-0.27263641038825986
-0.8061710012778232
-0.291268906385269
-0.06607368240573216
-0.10007875201444971
-0.6651651673988863
-0.6684189340431643
-0.0964336766833509
-0.0025468411456800732
-0.18945183455125514
-0.594036758941418
-0.7972550951957411
-0.4774827702558885
-0.6553529409839014
-0.4870322096161462
-0.41895167837280267
-0.9104125617479994
-0.4446614891766691
-0.6431023231742753
-0.348243381976745
-0.6780923283714769
-0.7771868969375186
-0.9327162308887431
-0.20130131762174217
-0.262699599769018
-0.9447647330461315
-0.29079340663190284
-0.22554830677994622
-0.09420548758656662
-0.058592379882779634
-0.7016195127273178
-0.1557166953316785
-0.44987445162413836
-0.041719435492856574
-0.8108261064680234
-0.5473815400982578
-0.7265126510508889
-0.4578211276031872
-0.7380323993678763
-0.8841055662802566
-0.012745743397866894
-0.8978981698604406
-0.1277223980386932
-0.06336762102686545
-0.6746329470307292
-0.3688077058073304
-0.64254798718334
-0.5256419244819656
-0.11850044001183958
-0.29449164146603746
-0.9186911491119736
-0.877558980683546
0.009549572051477367
-0.10132493645907148
-0.8262162066866379
-0.0868981321366159
-0.21823180416989518
-0.6911995294987626
-0.6336479733460475
-0.3238693049533572
-0.923949352954134
-0.08292387258969561
-0.8583587806555699
-0.14757151906998509
-0.5835417674841772
-0.3600238832598611
-0.6972507915962244
-0.5296257792520893
-0.36417254045100195
-0.1943495941349553
-0.19086269676111803
-0.1939621135586792
-0.08147910153163138
-0.6908788530810588
-0.6007528813903943
-0.13196935896049458
-0.06581226357374938
-0.39269725965605573
-0.3921717833592605
-0.7044147659308342
-0.06489589511521061
-0.8443709500302292
-0.19432519498636897
0.020208588113295102
-0.061132950796289304
0.0029398127940234303
-0.25794772804570926
-0.4568245236912532
-0.566783367480906
-0.34474209045598975
-0.3278320485913172
-0.8463324989482696
-0.3958821761361439
-0.6216030068515601
-0.4581603915388647
-0.34499509929780664
-0.5094604541690722
-0.39800934104044
-0.5480203440810367
-0.29161410752737627
-0.3294286804733065
-0.12492179911374492
-0.1387809835837061
-0.01918392968502856
-0.5307633388195525
-0.8000338764878191
-0.4304674114658495
-0.8097035378170083
-0.9208418309607489
-0.24793098199609978
-0.615807820931016
-0.18578015357662317
-0.1951729202686213
-0.543455001916238
-0.13465628043746186
-0.23913285399405082
-0.39176058024385785
-0.16042900263012524
-0.9203391440153117
-0.22813042763356048
-0.6790700933147212
-0.8343675194232412
-0.14604042214895957
-0.2733876309018418
-0.8231003835400424
-0.4738850107096524
-0.791403984381808
-0.3157125170393389
-0.6694763019182431
-0.5897065806140294
-0.6236661508114663
-0.7316110301970146
-0.17223603251604586
-0.7979532558854114
-0.8891655594222939
-0.9296273960824117
-0.5076111849793117
-0.2751062138385955
-0.14635919411929327
-0.8518716423476755
-0.11953730278501001
-0.34961925751293715
-0.6140347166577922
-0.6695987072611206
-0.13988539012400336
-0.5343817178688608
-0.5511422186501062
-0.04333072175747926
-0.7118003903199591
-0.4227094433912435
-0.797569183532136
-0.8807412080946961
-0.8948596609900945
-0.06373177547379924
-0.8032909327911859
-0.39886016330954727
-0.19509748683153647
-0.4357543037819529
-0.778995973248402
-0.353950822805244
-0.31207119801891714
-0.3219478167019778
-0.33142773718298113
-0.3352561887971284
-0.5403860375900527
-0.9529394723381198
-0.38618565697912316
-0.7035956673858919
-0.49700703321601464
-0.13214181988573062
-0.33474881238958787
-0.654003687144904
-0.503721863475851
-0.2722938994155123
-0.817025241476509
-0.5392448754367322
-0.3688645000276165
-0.37821117553877576
-0.6448350632411801
-0.7489158609370271
-0.727200623914495
-0.9496431902241407
-0.2266169238377999
-0.679787408269459
-0.5003613954616436
-0.8667002262457444
-0.5137938118289276
-0.32406905513117384
-0.7462256294679662
-0.9007792417547466
-0.3264844466197026
-0.17653765974550828
-0.22999585492476227
-0.38086300115559035
-0.06516635206407727
-0.07021670491473127
-0.46459389612621566
-0.20696436042418767
-0.3908050197223496
-0.862609865039346
-0.7138181842270858
-0.9387859627575788
-0.791460603488324
-0.8369624635635571
-0.5953721005452586
-0.6551649520332525
-0.7883382263860237
-0.11254970413847562
-0.6291368474314767
-0.6234204126112368
-0.08228241922851093
-0.9079929745202708
-0.1776787720991191
-0.37927872883947483
-0.09047975767888489
-0.04479758130778267
-0.5896227040275076
-0.6852365433339809
-0.48540259812175324
-0.5603877764127825
-0.3515123835762604
-0.6131196920880118
0.006050225222403196
-0.47470052312062777
-0.9692120687239947
-0.480233425838621
-0.10182783020535854
-0.24194993657156266
-0.28378635914321393
-0.26133086786270054
-0.6943364771199642
0.02519264138380041
-0.503515930324899
-0.11173305072197702
-0.8607832896691304
-0.6286149939441533
-0.23475736989704998
