0.6767849048862428
0.6432602347881128
0.6727479503573621
0.6112974488441247
0.6382600064846461
0.6545809767093097
0.673726414061167
0.6486704710721981
0.6467830515593608
0.6745850509746576
0.6835417947232304
0.6477686577818754
0.6500433532340417
0.6543243708380629
0.6429836608690348
0.6541539324997007
0.6507844072891372
0.6680552626007223
0.6617577450801779
0.6997122825622967
0.6421926468509924
0.6737313132084778
0.6688475988023266
0.7088413836004122
0.6120276232964867
0.6971290112116038
0.6654821970614241
0.6345510555499624
0.6487952144816529
0.6542038460778902
0.6924634400074619
0.6509700833295803
0.6883527824993956
0.6648693666812937
0.6628778313540014
0.6681575685196963
-0.6681469987346192
-0.68168109533922
-0.6804329785474469
-0.6582853916191205
-0.6726686237970098
-0.6657594188850123
-0.6422722906272494
-0.6560860949331236
-0.6813066233959748
-0.6376390131126692
-0.6334826327167781
-0.6735012336865671
-0.6716346810439132
-0.6425162724264863
-0.6570222869718523
-0.6718648571255189
-0.6596672639882268
-0.6754106000608702
-0.6369827799829038
-0.6578354506594783
-0.6751328087053038
-0.6303354199160215
-0.6571217556579562
-0.6576196545528719
-0.6593137838652186
-0.6806088022163622
-0.6551415948553252
-0.6961905806947342
-0.6318434170418492
-0.6497961651809623
-0.6571566622749118
-0.6202963222636733
-0.6856371136722823
-0.671275314910375
-0.6868458951339527
-0.6484172663409876
-0.6826387560554399
-0.6494136360067457
-0.646006620592504
-0.6452459034605059
-0.6695749415259229
-0.6916043699923328
-0.6563899499611884
-0.668346011966716
-0.6588304698462851
-0.6570033910712009
-0.6704131443642453
-0.6984668397422227
-0.6192550729236778
-0.6711794463917503
0.6675244266691532
0.6754009852434032
0.6776846562580181
0.6558875548713194
0.6287768598539735
0.6677557049767944
0.6608789080101338
0.6742131308404724
0.6768962508010445
0.6940178633313747
0.6776730377974062
0.6492944200421916
0.652228115702756
0.6725630088358489
0.689069220252435
0.67331424308204
0.6900725721071508
0.6377000884206533
0.6525991609703521
0.686040723599069
0.641489791955659
0.6476534326577733
0.6324048063788965
0.634732487687151
0.6651372386980868
0.6443367618787931
0.6428931679377198
0.6225816278919194
0.6665268173355849
0.6770962115705336
0.6560005209968898
0.6746918934940063
0.6496492496171987
0.6257130056757249
0.6426520588834344
0.655484791965314
0.6454649866221586
0.6167352134710469
0.6712654449814137
0.6551193400410941
0.6490496191123667
0.6524781295935007
0.6446137035196061
0.6556442444698206
0.6517511513958919
0.6736783363273131
0.6681058416202538
0.6465490074292364
0.6626406051782292
0.6626447743007963
-0.6423774135089787
-0.6542700510128427
-0.6766792360971298
-0.6795315455747662
-0.6681609593263161
-0.6638483366482942
-0.6866424403548119
-0.6201462043637967
-0.6841809695692835
-0.6791331535121682
-0.671405293403057
-0.7126886577440359
-0.6833804780502161
-0.6517202575926793
-0.6297415974608501
-0.6567988300549362
-0.6715207803607685
-0.6851969128942756
-0.6488743847552711
-0.6745463122642411
-0.6639550016711663
-0.6696932189115082
-0.6601209230596332
-0.6612588786663238
-0.6676569493454755
-0.6719906457170677
-0.656011832392985
-0.661207348971338
-0.6631206557190004
-0.6435801231882635
-0.6707388441785331
-0.6927031844033794
-0.6574422020687489
-0.6519213774649126
-0.6383187462704771
-0.6343351819526675
-0.6516021687470713
-0.6922878909463762
-0.6891566791168884
-0.6654633348281607
-0.6135846854574218
-0.6399986856965275
-0.6720679901740307
-0.6511294307429122
-0.6767638502454258
-0.6671191044298663
-0.6364005411866588
-0.6426639579810501
-0.6166759872244151
-0.6909062859563323
-0.6549956527883136
0.656166168504123
0.6669990308593676
0.641901594133725
0.6295687398840127
0.6658898950265104
0.6534262838156862
0.6976660962804931
0.6793089526658804
0.6317799754651038
0.6817459893936453
0.7102779176015538
0.6583967451678003
0.6841573785192048
0.6851769509233974
0.6573901812345511
0.6625589064435505
0.6703157342168697
0.6771031131430778
0.654302443765236
0.6622797524403004
0.6944911071587433
0.6489914990908403
0.6842470878199116
0.6930215888133858
0.7041961039789092
0.6900245796609896
0.6609521691194483
0.6661551241114307
0.6503500162656121
0.6663205279863799
0.6722945427606074
0.6348566727945701
0.6766468790724196
0.6804336328114214
0.6133804165246128
0.6548357117115079
0.6653663066716021
0.6627025147298153
0.6677673187507205
0.6629907790250699
0.6526043284972989
0.7173299649934998
0.6358479213021655
0.6560518285415878
0.6737104750239404
0.6463421073813865
0.6429245601810442
0.6594111520743032
0.639056110004402
0.6580178908458262
-0.6365434099628169
-0.6523180454947464
-0.6480186256930447
-0.6643163970832162
-0.6433175454939899
-0.6519157253568372
-0.6270132774725252
-0.6552466206906761
-0.6552634119714296
-0.6512441952647992
-0.6405820639374209
-0.664408539132018
-0.6596814147071822
-0.6421074251217812
-0.6667035334866234
-0.680469130188099
-0.6402840776578146
-0.6587185730102407
-0.6851449154758315
