0.4128872055341084
0.020798520160513145
0.4323620186200354
0.4221917026634019
0.5988098144679668
0.14231737884083154
0.6225319622557137
0.46828078295368114
0.8545520394914133
0.3785259091396503
0.4207164193436539
0.28564583681045225
0.8872415717736021
0.7214363226782601
0.011866745308772342
0.024572167675818504
0.14224920785287318
0.24526918785642648
0.10464799928935536
0.284427937955317
0.38462670881497246
0.13402243795058594
0.2968958031287236
0.5688878069606649
0.571732928274347
0.5052486733265765
0.4467412773624039
0.04383043789270048
0.21673233205527825
0.2116484612787332
0.08569129329842519
0.5410655692170329
0.3953635957172122
0.14369316674504196
0.5326963437702076
0.27228509103324966
0.18226840373512956
0.44775797757840813
0.6173832599592614
0.4794158510060723
0.20809029170224488
0.6201129186272046
0.8127893744271121
0.7254693852685306
0.4307684204033356
0.8488908600484003
0.7088540746901238
0.0972508858269498
0.7513243894911267
0.3541526158600193
0.5731080611222735
0.0296092820404987
0.1474061780161395
0.08873915006312816
0.7001848435040505
0.8086059765691689
0.1567575004456725
0.6978720135127978
0.7438532682446034
0.14450267003368553
0.18729322505816456
0.6414357753399544
0.7663614517038155
0.33915342927123815
0.3922288574386295
0.44139223006303036
0.20983226244057301
0.7559831814305806
0.5513668251219221
0.5656487335571165
0.8250316958948931
0.7392694877490873
0.5527895910228999
0.5875180502591424
0.6250686076694781
0.5125003532621112
0.13056571616248822
0.45022582446046516
0.2500307238459567
0.19955994792947576
0.2637755700659444
0.11860415064798858
0.5848235396937435
0.7027915790969317
0.8591796889235079
0.7061817943888677
0.17395515982611132
0.653101687109736
0.1490857961700478
0.3784845781406582
0.01048256970558548
0.34678724255258797
0.5295943141170989
0.23393068846275916
0.012166041032070621
0.6384674874697825
0.5636883419004435
0.017005078976426394
0.9142518130028636
0.2199607684459159
0.18374626269006003
0.267533032446842
0.26766438533364056
0.3480207927802903
0.20646375180648405
0.3490156552655157
0.696245598519352
0.0172448946322745
0.07911228183108576
0.7077244382041664
0.2243691992662883
0.6923978394093723
0.22613459016221626
0.38345052414919645
0.3189434202477438
0.5557032231173138
0.5640905859537357
0.8337382464960906
0.4700117789145522
0.3955020335429282
0.5433037934362162
0.4429571566042735
0.8585299235958919
0.838961458481029
0.6336795653546146
0.051920115389961094
0.8662996870967209
0.6566341401516155
0.1759366975792643
0.6924942946598257
0.4791153427299042
0.47927924374549014
0.3292015778179836
0.8915311011462062
0.04168218900256411
0.9092189628131914
0.6417109805759458
0.38922116195773643
0.5961673083446426
0.4905781617136608
0.12132146108109108
0.3539141265191066
0.16600132328414888
0.07386380169523947
0.38898631136255957
0.7278200595416053
0.11851243190694295
0.42511600716454134
0.41551938081360096
0.37378530069807986
0.5174500198295233
0.5186257226324265
0.26027707666234023
0.21186189790263069
0.31829037366796314
0.4998093952673065
0.34442821414131947
0.8391667805485475
-0.012031791646022364
0.46170014882419336
0.8298980786858021
0.07846134563692081
0.38449578907228776
0.7619797400229066
0.2665747801993486
0.8350389405817865
0.030166848536495056
0.42591608522319846
0.2785017169695672
0.28929299743154974
0.5161459781636901
0.31170418407464645
0.5713642572321599
0.6315708778403619
0.6042043956265011
0.6298225319627008
0.31621443874551236
0.4000602738281977
0.4852628356510693
0.3517640044381309
0.547063883398078
0.5650295392008806
0.14447752054539637
0.322451259673741
0.5289666490853491
0.8057795136391159
0.07998129922148763
0.2584586274585191
0.04564433864229854
0.7750119705986137
0.2776898972516923
0.4918161409138313
0.4121982262740596
0.0638982738366957
0.3546007493899504
0.8074326325795727
0.5527088395085514
0.08756013424929467
0.3483296411486
0.41905993731453084
0.3082525863869722
0.8186709184338151
0.006048988610230423
0.7859442420640083
0.12677730749582244
0.04132869067297253
0.8234626093614666
0.825710799956671
0.1860376574105624
0.14035267683325256
0.9071331253973316
0.8343701605409208
0.1245224779225447
0.35689572093840044
0.5354086033909979
0.36622756910097504
0.08119491133244934
0.3806647185954974
0.21206089366569197
0.8776760981073066
0.752438737008736
0.7614716737840634
0.5329054934102074
0.5097070562959396
0.23825868906864192
0.4069802631737328
0.38842217090538156
0.3625894964511988
0.14277631260631177
0.21617808888510748
0.0961591724283458
0.7844058439483115
0.6914983362822443
0.2066492210581368
0.17190746951546032
0.22923274738178634
0.5804982794154334
0.29862970783993487
0.5429971229011072
0.2778946517497346
0.10909696822912003
0.6395349190237543
0.3361314472197768
0.2213905707361468
0.35022343101762804
0.7300289713859056
0.9302131415627677
0.019933924737704927
0.22473328852880364
0.5252350473437825
0.6171440321306998
0.7112265830706547
0.8062055998178355
0.7405088438605174
0.5005657693094974
0.02596605410173733
