-0.8334748507703305
-0.8188571084457792
-0.790326580416144
-0.8320298669912003
-0.8167265587927343
-0.8223830217195653
-0.8295193529419669
-0.781115853203706
-0.799958810364358
0.8138917231884073
0.840319729796261
0.7709943518147915
0.7987789822334895
0.8200992088457907
0.8185039250461331
0.7907881183051129
0.8004206249459008
0.7683348650977803
0.8238884094619936
0.848092403400415
0.8143098794765976
0.7742696880087163
0.8054015934742365
0.8019844614010364
0.8220361359891349
-0.826316183270739
-0.8032634194967355
-0.8171660000065026
-0.8017506525221044
-0.8199468395037962
-0.8392458599756061
-0.8392101697972415
-0.850662352023066
-0.8311159475108543
-0.8215015441278681
-0.7831162722085658
-0.7859039499510332
-0.8311709342943829
-0.8058378154993067
-0.8183967984355389
-0.8160230735644425
-0.8122862259799484
0.7907132533671553
0.7815526855073134
0.8203687687060173
0.8005298714393272
0.7879558292835388
0.8362383197059626
0.8293644223631439
0.8067099651562758
0.8097141397322888
0.7894698448619546
0.804674197147222
0.8250588305459614
0.8365491373040271
0.8428631935869955
0.8196019563366083
0.8149443282008301
0.8076570820721328
-0.8340285330147725
-0.8245840867375107
-0.794509004575449
-0.8116920347867935
-0.8086400771286257
-0.8148935519673345
-0.7749760983715308
-0.8089268838024426
-0.8606813849463052
-0.8398033045356413
-0.8268605644495315
-0.8022557718284121
-0.8053035058121532
-0.7904803004818496
-0.8347574718080024
-0.808836848284057
0.8132886515694863
0.8038256237024921
0.8046789661596888
0.8034039509397009
0.8402710556880979
0.8184371640983937
0.769397946655471
0.8025288575585907
0.8309098908015226
0.8442927437304805
0.8083622848645864
0.810820422928085
0.797649216116153
0.8014904021554913
0.8043250758771247
0.8000547409729617
0.8032841758769192
-0.806480477148332
-0.7912567775546308
-0.8651087286812342
-0.7976026320317098
-0.8136262893353011
-0.8184150244112899
-0.8012138098441716
-0.8209623313825604
-0.8498654124688345
-0.7980782682022424
-0.7886707034592675
-0.809823963170023
-0.8110481264120156
-0.7969080484237301
-0.7902010812988987
-0.794977888092767
-0.8043074370899522
0.790461661130552
0.7901821172518458
0.8210949809498684
0.8148314376287827
0.8038742114019536
0.8502109566704812
0.825066000977301
0.82771158077253
0.8105316522133565
0.8315604274621582
0.8136912277237129
0.8020666137432922
0.7925643630155099
0.8063082696765826
0.8350755073311444
0.805379247165891
0.8287939019263334
-0.8108581922467063
-0.8020446409782083
-0.8017260501757839
-0.8337733795786579
-0.8164968112618827
-0.8245462391828787
-0.8071308827876134
-0.8531508132860968
-0.7960988876643502
-0.802978916858097
-0.8270454545177233
-0.8244731167024566
-0.821892715883595
-0.8265971396913977
-0.798667865744076
-0.815573395670799
0.8486340354504331
0.8218836937225488
0.8125744540404204
0.814439656770907
0.8457986617742153
0.8066361157735285
0.8167513466775768
0.8254045085467311
0.8385770083135552
0.8258939145031148
0.8066434570882177
0.8102888193461575
0.819899016480943
0.8101666327283785
0.7830863485559392
0.8177115652394173
0.8039346672190653
-0.8025212926244554
-0.7889198800746078
-0.80471968237503
-0.8314297217689967
-0.8264914028694355
-0.7785849547375757
-0.8156593257675775
-0.811518678979099
-0.8119000213426074
-0.7901046398670637
-0.8244520122657168
-0.8326815940904443
-0.7752022371669864
-0.8201328468571343
-0.8076175381817668
-0.8683091032013325
-0.8079450786865999
0.7898797450617422
0.7965594633055321
0.8094206899627885
0.7852405654164409
0.8186682833505534
0.8239082015319548
0.8202239924962943
0.8437086423068729
0.8149943066311653
0.8344293576784999
0.853985093063194
0.8281485061623779
0.8419253313713717
0.7596550390204653
0.7935501819438044
0.8155361866286596
0.8201787419718558
-0.7886328733436753
-0.7891969979983842
-0.774926217278225
-0.8228051472133555
-0.8388255038895166
-0.7998100351237958
-0.7940447981503487
-0.7987703193159232
-0.8270490042536998
-0.830120435571837
-0.837424058823855
-0.8313325540331511
-0.8237392883346166
-0.813573102355141
-0.8265005812523639
-0.7786954253755588
0.809661391162793
0.7898151172823086
0.820197307355304
0.8265711264916951
0.8210880559340925
0.8141720914661249
0.8292038245637492
0.8161608161875467
0.8034743781935323
0.8038613095141202
0.8128325486586009
0.8168158419344497
0.7992371803610229
0.8124150572687325
0.8576483035827965
0.8165210868306714
0.8071562804950261
-0.8116813075290203
-0.7789628165809175
-0.8399087228612065
-0.8178942297570344
-0.8259719046413353
-0.8359986337327475
-0.7900967292675645
-0.8527831919425459
-0.8174298770249654
-0.8169007896610463
-0.8034643917022332
-0.815593919310388
-0.8247001472683542
-0.7977562122007742
-0.8062964981819989
-0.8261526787694329
-0.8073053756860871
0.8439764169992056
0.8417693377285049
0.8150136790477689
0.7897388010993804
0.8413769123177534
0.7800657127609724
0.8209258108871674
0.8118284388028495
0.8315399152346138
0.7749299131506481
0.8174111138433715
0.8039576146096253
0.8430561359674426
