0.38559436892487076
0.36045595944667946
0.32719147215778616
0.3341222660512864
0.28095348180087315
0.26457683257891046
0.18616536846096005
0.20978664290617963
0.20239510983811712
0.12435480778295871
0.11248437099029301
0.09763442344344236
0.060447942942512885
0.0159254687849325
0.01432799523600344
-0.045748318612571406
-0.044033143819755774
-0.10958232949975265
-0.08612159645922271
-0.13548263088145956
-0.13452318960925333
-0.1708570649042929
-0.20416448431050496
-0.25247383515913857
-0.3112464959416693
-0.2775811672177241
-0.3257037164126669
-0.3524819090450389
-0.38691587103346003
-0.39458590294498275
-0.46765433045428095
0.4394328089451698
0.44772331011212263
0.41514240350545123
0.36585317085043767
0.34650173930744554
0.2856401243715838
0.2684717627557959
0.23990438051427038
0.22767665868509607
0.20465356086961276
0.1837630317155164
0.13436521459144873
0.13495661944668258
0.06702121360735347
0.06994610985505798
0.06773452619913584
0.024180599838121302
-0.01130885030855795
-0.0348845386822886
-0.10701608563051615
-0.12397661965106296
-0.125443886014014
-0.10917376257325946
-0.18605216448722925
-0.17328729796876585
-0.23418794893223707
-0.26257754151092727
-0.2866680091327308
-0.3179899783524391
-0.3501212524021157
-0.3687307819317706
-0.3618182741919406
-0.4312441653846468
-0.4595607174860115
0.45101118843780863
0.421173144659195
0.419239995373385
0.3634059738818141
0.3314499854100554
0.31641744823255674
0.2472005373088927
0.21524854806524146
0.22029190300495405
0.14389245978981818
0.15407017319865482
0.20937829988339524
0.12957995025951927
0.06599530387228668
0.06951681412927399
0.012480052987060883
-0.0020043984879416898
-0.013752231334764517
-0.03870300223946621
-0.0856844869887633
-0.09984290416918938
-0.09932945052365898
-0.16721729259814438
-0.181569775726325
-0.20851691372797315
-0.21423503720321724
-0.27673975990145144
-0.29529695941666867
-0.3669412085213149
-0.35782773379658966
-0.41206904935719363
-0.41467425482730425
-0.48355503747636047
0.4621234129722723
0.39892514653457023
0.4113112837734708
0.2784143909279374
0.3537969583340439
0.33033571074553403
0.2878913543373103
0.24913893687632077
0.24145469098549346
0.20229191516695236
0.18268655744016454
0.17426810343203641
0.13333798407103364
0.10176657626146696
0.052432443905576415
0.04744748529409242
0.024387516605453907
-0.028525216714778916
-0.034891455818544595
-0.1135840816135988
-0.06965486216859969
-0.11569061159358213
-0.14592886064317767
-0.18470528604716982
-0.20056850006083088
-0.2175466401663281
-0.27599770358557885
-0.26150582493393987
-0.29493643606279996
-0.31488839586050893
-0.3697801289110829
-0.40942621883093056
-0.4510498310078582
-0.4668369950777817
0.4101749368699057
0.4446107056028323
0.40527696184085316
0.37190802324852584
0.3477328010305828
0.34165466501046954
0.26743697218068024
0.2495214296568932
0.24630226001976308
0.19238410328200356
0.12572150940690904
0.09738880401289511
0.11810866017460359
0.08233319032455974
0.07705163182706073
0.0635826132097731
-0.00632556532313369
-0.01061555027833631
-0.05058794229550943
-0.1021912759655307
-0.136093739000902
-0.16226103611851717
-0.14739456318183497
-0.2062655976641508
-0.22458873710925603
-0.2763475403938703
-0.2920697195265152
-0.36766681999632117
-0.3227692788164201
-0.38013167584443297
-0.4217733072784549
-0.4248068718868122
-0.46916140351027613
0.41709683506373557
0.4298835426451506
0.40603675108622306
0.34939037745738294
0.3391376526050598
0.3521404038241423
0.2424066091052796
0.27148936794857526
0.2349155369448664
0.19121024685550764
0.1460345877268892
0.16151097624522143
0.08723666248947849
0.07985876212829685
0.053313040459929434
0.04160634289747864
0.01372633943765637
-0.0008638805320890786
-0.03420431288273542
-0.05257568674185506
-0.11764309052706452
-0.1280817055876369
-0.15313373666021998
-0.2005897207594603
-0.22800637676323157
-0.2413245736482464
-0.27726002929670523
-0.30993130645877437
-0.3431597511796525
-0.35755244358435984
-0.3662963801187747
-0.40951923752471214
-0.41883686966401756
-0.5194030971336665
0.40119337815225026
0.39892743829662564
0.38238319856961067
0.34246806357096804
0.31195548217782537
0.2715977248249451
0.29372317087184346
0.2126341275964144
0.1802894019046253
0.21622896579987516
0.17714228225439294
0.15964864526413328
0.13546990001118184
0.052076812265514534
0.05470872645623925
0.04363680821870021
-0.024622227867757966
-0.014796715219289568
-0.05061509023353458
-0.10894067203936188
-0.11625963791277551
-0.14464077703821346
-0.17544314090739196
-0.2083000155043318
-0.2595629483913279
-0.18495795389894792
-0.29443223251830203
-0.29566397519102966
-0.3353628268414733
-0.34294979278822113
-0.3897225273420274
-0.42882015884122315
-0.45718572852662714
0.47162383935469
0.4298449068155375
0.40009590456106336
0.3809242760466403
0.33190589669421366
0.3217374128306999
0.28149110895693935
0.23309557234729011
0.21492507530542398
0.23704708313502018
0.18491513124248624
0.1433140018984104
0.11043028700581502
0.07811923508146806
0.05787481608084037
0.04463437092145883
-0.02135722439538248
-0.030172602691279447
-0.05518076084773863
-0.11274726240770636
-0.1540591066911742
-0.14669113157571118
-0.14214545326637856
-0.19901116407736366
