-0.3308950697606109
-0.38098269498819587
-0.415152573028824
-0.4856381891260221
-0.4789930430560446
-0.580494334530797
-0.6185103350679987
-0.6351462791464315
-0.7227397831440827
-0.7519384302661579
0.7319782761389759
0.6803583155805869
0.6492469470778492
0.5719285831646151
0.5718085500922714
0.4896043832360167
0.4493153400485953
0.41974519445363334
0.3455965398260151
0.30757398843988165
0.2606451613952344
0.21549047218011988
0.16791056431404514
0.1703089981939951
0.11217061208428802
0.0553115682442704
0.017187174967404295
-0.06698897749097454
-0.08026567963579706
-0.1045579163828455
-0.1815919091266755
-0.23130572462909701
-0.27914054563837765
-0.30290048938731845
-0.3460857014357079
-0.4170604084207525
-0.4085902431234982
-0.5191271578898828
-0.5669863150329886
-0.5960684508076222
-0.6484199814897932
-0.6602905015116779
-0.697001672295832
0.716414499694031
0.7137134358712248
0.6430762621707005
0.5678114503447041
0.5535731912040716
0.5330132744771124
0.4665054459760328
0.44692720217312754
0.40490327888877814
0.33011494529874585
0.28421705875549946
0.21333097731722644
0.20710626446581715
0.1479407705587343
0.12751176617732088
0.08924916684317788
0.02760067070910619
-0.04685133768232516
-0.06712714222247668
-0.12738226829213486
-0.16353099865487025
-0.18539620964928755
-0.24521158272159294
-0.32213307907986777
-0.3226368177051051
-0.4017677532804164
-0.42215896469075703
-0.4933089968039749
-0.5106933635215921
-0.5638815429490829
-0.6166294000835572
-0.6650803887966152
-0.7127493619067525
-0.7213050765130286
0.7089006301214968
0.6584921685741199
0.6377360494154429
0.5675600916017141
0.5427888415730039
0.45662778627163325
0.4414850262084389
0.41832056700818177
0.343318094991899
0.29439724226739783
0.25491487759710574
0.22632836938168022
0.19961248799088507
0.12025220147710372
0.07174293783803345
0.0866542198067976
-0.04015607808015292
-0.06975928974894358
-0.09781129207267805
-0.11773485722513483
-0.13953496696556456
-0.23844327610978272
-0.246354239690956
-0.35782109215732816
-0.33927955992156367
-0.4363317910072002
-0.4327992331867511
-0.4966896528838629
-0.5339064621483772
-0.5767729456500666
-0.6340817475768259
-0.6879230984077913
-0.7180798609818818
0.6989729311118635
0.6952421652927779
0.6483766705432451
0.5749627169866709
0.5686928636053311
0.5099916294549794
0.4612230554586241
0.43692855266961017
0.35922403438558353
0.3338183072551931
0.28014867562309903
0.26765934150947934
0.17772063722880474
0.13454844905918456
0.1282597249092018
0.036167149627367556
0.04789291884425499
-0.015348121518452409
-0.07991872726869838
-0.13671103103831908
-0.1563606388141167
-0.21688397839232904
-0.22873935145508578
-0.30482980388154063
-0.350830322210785
-0.4186817924240839
-0.43519310696997554
-0.49673678204200244
-0.5366067067807694
-0.595808063700909
-0.5976649448244589
-0.6383784825387687
-0.7159179838190916
-0.7359528260389039
0.7497113142620186
0.6787945816121327
0.6495726217763277
0.5595341576501421
0.5155762715969198
0.4833316006418479
0.47186633202727757
0.42861022795629966
0.32377796115707647
0.31625270393951505
0.2111155261322959
0.22561358004649942
0.148960936465941
0.1514411629164853
0.0820800768148985
0.08783931070585693
-0.02760040297000347
-0.054370614271330574
-0.10436684787658006
-0.14449633285743874
-0.1856463865338535
-0.23229146035980391
-0.28567326541236787
-0.3099247727297234
-0.37222919264597937
-0.3976621711306226
-0.44173745793782615
-0.523030071597975
-0.5375806715872352
-0.6235535367016561
-0.6077445393273289
-0.7053256621270105
-0.7218809818683586
0.7254129942230391
0.6801341192565199
0.636338567431179
0.5817478688907105
0.5243515940130489
0.4785842487499956
0.4412157799167378
0.40503137283674884
0.36553783563967346
0.3396343313831225
0.2319620733383072
0.22811386808260437
0.20358235156711732
0.16264297270199216
0.11604895293038109
0.04105976282156956
0.019871334374063413
-0.007271684933398262
-0.03438215187169455
-0.10202699535498774
-0.144503055786702
-0.23662870294975602
-0.2152955173213526
-0.32234249809493953
-0.3738743140915321
-0.3600483891700029
-0.4745572953439254
-0.5194653214134476
-0.5495558899200218
-0.5694856262375109
-0.6128180841453396
-0.6675849583681426
-0.7142781974196462
0.7429907940278216
0.6817004886675341
0.6596743426143789
0.6224088917463741
0.5906316001016549
0.5559476206051535
0.4745311022234847
0.41367026383693234
0.361993905509364
0.3341714236044826
0.2851647651350365
0.2488108732496501
0.22772270840360423
0.1597062678364187
0.1421591809564189
0.052608217122394
0.002463290091626453
0.015353266246107968
-0.0707064694361994
-0.11330369585927934
-0.15803235643888883
-0.22828403357212101
-0.27387120428529227
-0.2814048379551189
-0.34104145162022964
-0.3441455730738918
-0.4018413633676041
-0.4530521864857394
-0.5176380125858115
-0.5526909386086587
-0.6265232603278023
-0.6490872904547226
-0.7252533216552083
-0.7090558552908135
0.7361334538796361
0.7053499104694634
0.6479180001591084
0.6029815995829172
0.5357910578238585
0.4639035707748254
0.4404734826800931
0.42087975056740123
0.3781499985377134
0.3212677174952256
0.2604245944409972
0.24436149652887706
