-0.7176244633471351
-0.74522258525048
0.7366352468315365
0.6742182729744228
0.6114325661510501
0.5723969180643701
0.4919846635077943
0.4311716552503304
0.3711840897081064
0.3208298867171501
0.2418939981352637
0.19574786279272968
0.1112441101831907
0.09425707238644859
0.014069438392375974
-0.07090255585664383
-0.11995026637770573
-0.15929046107907607
-0.21612650957968246
-0.2983108603228611
-0.3999271405990429
-0.4336979536326224
-0.5238322143581005
-0.5528725386144484
-0.6235732339928981
-0.71275574909168
-0.7238285652236116
0.7501466472303291
0.6872537203384421
0.635227824675932
0.532788860353604
0.5195923094438476
0.4570334834104062
0.40496434908621526
0.33545871880588507
0.2623883600961543
0.17621297867525096
0.12412496071179391
0.09797236334610898
-0.009601417008399702
-0.046314164973847084
-0.1263530482364277
-0.1882216951310733
-0.21634785243497345
-0.327189097846492
-0.37716904147760366
-0.4320586276060855
-0.47554236205102757
-0.5575320892853024
-0.622636617320759
-0.6566812501028942
-0.7416736814455214
0.7538086408688901
0.7102410591546618
0.6336895279934379
0.5167298102747623
0.5267576322121377
0.4480307718109827
0.40712181228963495
0.31946954338172495
0.2565379560523513
0.1760300216892721
0.1441049237042661
0.11753620096169279
0.009172428147008646
-0.06734606727650058
-0.12700323865163976
-0.20253928073440913
-0.22713754349581375
-0.3034744583042013
-0.3258826364919043
-0.4625473480562535
-0.4736453019988166
-0.5289969221434779
-0.6269883146809271
-0.661946553126993
-0.7342740984845482
0.7764212450121447
0.6752202738713319
0.6625488852319619
0.5638069360468532
0.4968895702909981
0.45500480170187474
0.4022297914951107
0.3515239564865709
0.28099675616495395
0.21999653068786804
0.13402979327590028
0.05016633627145396
0.040753232437181645
-0.08085749438296336
-0.09085338203683511
-0.177449160023882
-0.2226001393397947
-0.29019413734860977
-0.34842532726108655
-0.41676015382623255
-0.5197794408837578
-0.524848274115221
-0.6068328932229748
-0.6251108279439557
-0.7525287033503975
0.7743628800593327
0.7118746284278363
0.6226666252938106
0.5947740877015116
0.5666115450037225
0.4613592303648844
0.39042853375019987
0.36475547468625324
0.2249141713355821
0.18921321234175584
0.10635954761340186
0.059531125110529104
0.033590794046901844
-0.06925401737654006
-0.10690935124237518
-0.13489454125892406
-0.22865828566120353
-0.3047486361272466
-0.3470753008306086
-0.42554368532804343
-0.474098144667305
-0.5513450361027857
-0.5947832957780192
-0.6643813811729432
-0.7235277671666426
0.7630599514774551
0.683249691487575
0.6451308757840772
0.5825451468908245
0.5002491580080399
0.4506016060228557
0.3898157003367885
0.35704950454873235
0.3135761660556687
0.22322519331888824
0.16950246786290318
0.0969697375729761
0.017911463464811435
-0.045984272464286324
-0.11006820108875408
-0.1722956382592763
-0.2564239391047541
-0.3118924597491423
-0.3469058305667828
-0.3879654412595053
-0.4601231217992005
-0.511321211870616
-0.5595844978337617
-0.650594427887934
-0.7352952813452045
0.7855806273982264
0.727966622498976
0.6467991945747998
0.5769471312278208
0.5417167198549346
0.452682596396725
0.4278472489805474
0.3359264807889442
0.21341243077686728
0.2104799002216131
0.13760017458916968
0.09205021227297346
0.05367311750991491
-0.06074691674042669
-0.07187721684637163
-0.1811078752859937
-0.21327435348892754
-0.2741484562779547
-0.35001930715764473
-0.4292806060276005
-0.49157399410684616
-0.5113431988409735
-0.6577985217588953
-0.6461389323291226
-0.7041246689496007
0.7642834071947523
0.7179583441980846
0.6383988111470975
0.5948484991981682
0.5304421890830353
0.4645496823016482
0.3876084228600628
0.33786018402872303
0.2582976873351167
0.2246586704646304
0.15750348898510097
0.10147988001565983
0.06635804883735026
-0.06375156762722319
-0.10384130707259662
-0.16408409425519405
-0.20172186500255213
-0.28308783852927233
-0.33678996648488235
-0.4193635184441868
-0.4628653494939576
-0.5208000594465887
-0.5945743056567838
-0.6395038462921849
-0.741280089410029
-0.7669459925681097
0.720171373865499
0.6630367612357577
0.5709037634994961
0.5332678671182315
0.48353964823104884
0.4131201691286473
0.3376452921170368
0.2767385118736569
0.19826470153788084
0.17472013256012123
0.07381729121572846
0.01753994211477032
-0.02877808513199038
-0.10411832289433597
-0.1857967609419567
-0.20505095685173924
-0.2673567248957181
-0.3297706799180915
-0.38748339115679964
-0.47286378321658357
-0.4973687544772189
-0.604959391392563
-0.6673915067438988
-0.6784462332422118
-0.7345201368734859
0.7269595524545591
0.6557527445220447
0.5909054307406341
0.5453954252492341
0.47074030198856454
0.3959204219494472
0.3640768064102751
0.2501768204300237
0.20192825867677294
0.18517553577022572
0.08541030833263397
0.03447680494608365
-0.00932551491244597
-0.0852236149386204
-0.17333172545784425
-0.2235942831008515
-0.27933303604447435
-0.33231247591669494
-0.38841972292382565
-0.45025888392109525
-0.4996010003345276
-0.5701210970814299
-0.62705062179928
-0.6680501136316706
-0.7560150459790557
0.7509287459981697
0.668150983826224
0.6136322943581768
