0.12727716540579093
0.11184872925613804
0.138215426698467
0.1570728462240663
0.13870774757118234
0.10428483180221242
0.15142204831785017
0.11313295515003535
0.12541652728167133
0.10814063335093581
0.058907118213652424
0.13850131084033812
0.12122413844329451
0.10699654550071154
0.09569852128957615
0.10119650291713078
0.12029572201721085
0.11595937435394776
0.06805059301809854
0.054780952595467336
0.07356073328307722
0.09494404115008526
0.04103868243883726
0.05187695620634768
0.025079946189369373
0.07355294921725579
0.006185012507966695
-0.0311614426077504
0.02113626337485901
0.00882897259426765
-0.0552079034728374
-0.038841163361757164
-0.07593339030687533
-0.057238502806411504
-0.0701975113616106
-0.058750644391129446
-0.044382338767644997
-0.053027629926492736
-0.08950564333754059
-0.0923251969037512
-0.08073525679578142
-0.09501158245544386
-0.13991628062375416
-0.109746347336307
-0.11823512866298864
-0.11729335921223506
-0.1112040853919691
-0.13493426012802617
-0.11688257181816139
-0.11656128977976321
-0.14919245478164245
-0.13393150024473532
-0.14164251364941527
-0.15449284817377495
-0.15590180216204436
-0.12378144374759442
-0.11625698155132713
-0.14741325285237958
-0.12090416161206682
-0.13522017998620706
-0.1108062801617382
-0.10594431185304737
-0.11853058124283068
-0.1442997084653172
-0.08738002566780244
-0.10988917862255282
-0.0781429912027275
-0.07410936400671692
-0.09330908184704123
-0.10294021899125821
-0.0777479555415532
-0.07313454901215947
-0.05996367034788192
-0.0063700940601583225
-0.030919913353586237
-0.05135038513740914
-0.0423822026767023
-0.00011038685838760283
-0.009402852467126552
0.02598318177457266
-0.01922575831837533
-0.010156941741637802
0.0413471269837561
0.09162010469754883
0.027807615800615686
0.05786758753073229
0.04473657154803548
0.05917660183377557
0.06759823125081883
0.06707249518084983
0.09100211876489282
0.11431353482729265
0.12030929879868268
0.1045405086156832
0.10890558246310234
0.11562918020681184
0.1170353260906564
0.10877214551800071
0.1755880035639907
0.14521864266758658
0.15548155510183073
0.12291837036842172
0.14493734756067347
0.16236857314906492
0.13948980675148512
0.11940403603738957
0.11955272328664408
0.12460492963744337
0.1357744555150388
0.11078149289106161
0.1462807175468892
0.14691037784259567
0.1048348441803773
0.10418947544759052
0.11621292336709121
0.1552121404025482
0.12224967766510571
0.08118816299743914
0.04665665135404912
0.09226182500278092
0.04133389133806524
0.0759281684394473
0.04962736035348513
0.06059872415554729
0.02582089466290572
0.035940602236837885
0.02539145064124428
0.006786725337919183
0.012351825719829474
-0.04184609821096242
-0.0008045481318621206
-0.03426611691623903
-0.036871076884130286
-0.02921881553764499
-0.08170077011683924
-0.05789345229204089
-0.06308584101576632
-0.060445396839601276
-0.052874063484921525
-0.05781614096907865
-0.1044880606386021
-0.12668061479525788
-0.14243230715176225
-0.0873982163696776
-0.10133901584371062
-0.11304582958567358
-0.11163907099817223
-0.15904750076415117
-0.11517344251424554
-0.12934592488325883
-0.13527401159266894
-0.1548070749299681
-0.12857576130888038
-0.12898981855399957
-0.13317788773607342
-0.13813357881616045
-0.13731747259060378
-0.17240652513031204
-0.13340630903136494
-0.15404742138421437
-0.1045968015387766
-0.13769259179842558
-0.11714703454291762
-0.12145664599489119
-0.12304986435089835
-0.0754625270993378
-0.10321390538737331
-0.08486898591790853
-0.09183920521949904
-0.07392694204670704
-0.039744269752712086
-0.04818005206244876
-0.05367489529143939
-0.05769711198309532
-0.024959830465645892
-0.034210148067301424
-0.04111361396793906
-0.052836657129763195
0.00831748290919767
-0.019592520895679057
0.006515941030189269
-0.0032175730847956163
0.052668457701771226
0.024270988404060934
0.015100140538930645
0.05535433559969515
0.08278153605253591
0.07782526449680632
0.11672314903924408
0.07540816058929929
0.10326510434026409
0.12101959201720669
0.11043423624497987
0.06357129660620695
0.09853971210019444
0.12728430258125453
0.12002785915025355
0.12506008860611648
0.1285773917478667
0.1135789716613063
0.12758308853821065
0.15661660549974393
0.1475669222685128
0.1272579095992834
0.1335365926132938
0.1462362958114272
0.09240526032904847
0.13337714286706684
0.15906049745155063
0.12630201786995876
0.12764890645063307
0.11415070631757646
0.06920754149501561
0.09865504168013056
0.09777595313564681
0.11602770982277939
0.09375853266826546
0.08238823030852137
0.09906854406258633
0.09712807019095417
0.077580986065259
0.07584797741256548
0.025208937056854654
0.04845028644851833
0.02322054353141081
0.05910730669334215
0.03413430800355012
0.03352421992733461
-0.016309316798946316
-0.007090654360279408
-0.01375782275700786
-0.05269388384717328
-0.02935171096172507
-0.03837478956640859
-0.029115413503270616
-0.07108431169639899
-0.041831725600171094
-0.041245757394705054
-0.06465125290316884
-0.09804777779537192
-0.11224263796134064
-0.10953459294120965
-0.09488171557391466
-0.07470820453323083
-0.1511447269684066
-0.1412161220993531
-0.13890578854761504
-0.13165148785230613
-0.09784719206922692
-0.14505311853690028
-0.15747866788311038
-0.12103869511508655
-0.1284797103825136
-0.1308853819847316
-0.11125502406271709
-0.12307010169791893
