-0.05575239373146379
-0.11260939603368353
-0.1268737268278677
-0.1053609801442932
-0.09584508416491606
-0.055602756832901695
-0.14360236422858222
-0.04102984210337292
-0.1638333807250596
-0.013690791879995098
-0.045766459872371226
-0.1887066878558067
-0.11898771949507998
-0.08738155576538813
-0.13508546869904026
-0.09451483331663355
-0.1269152739644352
0.040068474471891095
-0.1790609038025503
-0.03644967561365566
-0.06272632440447555
-0.09739643020068162
-0.05720428728928698
-0.011007380721929017
-0.0987773345518842
-0.19662209155500585
-0.10339550738254233
-0.10089184213014354
-0.15397843685020293
-0.13996039901592985
-0.036567368802259956
-0.09828948843836535
-0.16472885912250804
-0.06882087847031301
-0.04534605226442355
-0.10881577075949923
-0.16209753342146518
-0.12646543799882082
0.01201217956690796
-0.09355232802877404
-0.11169637430162535
-0.08230325450657856
-0.06636107467610317
-0.07958036539660891
-0.00894822803393748
-0.07033506719986404
-0.11902476796285014
-0.16230849948051887
-0.13057274359495555
-0.1445227380953479
-0.17425079529876228
-0.045497658204108546
-0.09656455192704706
-0.10968807924020034
-0.16492731514169826
-0.11698804533965311
-0.17325829641290397
-0.0002023124957065193
-0.11791909187431832
-0.2099982744472289
-0.019906699296705736
-0.17743319536270633
-0.048698119299060476
-0.20828003894975544
-0.15325896270036615
-0.03368729317796813
-0.1095242889315338
-0.12740858288534399
-0.10508201961754779
-0.05789414438926093
-0.11947108420687871
0.025026878715292807
-0.12074187839173613
-0.10203976269833226
-0.07772067026867677
-0.059602616964417154
-0.08886292451084193
-0.035201489789147423
-0.202139694947078
-0.0584197252846928
-0.19981772746133608
-0.11077453290397322
-0.03125211999313349
-0.0930838140813762
-0.06080282344458315
-0.08272062264878108
-0.22213587536386648
-0.20315871564809077
-0.13653136625997184
-0.12226206744935977
-0.08253573093479927
-0.1018829988903752
-0.17298547175847728
-0.155943920865774
-0.03412923311128595
-0.14577199267224936
-0.061282340646645256
-0.19132636387045704
0.013066081432469227
-0.06661762005048638
-0.1593366604537909
-0.08651972183697236
-0.11043681763809284
-0.04972535865349881
-0.1933237138816556
-0.0865190072438741
-0.092208104713637
-0.2063369076210936
-0.12878256820951478
-0.10542213486854327
-0.05428871400917451
-0.07786603733372335
-0.040964947857962404
-0.0891158447445026
-0.1713940090967564
-0.11136797876444286
-0.21053446290028693
-0.09313042714841738
-0.051275005856438405
-0.17596342008013144
-0.15501937612245528
-0.21537107578584624
-0.16190372051681332
-0.1671552970310231
-0.15454962197959116
-0.0731928987740314
-0.031793515662537616
-0.17994627835416452
-0.021805348711256237
-0.13580884299443405
-0.1450683950581897
-0.07174179228418687
-0.008802189066686849
-0.11043957260506101
-0.02905966620949037
-0.076379232631603
-0.19185770683852504
-0.11050115174581901
-0.05090181663555135
-0.05243291427259416
0.0007225143164393995
-0.19899489563251704
-0.14411933302602456
-0.016395048068045825
-0.1352932480516693
-0.14307390626030672
-0.011408323905126572
-0.09680757245898644
-0.046576689390314834
-0.13710975361271863
-0.08051793316424544
-0.0008804529127645552
-0.10576643443716817
-0.07372833711654772
-0.06749705215102533
-0.06380791955734824
-0.08403706849520469
-0.13803392429108072
-0.18669059889372874
-0.049861554023902986
-0.07135224691440022
-0.1681693231959185
0.0024420375939482337
-0.008879818492334077
-0.17735334968017535
-0.09835642888641437
0.02561894894850684
-0.11191384848620384
-0.08025774432599338
-0.10201627356651785
-0.18135336632319793
-0.16301251242654502
-0.042567195087439225
-0.16675114396090157
-0.15645021070883522
-0.06491087572923615
-0.08938504961879351
-0.1905203398170296
-0.19943447774614312
-0.04974459183867724
-0.21655025017948903
-0.127457283622113
-0.12388797622504462
-0.05250597657625209
-0.046164814842331744
-0.1577356369189314
-0.16486414656288953
0.004468222879820228
-0.16719233028721042
-0.04368585863710206
0.01218003396549618
-0.05069843585716362
-0.13929252280349566
-0.14965817336647108
-0.19583146556702907
-0.18525110528309807
-0.13977604382045783
-0.1152279795932018
-0.1867317353650373
-0.07751940771903981
-0.1638880510075084
-0.027283537431511753
-0.022466827332289906
-0.12327266694098107
-0.1356737112740413
-0.21841867508567248
-0.175285714897851
-0.13241848324729275
-0.1333887344907606
-0.21166987307194923
-0.027970037370460984
-0.19258386031611543
-0.07058947099558985
-0.1561046343767025
-0.08196185657459122
-0.08079985652608145
-0.02401587023217836
-0.047948325138353176
0.006823687772722747
-0.05445967295525796
-0.1619178931305939
-0.041993913139198584
-0.1308047925578749
-0.10890102491879594
-0.17615012655261544
-0.071892739338093
-0.07254108825246912
-0.04608384408510735
-0.160847321780386
0.0068522128088131466
-0.14041711503215007
-0.14235093022837234
-0.031047552898691915
-0.14041964364890638
-0.0731323218463974
-0.19823357626951293
-0.04257646401531565
-0.04588369975871742
-0.11909451767566835
-0.02798762602100288
-0.21037424254871817
-0.18806569220207978
-0.11684352275848262
-0.1325458938716983
-0.03576763083203678
-0.06731501120232365
-0.05593044007921519
-0.12193289409984735
-0.043951611550165554
-0.110188801636657
-0.17867067289821428
-0.1556783185240878
-0.02172035267396795
-0.12629270840378248
-0.04383269623479154
-0.13881751368916115
