-0.09611144688046634
-0.11477392091601171
-0.1658632839152381
-0.12912176032985773
-0.1247990629174154
-0.06986461274284173
-0.0673637424458346
-0.05449818135151706
-0.02651662453323898
-0.05316355012512968
-0.01316874743965983
0.05218101575669072
0.011000745766050795
0.033982088340873115
0.058563611690158446
0.09116124521603332
0.1204309458688753
0.11530316778043485
0.1510503139461033
0.15868538602638008
0.1310234826210342
0.12911799056728485
0.09555375862217902
0.03818929767814834
0.07602350577747834
0.035506199172006654
-0.028469414060952575
-0.035269640487512494
-0.03267571637478164
-0.03432746430137772
-0.08919144353094502
-0.04742931882002911
-0.11597417510516277
-0.12461200823644873
-0.13785267948654137
-0.17049063561202663
-0.13687791822558515
-0.11111968953806364
-0.11299546636686908
-0.0764057033526839
-0.09252326057422203
-0.062323046022316655
-0.020924971622552052
-0.027585078087227856
0.00573856388648147
0.0335035958800365
0.014733768435105543
0.05879038875378132
0.07994487755950058
0.10155179233074975
0.1236277818021846
0.1318614994695676
0.11316380369555802
0.13891657514168443
0.10721196955758325
0.11984169581120913
0.08719050361037044
0.04135610389406896
0.05953582350126502
-0.00867105512753407
-0.007391111915891134
-0.018430678834596412
-0.019621490690423862
-0.0945886513257311
-0.07406507338192952
-0.09851015733478333
-0.1193282249608976
-0.12349879049611011
-0.16274141903578232
-0.13464844649259156
-0.1555313271224955
-0.09160464288630617
-0.08843977791350503
-0.06031471090942313
-0.09182027319254993
-0.0296317136196799
-0.02649288615366753
0.022678446535089866
0.022569295629156237
0.02133059265976023
0.07417760312749266
0.07606726501843232
0.11617530474240868
0.12094299239242005
0.11975422867748298
0.14736848996310734
0.13010579677677156
0.08984019493363561
0.09190840899606488
0.09716013184275085
0.08143857732887197
0.013960646430775707
0.02779463136872278
0.002207512046552295
-0.025473789885033987
-0.035778454480557484
-0.04507600793116988
-0.054065374849915776
-0.06024993386781805
-0.0942013349255416
-0.08870177648184936
-0.14042637751254836
-0.18191488941619538
-0.13509774194582513
-0.12195810227839822
-0.1483721048579101
-0.08788026141214164
-0.07874377801006043
-0.051585665342661846
-0.005506887403282944
-0.02390300532632583
0.014496146630518344
0.0047221845473699245
0.04384029451611626
0.06353748426811401
0.05358454812523042
0.07428876116815666
0.12987553568693033
0.11862896777126371
0.132899261831156
0.12000747073893368
0.11887513141814783
0.08634668369813685
0.09283167120384794
0.07127677901320345
0.040472498735951004
0.04730740091747647
0.026270644672717978
-0.04635222226094317
-0.028550493535328923
-0.03054197553792785
-0.0588895754627898
-0.12783698956725753
-0.12797370367857525
-0.14372109641755232
-0.14869761037502496
-0.13784599821416876
-0.09265697515503057
-0.09194391230236373
-0.05311342516980988
-0.08507934702934743
-0.053043872261519597
-0.041361982323037144
-0.03651692849817011
0.009211492442720596
0.018970525739113037
0.05981400478651941
0.10800618341677898
0.08303968200573933
0.0788491245028069
0.07994800924792146
0.11278994817906217
0.17697163433933175
0.15452016737888205
0.13631903862762637
0.07548134038498383
0.04228241217309867
0.06677672283819155
0.06634339266153733
-0.008234387822076465
-0.02066756915421729
0.010625587819950107
-0.006263963598277442
-0.02818472253134261
-0.03619448543497493
-0.0882318988495971
-0.11540051283781998
-0.11432025694498013
-0.15369736517161234
-0.17838087768985383
-0.11937073996698863
-0.14014547827386922
-0.10467979128697064
-0.04820718880683637
-0.08812849087681776
-0.020496337012733352
-0.013343717238836417
0.02045414637862078
-0.03118865587169141
0.033972610503390295
0.05609196151996065
0.06713265150812846
0.09220812483372048
0.09821519021432243
0.10609687097461698
0.1515944315081917
0.13521150527301806
0.07861057247061648
0.13152139825613557
0.06149463798589666
0.0936633511264174
0.024916339846635244
0.01986627956134991
0.0261836486099931
-0.0018374113448266262
-0.0005859804185827586
-0.07642786783526781
-0.045431939532333154
-0.06970200075067087
-0.08933256708399835
-0.11292047102608237
-0.16470381614435228
-0.13610248089170515
-0.1395664507397594
-0.13279309979804188
-0.101546185523639
-0.0694001223468058
-0.108966660409697
-0.04117045296167867
-0.010323553349121196
-0.005686462548691967
-0.0001423214341047703
0.0378653296763903
0.05604850447618391
0.06775324584880114
0.10109279255844938
0.11281756267490024
0.1353299784083432
0.12937057274924568
0.15727903451763706
0.1240349503200092
0.11240010501396829
0.09644737550266849
0.07690710583738486
0.039066841120982354
0.05748246429340695
0.0034925399800428136
0.015365265965751615
-0.046659868667565274
-0.03228226465957096
-0.05185457075044324
-0.054469729431873094
-0.11300400952304371
-0.09583289584214692
-0.1272393631141572
-0.17960187357596097
-0.1878954095588553
-0.16642859250726774
-0.11709804186040722
-0.0689923141290862
-0.050808288296787955
-0.05610122189108469
-0.019366707285027457
-0.039427106100514656
0.0005373262806947212
0.0021970701173444317
0.0745464486333606
0.1063281611190339
0.07444587949932424
0.07185248549513305
0.08512018064165722
0.14587378081731275
0.1281286483083721
0.10816842268244677
0.174930009273478
0.11463690458809635
