0.09784320100922186
0.13847804907033506
0.1734251679731405
0.20173032543536878
0.26798725506866794
0.24189655696661694
0.24547711943558734
0.2992230266665499
0.3412916307166435
0.3152407348223415
0.3883247099260704
0.4215956681485472
0.3781503751575358
0.35630367054899714
0.3486436074993808
0.3029527983034328
0.316268330349099
0.2666863605526812
0.2724946283523451
0.190727905225198
0.20593994888995304
0.17294437239171861
0.1642876332282537
0.16167761528216318
0.08647689174454068
0.09163951258264101
0.03320816106178444
0.025771982650581237
-0.0016447422918813483
-0.04244258751374788
-0.016375098345218733
-0.07630555400534883
-0.11260311691219342
-0.1428724877599355
-0.12802195817018988
-0.1464084629396397
-0.17551800268685833
-0.18168830217679383
-0.2711405267400019
-0.24584581188064641
-0.28552658515112733
-0.31370224465384616
-0.3600408500319694
-0.42279935737840846
-0.39300715415768295
-0.3856607844495058
-0.3926835799259107
-0.35504852492953376
-0.3428838759422846
-0.31116049598641643
-0.28614334421339643
-0.2954115447960759
-0.24940847023254095
-0.21747113180962946
-0.18369817263821575
-0.14722436142660436
-0.11512521962366293
-0.11304913819183461
-0.10089118110787132
-0.08039287123156753
-0.04938260529364386
-0.02742927219600807
0.00974977000202219
0.04065696262656638
0.0760218026764597
0.08999885243387624
0.09689790814710977
0.1179489755640341
0.1491574069839696
0.19375285085091812
0.21549192949269402
0.24484868917234537
0.28336065614285777
0.2517988140522595
0.3109955205229611
0.3221992521295377
0.35000522262187717
0.3663002361330326
0.38061834823214663
0.3916259383950857
0.3806768479669697
0.34337038582111173
0.2888086200939646
0.2790789972569996
0.2761910604840881
0.22592634567600695
0.20789311160705187
0.21822915751002175
0.18286587041495037
0.15349745931674322
0.11529194901426972
0.09960742773014596
0.06741135631417987
0.03805807628365118
0.03749943502924515
0.018554222047009794
0.00963433969230254
-0.017577276169127694
-0.06390991328466832
-0.14880690549701467
-0.1574185972295286
-0.15403814356489656
-0.19121276151757188
-0.20840350619880074
-0.21277028162924946
-0.25233416335047565
-0.2624428789549997
-0.2551768276397077
-0.3245460952105388
-0.31498375310420096
-0.4253417913292154
-0.4235349085766915
-0.392057684805768
-0.408939597383866
-0.36992287893783754
-0.32214813049128016
-0.29581948109712153
-0.26295732099787633
-0.2740328583805755
-0.2417986691696288
-0.21708016106863676
-0.1733260125850293
-0.12731722759035663
-0.14059472683797747
-0.11816287468684641
-0.07483834588478487
-0.061027247973144745
-0.04342427155903761
-0.011826238515962172
-0.012662886178964662
0.05162811385948495
0.05270136903980678
0.10509556614950087
0.13143039898337655
0.13788849587734484
0.1633425036592646
0.17364820851916207
0.1822003862738323
0.22913061340169902
0.23446130135462956
0.26390771266774227
0.3302397033177806
0.33368722857438227
0.3658669293951169
0.36742902194220417
0.3742023263651619
0.3873307420884722
0.3497512130207597
0.31687938974062235
0.30550658990941504
0.29589022145268223
0.2562203995077178
0.26958900659482393
0.19517812396443834
0.21621376096433007
0.18143106249483862
0.15869166966248216
0.13613715933883702
0.08745618691782782
0.05584303343446981
0.04901541394744729
0.014638642700515818
0.010558078348329052
-0.031051342711660067
-0.06993686915616196
-0.06681229079162987
-0.12022039844606346
-0.1640206064758419
-0.16763401270278955
-0.15626562749824335
-0.17459865913768638
-0.23230241390449316
-0.23893663573626492
-0.22966779173478769
-0.2808534781846725
-0.29752815380032605
-0.3335588776420484
-0.38239699791684556
-0.3889926175415827
-0.4171636102572904
-0.37796640269537574
-0.3258183233088083
-0.320039772186465
-0.3094569611689741
-0.2898320857783779
-0.2623737015952175
-0.247632283669738
-0.21156086267209978
-0.1730718777334235
-0.15248404289516057
-0.13921608826411452
-0.1032473193478711
-0.0756963588233862
-0.07516082768040357
-0.04113493163150913
-0.002647741369263887
0.0023556216903900893
0.01481379769850957
0.09081969772135189
0.07406791962309231
0.11468071307850394
0.16004783390855623
0.1997798128214339
0.16209776142912732
0.20004639350831524
0.23984952742592414
0.28274455675199334
0.2573308791370987
0.3002593400181398
0.35178137296013756
0.391193503415995
0.39177811965152176
0.39487257987537644
0.4041959334459583
0.36757401306172044
0.3486483314712519
0.3223547082287332
0.2603709470275449
0.2675041882535743
0.22559081714722637
0.21784685987000246
0.18238440046435106
0.18548818163041153
0.15196267636481173
0.13047682644895853
0.1263769222295048
0.05316166513199448
0.019273243297499118
0.03413499452312613
0.014831116720752772
-0.023665284107029734
-0.08114298848326877
-0.10411597001851934
-0.09239234966808775
-0.14701059584725185
-0.14017191999980474
-0.1796657740651121
-0.20262092475934187
-0.1959768419764043
-0.24439846771300022
-0.2735480907355638
-0.2712914075847476
-0.33791551349421844
-0.34987839277426147
-0.3600307179820011
-0.3971910625945861
-0.3901720267148271
-0.3652001514578519
-0.3648808389962485
-0.30426153040828857
-0.33376176497023863
-0.26343935636691085
-0.24039774706016911
-0.22941777597889523
-0.15692688101944707
-0.1577645236961795
