0.2195741255919872
0.1780163142622706
0.22971998703730132
0.22952855543559372
0.21390612909302348
0.22154141283971185
0.22030024279397104
0.19255355395885054
0.2208545231359274
0.2531258533313587
0.22731196040131932
0.18385232010740668
0.2533880930057023
0.2205607067804647
0.19674198853756944
0.2135994504512214
-0.24312103086359307
-0.18858096076836406
-0.24529421990201902
-0.2606788391273564
-0.21138138418648403
-0.24638178716004014
-0.2153576109884233
-0.20529988460461604
-0.20066970984697813
-0.2180539362977555
-0.18503046662653017
-0.2207534897225315
-0.2381045475741397
-0.22934177084361468
-0.2192712551129885
-0.2045799645048804
-0.22771535311049693
-0.21762471854455803
-0.1888179877644203
-0.2278923028290981
-0.2369242841342965
-0.23716646105739908
-0.21484604885009553
-0.21143494483693626
-0.19721931363645193
0.2593944374012219
0.22846457821731506
0.2089698571692555
0.19424993195665438
0.23357834351595447
0.2444065296515688
0.17637442201514827
0.21762264299219636
0.22106693130857608
0.25867909441283077
0.2260823749233592
0.2353268138981491
0.2101799421227075
0.22286582164865498
0.21128237552163795
0.20867870858196977
0.21548844868681155
0.1797834669653774
0.22578753983863378
0.19760542672925197
0.22142120049900477
0.22894484701675347
0.18708537327074648
0.2171318928869547
0.21933895817275603
-0.21066664771457785
-0.190819777855086
-0.2091988447071122
-0.23303597053558098
-0.19536132614028232
-0.21231380242906947
-0.24437595085268837
-0.22638590790294277
-0.22735317755153261
-0.24193414766749563
-0.24381616524327426
-0.22971188580647625
-0.22352497784405911
-0.2193254041914786
-0.22641063526232053
-0.17537845638336674
-0.20099365603480415
-0.19691461980793049
-0.1808727459545166
-0.2240708265346832
-0.1855171312730996
-0.2068224377960744
-0.2194673964921403
-0.24667547754805375
-0.2040420299957038
0.17820111216030027
0.2090928102674862
0.21072236313661283
0.20279512265366528
0.20909905596140843
0.2634396642272745
0.20097430588107687
0.24751712682914806
0.20445039131092402
0.19768371458995232
0.21185976937122802
0.1979840623863352
0.18262844275742568
0.22597472478124975
0.2518226663609893
0.24209230131585158
0.22519536018430214
0.24195730379442135
0.224661257364917
0.19059547402728122
0.2681159428397522
0.20588680309149537
0.18396533219267627
0.2275414608320495
0.18072097369252912
-0.2101152352468987
-0.2581156812282832
-0.21157820227180746
-0.22915615980257287
-0.1795748936714771
-0.20117064926487632
-0.23453512539345014
-0.21020190983113313
-0.2732799782869259
-0.20379375177542572
-0.22737378253157325
-0.2273932978698727
-0.250283082929771
-0.20253615515047985
-0.24423030562273157
-0.22247537268049672
-0.21002063300345725
-0.1948651882903271
-0.2134884531775173
-0.22582739340460437
-0.2100537022586569
-0.20498084903311398
-0.23021853426018699
-0.21498516157772443
-0.24663000578044209
0.20552094300937235
0.20059559881428154
0.19479039849276425
0.24660069499193396
0.23370841247474194
0.250068890636158
0.23360865155033533
0.19485326684829943
0.2346163971083674
0.2042093458750097
0.2362451821268258
0.21777730833779935
0.22577303411982091
0.2193244492722893
0.19682236782272952
0.2047802458269434
0.17611954358908433
0.27530334692430236
0.20418511976387665
0.23304070598271823
0.23574792139466827
0.1992134779728546
0.21243343981544097
0.2252380022053998
0.20839676762912215
-0.21695228759542917
-0.23678502808213697
-0.22341885465123945
-0.2207283685313357
-0.21551090049649427
-0.22305944083465587
-0.24210413884758744
-0.2133053040092397
-0.22251804259552932
-0.21988970249723355
-0.2170543328930389
-0.2551891998075064
-0.22610605334972522
-0.19975007649173812
-0.2356594391969225
-0.22864209964824153
-0.19726390965194787
-0.22244612839606712
-0.2101051560239979
-0.19987315051617607
-0.18949880714672288
-0.2311168815343119
-0.23482890298110864
-0.20911531405509776
-0.22768388107827003
0.2793282451416884
0.2416562959340375
0.2040861643261037
0.22761914080952564
0.22797091163645483
0.2313898554768301
0.19268634167881013
0.21586021911325423
0.21771362351646287
0.20881532082461593
0.2107377949582771
0.22363490569665156
0.22817983116202845
0.22946166470726145
0.20700896069617586
0.19968973814861168
0.2186093793692971
0.24019064236107754
0.23204972954138361
0.19060832523207577
0.19799647742043677
0.20936967275446194
0.23667180741360716
0.2215065168987873
0.2152700292697812
-0.23178790156972348
-0.1779425577378103
-0.20393251830910564
-0.175909994743332
-0.2202157691465888
-0.20055027190812255
-0.23930271326734529
-0.20311490594443765
-0.20541526913738214
-0.20619023961537333
-0.22185271482882302
-0.20238282448892667
-0.20260909914832503
-0.232292030166011
-0.2300844417515305
-0.22662499368397593
-0.24102102569675077
-0.20267968684514098
-0.2101192607353286
-0.22378317445925988
-0.1863763938103442
-0.2398367146837162
-0.18850521730318162
-0.24114232969874075
-0.1904907339108638
0.18407467504632144
0.18679289353652043
0.19235535296753925
0.22983830343012418
0.2564203410477039
0.20368796899112823
0.2363679762633366
0.24735298119798219
0.19669520133729382
0.2512744308355678
0.20730092543612771
0.2217188371381137
0.19590668678310874
0.19399479856584453
0.20077073556179584
