0.04842324644336116
0.04989703252200431
0.08573517860657724
0.018451449064408484
0.14858182043640972
0.06522794790825487
0.05017952282112918
0.09349563628638603
0.06747877131357324
0.09504699239497975
0.08679018693010193
-0.017306377109974555
0.09962829636159899
-0.008874256875561613
0.01869288383677762
0.015338833047367856
0.11143921939745535
0.0018460132195713807
0.03939460907656715
0.05283476090890256
0.023219187294321184
0.10228719813637757
0.05756802065319405
0.04697206181131252
0.04426886693071015
0.11717679680919607
0.06393133186572861
0.02474720243706858
0.08473375953416137
0.10043234444175754
0.02488792418668006
0.07426805483602875
0.11407958670322998
0.08903576716931019
0.02864395898534665
0.0462073329693431
0.11174821161623523
0.09454160889289812
-0.016615258326836815
0.009409488464882203
0.07131528757524355
0.07410801450656379
0.0850053184102962
0.013596079156893447
0.05554807786835052
0.05814723100958079
0.03807545329312827
0.11161812830284301
0.07312973816375883
0.01721074893434382
0.09602554612132058
0.022720759999589606
0.09955416452439202
0.0826464504197603
0.05980451224557761
0.10451759713636126
0.09752483377946125
0.07738738908120965
0.05953940538724107
0.06712174454517994
0.05776774842181366
-0.019808793047011095
0.11532387496387088
-0.009409092362843914
0.06789316079545606
0.004308580157098646
0.07704354937222527
0.026100074260064207
0.06530374893362662
0.062025354090331115
0.0033169108476254483
0.02443002133595596
0.09753175185449704
0.03306669815008429
0.1006252751547537
0.011191189666643654
0.053159452374555084
-0.028863070780281976
0.002919468655444032
0.027438137036528372
0.026064519728584985
0.031459637867171285
0.018752052933632104
0.03038821177342943
0.04455848092074645
0.10828639686976366
0.07149335753123949
-0.0021804912128990314
0.1118888698431357
0.10926784300084329
0.0029589563839996016
0.012089526624069473
0.00869778967505206
0.1331736748508672
0.04919812125032621
0.030830328330138428
0.09676764962889843
0.05806879895950896
0.06733918938269179
0.025316518231807913
0.07384454835763107
0.020931470356555123
-0.004910334343981245
0.04745558151708483
0.003907733180266689
0.08748654747557512
0.10280005879503507
0.1324571150520427
0.11914529536414736
0.06517248975157303
0.0044212643194429845
0.04598635851483591
0.08489460895416795
0.03599963795638096
0.04808869384754756
0.08025044644051978
0.012144337256648655
0.03255817732770068
0.07871640693933993
0.0750213091674169
0.0581714453217387
0.01392155660682666
0.0677132644597682
0.08384469997339249
0.06574879142594323
0.04335336776653513
0.0062356142633559685
0.07378952662089663
0.005508851169252095
0.10626128944242028
-0.0003648324329102563
0.11547563839740013
0.06383330920203148
0.12642860375358503
-0.004455489090728643
0.08915096299089503
0.022657341833057888
-0.012937096591491313
0.012711833836688453
0.024046037031262343
0.05187172110656206
0.07137197051740213
0.011617704520018637
0.014822756439739043
0.08851863861324166
0.018474145812205994
0.05326014279646992
0.057121714876304776
0.011535528966026092
0.03962367369986425
0.030128049691920022
0.11042844855371532
0.0408941340653495
0.06240499482190826
0.015159204616936112
0.09417535858076494
0.11340786804987771
0.016752917630991494
0.025238917307798602
0.11014492651062452
0.08481336163078217
0.04428228684240267
0.0919955114642765
0.0773582716739121
-0.0020796778642397373
0.029725576961973633
0.09372375969015612
0.037338275091706986
0.13035516833571514
0.10165200749497404
-0.021964173662276227
0.04562502068451546
0.09741747177402973
0.0797856887951165
0.06096524490651613
0.07119336263102641
0.0401560567434827
0.055058193996347676
0.04504193120296511
0.10262217413614198
0.06995836321091538
0.029070863748400507
0.04227199573246488
0.04947872275339893
0.09277525909955403
0.02078566631604594
0.02636848522128974
0.059708232341333406
0.03397672057637754
0.08381699216302026
0.0447281823695239
0.08200051356526185
0.06405112285760695
0.06994243381705562
0.138213443171536
0.033111331798304694
0.08602369797690335
0.11118643530795919
0.1253575832401417
0.015142879718182215
0.10567228595772402
-9.101879699196722e-05
0.060659666617398175
0.0854298434228264
0.13122439443221837
0.027317970041858312
0.07001822090358917
0.015405338849165721
0.0010435158499322514
0.10429301303940969
-0.0074466679748689665
0.09345978426497087
0.068432424088512
0.11024424149266186
0.09343130201298104
0.016236612563738626
0.07793720739855187
0.03291164706028208
0.07825661165873231
0.06447009667102285
0.0548094042877208
0.04582968423414744
0.055716228691884175
0.08489145623278936
0.07655701085970132
0.11433364562456808
0.09635291705509284
0.05080119286687779
0.057161815600759586
0.12715754014806907
0.06082688938310483
0.06976914806957941
0.07659763873115417
0.06920967570302193
0.03922138196274133
0.10159334465490943
-0.006369013425332444
0.021668642919917897
0.11811956309618828
0.08578834227932837
0.03987634721360048
0.04387329816353055
0.025943789311454975
0.026974333342118465
0.1431304986082364
0.07296420739246459
0.06945383330369508
0.020784256836728084
0.03977222543472199
0.00572166333555273
0.019492345985625596
0.10273924799495292
0.054504941421089734
-0.01036197936094293
0.028535555525188265
0.15414611194230654
