0.028339268280589115
0.005147188046298254
0.04925732087820299
0.05934993157220582
0.010707127087011869
0.04007248730466606
0.0015823811702647484
0.0517215433317702
-0.026856913966236656
-0.03767032628895667
-0.03424478901611265
-0.044202529370189814
-0.03840022099429928
-0.06852501652514627
-0.041645697090759284
-0.04980166142130415
-0.011535363941420736
-0.008174057121113805
-0.024694482814968492
0.016988193184981636
0.021632232749188803
0.04933540451757709
0.0390407526867684
0.08484466344434236
0.04297754359391538
0.025009098888255046
0.044059281996503274
0.0608982421674891
0.05496397552656745
0.04121428828073146
-0.0021079776268156727
-0.0014389196785512424
-0.030885382879749786
-0.027278206787468288
-0.02554912820713441
-0.060408478980622946
-0.01982986947639857
-0.06975548454598096
-0.02880736497779426
-0.03452581175277132
-0.0032506113091182176
-0.045277348461872965
0.002986134262618869
0.047808205194701005
-0.02201923983975666
0.03180543612322909
0.047544978101040886
0.03181409898676996
0.04870055970055655
0.05708188956833532
0.049330263434839344
0.07078877798965919
0.040113020710181004
0.028031147316397827
0.0035055064359242986
-0.0031254861445550557
-0.02439433790173904
-0.0005388439083347978
-0.05352733034501563
-0.021534026395167563
-0.05934002577171078
-0.03577297677863495
-0.0644846785628479
-0.05196702024980985
-0.05440313075267264
-0.0209649416234793
-0.0340870720731352
-0.030478258182813363
-0.01585176303779073
0.01929624344437753
-0.017389859418078097
0.0034969310071221345
0.04937732769522803
0.010479944330769823
0.004275316938592379
0.06065084341079545
0.060370135069446204
0.031123116378878747
0.04398298073284142
0.009512700648280178
0.05808267917643557
-0.017779050102622544
0.019724710963237357
0.014336110129399017
-0.006219230468208617
-0.041875730184642204
-0.06290528607415448
-0.05445448501144805
-0.05460324846516028
-0.008791922431986711
-0.0057987547946626306
-0.02025295190132753
-0.021783979793371308
-0.014160362055961034
-0.03148205573393246
-0.01701432285703764
0.026708714439368023
0.05484233119119382
0.03914131593760948
0.020077602517158302
0.0045027724980654035
0.05966400110133908
0.04164140364910069
0.03932428404525109
0.01449327071428883
0.03475120725640976
0.007709056701734279
-0.03441361875423384
-0.045283381701125024
-0.024039073400977922
-0.0076188200755548385
-0.045302540172511306
-0.057014767410945355
-0.04226854406988312
-0.057204622730531646
-0.024715434328346497
-0.022964656981238736
-0.03142525560999733
-0.02161749974407124
-0.03572253746862711
0.015467671196453356
0.0030385044210238955
0.05790822666286072
-0.002773293055009833
0.0096562930734061
0.01730095940195921
0.027733142153015644
0.05499728916966462
0.038512557621426254
0.059128668249885066
0.030860924115735593
0.0426270286020315
-0.004147447182000623
-0.02733066266281372
-0.03428735332828588
-0.051240263008982295
-0.0396048490373924
-0.053099008738492236
-0.05870393384572081
-0.02522235831393899
-0.05393232017414504
-0.02686730084725321
-0.014175263654499271
0.0017239143343753052
0.010253301033706946
0.00433982220266007
0.00942659735517656
0.04873014562433352
0.04750031919813658
0.09694990698944278
-0.0012730220010589155
0.02477249200046536
0.0009509333769210371
0.0665769064461085
0.05849299569827429
0.016281561239624202
-0.030208601872100223
-0.014435672066164192
-0.01939899713725321
0.007904117175659881
-0.04880367009729275
-0.028965375214049852
-0.0403533915154187
-0.06240545746767317
-0.04542086576718079
-0.016381313747136965
-0.021821835497104803
0.016653228818202657
-0.022119913952813635
-0.014620054392283106
0.015052952628204625
0.01772870645143482
-0.00813766030814464
0.04047025698584742
0.029859098196101025
0.048895980837508124
0.012344684198502924
-0.004091486268948667
0.05032029789732497
0.07390217955738895
0.006048834284393297
0.0025751707657051155
0.04234858009943543
0.016330653405229302
-0.03452995824013704
-0.017260882196748782
-0.05229334131220037
-0.021947236414918764
-0.03556043555039777
-0.06277699530307623
-0.004137812153945937
-0.014789838416105955
-0.04322986185218167
-0.046822088677229104
0.005619710594519906
0.0033224901511028073
0.003955313972784416
0.00785661985437909
0.017207129800274848
0.04611281779008886
0.05571772514574255
0.029040427394073608
0.03129417713348591
0.06667338994177988
0.027499042631920465
0.020300433086642616
0.018175739694528993
0.017016505339705817
-0.03997043804527956
-0.012672034307503665
-0.04308971553176705
-0.021752275230924517
-0.05507691199904662
-0.07254363683493785
-0.050088616570799736
-0.0359235812296407
-0.034009075350403685
-0.04927058311008871
-0.0425177957942799
-0.01806418053398259
-0.02746770702091183
0.04638074550870498
-0.005340022498690776
0.022401749045077534
0.052111245839136
0.027173377745544767
0.03654433645527
0.03025855135324936
0.042243992070178746
0.05070437284522186
-0.0014859910673019443
0.013879984173208636
0.005195113478698322
-0.021991002595557203
0.005498258102147765
-0.05405398919515306
-0.03188487181242521
-0.03298047612301238
-0.005385673595198932
-0.02035012323759044
-0.03918824897709673
-0.03997923050308797
0.0007221240636906059
-0.011630475908265561
0.021078958978203718
-0.033224487034086855
0.0027545320122116333
0.06558260371582114
0.023951483828706172
0.05217147964224557
0.06349716346176126
0.02542724901569431
0.07961842312152981
0.08921177004549011
0.020492330772191543
0.048168434203320606
