-0.2862342316263459
-0.2642936570482256
-0.3070298021553191
-0.282414338623706
-0.2689380997870598
-0.23707140836578436
-0.2415072525177992
-0.2401831485200326
-0.21202284564995214
-0.19426388741244824
-0.20339866633584858
-0.18962564840482748
-0.18338878635132047
-0.14544755902278633
-0.16651175931137963
-0.1234869947414781
-0.15861195318144305
-0.09401013825491969
-0.10096836619433879
-0.09236957911000639
-0.0677216657523263
-0.0658299411386396
-0.07424122331019473
-0.0479167678587785
-0.09302133211039634
-0.01449330033203726
0.010982320937493888
-0.014641367015105704
-0.010559327408355659
0.01759420258760084
0.005407058799804097
0.053005968960612604
0.04568916729632287
0.07135000007747373
0.04798048891309559
0.094874714107665
0.09007332237176056
0.10116745476373898
0.12625340897616527
0.146994097552844
0.10666062693270426
0.11864104221935712
0.16410348526595467
0.18052508354339966
0.20313215347638267
0.16701729478032284
0.15847556944608493
0.18284457949730018
0.25163030468214276
0.23586341100479075
0.22953664793762413
0.2411924379736763
0.24288152256240453
0.26986326380076125
0.25395479939039106
0.26841422545107424
0.33672157887619697
0.3255430071644985
0.35998512555950807
0.34208092926179967
0.3780689192726031
0.33354967215212916
-0.3801002767090577
-0.3672475769170777
-0.3271842367017976
-0.325229997889265
-0.35393596414998374
-0.31812181795256245
-0.29238218019467205
-0.3020955236118013
-0.24715759552276112
-0.26108408186358656
-0.2283825155495049
-0.2600454575418276
-0.20925301238500363
-0.19660497691817827
-0.23919553534072646
-0.16755754648923343
-0.16601848424414156
-0.17782438788623792
-0.1930946497733131
-0.12382105492120919
-0.165533123448454
-0.1176969685002645
-0.13199945423706083
-0.09139585847015352
-0.13089084492253325
-0.09910720634085225
-0.07215266518962422
-0.03873193610130063
-0.03819470487420374
-0.07846970756721841
-0.03543860121361054
0.0053566996299395896
-0.03726493358769575
0.002030831738925069
0.018842534924788684
0.024711006390727496
0.00415370685579157
0.04009815791044252
0.0977583497039505
0.06903959496980085
0.061850321943623776
0.062005096622508915
0.09905938388360536
0.11259209682111279
0.11526253968498958
0.13014991979768878
0.1388292460051836
0.16479062690346574
0.14813426109105438
0.1693975701918161
0.12841516841418993
0.2029212828574603
0.19146372071479242
0.2231324173205415
0.24110935500353592
0.22331233138289358
0.2624856872551016
0.28836069570033634
0.27049088293637563
0.27903268232028555
0.3119756608629446
0.3385573275009757
0.34315004884739375
0.34243801019256237
0.3075604710829923
0.349156972704447
0.3499343882813259
-0.3570102024271239
-0.3732804426159527
-0.3453706986647507
-0.31821007654876693
-0.29046052342001416
-0.33816567384737434
-0.27702622849594627
-0.2837161866544323
-0.2519689965965643
-0.2735818561740621
-0.22996954494884536
-0.21803512019208343
-0.2346971654328654
-0.18924339347012556
-0.23169630349815018
-0.19830816351305164
-0.18995154277745938
-0.11424795876573302
-0.15611746730597173
-0.12346920771343159
-0.14969588730360753
-0.12930380746951578
-0.14050483496723445
-0.09362089223641769
-0.09945521465805372
-0.09966912313346657
-0.069702136736009
-0.05411728332470222
-0.03071278924994661
-0.048322284115892414
-0.044411355142570955
-0.01620651787923751
-0.013619754864029431
0.020638185507787093
0.022286885600982808
0.020057571898902987
0.036664601815229486
0.030144190547994887
0.05877831498166639
0.05566616701162887
0.08322981022187595
0.08065097808229896
0.13232680729898655
0.08393987877529832
0.14578231174038064
0.11405240963508997
0.16084325597072718
0.15472801565074268
0.15052705637535033
0.20749722732561998
0.1934277662192648
0.18391687391128653
0.18323908855525703
0.23475205531860716
0.1889508979656361
0.2460417358764633
0.2782735496111692
0.2498807945753933
0.27757463930230925
0.28564584056909376
0.2825489231945272
0.3357362341546171
0.3225617671464971
0.32936454584537284
0.3599604400797144
0.3607691320402418
0.4046919645769718
-0.3354820941522588
-0.35645897598135734
-0.3447039282361907
-0.3373279964811553
-0.2904112936056758
-0.2617875459491742
-0.2697999956984662
-0.29413507870180616
-0.2495740607161098
-0.2741759666404134
-0.26033743229658024
-0.25474747955323757
-0.21426403190082746
-0.22759140340331083
-0.20218194209697196
-0.19262941040511602
-0.15774065020270034
-0.16129153320801842
-0.16156103975857322
-0.15476913605353323
-0.1649748276277032
-0.11337082813471974
-0.10916317335642164
-0.09511228351135326
-0.10086396321934854
-0.055981031544541426
-0.08233013808785021
-0.043661249432638244
-0.07257906897355115
-0.041754312028820996
-0.007049297301661345
-0.020890074640125423
-0.005936131897537121
-0.020340621698583722
0.013080910572658692
0.04333250212439897
0.04594785486286354
0.02504956115531271
0.06405191893567963
0.05946781004666836
0.0797474921746201
0.0910276579596269
0.10689474960468925
0.10143588287917525
0.14215798046119138
0.13055939230542724
0.15816638349439302
0.14775761605548843
0.19986845672025103
0.1826460516471889
0.17365104841505263
0.2127666320236262
0.21886165884919037
0.19706345373550502
0.24273693548822098
0.21548975518830948
0.19252554143998396
0.22835176709968819
0.2883341785772215
0.2918715428648327
