-0.2727491799640567
-0.440253554767904
-0.5509584501069869
-0.6241597343459738
-0.6685615008563027
-0.7004711404769208
-0.6263748212994737
-0.5765044984935788
-0.45420302202007884
-0.3224527230429074
-0.1488384466997659
-0.0039083429774218765
0.16467722173545327
0.33966802426931036
0.4523501228040941
0.5491651521708799
0.6391107004554494
0.6709043028174907
0.6890260743451002
0.6397610394036949
0.5528359743998167
0.415217585677792
0.25797795696018716
0.1196255923965605
-0.09316413824817579
-0.24819210554322058
-0.3732815075498051
-0.5373782628788183
-0.6128237815062334
-0.7047329388621867
-0.6838998911335756
-0.6431378658146524
-0.599128339929087
-0.4748029536844949
-0.32581917199197385
-0.20325554503908533
-0.008062086202064599
0.15220881706518066
0.31290362012040507
0.4628630497216169
0.5725752514603666
0.6697109781147065
0.6681640880023951
0.6826482990028323
0.6458996734807281
0.5747760991348239
0.416692098796536
0.29371211085465504
0.07471821684873078
-0.08186899443388487
-0.24315549249287216
-0.4024595061832643
-0.5363603751125756
-0.6342065135077413
-0.7037928529142687
-0.7210961180062379
-0.6269037281532261
-0.5655652997878439
-0.5122904439802672
-0.3241691599610627
-0.2010095575042085
0.0003502625135341636
0.15922851099860852
0.3047823688803819
0.42971090953074514
0.5511971913388305
0.6179066230291186
0.6639780350003257
0.6719437581521941
0.6041619500077544
0.5730230288983745
0.41844229460654786
0.2778153799814446
0.11803503651496212
-0.04055211740753224
-0.22398813917421034
-0.3791831826126779
-0.5180232861546225
-0.6051288963762556
-0.6769587544805205
-0.7038535162724223
-0.6468893135235431
-0.6149410697615516
-0.4983778310887261
-0.35615060965637707
-0.1714084100593161
-0.030868194994392258
0.16444688174984837
0.30030235106973124
0.48308215540596233
0.6126101337978275
0.6486041827959459
0.6873026708007626
0.7397131459677531
0.6578780254608212
0.5392726982878359
0.403623910822481
0.2985766116220394
0.12766098042229138
-0.06832245710819718
-0.2266702226566247
-0.3953957632052827
-0.5189171583008279
-0.6346420092168296
-0.6766103369125834
-0.6517672682953745
-0.6731655290596398
-0.5832830915785159
-0.5240241742722108
-0.3544256743780414
-0.23210585753044408
-0.07721977302141973
0.1287790227110572
0.31769332392626803
0.4608316731760822
0.5828701511750926
0.6319628546551821
0.649994249837768
0.6956574720066099
0.637737554773592
0.5701746488698055
0.4549581286465002
0.34325768272311796
0.13989203994993052
-0.03385202869731922
-0.24217875850123544
-0.3525072122940407
-0.5192771869191556
-0.6088609818279039
-0.6659408147484126
-0.7096935723010066
-0.6780551965242576
-0.6155438989949578
-0.5270073666253945
-0.3281926720279387
-0.2103468614716215
-0.038777900972155485
0.1270049883307062
0.2839823729416392
0.4186369234878012
0.5388257544016953
0.6181940046611817
0.7166121887775523
0.6938535016129044
0.6609035160881186
0.5474518032044308
0.4271541438368299
0.2796122465131071
0.17578922844724787
-0.030330634584515542
-0.20991425377348275
-0.3221097223615599
-0.5187587672870344
-0.616963690003117
-0.670849338385705
-0.6464272408558718
-0.6502710703376218
-0.6254841251619807
-0.5223056718648746
-0.37478562341101884
-0.2636323940777083
-0.08943523510855471
0.11276496782523138
0.28000918125783786
0.4234488005485776
0.5628929758343001
0.6098307211116151
0.6672214542168294
0.6932169833951658
0.6129864738787159
0.5757719797098947
0.46324500122919143
0.31495397667311387
0.16912319640737344
-0.013633937512367756
-0.20284324830690822
-0.34894199345634414
-0.4743627853692271
-0.5728361026233646
-0.6643522635409852
-0.6768424939927701
-0.6852082764463765
-0.6036344585397777
-0.5069888516563342
-0.3895124317285592
-0.2394944737766749
-0.048767010577219626
0.13185888829130535
0.28036321200571823
0.4137369427917365
0.5489983403697937
0.6617295380457149
0.7130518000828779
0.6963916886014936
0.6481993846827637
0.5889026052566991
0.47800842469765825
0.32571777863824736
0.16302953205349766
0.03239072589482357
-0.20102805884346253
-0.33550292523587993
-0.49547866864986184
-0.589375958326155
-0.6516261083373394
-0.6987710430826811
-0.6897381242015882
-0.6129919458562888
-0.5503882646176652
-0.4024108290573865
-0.2470654857371247
-0.08874387189053015
0.07464031384241257
0.24225906207961384
0.4293325116128813
0.5413718603282353
0.6538024058826887
0.6891905835181791
0.7052682063630693
0.6271386144262262
0.579165399185936
0.49202472419502136
0.32358023976131617
0.15101647980940044
-0.01216864481928019
-0.1473154151072196
-0.3609543502354724
-0.4771751112797062
-0.5664267292009352
-0.67446659796733
-0.703640548998737
-0.6752736507270464
-0.5815251792853877
-0.5520345259989137
-0.4134395704929297
-0.26294745250986806
-0.03576934979234936
0.06887846377254428
0.23938288048473635
0.42341009341387315
0.5095268221848599
0.610036949578418
0.6694204998725626
0.6648936810536253
0.658428985224257
0.5984855043053963
0.4913895986728627
0.34831590704884996
0.1345246779297372
-0.00042563331939077676
-0.20283020901094514
-0.30111385200918567
-0.5038415283631817
-0.5742935256715039
-0.6578842273792324
-0.6933432035622797
