0.13125472940387176
0.09360165432840645
0.09189946590414454
0.04371692173048028
0.005732937259836406
0.015269272518971618
-0.033984142776769186
-0.06558691070130923
-0.09188741441177045
-0.11035242205813217
-0.11297681490896327
-0.13718475978072928
-0.14032777341779587
-0.1504806159435725
-0.16862285868724294
-0.2067948262110097
-0.21297036486569176
-0.1626197711401297
-0.19486939466409234
-0.18734495378408206
-0.22989196848919774
-0.19048517502907078
-0.13566392617354944
-0.13023574929780563
-0.13140002893383554
-0.11839958601961448
-0.12662526661934298
-0.08456279199603874
-0.07674477605683638
-0.034686845242848215
0.016157688649889434
0.030320361621690384
0.03567732485873061
0.08130808036940598
0.07386419484506529
0.0634407817391214
0.13147204726429298
0.14387285545459033
0.15049399686025872
0.1679237534800386
0.16515762516760246
0.20480140527325894
0.22012038709300785
0.21916049211682107
0.2218016563915848
0.20617732321954557
0.22358270875217373
0.2187585382262645
0.17068431604873124
0.14479204699931383
0.12138533719984851
0.11228099434804045
0.0827778039730756
0.008247569714850946
0.025051120065173606
0.013423390477724957
-0.03324344767246239
-0.040494649187594156
-0.09715690066049275
-0.10995874076653492
-0.13129474045387704
-0.13453643185872435
-0.15184767175586433
-0.190576197670428
-0.19860572807701232
-0.1751555509869456
-0.1993016555423316
-0.17716180543062104
-0.2065249894346397
-0.16373911396225535
-0.2233290069549957
-0.1205919035466538
-0.17564806697561916
-0.14809083961319267
-0.1280002712523483
-0.1332007684498437
-0.088532756229853
-0.10482090126799878
-0.02389442592886806
-0.042555553588849104
0.015982245410608727
-0.002796295420032801
0.05145277299899302
0.07690498315741703
0.095658160886776
0.09135026881432018
0.16721033665444612
0.15528008165169713
0.2049068878042335
0.17806743486615906
0.16712345425480649
0.17813293437570576
0.22700038219671223
0.16250271694910398
0.183120467695298
0.20512225596629957
0.1803949252762695
0.1789141505694567
0.1726608114605265
0.12196702419881789
0.13242016433281864
0.11849739859909655
0.062347587400912105
0.05269525588406769
0.04196504067239023
-0.02172447530909205
-0.011086878638722918
-0.024038922147336394
-0.05753191035301615
-0.08971977107403947
-0.12756293198796617
-0.09159440938560498
-0.16452192344168579
-0.1540941955641175
-0.17562491739533315
-0.17440248389134566
-0.20260754590355
-0.18239302658577683
-0.17198246830289368
-0.17424520570948487
-0.17080411203180573
-0.16825423017328894
-0.1810428546455089
-0.13141124611950214
-0.18266130804752997
-0.11502185831672912
-0.07720806905794689
-0.07236268486821265
-0.009352930294200729
-0.04673680989714128
0.032057743562035945
-0.005633463248581869
0.07187288587262541
0.06411182494434771
0.06812409328660195
0.11995929897138669
0.14704043972344308
0.1566998586717612
0.14934810129658987
0.18062029118245487
0.18802586594488843
0.22487790743767588
0.20128765255491912
0.17686438689581385
0.15778722281016613
0.18695370439072562
0.1758599783749916
0.17275097694375682
0.15522009730463557
0.15012554618239748
0.1557864064581583
0.12532834876056806
0.10032990848634302
0.051479599176215404
0.006139211033222548
-0.022912288835222522
-0.012026098021491337
-0.05213622540044477
-0.062468227711031596
-0.11996401746708117
-0.11239557262039265
-0.12541648409863682
-0.15944416075351484
-0.14695071457038403
-0.17185110688539412
-0.17186892730258235
-0.21520339452338969
-0.2270390795624074
-0.22112625505743644
-0.21308759193315113
-0.18645493714721081
-0.15908242114334695
-0.18436959314186924
-0.15613032639259228
-0.14048332289779847
-0.1172364110182828
-0.11160220006679752
-0.08959603716101744
-0.08469795664521651
-0.03667859754219829
-0.024878818505643503
0.02405456893936713
0.025579731373788932
0.053608519257230286
0.1343456516335792
0.07519979480473599
0.12316157087850324
0.1542178872342286
0.13178577782115342
0.18947398558670497
0.2282567493136401
0.23458779314169848
0.18039997332189803
0.20995064718692924
0.19216762588273856
0.16428799332826927
0.20909332638555214
0.1320278104151729
0.14577837694853107
0.14483500650094835
0.13370032539334603
0.13258672838050461
0.11319671371714043
0.03234719346000897
0.06573491811943094
-0.009999367368540409
-0.01879089422710581
-0.0610154457790885
-0.06578029944887347
-0.1204652276185936
-0.06258636299555276
-0.14849077214353923
-0.16558620318576098
-0.1480428688696226
-0.20866762598074884
-0.21754422497330594
-0.20390187969359932
-0.2236431251537623
-0.22645016259084472
-0.2072872979353623
-0.1773930382595969
-0.19149362180983764
-0.16462890334891342
-0.15922453004796938
-0.1492292396921051
-0.13983751322579233
-0.11128846603087798
-0.10985656033321624
-0.02703951061291028
-0.07559175675274513
-0.002063761461301366
0.0020931296584085247
0.027304727034074206
0.058971471720953815
0.08154006156486997
0.0939498482746301
0.08789764902385323
0.1752551478788309
0.1975713827392198
0.1642242582879548
0.16320940563221517
0.20462011904365568
0.19752865159225186
0.2314942113952035
0.21435008077223555
0.25172798056278745
0.1747171700387533
0.16960885416880647
0.1473082742208115
0.17722389418483178
0.13158350862094598
0.13045493942835346
0.06349686074304478
0.04731457310677144
0.04394886388505912
0.010020370321982181
