0.7005554704652941
0.45244011160612607
0.31537299947818265
0.7254034325305005
0.7783275539274881
0.0499172808609074
0.5117521376306187
0.7511933640044693
0.9510061473761113
0.5078418007049634
0.45624883558754237
0.6507375554967064
0.009919606253312336
0.055546993294114284
0.22411588154648748
0.4077572058302694
0.4414200617912532
0.6327244313563993
0.19501415097420324
0.47696647796529246
0.36867155229847814
0.8047783499593821
0.22550977296040114
0.10360768152603848
0.8418176260789716
0.7426134372125597
0.2593114547698374
0.25502929738662394
0.046017396449498954
0.24903826970587842
0.4507497031456521
0.5934592639939644
-0.003334084493891753
0.044102623152534715
0.6380919903443861
0.3395280590265328
0.8581168941689991
0.04456630456185649
0.7744720927817431
0.200776643096684
0.8931986879771187
0.8464632734307398
0.4895334834859037
0.8584925938958005
0.06303011078513629
0.3721456992291554
0.5168122195504834
0.14241956440925987
0.817848078533849
0.27010609350597686
0.7104846158735567
0.43300805830329536
0.43662266248105436
0.45849252644458355
0.12295415840983072
0.4097568420944673
0.6281749328357914
0.8193300230001558
0.6888525991989277
0.1430158328058732
0.24836474234405034
0.9604841321227268
0.05109473224328244
0.4282276491849286
0.18117602567072633
0.22299710968874997
0.29474149109285347
0.5285210492474116
0.28278306020361454
0.10551855355603575
0.060681614891148164
0.6341844775491937
0.2147388065359281
0.7199584896950244
0.7438586790222687
0.7988091382222946
0.7743964809117803
0.3926024666325432
0.3273432218941472
0.7582122539845694
0.5335581362803119
0.2770167046895681
0.10717130242058515
0.20282947736319015
0.8949316953523259
0.10054556384631343
0.5482057417351793
0.4046661192842374
0.03850285746693276
0.9286925399966237
0.8054930509755311
0.025999047991284073
0.7251490289306713
0.01823022037276389
0.6358081530802352
0.10947640534286743
0.43885982029407655
0.703403725826617
0.1657966843471068
0.4010320167875809
0.5088455455369022
0.22083609140126387
0.932228850493141
0.136565353848966
0.43416689730977265
0.5915027932850788
0.7564209630376442
0.6810415694272313
0.2224958290614508
0.8151166418001206
0.8569270933313837
0.8819749226934634
0.6467670102191354
0.9589727532527497
0.5839610967334561
0.31318784024499113
0.12868733335598803
0.6555225344608223
0.35998332305301867
0.8814577571558402
0.6425950568246075
0.8752326109759322
0.8547692362882111
0.5642859010864518
0.6035236783175976
0.7111260719859783
0.4182460773404836
0.6086128627383964
0.2862999862840394
0.7637558173513963
0.8908981484072731
0.12946688898009703
0.055451151899926256
0.4165374534645303
0.582359639457087
0.6529316425389834
0.7759392523971654
0.5487622717878818
0.6733322528498626
0.5126395196195698
0.2832264042576955
0.3719176583061273
0.5783593170615238
0.9139491949447668
0.7438355534441073
0.005264389792806008
0.7558385028245285
0.25988268603663744
0.5611989903017972
0.28616021600388514
0.2806832861286524
0.8830738750970518
0.11031429105397303
0.9004509332891242
0.18956889998243717
0.8319256613679468
0.7855967305350348
0.7742617669038075
0.942329334577044
0.33184315801947023
0.3192700669720588
0.3622465377805573
0.6119280715208669
0.9037501413786059
0.9595691956080475
0.5643645462969963
0.3134870096727624
0.8553641069021131
0.6038218509003486
0.1758651992592278
0.2027487600383444
0.2715835288825442
0.7986908136382498
0.8783603840900243
0.7292085467962607
0.007384715900016991
0.028403254030447488
0.5369586806117665
0.2959831249983072
0.6314721831716549
0.6353123024918421
0.4003702942850185
0.4562432138935922
0.445196363421008
0.7467193365265951
0.3666160279258055
0.5121793723155385
0.7127715925016606
0.6762453915110713
0.7560124036947038
0.06701651688603202
0.6569126583036557
0.1981283082995111
0.589487218610713
0.04075771871000433
0.8054881830583733
0.040898613733760976
0.8459813674905116
0.9199803562077191
0.4135745629004217
0.916901125287881
0.5921699347376427
0.8162427997825122
0.4585030055913827
0.7371430863213029
0.8280872436193035
0.9438567886936956
0.4766680555857363
0.7446676516207301
0.1292695203146117
0.2958639013553925
0.8329144692987728
0.786211579445926
0.5914396965949248
0.37057139930467936
0.8325092360832891
0.016580009611531367
0.16757273591269278
0.2516116342703104
0.386830203970967
0.7185198214582083
0.3164900688359804
0.6095971447937106
0.7846286119556383
0.03766776702973612
0.8854892430313165
0.7357951398402877
0.5376024397939777
0.4880421786937294
0.04520346296428526
0.7051778948205761
0.4394176218271173
0.9185098199080606
0.0544884746234121
0.9144306001735109
0.8265414630920044
0.7979536335581625
0.5166745665328414
0.4215401851232867
0.8026009777493468
0.4552130614321366
0.3535080218301987
0.5277258128184203
0.6093591611678738
0.24104029909619382
0.9361108220468961
0.5264776675909003
0.048778287241117865
0.5174176672634293
0.10953540849526505
0.7683498203714759
0.8335142310930364
0.17466960282753613
0.5544093901574014
0.22150029676150967
0.4914123235780789
