-0.1314712480616279
-0.6611887194067981
-0.5417091053489406
-0.10021855093629753
-0.5595019878046664
-0.16193218989163627
-0.6236157075431641
-0.45648932270151926
-0.09425279756583582
-0.13066031845863496
-0.7741061053676539
-0.2933923879750434
-0.6014757477945113
-0.23361004443539715
-0.23269374559531372
-0.6449396930824728
-0.4516870151871379
-0.5153890632599988
-0.6224122881395449
-0.2846075379258361
-0.057091740029005134
-0.1428526512291811
-0.6233731629010179
-0.1154641757089371
-0.18798785734358686
-0.14433712035509236
-0.5107551494282802
-0.11317904736979834
-0.15578397031906677
-0.28570067126716403
-0.5497451813405372
-0.4394927105137016
-0.7449056887457861
-0.09364986713739903
-0.2240512555792948
-0.7338104434072874
-0.38704025623308014
-0.0823758577273867
-0.4135547471897953
-0.032403966594606856
-0.5582107852391825
-0.12876752236255457
-0.2132915574640717
-0.15711592079024184
-0.27173704664824305
-0.11206536425258501
-0.7619350408536986
-0.5784261838650873
-0.16611420176971647
-0.3251063105872593
-0.7090143069226164
-0.6495511457853731
-0.34912715251883647
-0.12373044259853615
-0.4001232719568127
-0.5687607008337721
-0.4711037178994904
-0.19740747943719567
-0.7209928171902749
-0.09011624548605224
-0.4364073387409733
-0.6807805626539581
-0.47351680767234383
-0.02771140210265304
-0.6064576613961256
-0.05228794518067955
-0.09152114809083577
-0.47056108378980605
-0.029178779850977964
-0.38463019639015084
-0.7101045805635132
-0.07603057282089587
-0.31290173756308665
-0.5884244219312408
-0.33125436533334846
-0.4089980855537726
-0.6507731528806138
-0.5538599895391324
-0.1319435698176977
-0.32571537323280614
-0.010394872204668396
-0.10834605233659218
-0.2745413653807901
-0.3150768555951173
-0.6553337843954702
-0.2956822160053194
-0.30732151696654114
-0.054036948004338045
-0.2760569168842063
-0.17568594377902463
-0.2363212254762782
-0.5232953468109703
-0.531858197278931
-0.01658562644430198
-0.6011773460177506
-0.5346280788890084
-0.6409214627493375
-0.4302853214526961
-0.7037511042814703
-0.016967601110955487
-0.7312833965791808
-0.19699906217194876
-0.29443668024335795
-0.6928190721702789
-0.34920018005865944
-0.07268900582350031
-0.5474430453669519
-0.4172026822539544
-0.1841568688643077
-0.6516612586546827
-0.6733861156453043
-0.45414600816272566
-0.10056109296188252
-0.33247062449121323
-0.5804884268055857
-0.3949598669980807
-0.49746773033256375
0.01733483740742058
-0.41469710435842405
-0.716953209652624
-0.13589908374878357
-0.3805491639493968
-0.5564918742373212
-0.2382892047927105
-0.4556927222279824
-0.08794303046941646
-0.08417081271562248
-0.03998423761823705
-0.22084883474513975
-0.16042758646439498
-0.7151455543328616
-0.47725791789373845
-0.11890201092900146
-0.09433645432814067
-0.08318381002089406
-0.06243103651057737
-0.21949352621448648
-0.2930029366043085
-0.6116767390237069
-0.3615596415050787
-0.5941976552830114
-0.5184788247259675
-0.6088412827680408
-0.7132824013714111
-0.5319125429801637
-0.20794938004918145
-0.3595289256586593
-0.216261279111724
-0.5724648304625355
-0.09681860791298186
-0.36212274044584714
-0.12839547590331044
-0.6843571021444708
-0.768377180715872
-0.5494451801452379
-0.29512609346502316
-0.6012918824305651
-0.5534334332414427
-0.30477806156265225
-0.20335347835611317
-0.31090976432469053
-0.22727041325887398
-0.7085888108049129
-0.425874057853753
-0.4765413051682719
-0.6385559298226248
-0.19640610298695252
-0.6301811925413078
-0.3926711754067544
-0.4014810251579748
-0.1458761047053957
-0.6967342050297003
-0.5681137679081482
-0.30687926871530313
-0.05677314166941739
-0.5812220241813142
-0.013209848726478096
-0.018641427038904368
-0.22153639322304972
-0.2836153064327905
-0.0973857188173012
-0.6025857321406384
-0.050001347049376324
-0.07469589613889427
-0.1293585707386257
-0.6461867752088601
-0.5370120828449094
-0.15467387839879268
-0.651808289208716
-0.3780806040934361
-0.7018803325942429
-0.4536193372830011
-0.14182684463324038
-0.6405408929674892
-0.2730249917667565
-0.6400654573887727
-0.5173020816305188
-0.2837165021288989
-0.5113636868229627
-0.19228532242939872
-0.1617593150064673
-0.14406546880023038
-0.5978510246415885
-0.04971584244159833
-0.7103320693424714
-0.344835822732695
-0.5599419341543465
-0.7171346603434554
-0.10861560654701874
-0.4317857982463364
-0.2125963315621512
-0.4392504077714852
-0.03146214902366688
-0.5397132221415956
-0.44917212078590546
-0.2721011602733534
-0.44112548819619746
-0.23244170623204566
-0.3484495254514503
-0.4134988762149055
-0.7127366025672315
-0.6159256532026394
-0.6940382328241489
-0.010098568531524977
-0.6193172313728603
-0.10725357047393336
-0.3578198293202892
-0.3484998677589081
-0.4008043438972727
-0.05681233653302829
-0.3618596944671899
-0.20683872041510404
-0.1426776944877905
-0.6416022838312271
-0.5801903777708534
-0.18205864938198532
-0.6327526624756321
-0.4484284464429563
-0.23245299139492442
-0.5467475923352981
-0.20543976593926078
-0.4066881589338655
-0.14997411699650648
-0.21816441329374447
-0.05780443668472169
-0.5145267374812488
-0.48159072748700826
-0.3698766680771707
-0.6711442013304552
-0.07482020520316106
-0.6086755590422143
-0.031412006808624576
-0.2657304916020439
-0.43482725095549984
-0.11268502316943492
0.0011349708461890866
