-0.11063663948567705
-0.06704413746703473
-0.0896105107457756
-0.019889406513731986
-0.0033412871765403475
0.028487184389047574
0.03537482611048652
0.03424964395900295
0.11266105024432782
0.111648788803888
0.18051001418291032
0.18372700162610467
0.256755959908271
0.25872789144493297
0.29570055607389134
0.3104100925660321
0.3403195059036178
0.35512415472275594
0.3809708121116865
0.40684328805236697
0.4585088250881913
0.4572650356443831
0.5192913685385192
0.5559560062634713
0.5600948338168941
0.5960875339705709
0.661473984063577
0.6518771614448932
0.718213752346085
0.724393742746351
0.7249090633692041
0.7488565411038889
0.8135581387645521
0.809878538815187
0.8635685582378501
0.8809160282806655
0.9057210197759742
0.944890062825702
-0.9611251845712425
-0.9398791594732769
-0.904628537523252
-0.8396156886689579
-0.7960375088447229
-0.7880317875354569
-0.7924549817515842
-0.7057240711629543
-0.7669197975322544
-0.6983868816889133
-0.6993897235062182
-0.6301023513499002
-0.6397010806813819
-0.5359893199217048
-0.5351600556316366
-0.49675283351276933
-0.49117902096030114
-0.44718625677913276
-0.41406075620655297
-0.4306727189539624
-0.34182797420578204
-0.31661234406128946
-0.3118080196478233
-0.3120350133015388
-0.25623446057196547
-0.23803222832312118
-0.19390993643091758
-0.15441249991357814
-0.17164700497372612
-0.08392295462473533
-0.09248280622265427
-0.02041214056654351
-0.039710138971348154
-0.034589670665192584
0.041860588366574344
0.0678488094584931
0.06977806975478403
0.12789819934288377
0.14688372913734704
0.15548379905377652
0.16800861359504568
0.2454574392937901
0.2673489326558571
0.300941917120974
0.3368027399476029
0.35318222096738855
0.3547879654093264
0.40421933334763377
0.4570536803171126
0.4368010384139073
0.4996839415635834
0.5067547105080732
0.5554272783622768
0.5798278362745899
0.602049114333846
0.6387133417532235
0.6455755282134689
0.6824126043786675
0.6953976413716063
0.76520407715272
0.7721511072972
0.7838825753544065
0.8378517588458192
0.8404558226570253
0.8835621401755188
0.9264503229140991
0.9675028235502704
-0.9553474188494467
-0.9017705297122804
-0.8796857873098175
-0.856745127992943
-0.8457939758312475
-0.791342499794452
-0.7722202046810484
-0.7600411323011845
-0.7027644125898415
-0.688035751133564
-0.7062483517075322
-0.6157533769490883
-0.6060498507332412
-0.5702096937291169
-0.5565440022563338
-0.520558129444423
-0.4907870861873919
-0.4803175066316855
-0.43163619567084366
-0.40271342894440704
-0.3642281752598949
-0.3530539076763922
-0.2857150666938464
-0.28241870898008753
-0.2431640109509815
-0.24052740017323793
-0.2184397374720486
-0.17873754050097324
-0.15594007659440495
-0.11324847920545708
-0.10056542200733377
-0.03982585753296557
-0.01825535169525601
-0.012794594399005724
-0.0021092712110608244
0.05536701545313782
0.10766468174945963
0.09431501787024847
0.1826321168494689
0.16975309542972022
0.18445206947250797
0.24134566366791355
0.2881156272506973
0.31033000344558637
0.32329306031702926
0.3589127201346693
0.373822357346652
0.4020225323061585
0.4563609647802104
0.45190605622274754
0.5093060693300681
0.5275961823419599
0.5703957710440153
0.5808238320898652
0.6157093978081369
0.6319999742678118
0.6713689481965189
0.694373005357285
0.7110598187177897
0.7717661237703369
0.7816559367262967
0.8076710439851046
0.8741732363533763
0.8475146771256532
0.8853526928368812
0.9463834873837438
0.926524876416701
-0.9818025554851454
-0.900830784692612
-0.9029085558289403
-0.8701651154651001
-0.8311276046282864
-0.8070561925398925
-0.7732537168068363
-0.7255703338888424
-0.6856066895379832
-0.7174246452523168
-0.6530556578660309
-0.6055192701779073
-0.6127710527249179
-0.6004359453302457
-0.519915953188367
-0.5346094164958425
-0.4992268663146877
-0.42100992964288037
-0.4320379336212495
-0.4118332872025079
-0.377829150020837
-0.3376378993952706
-0.30098620233073947
-0.3181530574723446
-0.26413915177261466
-0.21991449599813442
-0.22372600680804422
-0.16935717401810899
-0.18308273790495982
-0.11748479681966295
-0.060423363487230056
-0.06917727705288389
-0.02089204298348991
0.012694852731246736
0.035232595661164386
0.05839217692905697
0.1030239097055153
0.13693526756567498
0.14983767144812032
0.1415268830604105
0.25981443432711593
0.2743965696652027
0.2625923621748001
0.24842351335666676
0.3468392518194816
0.3332060802649966
0.3693061148845241
0.39560804767811436
0.41973834219885175
0.4457491670891924
0.49291000333445684
0.5210621487177706
0.5246678909800423
0.5736733806425184
0.6337485871403475
0.6510942894029331
0.6689315408845452
0.7113471467522191
0.7027506172555742
0.729680716921719
0.750759415807727
0.818075074274917
0.8492361342622817
0.8365862990116969
0.8967904076193297
0.9222844569256545
0.9572996408143628
-0.9659140907641431
-0.9216781955012466
-0.9090753322083015
-0.8699549203623169
-0.8180837167026119
-0.795866841667591
-0.7844837094939053
-0.7181132444128131
-0.7330338392431972
-0.6701232207970353
-0.6687407239450206
-0.6003994963426152
-0.5902604698522558
-0.5852290370071533
-0.5258670892228395
-0.521195036016996
-0.4706463346408254
