-0.428900787642876
-0.4135309750219292
-0.09253603692850067
-0.46378160043575356
-0.06192337399407138
-0.3316649471332113
-0.02554431565188046
-0.1210853064595752
-0.0868832709770752
-0.29302366642846234
-0.10288691598102734
-0.039734798939240146
-0.12626485848246943
-0.4189785772699428
-0.3764754868011135
-0.49559761158157883
-0.2855338398420467
-0.41551402163185563
-0.07542685569949759
-0.05925019788100236
-0.04426778245192666
-0.44891479797251505
-0.46140215884681307
-0.4746481773409145
-0.2551060885560346
-0.2410304367363707
-0.44732062683625584
-0.04530974144653397
-0.23769292852924354
-0.4724967500311812
-0.15690941065774275
-0.13376333377006938
-0.027247356705547232
-0.11066392017386538
-0.28191370206051775
-0.40597569646101744
-0.09425937360871524
-0.4990389728656003
-0.33596748767945867
-0.3702596023986268
-0.1105957429394085
-0.06683178293005146
-0.07418230953340536
-0.10195866769750944
-0.33216705453435913
-0.2624213659166099
-0.4955845859769868
-0.3282698217790391
-0.24159161301969714
-0.31761097502028185
-0.20480022922615423
-0.44860234556091894
-0.15636835684643288
-0.1413288425545288
-0.34378194282834384
-0.47688247213928386
-0.41109956577619694
-0.48352194343429317
-0.4626610061645688
-0.11917338810498214
-0.37216350243549834
-0.019458705095066114
-0.07563790756129338
-0.2615525908282319
-0.09977022575064316
-0.2691477560872691
-0.33761255098065407
-0.19837963835769507
-0.3564191639229045
-0.49398177995047604
-0.1564552086995717
-0.3766445428855702
-0.11011957995116912
-0.05547743017975182
-0.43200751351463607
-0.01810178454683784
-0.14563728349042648
-0.4584444730868695
-0.3126555597403329
-0.21780169681157788
-0.31106689296192097
-0.33682258137917753
-0.04306310106933756
-0.517314681511767
-0.21282385575716717
-0.23195018857673205
-0.49380762712437853
-0.11169621337823597
-0.3715844214948906
-0.34914694524741396
-0.08368712395010901
-0.1580714164457907
-0.005184198492746258
-0.5064288233947427
-0.16565032852437062
-0.501847450358659
-0.3614923640856666
-0.42465229368817703
-0.0794656258714798
-0.1864569681112953
-0.13901039311593835
-0.055045488840201925
-0.4188604972149145
-0.024583025578484664
-0.3876353221878606
-0.23430152031944174
-0.4738287132935657
-0.23772771373587934
-0.3357827569310534
-0.1792278382183475
0.004847090568866952
-0.49438853165801255
-0.2999185434575949
-0.46934103998902976
-0.4475642160531394
-0.3140519878585018
-0.27968464149188504
-0.34287353084239874
-0.48853821681155507
-0.1729462730093289
-0.2222066176921719
-0.33561282706144996
-0.39690774744165225
-0.12581731229556367
-0.3042409246835231
-0.1720622259047511
-0.36142231412364584
-0.23506704268891074
-0.4480561180233943
-0.47996013890315936
-0.05239173868160323
-0.5116023220487336
-0.3014234481396532
-0.47384325956322504
-0.20165208642224824
-0.32377234491629425
-0.025523185591369242
-0.32416445547605627
-0.47522952440092014
-0.4943143358582571
-0.2360472829185906
-0.33583164227681983
-0.21601225173744165
-0.022050304001404418
-0.1531781672929197
-0.2935347624747725
-0.1912973115536549
-0.5024260264997923
-0.4122315574309449
-0.057142791809766946
-0.20781577650069583
-0.4291725785670846
-0.24051506966784042
-0.06491529169749008
-0.29785842382755984
-0.1606721118690611
-0.45382148472521366
-0.06852896588618758
-0.3414485018151271
-0.06414824730666596
-0.3117839414941248
-0.3661053003420699
-0.037085286394648045
-0.39584492132551646
-0.24279527892541108
-0.14459222892405063
-0.3669862255352353
-0.4280520367663983
-0.4451071729896224
-0.32771764928586544
-0.24818808457244618
-0.19512132365338097
-0.04509357221306921
-0.5336928092852854
-0.5091706913949648
-0.4708873633663212
-0.5118388550807424
-0.0666062879367699
-0.41485732451540375
-0.06647633015947745
-0.45119310984839445
-0.36072828586075245
-0.4063333152210025
-0.482871380693693
-0.3854577632098931
-0.30243734377369796
-0.14687506146799142
-0.29957932074801824
-0.18025629663152953
0.043362731381667886
-0.050020743070496795
-0.018608080209759025
-0.38238380893103086
-0.24512715532305152
-0.17294812224258735
-0.4638797895682519
-0.2807956936438797
-0.3667487146614669
-0.41825346924926654
-0.17464512052367276
-0.5142480551654786
-0.24063996725010425
-0.32064121686130365
-0.46712987976675285
-0.419072972537485
-0.16239772440179612
-0.011687517109673582
-0.07282777466123311
-0.34268312216864527
-0.12119925783370218
-0.1013728530463254
-0.09923861687346812
-0.20465764639710476
-0.2239583332886936
-0.38448286787868813
-0.1577993335130814
-0.41645589658009713
-0.14109362195580283
-0.332373677101523
-0.3450823220029971
-0.27360474070250285
-0.17840680260345293
-0.11066587927255214
-0.14050479654282952
-0.32638780399126793
-0.01729183453136033
-0.44904639094944293
-0.34589885947538723
-0.40822250132087246
-0.26968717025334116
-0.22209015439558452
-0.46716590905747096
-0.3753022400001506
-0.4778332030023472
-0.5213981751641245
0.015522046527993511
-0.018633664781323837
-0.008089466882626413
-0.1183574493461696
-0.3286638754775251
-0.35800288516808587
-0.015002469667320474
-0.21150433694425008
-0.47655078563363523
-0.4495881579605177
-0.2701702936511101
-0.08268424227319066
-0.0900283272838784
-0.34390088448394224
-0.08172025242828962
-0.42046861528807933
-0.4571706703310816
-0.16172480580912568
-0.3813395721234807
-0.26510327602849354
-0.26324654372453254
