-0.2473116982388934
-0.16168024540787143
-0.11507087564939518
-0.05508183054386483
-0.08749748796167679
-0.054988055754775486
0.027260536286722373
0.015383662803100846
0.07839505639066607
0.09957651381342095
0.1268191401150307
0.16189129615665482
0.19708276383104056
0.21371763365333524
0.23509621897907418
0.25821388383653526
0.2513236937878131
0.32468512725250737
0.38582546790051564
-0.3730244011904241
-0.350466067439932
-0.29977182812933933
-0.24813438524361053
-0.2222245914904374
-0.20947249860177455
-0.15325713978752326
-0.12444896703246512
-0.11237516621272808
-0.11886820827772215
-0.04585459113201178
-0.05202375137886721
-0.010417585448317753
0.01958702399934403
0.09269362349826596
0.12761937728630474
0.09548754887238518
0.1535157337107646
0.14408290209297492
0.24849471904191558
0.23277652593929757
0.2575538738121518
0.2713352478900336
0.3027072378292742
0.3177053456629047
-0.3446598643466906
-0.35849540295126253
-0.27996519735888065
-0.25578805648833913
-0.24261105983444267
-0.21153346156980757
-0.18805154644845082
-0.133991174398979
-0.12126968712049613
-0.09719733598024138
-0.02746776634307755
-0.03671324959825263
0.0052284599529372755
0.014248440418088778
0.0514275486428865
0.0887194960336964
0.11564642646464997
0.15644515739376416
0.14448835118971162
0.19905356085298426
0.26762154514799763
0.25317658780696883
0.31608339803600555
0.36969208483398847
0.3655837445127909
-0.33812351765120396
-0.32661336423727777
-0.29667833208357236
-0.2885956898800886
-0.2082473282245003
-0.17127273342165594
-0.15407917970098609
-0.17743448585587207
-0.13857820499764778
-0.08291421628046576
-0.06898703503123552
-0.06336290508101616
0.02249227525978357
0.03277207963403137
0.05261560994805349
0.0767443451032431
0.12976496268792603
0.12694850605870153
0.18709127155830227
0.20173609380766283
0.2206683950337578
0.27973958405232785
0.2719113887095993
0.30392493132436266
0.3377278122445553
-0.3742884270747674
-0.35616234047879697
-0.3071124015952878
-0.29004665889658654
-0.2456886384341457
-0.17518234755883488
-0.21430464685027328
-0.164900089568769
-0.16201994426381283
-0.10871593435324386
-0.07109851957540958
-0.06685259375623134
0.0007308736586396879
0.00883661435875938
0.0667949690225425
0.0852279370483519
0.10797020066385747
0.16589105127063036
0.16124074514266726
0.18941149134867652
0.251041449232469
0.26317372222180496
0.2987089666803465
0.32857890700382963
0.3386713814445392
-0.35021923077056966
-0.300448881671047
-0.325839427928222
-0.24586835708565702
-0.23636092736077996
-0.20335529163020877
-0.18024386014862914
-0.15242510311363094
-0.1352751309291506
-0.08261194185467527
-0.08352393853077864
-0.0407010508962553
-0.02228725196749142
-0.024898264547540582
0.08357202426820602
0.06669639713403604
0.11796437709393937
0.14258292410767978
0.16483018117871626
0.19997365817381574
0.22116039210782032
0.22806291582755592
0.2848928881108792
0.3058961035135973
0.37054937432037094
-0.36879946266425645
-0.3290578573472468
-0.28687560374506704
-0.26089599775522926
-0.24815922158480597
-0.24710117634136483
-0.19842099294908577
-0.15644085934716226
-0.12268911659527729
-0.0643976319535775
-0.07659736441031724
-0.0448457074984753
-0.06017124418602659
0.011801697486152757
0.0021109749875817124
0.07909637293867308
0.1129696899190285
0.15173919977705896
0.1711748011358028
0.20677535529855096
0.23908861434721293
0.21948571717102683
0.25864879926686946
0.37634244614503287
0.3512851890531409
-0.39231433237605545
-0.28728263537282894
-0.2994097280777708
-0.25282552426743415
-0.2605823731419598
-0.17972343253484652
-0.1908681494346348
-0.14848955889838075
-0.15662892728314076
-0.1507802047008805
-0.07140847073616502
-0.07750742177997873
-0.00775095288482077
0.025984107019390437
0.05583842552053255
0.11254024035609708
0.13176943907111358
0.1827248604711933
0.1270483078205299
0.19351410438173763
0.21144348397005563
0.23599971313850288
0.2646477502018911
0.28568248070277313
0.3991253991571398
-0.3537683444389466
-0.3871382036028558
-0.33898478315449554
-0.2701671315636497
-0.2294910984009992
-0.20580581499050546
-0.22093744511075075
-0.2014246698359954
-0.1433149388568239
-0.13749168493295374
-0.07563741878194145
-0.05259653968108553
0.007860511189788885
0.01405732457482452
0.04207178722903779
0.057285020314506406
0.10545409354894067
0.13565482260441566
0.17087862979527654
0.18908002137890942
0.21280152623247905
0.23897729872633755
0.25809537272213007
0.31634615968637475
0.34148204685039385
0.38113944612469536
-0.32505433633063036
-0.31394135809700974
-0.24901774671180765
-0.2913239163095361
-0.21787535886832757
-0.19885529529472762
-0.19491150140699634
-0.10106266391981095
-0.10948777374654596
-0.07464106009863229
-0.03034384970140911
-0.0070847657227766855
0.027994678435925957
0.04054795273087234
0.059108445228106266
0.0961989293776676
0.1643433908740965
0.20638779661261342
0.19859828328612542
0.18665102895881652
0.27910832449086687
0.2786985227809253
0.319503075122155
0.347018346827056
0.3548114632695137
-0.3208411925359429
-0.3053681431528653
-0.274292603205134
-0.28807032186682135
-0.20852234960116917
-0.17933247269363595
-0.17597651781216975
-0.14909750563639823
-0.08629348335601689
-0.09158119495524916
-0.012853718156207068
