0.6416138029518722
0.6347739586551158
0.6193657849298418
0.6270080269848226
0.6103146154324405
0.630229863090848
0.6564751746266387
0.673986838491216
0.651944788705577
0.6346487091443506
0.6659448523249933
0.636972839267659
0.637268452184789
0.6316233778310328
0.6429390471397414
0.66361925136651
0.6327421866393818
0.6263033031374095
0.6460899242487721
0.6403200051686092
0.6527661655285846
0.6449173645624539
0.63791690046174
0.6224001843925676
0.621552641584179
0.6566099625229408
0.6470459749122557
0.6639595709966776
0.6238834255039208
0.655334883003399
0.6451382609479862
-0.6483996167994773
-0.6371420971545527
-0.645805148093484
-0.6211576148686375
-0.6388881174295645
-0.6477384141519303
-0.636644270306445
-0.6491574673848013
-0.6287079516355797
-0.6696596248511375
-0.6186961925932358
-0.6215241678260273
-0.6482168809251649
-0.6472321543708798
-0.6105494129763875
-0.6358520916202397
-0.6203061363901391
-0.6637542456103739
-0.6538002474663434
-0.6108590238434138
-0.6370739557305809
-0.6427533777813956
-0.6340662519895925
-0.6088338576016042
-0.6503012966990613
-0.6152615700217616
-0.6504904674172265
-0.638389540706703
-0.5948172021328242
-0.6484398340478137
-0.6316798686161729
-0.6623937146819056
-0.6637210271544203
0.6397387687526576
0.613068748882074
0.6366398084387045
0.6351853723873151
0.644144871841368
0.6420097411705249
0.6494709486861918
0.6292631740654703
0.6356374911631862
0.6493533495884855
0.6214763262421964
0.6650059896629704
0.6170581544894417
0.6517915070010841
0.6182999873484588
0.6671674682495254
0.6220338693041754
0.639744976134776
0.6454831462115488
0.6443290539731649
0.6524002281490947
0.6833734444911145
0.6245790798999129
0.6119921620335084
0.6621168940451161
0.6303474376938665
0.652681715576002
0.6705079552478763
0.6399628320025358
0.6235765740728879
0.6543365322726995
0.6667841257355394
0.6710064428469217
0.6343233852602409
-0.6093747068549084
-0.6388796410781489
-0.6341841998971888
-0.660319350279333
-0.6591556261619058
-0.6482490450620064
-0.6313771546043755
-0.64137021901404
-0.6362806463877315
-0.6202231653355601
-0.6421384323240803
-0.6740319229052276
-0.6898339293437848
-0.663915265390191
-0.639207433516686
-0.6177221261361218
-0.6294211535187935
-0.6505664181894996
-0.6576565265151678
-0.5974459141868008
-0.6455737596611256
-0.6375269456096707
-0.6675291326946436
-0.6235755245948499
-0.6423053901957632
-0.671339964894271
-0.6501125432420327
-0.633362645857581
-0.6365064694289175
-0.6440000732831079
-0.6414307959585388
-0.6174141764981533
-0.6441760034140784
0.659051569269261
0.629998825413758
0.6170652799769287
0.6378711837515507
0.6447188622763526
0.6561019557686038
0.6556304584147878
0.6761478206574969
0.6276174895339763
0.6524016331675531
0.6163250700160798
0.6376920607760168
0.6278627722317427
0.6396002554338399
0.6053512754096729
0.6425123702650237
0.6186249463482296
0.6634622782609986
0.6417455040710892
0.6041587530706185
0.6482646712614064
0.6236109732939336
0.628825715976061
0.6674292661413043
0.659602521072869
0.6392210343241121
0.6197053967561112
0.6751513146740548
0.6378887173826315
0.6434375277593775
0.6094816663337547
0.6463768832966132
0.6397851965694468
0.6605238675988202
-0.640434201799297
-0.626951203187163
-0.6432519418464201
-0.6571260609815659
-0.6441792400432492
-0.6213311706160013
-0.6658729762071754
-0.6252727429289149
-0.6232083382181578
-0.6404037836185199
-0.6178845297478682
-0.6065601689308144
-0.6580580687828905
-0.6102694604683079
-0.6333323467554974
-0.628701110585925
-0.6374629944252291
-0.6035640614363664
-0.6680274775205314
-0.6563030889712244
-0.6161664303093137
-0.6293176497277592
-0.6268462026160626
-0.6471018902513682
-0.6256328389936401
-0.6570491573189359
-0.6481393674161385
-0.6710415590240599
-0.6649017253685406
-0.6290990936945001
-0.6275672039704037
-0.6409299575905346
-0.6227540066102454
0.6371246685299585
0.6513994283931543
0.6493201329184138
0.6287220324717225
0.6428861261916338
0.6832971898367486
0.6442386889061869
0.6132593683777281
0.6264468123888454
0.6225536433684634
0.6546021999702931
0.6052100119197883
0.6284484137235051
0.6447307622352301
0.6246649127036727
0.655208775310755
0.5942595545072152
0.665560760411695
0.6078887295720021
0.6580883904201285
0.6590662225218051
0.6522637741817944
0.6169892440327202
0.628019514152472
0.6853081486864613
0.6684495897360373
0.6496236029821765
0.6130487663071901
0.6353094038541915
0.6567486963995433
0.6461858400028542
0.6845496382903369
0.6422080043690985
-0.6009322602033107
-0.6767764831354778
-0.6635376128580971
-0.6585213400510272
-0.6601005457357072
-0.6374021426484604
-0.6568303982255113
-0.6442535847515466
-0.6525255247660712
-0.6279859958961981
-0.654007836322308
-0.6274327332760663
-0.625850726650788
-0.6644522416276859
-0.6358056184424935
-0.665097084678225
-0.6471748611236008
-0.6190662309846742
-0.6468587038386923
-0.6464360526706423
-0.6340279916917144
-0.6910261602808584
-0.631271262071237
-0.613626248253426
-0.6558401150686342
