0.36900232864599375
0.36519889662947924
0.425666730079725
-0.44725093248801223
-0.41842768924144286
-0.3364554213186187
-0.3220777689419005
-0.3251983083811819
-0.25716209020357605
-0.21194200957549283
-0.20067141885551085
-0.13533921759356557
-0.10824253696083802
-0.09235542421668894
-0.04000802960006248
0.002962224450354635
0.018677331562701845
0.06884087940396155
0.07475612585274771
0.09681087271186249
0.1590328941961834
0.19918448330400323
0.19965592640043706
0.23776605002983361
0.33109129790503555
0.3300473649346505
0.3435394219190127
0.40891807817995324
-0.4453695663059142
-0.38607571624715653
-0.36334865036164293
-0.34227879374788456
-0.30278970197998745
-0.26125097672782077
-0.23658036813492817
-0.19422684681318247
-0.1588080011877448
-0.13273165604913456
-0.07150680748439307
-0.03254894264660706
-0.03007049584980714
0.029757691877718883
0.04993966834632231
0.0987982690683665
0.11146191109447018
0.1682595348532077
0.17275934792788258
0.2224705062795115
0.2581836265491656
0.30477305822351886
0.3586804668914508
0.3568934768958509
0.41107094333852984
0.4315862826430193
-0.38958546996118615
-0.36279232041004916
-0.35153199928886414
-0.295222533168031
-0.254933355775814
-0.23572186530079167
-0.22134827492994386
-0.17229435071535285
-0.15027000543273708
-0.03714642571317001
-0.05465688871973368
-0.00958968882676565
0.012955224000015272
0.010799402929667232
0.10401919375241207
0.13389257299125795
0.13602855255164048
0.17644507909873472
0.27930763456269975
0.2784536563060385
0.2897610885001892
0.31263322270728156
0.3687099599349574
0.4133596884357995
0.4529842473022813
-0.39899767856201185
-0.39983929388464945
-0.3809304189093022
-0.31879828748465044
-0.3052646393923256
-0.257229238399196
-0.19040981175319416
-0.15492428595758903
-0.1319484059202107
-0.09862055199955916
-0.05518223988080213
-0.04516803755829771
-0.0029137665615643037
0.028566631257134056
0.07716228816393314
0.11145282432216663
0.17079089572071046
0.22267939278600624
0.20291156782855163
0.29061406962000075
0.2858557596346082
0.34907683564401615
0.35348286016702907
0.4125658575960488
0.4325339429675425
-0.4254202267861262
-0.35920525187173535
-0.3463080531584649
-0.3166863624906021
-0.27332879748818584
-0.25463712024852986
-0.210188397354246
-0.15204948630746398
-0.11319287661872553
-0.06024717672623555
-0.09495854480284172
-0.02302215985157651
0.03345772452779236
0.08290532621129627
0.08296278763024673
0.15553828503577533
0.15365925351482992
0.1862006415249596
0.21312566164558705
0.2575045846525588
0.28480513300214527
0.3321446617848068
0.34027928608922065
0.4115419144070793
0.41670806050306763
-0.41735685054836136
-0.3954432979892531
-0.31346194793350535
-0.289304392741991
-0.2486330188245966
-0.196113539158738
-0.2361400719190822
-0.16284488713403703
-0.14448098208853574
-0.11126962681326472
-0.08390816556124521
-0.028098854119810467
0.033986647912484874
0.040001686892306626
0.08461628806676645
0.11510178484235126
0.14912279541078227
0.2074272609988219
0.2322598210991367
0.262206165995687
0.31294241243899373
0.3362721703594847
0.3863840073957635
0.4151927451732755
0.4060007331544406
-0.40447579457213745
-0.35886070221148614
-0.3243132596045143
-0.3191366684366629
-0.2786985857539937
-0.23438227307896012
-0.21503071500756046
-0.1345775144000204
-0.1398073707883784
-0.07518404521878698
-0.06657962939960634
-0.045822228232549805
0.02236026574988279
0.001717367317490906
0.09744451182741218
0.10381147345738656
0.15829113034701142
0.2295839451274994
0.24283830789295094
0.27222105340814795
0.24516366844483606
0.3713978241564364
0.36597530834840314
0.40792014346555194
0.4216130299059168
-0.41824916117039995
-0.381456418181711
-0.37014771873320607
-0.34846283730182004
-0.281438794967238
-0.2073743602119518
-0.19819423133171948
-0.15778518899455649
-0.16980796949647764
-0.12577192908817617
-0.050685218975393014
-0.029229882489906243
0.02978684566273383
0.02455460149515537
0.09831139948001344
0.09467902314326772
0.09730276812480082
0.1641414758838895
0.20689298719675636
0.269047648170619
0.28475130903936335
0.33766316615478276
0.36754397968198754
0.42151317340604055
0.4136157243820349
-0.43580931258848443
-0.42075517114462857
-0.34783996703699466
-0.29383610981788094
-0.2525237712698511
-0.26615785094931055
-0.1927893616162388
-0.1738715402221827
-0.12611376006099909
-0.10041765002295076
-0.07103580296456254
-0.04688558957767049
-0.0163992996139154
0.03868079556669679
0.08653293724426524
0.15398927285774147
0.11906761312254188
0.16715396943098493
0.22241525700218304
0.2741305493691339
0.27636211045176057
0.32429312528416065
0.35460265448722345
0.40587788678586356
0.4207631698728713
-0.4063072685286259
-0.3905091156975609
-0.39476393451530406
-0.31162843751696834
-0.2816532891558467
-0.2514011320090364
-0.20690730643069905
-0.17687065502584137
-0.15064160729282927
-0.13497363102663595
-0.06946249668877706
-0.04650291781823949
0.019398876847078663
0.03298908969389162
0.0671445860224357
0.10989063342218333
0.14041185296935746
0.13814995919407164
0.2303387857461059
0.22264167786102979
0.2842281242533786
0.2953093779070614
0.3994806564386721
0.37808674416055454
0.40672634299425175
-0.4019412474455983
-0.3738332393423627
