-0.18935308078346455
-0.20383751573500744
-0.22580749932170358
-0.17501543325248775
-0.17813992692559869
-0.19675351116064893
-0.17712687077570735
-0.181494428731672
-0.20459334065702509
-0.2192351151393907
-0.17758963159806163
-0.18059317442218126
-0.16593968250741886
-0.19127669301696862
-0.18699393823528385
0.17648935640571228
0.19424475129183785
0.17586806102474614
0.20933092032484849
0.1968607082251716
0.16965295430276195
0.19009127667465964
0.19174320050322935
0.20228454466784412
0.19927935115251677
0.17098973959046793
0.2122064784888082
0.18337029312517086
0.19134498839208094
0.15417041031828155
0.19313969543402415
0.15119262221760588
0.15995591063705047
0.1664744586635883
0.18908482462859674
0.20048715525114433
0.2085323282715756
0.20251789698578695
0.15100189818131818
0.22210892160043938
-0.16600737617330344
-0.19202346466722278
-0.1927126257325558
-0.1803962001450392
-0.21395012363996552
-0.15736942883581767
-0.19799440218250203
-0.1921594819204192
-0.20261797812775448
-0.17306833123222248
-0.18670723797493358
-0.2127729214766648
-0.18487148936862768
-0.1981288042662182
-0.22296694915635795
-0.16203536814663924
-0.2023589406785475
-0.20237772640574253
-0.2085280387581114
-0.18956130876945412
-0.16258394235284343
-0.21414083895878175
-0.20115094256125604
-0.20424586738272507
-0.18050682210643448
0.21900438820912183
0.18229037153355632
0.18437259431261252
0.223533685675317
0.17937837851680705
0.17474948665858883
0.20193908150800327
0.23368485427365773
0.20561149092557496
0.1877876174898368
0.1990995321032295
0.17497279376793462
0.19943976382696713
0.19510557970646739
0.20039011683226085
0.17571031212444682
0.1931028243945764
0.15881002542613154
0.20644345170609457
0.20309065171707819
0.15170057075718268
0.21501287481028927
0.17810352240611274
0.1815187149315887
0.14760860460877
-0.1957574710380733
-0.2007904053787916
-0.18491726346195725
-0.22239797689560897
-0.20830717314895025
-0.21635644792346345
-0.18512412439212136
-0.17643015080004784
-0.15056051428448503
-0.19098569205164087
-0.2310628567912446
-0.1396694204339107
-0.21105949542665844
-0.16842318366859568
-0.14665866758075838
-0.20990922116047098
-0.16847662873817992
-0.18239241610761794
-0.1591857512960727
-0.1819905418999166
-0.1958246923433295
-0.1943262426147981
-0.1881718066231766
-0.2088222073324329
-0.1503338939319681
-0.21469864569877908
0.16880075944035378
0.1900324609977958
0.1693745312560592
0.19373504875907205
0.1901556584115808
0.19281131696145265
0.1638610999340872
0.15982973132873424
0.1743001165382584
0.19517080311647708
0.20836213622301109
0.15167525006961938
0.16747454287548075
0.17889606547056427
0.22002213384785996
0.18560152577930408
0.188205618268673
0.16861961192959973
0.19031204653251704
0.20277395656615332
0.182354986773653
0.17869874300338573
0.1999264606447574
0.15978244690410362
0.2071707055046627
-0.19575212755709742
-0.18175286863623216
-0.19112116520150754
-0.16043707349813818
-0.19880881599405958
-0.18352581941712365
-0.2057984213381253
-0.19781099919809325
-0.18259468182890343
-0.1637890773918813
-0.15617056860617295
-0.15372119818890467
-0.1765014935024683
-0.16219603032680133
-0.19448467042666986
-0.20644044260766298
-0.1849791130338073
-0.21291648123665288
-0.20973236591400266
-0.18656627519756486
-0.18427388146690388
-0.18468971119473995
-0.18018545532286237
-0.17968200724097214
-0.18474741255764235
0.1929171596510796
0.1861055316868132
0.15467984542103316
0.19202009691779362
0.2033832259614189
0.17904521138876867
0.19930531414817473
0.19711018746585104
0.19668343740256175
0.1473560892528583
0.18544156066298914
0.18737703732897734
0.17267571638188994
0.20005063712422114
0.18888104270536993
0.1886162378625568
0.23280376668114106
0.19430798685209894
0.1764563200037206
0.2110327255815876
0.16366022449616152
0.20293829091278454
0.16882939605374622
0.21110083714495878
0.24071007202713113
-0.18084325998540854
-0.18638233870817386
-0.15763788198358025
-0.18089335801473092
-0.18621981003858254
-0.20571679959343053
-0.19934862935448586
-0.1965509179738152
-0.18216665000869087
-0.20751622433091518
-0.1924107749617313
-0.16890072456686225
-0.17220252472772704
-0.1824963784021546
-0.20200153307104673
-0.19530041473179086
-0.14661535117514984
-0.20861900389345342
-0.18330356776717738
-0.18430591326929457
-0.21562027609134082
-0.17808424648373783
-0.17979203661634865
-0.19800330739572558
-0.2329656208744594
0.1968852111967858
0.20704950108253423
0.18295802196223943
0.15440509787530737
0.1809640599014262
0.2032906799798797
0.18823117318946683
0.17921201003386686
0.18313582827355743
0.15341706649561762
0.20579164479751239
0.17640147403565523
0.18784873344902095
0.19899071430314075
0.23888032845706755
0.19104109480854065
0.161807232207941
0.1834801559608462
0.2090313199921061
0.14354406640456568
0.20932404645097819
0.18038301670237616
0.20382813769907257
0.19738227408910167
0.2071197533816915
-0.184347524209663
-0.1878981172886419
-0.23267399170377479
-0.16047117122068705
-0.21088499846772993
-0.16935827423772049
-0.18785543588210812
-0.1649952157873489
-0.1672162609039061
-0.20880663717666267
-0.21390136245204217
-0.19958769233406823
-0.14883430257274213
-0.18809413990362517
-0.18682664784076877
