-0.6684687112200609
-0.6787476915923498
-0.6826350974136413
0.6809602347274661
0.6645102038834116
0.648652054141992
0.6801318954944067
0.6778873725043416
0.6863199460087986
0.6828899092088261
0.653967003448498
0.6395238396103399
0.6519243155730262
0.6581819717239122
0.7143016738932152
0.6514775133361769
0.6738148228798546
0.6671347870052666
0.6537287294921567
0.6975696269239708
0.6931405054402773
0.6525907764354455
0.6989282420198323
0.6391223217815915
0.6677224646441655
0.6750410700471196
0.6724431775943569
0.651041906677966
0.6910723785197757
0.6503454100047031
0.6743794939419478
0.6961185066246085
0.6721762564330593
0.6890896057823528
0.6646238603655381
0.7069859297006976
0.6574406899641516
0.6707257811048345
0.6606256700309219
0.6525770919859548
0.6443608412647691
0.667528285114363
0.6407695615761906
0.6791850773505855
0.7081626152881163
0.6837887130429722
0.6780219349621835
0.6870883204845912
0.6759171740605434
0.66818994860962
0.667970697120842
0.6655443049411909
0.6862138471158423
0.6790114819912102
-0.6555320850288071
-0.6660314468780256
-0.652843493308946
-0.6652714396640501
-0.6573139913240661
-0.6883632079417635
-0.6583076343952857
-0.6966457062696209
-0.6600839734282091
-0.6654411346276127
-0.6635812436536518
-0.6828083587290978
-0.6973045565100963
-0.6624771869257968
-0.658697121060672
-0.6592823342298649
-0.700194301526531
-0.6370972297471698
-0.675185280755264
-0.6925145662814984
-0.640793561553127
-0.6593237932196938
-0.6526827309735688
-0.659550502641261
-0.644171059940787
-0.6324944023821
-0.6404425966101084
-0.6523277436081836
-0.6685628422047257
-0.6841390676714684
-0.6471187876664432
-0.6264188454806467
-0.6878367777737103
-0.6562429265306605
-0.7000320319576946
-0.6226379779755724
-0.644763698386692
-0.6977526049484272
-0.6419457579904236
-0.6457295966195872
-0.6892610051808497
-0.6789443387996632
-0.6440415212236695
-0.6498285640742927
-0.6584232939211567
-0.6679341785545707
-0.6819052909070622
-0.6804818990446729
-0.6924908396758277
-0.7075128590724566
0.6291366899348566
0.6522393554593895
0.6955068984470294
0.6545765317008904
0.6777467144547529
0.7129081351045945
0.6824982465559825
0.6745431742645727
0.6652847714403555
0.6736208574372621
0.6567727673829561
0.7086498012037648
0.6705470536778404
0.6878341773425957
0.6839983335022353
0.6566292903939739
0.6602478790486114
0.6295026279908104
0.6458959656586216
0.6999750857595821
0.6767847558651592
0.6340055927616141
0.7062109478327797
0.6641291597230365
0.6188640411325059
0.6738088813994352
0.6672802571134979
0.647447431002317
0.6467826450959544
0.6506031102559272
0.6982980354541243
0.6386631188330406
0.6837561436292794
0.6566915138631291
0.6761580829417959
0.6894379212566522
0.6566856200146227
0.6644734823767676
0.6407271934449947
0.6511546526032455
0.6983631880421692
0.6679029185783171
0.6674571508021787
0.6842585731389972
0.6569185442753498
0.6435849934296024
0.6953980185448375
0.6332988255588207
0.6622325859314115
0.6386272991409963
-0.6949492714806673
-0.6459598697144638
-0.6553151538931322
-0.6634614774058019
-0.6742394044840146
-0.6472180069199844
-0.658116387300595
-0.6740215294236227
-0.6881009543054365
-0.686807880749328
-0.6886675570593329
-0.6780001519460696
-0.6852739350569936
-0.6704578419567473
-0.6553116268617721
-0.6826415382379433
-0.6541038731763884
-0.6206599696175144
-0.6655493235228324
-0.6393682530021234
-0.667848050784642
-0.6765457280527266
-0.6514773316318276
-0.6576868716027583
-0.6662076621889716
-0.6567090451756264
-0.6832302552186039
-0.6654351187892988
-0.6630068862877848
-0.668149274724787
-0.6390890906120118
-0.675696662530347
-0.6502425499101157
-0.6514666426564021
-0.6708832136138447
-0.6585183523083459
-0.6377553889313858
-0.6916419552823129
-0.6743389194543123
-0.6683025551391423
-0.6696413288015338
-0.6346318064982175
-0.6395146388702817
-0.622555817159002
-0.6791357370488669
-0.6470266241773911
-0.6572322429699138
-0.6894392137833156
-0.6443680544972461
-0.6897226932741546
0.6356266697838086
0.674599679432789
0.7146932817606277
0.6697200337509268
0.6585725993237133
0.6747295156141538
0.682757196717582
0.673173558804957
0.6776755088157819
0.6871478124533933
0.6765919870231494
0.712389890926928
0.6781121632955215
0.7009053373625753
0.6832751992150725
0.6527560252762937
0.6445217282840873
0.697649373161405
0.6904195731857501
0.6225541228752948
0.6538845804968118
0.6487260760911494
0.6688369786806917
0.6566071985101845
0.6672242338542359
0.656841036804908
0.6898649997632627
0.6697129677459552
0.6809913419919704
0.6399201430744554
0.6297832201806741
0.6563074975936868
0.646407991119246
0.6873877367574339
0.6713301462731589
0.6791436515790595
0.6565488512297736
0.6538250655213657
0.6859644254205125
0.6797996489481263
0.676314219601103
0.6756571732887598
0.6357628285813034
0.6757818168605058
0.65419901321356
0.695476175553768
0.6881313001000559
0.6417517974572615
0.6443808345303044
0.642605067231601
-0.6767682404290742
-0.6281316361484094
