-0.40600997528913796
-0.2745271447240653
-0.15651682014454968
-0.02093030640878204
0.12401172077432723
0.30198919049538325
0.44199809449281147
0.5437507046002203
0.6140108189968009
0.7041774227951224
0.7426217139920103
0.7512325145893276
0.7859580103425703
0.7291857688654788
0.6780398210129545
0.6285642773776625
0.529409575975183
0.3540092128905293
0.23123149477634694
0.09539674461986807
-0.042387499896284
-0.158107889759983
-0.30809133556991414
-0.41753398398643377
-0.5590376878510469
-0.636263694974659
-0.732515153757583
-0.7664951551294045
-0.780391114090372
-0.8033294838290779
-0.7393634461764416
-0.6454246482625995
-0.6026019463070234
-0.41864272545315695
-0.33902002873644144
-0.2336067043859055
-0.026572209027389097
0.08356491894745563
0.23185623708314224
0.35801206736535524
0.4733925863575454
0.6037444796004843
0.639840308267061
0.7221434974113784
0.783499115964671
0.726145991795847
0.7386701531320846
0.689043751004359
0.6625872229137024
0.5336425143556222
0.4433758946829348
0.30439745511754235
0.16851139502106344
0.05126431195950769
-0.12132446599725243
-0.2933363400410463
-0.39549565515849716
-0.5225644925480859
-0.5813930633821051
-0.7060572726460258
-0.7600799861884784
-0.7374623534368252
-0.7811630066994681
-0.7274459724842776
-0.6802826181055085
-0.631718731176901
-0.526789155207093
-0.418837606759743
-0.27555207648557384
-0.12069348082758949
0.011606125270560645
0.17221380501942207
0.3074384196632332
0.4239633615255344
0.5244955011196855
0.655873243769241
0.6930735758144402
0.7342372612133792
0.7685467607903717
0.7572708740335449
0.694983136798465
0.6606871578562029
0.6150231253757116
0.4756678462879173
0.4163340126247992
0.24883486628591198
0.08333103338788708
-0.04075486276376818
-0.19436681058807717
-0.34914073254433775
-0.4650426156146667
-0.582166992515319
-0.6462467269955725
-0.7180179433546503
-0.7680588306599103
-0.771579237221194
-0.7856486538598578
-0.7222630710217445
-0.6762412712043175
-0.5835507434790183
-0.4587728469662471
-0.3523415687987654
-0.1921904637250508
-0.04942879219190419
0.1282099760663455
0.2036707966550827
0.3856843734541733
0.45990604056831
0.6085888837350195
0.6833897838678813
0.7176535847309332
0.7831810157990209
0.7790514718753064
0.7412701457584343
0.7275585004025168
0.6564515570178941
0.5546768032070285
0.4000378760310158
0.30377547262453897
0.15350183673325235
-0.008445343832905017
-0.10819914290559769
-0.26742486154087747
-0.36194610218657486
-0.5199129972130071
-0.6160517807919375
-0.685062562695818
-0.7136708415619142
-0.7705196189610195
-0.7946890756879728
-0.7122750494731483
-0.6852764203952901
-0.6085690176587724
-0.5145308378328286
-0.39377863867088514
-0.22236148968246658
-0.1374508712529491
0.01799731540990461
0.14312682130212007
0.27860221109746175
0.44942256175394457
0.5908760668927955
0.6286188632111015
0.7328802242469601
0.784570210227494
0.7524544215915844
0.7894078477978081
0.7279807441472579
0.6336162191105653
0.5847774626243628
0.5104340364652834
0.3465311851056108
0.20832611176307428
0.12018816332559107
-0.036849883275829456
-0.23137636528873268
-0.324777756025684
-0.4760335947944393
-0.5751775530351628
-0.6423818391846177
-0.7246673982940626
-0.7741962304476807
-0.7623397985299442
-0.7636961380280631
-0.7294142147675357
-0.637660894279823
-0.5677066487417934
-0.4470131252960882
-0.30101150619985073
-0.20185401768165415
-0.03632042195930429
0.09951630654184736
0.23751564515706333
0.3764381940135045
0.5020302996569785
0.6277963507252556
0.7151191126749097
0.7192041034254543
0.7698772934018738
0.7753895121689311
0.7306422780837879
0.6892881888749749
0.5881351687561254
0.5198160277118372
0.4023724549546372
0.3532940006240812
0.12051836862186331
-0.0024163682433961725
-0.15599611430194296
-0.24615239439104553
-0.4072118882807511
-0.5468172779280871
-0.5970609271899441
-0.692948765352457
-0.7418255666167585
-0.7628923903185294
-0.7529971750085447
-0.7349879435930001
-0.6786158958595141
-0.5811348672881499
-0.5195876480509067
-0.39301341672474743
-0.2127951688488861
-0.05745701623591962
0.06388837395515246
0.19448780137266003
0.3201148961230351
0.4593865054318383
0.5790165319942822
0.6768048363848208
0.7211155158903092
0.7928247980703177
0.808495435878752
0.7749448020683911
0.7119733264077086
0.656118203001783
0.5832496112052185
0.47327114044854557
0.30388486438378304
0.16669439225906785
0.07717629788554137
-0.07395485228633426
-0.24892757736462634
-0.39808545055241507
-0.48049256324866096
-0.6047221433037536
-0.6344947817224487
-0.7094745235492421
-0.794475258625212
-0.7661112140935395
-0.7633482681812797
-0.7103411683330905
-0.6633672650428724
-0.538632710745986
-0.46417554833912816
-0.33287438222316923
-0.1767281965276544
-0.03857885941400763
0.10018567987783177
0.26179273596219427
0.38905708641119213
0.48119036095072276
0.6149937518225397
0.6829529549568176
0.7277913107047921
0.772589176443976
0.7686440968724243
0.7101421852929346
0.7051700332653345
0.6512493165357299
0.5356996070275768
0.43303355367027474
0.28027136693576915
0.12924566118607408
-0.022361547473486953
-0.20129238064528052
