0.05820263009310063
0.06096039285223532
0.038739134498863424
0.020146094066384207
-0.0049346286852327975
-0.06912058159651394
-0.09823843730354628
-0.07663528875609088
-0.12481044895126135
-0.13334419833292183
-0.16309359608831284
-0.18090402705232955
-0.17450608081759397
-0.2151567405024724
-0.2266822486608732
-0.1708774287414163
-0.23567047939544705
-0.2739426087556468
-0.27187718775459135
-0.31223514813959413
-0.3068496569839942
-0.35744523559017644
-0.28951822732924537
-0.32561793150634055
-0.35727054020107585
-0.3593714809354273
-0.37702845328097356
-0.33258921460358076
-0.3390036724733524
-0.37908157119908925
-0.350759724745904
-0.33422580713646144
-0.3329329267543019
-0.35095815432538624
-0.3333597989461899
-0.334691367647694
-0.32768271344401007
-0.3272216998430692
-0.31264140411212926
-0.28591376554890274
-0.23654759993840946
-0.22796902874587724
-0.22190720478525436
-0.21029042831969572
-0.20924688123319338
-0.17797435359474792
-0.13158016314946802
-0.1677677046542571
-0.03723539413819113
-0.08432828825654722
-0.06478645737222145
-0.0733305643755242
-0.037976387317092686
0.007497337231705851
0.028600524891283598
0.03641258947790755
0.044026527636940954
0.09493297792201782
0.11049378195385638
0.10579437631873762
0.1257027180847895
0.14757571727023683
0.17509020132019334
0.17374824211150514
0.20591394679413574
0.2804610138014455
0.22636438224614394
0.28710046359032726
0.314008178909744
0.3042147687826905
0.31538307716114883
0.2919920151737679
0.3249598744101862
0.3570367686716475
0.3094337670789513
0.3499644538424195
0.3485156583764679
0.33113826982144495
0.345976632651747
0.3723269791127924
0.338536163247172
0.3544073759744861
0.3234612042573614
0.32919759345629374
0.3344027436498833
0.30832233817700516
0.2907390121736506
0.3007877883864522
0.2938191836964108
0.25612401196601436
0.2603184299908106
0.2366232639825001
0.25128593890190687
0.18434525909881427
0.1873195267897159
0.1886173180507655
0.1529936941856639
0.1088287947077902
0.10116328527798726
0.0694081871396655
0.08496663858587808
0.039758870933700424
0.03362353681554537
0.028705017139605313
-0.030379674457592494
-0.03433663198810401
-0.05538806372845431
-0.0679352115509914
-0.08696577530042612
-0.12820192532710234
-0.17999417045958913
-0.16224363299122016
-0.17041499407209396
-0.21139496466401206
-0.1958489633766827
-0.2683445096384056
-0.23958155864348019
-0.2582941802260934
-0.29401084017113566
-0.2818753382709605
-0.32000140148543754
-0.30591132312354563
-0.33122837348201634
-0.3167804706878147
-0.31945899745313955
-0.3032314442959769
-0.37304916672852767
-0.3649279515550958
-0.35609983152970975
-0.33506339127809115
-0.36256735647362665
-0.3509967688205731
-0.34320359619831486
-0.37631315248018177
-0.3262272575621733
-0.3226220776653243
-0.3566146752618139
-0.2762866202511771
-0.285955637402893
-0.27669036183138473
-0.2814688702054675
-0.25572178202057705
-0.2282420445328541
-0.22752072364064999
-0.18368889770500746
-0.15754940335140824
-0.12237188850696139
-0.1527205712411684
-0.09366269774491441
-0.07619311803577752
-0.06706332914252623
-0.0558244330981116
-0.00891313594439834
0.021088422921664286
0.00704030169335741
0.015565683393917503
0.046781302136334905
0.057515284191063526
0.10585525439275473
0.10702341805513148
0.15534141560647022
0.14655037571094076
0.21696076890114646
0.20694805074659386
0.2263500628588111
0.27247831380152104
0.2899677465363891
0.24393484575368812
0.2625949786687413
0.3058224301881009
0.2768366528103232
0.3145970517609041
0.3135934215904656
0.34702349349234507
0.3269973349674435
0.3789321873960892
0.3620529563411007
0.3811303676755101
0.33384199288999183
0.3543594750743919
0.3731657133235756
0.34080670163576343
0.3544626959538906
0.3623099139235885
0.32499298108085084
0.3207358936449889
0.3396323477259989
0.31024128374065396
0.28577245197618684
0.24555609568044207
0.25269908130335217
0.24760769760161214
0.23510498917955522
0.21226609821203463
0.17217441157805957
0.17342787670687082
0.17196379428256686
0.13622786726585795
0.1832079695046516
0.10718917786178839
0.06659139780755463
0.041581376737580056
0.024700482225868563
0.0492459085326372
0.01781003652681414
-0.03900394888890055
-0.0391395666333379
-0.07890085964955888
-0.0731057186197105
-0.12448187222624618
-0.1335278841756757
-0.1622499537884125
-0.1820773683979665
-0.22531226527427897
-0.22265005867236531
-0.2507343352482643
-0.2872478920048017
-0.23935532317607336
-0.3051008318519697
-0.2783758031196525
-0.29057508059257087
-0.32244818283684323
-0.3199152309907024
-0.3239841991454645
-0.3383913474614046
-0.3629136103486213
-0.32532228446417827
-0.3620930708088594
-0.368544549813797
-0.35112561494131794
-0.3329247682461613
-0.3378890362094335
-0.33000055757823904
-0.2996286670045014
-0.33813844003845306
-0.30926356293616564
-0.3167138364291127
-0.24673128530548183
-0.25902821226284384
-0.26632449865226615
-0.2529295901427084
-0.2094494900478942
-0.2561365057523239
-0.22783363813340185
-0.1754950110326454
-0.19826160146688054
-0.18616001342659122
-0.13637294447102516
-0.11373914909251513
-0.10096523466193365
-0.09363628398131732
-0.04213940842242037
-0.047359051594849266
-0.0327833496147154
0.0049971131389731
0.008107704905629218
