-0.6742943935270642
-0.7362927549109302
0.6365031697811757
0.6031894100831877
0.5389359189343867
0.4920913152432238
0.40636672283042286
0.4078265596770372
0.31350382697010076
0.2807640321487943
0.22180098683281535
0.15903800646036026
0.09326612786179149
0.024500856234888464
-0.0614979524034121
-0.08329152793914424
-0.15527662159598746
-0.19239407845050036
-0.22879028191668677
-0.3089606500997607
-0.3875257568715783
-0.41836173687394473
-0.48076058225260965
-0.5584980957987684
-0.5835887400675096
-0.6288702609894947
-0.6850891319001663
0.6613734826294406
0.5843035979235379
0.584518133585999
0.4601761878099478
0.4199952119208758
0.3718696658104135
0.33282122574700784
0.23166612354860774
0.22245333257430835
0.1546253833307607
0.10462334219964001
-0.005549039573883828
-0.022621115109413174
-0.1015852751406023
-0.11073979228956848
-0.16655569562205685
-0.2671720900404724
-0.32380039175291997
-0.35262885321002774
-0.390376613094368
-0.4872517901216157
-0.5196333845257072
-0.5761750448663681
-0.6398868710365673
-0.6728209187223642
0.6670129536223013
0.6554242112888247
0.5338563032933784
0.5103656975085507
0.4500014544844134
0.3991094525250512
0.34024763683128695
0.2685962448002161
0.19661840628469823
0.1821185125237359
0.11161462017482118
0.06548720786885408
0.018691392007382193
-0.09749461470168047
-0.13949395269643308
-0.20188162828051762
-0.24846996027732807
-0.3189023478659601
-0.32134850358969136
-0.4053114715964638
-0.4465387074379872
-0.48742153461497406
-0.6134466611160188
-0.6563445300693296
-0.6824287978414221
0.6418726680993577
0.5911162595542396
0.5932925123814791
0.5071793534924461
0.4676480531837216
0.3976522734959579
0.3388063706774228
0.2689399172748175
0.20313256895500256
0.15459899460015036
0.06313929607166222
0.04064907807284729
0.001249118345855461
-0.07479450945448045
-0.14451014784551036
-0.1995790734217777
-0.2650336306308109
-0.3042435940418557
-0.36942037079865453
-0.3922795873216427
-0.4682307317252321
-0.5348362619772136
-0.5906426392010605
-0.6584226269665582
-0.7078463256972957
0.6875465798504541
0.6167844144622824
0.554249553221888
0.4824518116370548
0.46381643268233647
0.37745402042981446
0.3467637038645537
0.2537304483251885
0.22188219370596998
0.17860916347585787
0.12463498516441798
0.03141529869221902
0.003915906336532155
-0.03996515629674825
-0.10853296678530232
-0.20382338497279304
-0.2100099213455152
-0.3115225650937955
-0.34030536783404863
-0.41093411836700955
-0.4512948365665549
-0.533181706678509
-0.5836958700806512
-0.6585702781662037
-0.6900637014093532
0.6384198050559985
0.6159588309764684
0.5586620739858053
0.5484952732781532
0.44635750349977343
0.4073817664037542
0.31929016337677885
0.26368585659213006
0.24750722147832732
0.15193623764938718
0.10367422193778615
0.060394517499497424
-0.0433822685945591
-0.056298959944334384
-0.13395739337342144
-0.18044427283726183
-0.21651637451549116
-0.29418305054301774
-0.34112825429545346
-0.3872659781985891
-0.432078134927951
-0.5200218350447582
-0.5984560347055404
-0.6074526208169466
-0.684781538937141
0.6923755627247318
0.6117012476560408
0.6059059544204382
0.517063226874221
0.45556401850254086
0.350212845998211
0.322245349822619
0.2728037112251993
0.23176739964171095
0.1672785164069753
0.09669873844827366
0.0577269384687455
-0.01929867922444597
-0.04665612622274465
-0.11644106588956663
-0.16338346827693948
-0.24002473390863163
-0.28544187357129663
-0.3342111730954271
-0.4004092920057016
-0.45465639022998494
-0.5084241776916213
-0.5536609662148176
-0.6007320352125188
-0.6842899177004853
0.6801043081809259
0.6308798042009919
0.5482406396698474
0.5507946643447704
0.4074585080493408
0.4001446067454922
0.3739920303749672
0.2837806080504109
0.27770788328706314
0.14343482245402397
0.11852641203204556
0.063522400706785
0.029049978955611056
-0.035133137866469225
-0.12996239584228506
-0.15889805965669512
-0.21727299260318317
-0.30173353584763596
-0.36283388097728964
-0.38855767739012664
-0.4718972830093913
-0.49283060784469956
-0.5919454498856955
-0.6652473532877715
-0.7265113211440228
0.694676203182063
0.6244949241944935
0.5873880488414369
0.5269215424704755
0.4801806476851089
0.3769574275743122
0.3114690264700945
0.28239975334895434
0.21311187450821145
0.18346423831921174
0.13114951369202474
0.054785783291664
0.01875027368408477
-0.03712914538130665
-0.10861006725106055
-0.21358829101961066
-0.22979730524242686
-0.2853518629889709
-0.32227609686304753
-0.3856645378967518
-0.4469263936584467
-0.492320986072377
-0.5446823421368353
-0.6242432410223285
-0.7016462615225653
0.715683164332352
0.6417963716559003
0.6037170485349462
0.5210321283165356
0.4522533658399901
0.39434265120168
0.3199788540697117
0.2702071965495541
0.24287032156418045
0.17978182604327836
0.11565589364644649
0.06680516428617567
0.007975006950557102
-0.05154932744156939
-0.10300525567062498
-0.1537143940879711
-0.22010701362004356
-0.28539410572450813
-0.317370479856338
-0.3885716191430312
-0.4798444133547037
-0.5469625501768913
-0.5637438085296133
-0.6306463850336337
-0.6836087003415302
0.6790059081601979
0.6050232671070491
0.5765295384401651
0.5368435050098732
