-0.3686563390412339
-0.4236426961715166
-0.4110997485274662
-0.40196518866954684
-0.4270963132635066
-0.4044563864446266
0.4106121078093823
0.3819379120941333
0.3898996385583997
0.38018029902798406
0.40513810655824517
0.4062002276681594
0.4143191091761079
0.37784221478105856
0.39024716097152157
0.4068582592808628
0.4112530176660853
0.40820198751259573
0.38281968429801094
-0.3586647094904699
-0.3906634460201052
-0.42219948176977345
-0.40872650869094246
-0.37540736104590744
-0.3979864795725314
-0.408775054791813
-0.4144549414824491
-0.37831796250279875
-0.4006680777167438
-0.38995567545137766
-0.40786795075407956
0.38125117264504776
0.3821409907064637
0.42312972411542105
0.40713657282962845
0.3908623573375963
0.370402902016658
0.384534958525341
0.40988352564787356
0.39526524712143113
0.3790342918222342
0.37642814604399183
0.37567157216960195
0.3687890683393064
-0.360930930626504
-0.39294237625744793
-0.3862310397733485
-0.42849703791168936
-0.38523628742710586
-0.41552302326849005
-0.39612520819795694
-0.3822594762184896
-0.4159352926206687
-0.37936014691937536
-0.4078404304207839
-0.4129567840718501
0.394243238310288
0.4303333431053217
0.42140447913276513
0.3859018650822677
0.3812864350910869
0.42020220389347457
0.3985991632433119
0.36253288480155144
0.42091569898196246
0.3942034655519384
0.40096398134789285
0.39133881934072945
0.36988066317809243
-0.40197569748933637
-0.4104114188353673
-0.38854091132138746
-0.37490096608836887
-0.4211188149543804
-0.3814369712125715
-0.39245721801536365
-0.42340201740822053
-0.3754942689377043
-0.4044106504369014
-0.4022904924301894
-0.4039805518710474
0.4015137028141255
0.414623077083556
0.4083295843190445
0.4314518518727927
0.4062235831185021
0.4008441497588862
0.40134387908157426
0.39337648345079235
0.3896277336014583
0.40326644062030476
0.3822131458018596
0.4202761973365113
0.3911704362764635
-0.3914941932879684
-0.39283218308343554
-0.3963824075462317
-0.41065516099846744
-0.4089448871875857
-0.3910797520970719
-0.370874988344881
-0.39043872576950384
-0.39973902159874136
-0.4136463367740686
-0.4354718773937203
-0.42452489955161543
0.40591724638113097
0.3968385474780494
0.3877648828383436
0.417963404964813
0.39038641397306856
0.40802924573473043
0.40120733769710365
0.41562813798094894
0.39179510412903223
0.38871010710016407
0.3951775662272246
0.3935176620994679
0.3936380521291131
-0.3918068037247131
-0.38151594777064324
-0.37996798088297123
-0.3624876108325124
-0.41244991027174766
-0.3724947818511467
-0.3948090861348186
-0.378264813842359
-0.4233342258358548
-0.43010611319975595
-0.3885853384753249
-0.3745282022744349
0.41990092982885735
0.39032948581466836
0.3567868848799213
0.3915689531503388
0.361087088254512
0.3854660192138046
0.4285678510958389
0.3996336094811485
0.38978772959030994
0.39988950428950737
0.3946823110598772
0.3870975035430256
0.3427569707056825
-0.3493008295917779
-0.3657780610559272
-0.3908397291511551
-0.3628679176794029
-0.41231122993869346
-0.40910636471968626
-0.41078129740388747
-0.43078119601161385
-0.3671151538943167
-0.37897026619612295
-0.3955109925516356
-0.38244967624603365
0.3964030628350085
0.4158667929679456
0.39112861382956793
0.3554666789252589
0.3958077615246707
0.3920451367153746
0.40115224249464154
0.4325361275448772
0.3921844954016925
0.3872626148549528
0.4300946252616105
0.42520722360720153
0.3715759579825472
-0.43303245800630763
-0.3632740708688552
-0.3916681333525419
-0.42379513017840587
-0.36476842579179547
-0.3834535366431918
-0.40667074245342677
-0.390167209506761
-0.42205589089956813
-0.39131453375292047
-0.41976424272909535
-0.3916687087683203
0.3621416865699718
0.3991593538909818
0.3909780258546084
0.40221185913052115
0.390760337818182
0.41398293001492986
0.3673300057806927
0.3937914156390969
0.40576491236749335
0.4153870970402916
0.4351087274025614
0.389843952079284
0.39994046829591207
-0.3421226474086354
-0.4407170264363293
-0.4118018854338273
-0.37618824216262037
-0.38662145104722945
-0.38495704744865206
-0.41517915438366726
-0.4022180158001562
-0.3788070816736298
-0.4172108694212636
-0.38505208783652195
-0.4018306064393232
-0.4009207797200016
0.41695898688334493
0.3624848716092422
0.3801734865220159
0.38073174998750914
0.3606347820862206
0.4001804159926002
0.3722824412514752
0.4148163880562583
0.4026680848127167
0.36985571875203244
0.400770032926938
0.38935136150630184
-0.39277635024235297
-0.4029060729933004
-0.4055234440884175
-0.3751397451234606
-0.40415858701055574
-0.3904661189636221
-0.38518108442297516
-0.39289343747264305
-0.39229591311522655
-0.386420648581028
-0.41255490032647135
-0.42434692714876404
-0.3689237106400791
0.42614090620850426
0.4168280485710735
0.4137471634094745
0.43729942258087723
0.39225725719841553
0.41082688283595836
0.43225333145384515
0.4007678289603467
0.4092014702746221
0.3717586622296823
0.39548837931408864
0.405001821426164
-0.3838023769014801
-0.40233513837409257
-0.4192552452841164
-0.40878566451952264
-0.38839656142067275
-0.3562665761369258
-0.39117528908781907
-0.38663006785129295
-0.40026824162219987
-0.3933292865922328
-0.366147137073744
-0.38674413696491955
