0.08409468307805465
0.0957565500866267
0.20950513527051287
0.21800873123187503
0.2607571623004962
0.3118491992263689
0.34899127984432005
0.39251394938846096
0.3447443935403627
0.3337263287374364
0.24602440274110446
0.16714482915607057
0.16734649808703914
0.09339311689602309
0.08567336952683184
0.030684235787740138
-0.03333718979102473
-0.10944995391766445
-0.11270825016901298
-0.20985748793497067
-0.24816890099568117
-0.26294257195949333
-0.3268019542352301
-0.36339335463205313
-0.3638594934970352
-0.31821951041090485
-0.30056244022553785
-0.23667449391812997
-0.17866225988636092
-0.10197745214162432
-0.06158708995221052
-0.027728655248441387
-0.017444552957153886
0.05857714838999721
0.1086894068208533
0.1527746911521341
0.1817129474743963
0.23001044298016599
0.2690803826205335
0.34772659095067965
0.3822472163719461
0.38290568395534774
0.33709183367845125
0.24861182127920078
0.2253475105999367
0.1973095652859375
0.08255891630772558
0.06814018283433868
0.04252600530137535
-0.025710638008466163
-0.06468960046508075
-0.09352571493596057
-0.13899854529718123
-0.21937747101516708
-0.27014823249697817
-0.2882000390822654
-0.3727709571919741
-0.40756810171434205
-0.3558918825487936
-0.3507432062617085
-0.2395297040940293
-0.2066578732626476
-0.18993229756832863
-0.12533161908938872
-0.1130014466246182
-0.004198774138245719
0.06438498213012193
0.05983774107092579
0.09675463567166692
0.16308921680329233
0.23927138036482698
0.2644171496063156
0.3417595381010265
0.3685567127396346
0.4010593510041072
0.31314772453240175
0.2997855972181074
0.2547266723849317
0.1972359389832834
0.1663830979549104
0.12417145531396917
0.05467429404299621
0.021406239582373917
-0.03640302530194641
-0.0543622927108762
-0.11480154447826166
-0.15789995391713924
-0.24437194273249643
-0.2703762910279619
-0.3178299562801529
-0.3654995008299598
-0.38173628117293523
-0.32731325379872117
-0.26458364146163094
-0.2310311198877552
-0.20958060099723919
-0.15875549753375415
-0.08087448305080686
-0.0754319281194594
-0.010894947008270768
0.09904109884755777
0.08593271754169501
0.18552647664072358
0.17371190107927686
0.2378745121100408
0.29890105350962237
0.30242995007305773
0.4040618516755554
0.3755276495753374
0.30984423478513845
0.2605002964133359
0.23578093723667776
0.1459798608952679
0.0984282406722221
0.12789915644268712
0.04694782457441627
-0.015565193127643782
-0.06853942478884059
-0.09204030022646782
-0.17105557037944047
-0.21268374745488144
-0.25107556513881335
-0.31133592121429127
-0.335129401731733
-0.4343165178596858
-0.38954647450555024
-0.27319772448826757
-0.28140652624398343
-0.19895435234077527
-0.1536821117095872
-0.0792098416596112
-0.07570793728355406
-0.02507162294874652
-0.02654125343734853
0.08192656307596277
0.10265641515392471
0.17569944454003963
0.2505228871652955
0.2500861657733671
0.3192155189383653
0.38438964563034733
0.3722354790786187
0.34813743650160867
0.30147312784726205
0.2304344546891068
0.2171286669409265
0.13292359264744907
0.12160545311658817
0.049058510007993036
0.018832661287506422
-0.042916617472162466
-0.10011278443952473
-0.13194666040285033
-0.1701463130944628
-0.2064098080285069
-0.2617114859306029
-0.32308122580630727
-0.405458027454874
-0.3836133038242241
-0.3074471804207999
-0.31898499754346266
-0.2106617483930556
-0.2258266940201281
-0.13092500832930093
-0.07005651233788983
-0.024449128953969456
0.025980795591388137
0.03929279419754024
0.11529922500041177
0.18538765192779957
0.2209278903182457
0.22913286099572003
0.2865296314493232
0.3104348393738693
0.384122361439204
0.3652388285714921
0.3093735005460796
0.2777208730898731
0.21032683322714024
0.19371368374808567
0.16299254097541022
0.05414934944015666
0.014858055356576201
-0.037813831482006996
-0.06361699013377607
-0.08061886601277117
-0.16451550978109727
-0.1755087082185451
-0.28740275667257725
-0.2778379257873053
-0.34430313268664325
-0.38203601404597143
-0.3587634503939835
-0.3042274385474478
-0.28205748450003165
-0.20996914481334783
-0.1776729444327536
-0.1050273093478775
-0.06963040189389637
-0.0008102278737469569
0.008902681670103236
0.046047402422754805
0.13232119760815428
0.19781961520709726
0.217314618327319
0.273412107115391
0.3323338094315523
0.40028064600418445
0.40282171366817837
0.3181891021828616
0.2805371343417608
0.24546054425003744
0.19744239859125723
0.12091066786878855
0.12061190835848545
0.04298948472323668
0.003220736531612042
-0.04777625710853852
-0.09559524016166492
-0.13864159376313348
-0.17247189146251718
-0.2497368452118352
-0.2910818918844583
-0.3515605117229326
-0.3896082766167865
-0.343486398988943
-0.32184258128805293
-0.28983846084213827
-0.22835947493177525
-0.17266575456157843
-0.12144654792340018
-0.08398142774116085
-0.07164652846272956
-0.021904532920005822
0.06528234830785046
0.11006651291043157
0.13696666936638718
0.18927246384616217
0.26686863964744084
0.3257565433030487
0.36764687830869713
0.388411571808848
0.39270710721988034
0.3239791354042592
0.26769594074013525
0.22367487236427083
0.16157546932115283
0.09739986793514545
0.10032620339549703
0.023323901399936828
-0.002428880191741818
-0.07437756533947533
-0.1391310202251826
-0.19412294765468976
-0.24877255145617252
-0.2880978597529171
