0.029721459534028105
0.003786822692226734
-0.00011768098172999515
0.011627631001997088
-0.02342895441198469
0.004950219448204632
-0.022774931082182915
0.009187002841842928
-0.024505868954789
-0.024988779122892407
-0.04388610604907253
-0.0267187946460761
-0.05747374357831351
-0.057106434425161466
-0.05770383566528655
0.09001622499111242
0.07105975958019498
0.0906775634639766
0.05404596691800744
0.048471207965398416
0.016484077681158855
0.06661149670807072
0.012656233326332141
0.01629941070171018
0.008144920982157411
0.0037588036369316418
0.00993041469648884
-0.022008072734643058
-0.01899241427822044
0.020585981820857385
-0.008777465857256436
-0.03414871983804492
-0.022663774033978033
-0.009946731010190644
-0.028341826554409706
-0.034651566391284555
-0.030287459928388945
-0.020642978245363586
-0.04151146652159465
-0.06165430910322408
0.05449024179369857
0.09176362755225974
0.038364264263347075
0.06127036310988537
0.06591666039324072
0.018862501071658523
0.011071347088472034
0.05632460187051325
0.043755298448664715
-0.0032978449623112544
-0.005008061830547113
0.01546967699636521
-0.01135535539333499
-0.007565450188683254
-0.03415971702156282
-0.006379173459911411
-0.020785799918009645
-0.026530459171091963
-0.05028130632166332
-0.037571744205038914
-0.025154498207141218
-0.0716614391706794
-0.04481156099316877
-0.09626553472177307
-0.04131590069813265
0.07584112579033826
0.05566987514687255
0.03126679268262571
0.07075898689915339
0.07250273396664833
0.0439177194014823
0.03899697892195897
0.026348458033728393
-0.0026769745914307086
0.032786052247215064
0.045173203527869535
-0.0007739452152800853
-0.016524645985217697
-0.01575833113200198
-0.006850662994416224
-0.013422742168215762
-0.05142315915620794
-0.00577442831665418
-0.03360093963656523
-0.0019199553895305685
-0.050164616299114666
-0.04749409121771383
-0.042524608292479414
-0.07318762424042635
-0.08627001127481962
0.08378079650000274
0.07722060862752352
0.04716555607885315
0.04662117222128995
0.031204478506850555
0.0102374779380351
0.035017125855780255
0.009396528870580964
-0.01751487084348697
0.028202645151181524
0.026292221842275584
0.009226024467878126
0.013066206368707159
0.019276027564736925
-0.034918565607961465
-0.005182981932543894
-0.027763990529754298
-0.011011807645800373
-0.017764636480268135
-0.03073246416007647
-0.06731230816077959
-0.05718907591217119
-0.03438515443008629
-0.0672564289019628
-0.06077078584249312
0.0742620356977446
0.030170589523168492
0.0378233369867344
0.04198656282230416
0.03943204242715905
0.027325386904498646
0.04209107543986577
0.02631967334294119
0.044696084382055086
0.014535333366400843
0.028661149079314368
0.039687366423845016
0.0266606511888964
-0.01869931098021009
0.01759188124893562
0.0024498553437655637
-0.025287199263840102
-0.008409140896971114
-0.02058662456011607
-0.051288009999010314
-0.04971731733582505
-0.05914605731130693
-0.062039283043048635
-0.06456192756924145
-0.07748792449484687
0.0973915958649381
0.07149603160253512
0.07656686987673575
0.0376384740666074
0.039831838266370725
0.027549609921931714
-0.004125726139361911
0.00013909004796284347
0.02009236800590081
0.025418759183303514
-0.005734137698432052
0.012112677306832575
-0.062215514893293966
0.03752353219484953
-0.018123416499887995
-0.017108298859486844
-0.025516682972487142
-0.04064414266924001
-0.03451859120324721
-0.03003527790511105
-0.028389457841404304
-0.04195840111416824
-0.04202117014740789
-0.04934726421896293
-0.09574168558496443
0.050568691022635726
0.06303733001952314
0.0974789622484685
0.06649576698471786
0.03787115527313201
0.058137609305004945
0.012996631474943801
0.06846939106089639
0.04135203301994006
0.021994287072089853
0.04463433502322346
0.029625345381699822
0.00871715608932224
-0.019237030325606405
-0.00792078542923483
-0.03191656380142888
-0.012892939019818438
-0.020910657171702082
-0.048319858736911685
-0.010893073911524612
0.01430416133622573
-0.04109915873770467
-0.01249669452913782
-0.0727576403346221
-0.06553253579574117
0.04126579141578228
0.0831760069101912
0.05578671717306703
0.014860126117504213
0.04917875103343485
0.026686664047143687
0.015278782393547519
0.00930234800998785
0.019488970609834778
0.0017605619299890726
0.000628741553326248
0.03932989528590364
0.01983383758513807
-0.009870327646914707
-0.02698217488227604
-0.01385054859916246
-0.010331039947001242
-0.04014346298302332
-0.004147043010985452
-0.007014924859701337
-0.0027127243748976196
-0.025025838233029014
-0.02824519838200839
-0.08887649862733185
-0.054381643175527204
0.06795356013048223
0.06579422333570184
0.05334267175973866
0.04205714085048043
0.050032481967809926
0.018268123686742386
0.03793836011707425
0.009060833920074642
0.023748983555443175
0.024834816001853346
0.017506311953477953
-0.0005422512187799322
-0.014378266306167519
-0.019503009448133313
0.011463043214499667
-0.025772087560779058
-0.01920015777241155
-0.011920763285078254
-0.06649414139482157
-0.05455375660248703
-0.03642266132782598
-0.03136090095218859
-0.037837433517996275
-0.050645187598474695
-0.01386572853035993
0.0813796252241257
0.03497503383287532
0.06672266881179834
0.07504257118485402
0.03937752890801189
0.044678788375517225
0.0007612981570617045
0.04554946589974364
0.057515427204543716
0.04473204775406413
0.0047701769074671285
-9.888734852994338e-05
0.0010248710999792025
-0.005702200094511051
-0.030960914885098438
-0.024392590329187214
