0.1726863671605672
0.18247618498812804
0.1771366405236624
0.09487030867122448
0.0964849664972983
0.030745603445870125
0.20945498921349726
0.15747043086394003
0.060387834650206085
0.07802373703409494
0.10178239970515399
0.0814377237927848
0.14086082224512053
0.107803068205401
0.1935594289514459
0.0520212776183706
0.17659590464167632
0.18716289462135732
0.10594539799898366
0.08659243133388442
0.2055897343108923
0.03207296044050457
0.09013199240956823
0.2091406548405065
0.11330565012895877
0.036521261946211935
0.07632416938154613
0.09562314417457937
0.06129818135354368
0.09815909144517311
0.18691073007219222
0.1656981745129558
0.09215388238196129
0.008384756705821887
0.11431277061200155
-0.012196535642456506
0.013072215972023803
0.19414218261910793
0.04036516528732915
0.13459513889870123
0.08421876554992856
0.15203321750926838
0.05288074414141318
0.16897676099239678
0.08498790829696178
0.15051392529557714
0.1948634600509751
0.1738218267521658
0.11288798213416852
0.17117026325745682
0.20936689911374967
0.017590256310603264
-0.0041180116180829385
0.0955880440951989
0.025420772693464808
0.1957184873500514
0.2507966992540892
0.18056368411087378
0.15810464671739055
-0.009716810847253302
0.1242720251185426
0.15092953909406426
0.07096825780346876
0.1259308956740739
0.12138327869591559
0.05864930135525005
0.18911852674084045
0.1365663957040627
0.11633255151675345
0.1780352848971112
0.004310580660998655
0.12495671493425492
0.021725910646191435
0.07056512186929012
0.18952510534339578
0.1250954813722108
0.06229066075436985
0.05655076735928479
0.04293364081969413
-0.0012757051038145284
0.21044538507635338
0.183087984363265
0.07741085900871165
0.025749877341958445
0.04307732713975097
0.1043634320142642
0.12892301242218399
0.013783269598094922
0.219059096670526
0.1786050931422959
0.0681640244111776
0.08575696870800542
0.08763360640943611
0.05655537353938729
0.10772683573805769
0.21612879636985066
0.03023300041849805
0.12971966768791998
0.11021745824799183
0.1104217941186557
0.06266144793347597
0.04834929356402361
0.17785782483457738
0.1883575506102225
0.09351462890915087
0.12820612649370886
0.019124862488769503
0.04998942938041859
0.1041966127088724
0.01528876609986368
0.1454719162916175
0.13826799210866514
-0.007823083886549443
0.022126973545600843
0.21172634876561602
0.12645329688885687
0.1184199221461186
0.15808548818782936
0.027557167304035603
0.020130225632610202
0.22085514473147194
0.04422060908554655
0.11765280083334782
0.05105479927790609
0.029813572908319066
0.06017501610784099
0.11909432636530383
-0.00041114046927296505
0.12777692335682045
-0.009090328542474803
0.09713104726544843
0.1523894651460229
0.07456022778696586
0.17847724416633215
0.19713436977463739
0.16492677240560408
0.06185338846503055
0.20134277536466072
0.16816118279158943
0.13507014527429845
0.05702738791113299
0.17752521762378337
-0.0039312610494615235
0.020802344105459288
0.18181062909629314
0.19077113949392663
-0.016758652608511983
0.12039105185522127
0.15051786585826582
0.07465454631696294
0.17367611662978424
0.12270567686721465
0.0986092665973593
0.08949074474858942
0.143811632480787
0.07427739388834426
0.0597848615806251
0.17318684051159888
0.014167312131066891
0.12945105101882431
0.05875779998234227
0.20657514788641462
0.06910799966461544
0.16885558097515294
0.2084343227597642
0.13524128768268262
0.07489964848871587
0.012832918681963758
0.14227418237107647
0.0035129500316959596
0.18536559004379136
0.09510017844494792
0.18793149638987736
-0.05713593155118822
-0.00036360009163310253
0.09016997971899804
0.09026935959121156
0.17246700321625455
0.03521296691864828
0.21258637070140718
0.03895435602974351
0.1790200780488771
0.08760506668300017
0.19500707057260447
0.016456962254748526
0.027597932122443675
0.18233803567536616
0.16413720810249224
0.19494656596925639
0.033228070224720865
-0.016591438290844418
0.13541625246626968
0.09360390074736563
0.1373164942149854
0.05757091238390199
0.02966456193626059
-0.022562531111715772
0.13658981694668443
0.00878499304794211
0.19932836788472905
0.0904314604166951
0.0626298419164587
0.0886798036427411
0.09320999008203917
0.017906772812639308
0.20291001244431134
0.10265418863962375
0.06346486994468936
0.14984743812633392
0.06541926696862461
0.13599043538768316
0.18084364374570486
0.11163042596153984
0.0418654558958047
0.06664694555783146
0.20889554384630127
0.15153014686124974
0.0642585685264108
0.13577858799076165
0.1766902144035093
0.10789605464956797
0.008969766899149736
0.035199534653790526
0.16583836597708143
0.06293912582324988
0.14593695178704527
0.1712576218252946
0.11459476997897623
0.2225614083486947
0.13891886594357034
0.11488815846180145
0.12823189664956386
0.10724668534074729
0.07348487566677536
0.05592818411915568
0.19505568480241553
0.11960713282737565
0.03138985419755003
0.20048515830667815
0.0253951180406169
0.15674688757927654
0.011813546825466058
0.020582009909430203
0.06946082176103445
0.0013459663176760665
0.1013502459792047
5.7562796312679576e-05
0.003840148429949942
0.12030744246784048
0.09855732845464055
0.1955788114055435
0.10872863070467215
0.00398945649978381
0.10049785343765881
0.1908713918859356
0.05666466372390255
