0.20030275135511263
-0.20817826389419472
-0.18988746529628203
-0.20592660696039436
-0.18995780072703175
-0.22250666807166203
-0.20589119847462553
-0.18673367102638788
-0.1981551633184065
-0.19898797496006201
-0.22450755964807828
-0.23680474742859214
-0.18517848220375155
-0.1958167715304911
-0.17887295654988639
-0.20182885731904157
-0.2187426796109858
-0.2004973685069258
-0.2073748404005615
-0.17721214353032627
-0.2132205058284649
-0.226776976561791
-0.20043203650959845
-0.20424195187878494
-0.1953938708424344
-0.1761241145124863
-0.17155625118209641
0.1759638140378038
0.20359686060922408
0.22421536360789143
0.1855600937822132
0.1984074180197335
0.1925246554893071
0.17574438961464758
0.15165811853844918
0.18480009888775983
0.2037846856659021
0.17816053777663934
0.17535578193131002
0.18417841577178426
0.2055589752408841
0.21058391215175035
0.224873896654572
0.21215253309730459
0.18479151365720045
0.1957107595359805
0.16034341486954815
0.21718260866416303
0.16272829033625716
0.18689102152128614
0.18381158328054145
0.2106498705367323
-0.19158206245855358
-0.15497195503398203
-0.17866197646584275
-0.19727626010916283
-0.20762180314057782
-0.2123221132633018
-0.20371611507865756
-0.17138494704554705
-0.13565578228089292
-0.1868872632375917
-0.16178712650348423
-0.17531579581005888
-0.1846147976172187
-0.19587310007609618
-0.1958389252110682
-0.16779729326030335
-0.192224163181272
-0.16941779362217474
-0.21039681099338597
-0.1433858025305068
-0.18828441607198929
-0.201997058552412
-0.17379699157251408
-0.1788873980685179
-0.18884553416915664
0.1769637857401439
0.18470079798085282
0.16228933880968788
0.18205493740895035
0.20525853704140506
0.16904051718080076
0.21443133498339031
0.20174759593877162
0.20563324725277107
0.16310664234088298
0.20085055728875167
0.21035465068976986
0.18975333380660403
0.15757803135290238
0.1536287303242802
0.1980914136426807
0.20015161096190828
0.1784519656575884
0.18678852029639054
0.16761632753284508
0.17765146111705774
0.21090635649174141
0.18287357852557193
0.1941800801881841
0.23525267645506598
-0.1853286837732696
-0.2112596024419776
-0.16459232506176752
-0.18388859958382714
-0.23788335022975046
-0.21946874493231225
-0.17011222634809123
-0.18969528696528754
-0.17911838244535266
-0.17101305011127174
-0.19809730164328385
-0.19297453445517476
-0.2012755267262352
-0.17211349587740882
-0.19575638446525379
-0.17672549560330103
-0.1912970277350089
-0.1825288882288326
-0.1720818443258481
-0.22321169769200278
-0.1704176210348405
-0.1766071781202221
-0.21885485925540354
-0.18648243705466894
-0.17508330033991468
0.20367593081367938
0.21392801271733375
0.16096748521935256
0.18457664586932496
0.20208317509754614
0.17750913558990775
0.18633745367201723
0.22475929609336429
0.18509499421823392
0.18054595774309845
0.22718242377388778
0.1491797823206837
0.18220254513411835
0.18619335810663848
0.19489649738532325
0.19107692687983124
0.17576985850882845
0.192139817726577
0.20635752802697951
0.17734535666861734
0.1560282336975457
0.19161569063186085
0.1939570870413713
0.14893048789377286
0.2053910662641813
-0.20614385299594806
-0.2106695474667149
-0.18252532881869038
-0.17870802029376687
-0.2212560602975301
-0.17165819436482832
-0.22292984791172593
-0.1813166630104559
-0.15406915785890768
-0.1876878306614675
-0.16907073982137424
-0.19564344568061354
-0.18612663098636578
-0.2148637599831719
-0.17082750320470966
-0.20003471885232374
-0.19572699664069687
-0.19643241036818165
-0.22279105715810557
-0.16027853095854294
-0.20632870380465995
-0.15049038383672306
-0.17448040853269886
-0.20939653000827546
-0.19341711824704294
0.2194147101720698
0.2124873557052295
0.18790268129106594
0.14460735317863047
0.20603835087373268
0.19271583399919712
0.1628862578333957
0.1625350265264034
0.18343742966008741
0.23620308548772853
0.17194349964288624
0.15506536144882474
0.2043231319200929
0.16907235041687266
0.18127139928592562
0.17126275355843165
0.16748132225285087
0.2296834521713653
0.17736118895889563
0.19041194199470732
0.15112825631694088
0.20619281251538327
0.155616302711164
0.18396030212022707
0.15021689354837714
-0.18630505296077873
-0.15982506911407957
-0.17776390466572076
-0.21605952406860865
-0.15660161942410705
-0.19413295989162907
-0.21352429961139063
-0.21615295197562512
-0.20289721900668548
-0.12195234660237479
-0.16468156191772357
-0.21256478922831706
-0.17253060919677674
-0.1753042969875836
-0.17625612448464648
-0.17272638601700901
-0.21239853296127204
-0.20325210493113918
-0.20904852486914322
-0.16689903373504822
-0.18003140799997566
-0.21397144046484054
-0.1733635236479127
-0.19956516282367964
-0.1539605662633595
0.16931459526918852
0.1810203017609819
0.17840961968609395
0.18354431812469216
0.17276460410162303
0.19747577791601453
0.19438623946601769
0.19805412505482967
0.17541843268155835
0.20379830045926114
0.1782426448825342
0.13974946436048485
0.1913064752608065
0.1838176833812354
0.19140308482109816
0.2069431970028746
0.1674348770172215
0.17312933964252458
0.21939793422224324
0.19334747000967942
0.2157030342998786
0.1935380859585191
0.20545244325580825
0.21537669519513278
0.17337023412881952
-0.18395500922761446
-0.20019930897133856
-0.24370439049354514
-0.20738690470226606
