0.494885411906021
0.4976482230902168
0.5170901427660289
0.5815932732960859
0.6237473037354121
0.6146821974747063
0.616039340398296
0.588116933236457
0.5964304769064619
0.5529545424428748
0.495257918110064
0.4639144944244201
0.4098219083148771
0.3491004597987746
0.26859538373710234
0.2396645814668448
0.14232698435568641
0.025172147392399504
-0.035799624520287114
-0.14398294180711813
-0.17780196372965112
-0.27794326988989737
-0.3451879846927771
-0.37465518410420173
-0.4555490110155901
-0.4850054620986025
-0.5197359508539646
-0.5586740827029609
-0.5795574801601767
-0.6112130358513732
-0.5897058031724927
-0.6027125434667134
-0.5344592657834281
-0.5494684335654569
-0.5388484236043366
-0.5073558794325741
-0.4544430555697354
-0.3792540030107342
-0.33097841245358817
-0.300371567731013
-0.18639850303826352
-0.129814583559505
-0.047159849083385906
-0.0045499170686801385
0.08329102914939482
0.15850469470187079
0.2265836195946338
0.29433288828099746
0.36025199949076964
0.4301773139927026
0.513243186531248
0.5038802982526233
0.5740209519335968
0.6217624606649917
0.5950835531828074
0.5841682618077686
0.6469497775302498
0.5658344153039621
0.5972861087294147
0.5506343255385605
0.507467634429811
0.44730367478472016
0.39064650805512624
0.3463969304625215
0.2700018185534042
0.22280452416472868
0.1475934297287348
0.08304444051615512
0.013649713307592867
-0.0824195939818293
-0.15152274931310938
-0.24438287552427929
-0.29327239257835064
-0.3840409670305549
-0.4067707241567832
-0.5108240516044895
-0.5049055311206896
-0.5725919649536978
-0.6044920103380516
-0.6046021981207392
-0.6438481948230268
-0.589130575902982
-0.6203658574108222
-0.5663974101102855
-0.5479660333063429
-0.507152758779841
-0.46199557111925244
-0.42331421748104814
-0.36003623146620695
-0.27053551927786096
-0.2287313336610306
-0.09655962413231979
-0.0924064546785841
0.0022347075895295544
0.05378230978751286
0.2076029634484806
0.25967945928103003
0.2899523163181597
0.3757472288404962
0.41614189907900645
0.5089803085693395
0.5278536995735096
0.5088940048939901
0.5722795780818907
0.6150404810277116
0.6326057177991116
0.572645264507367
0.6007894717683949
0.5791717530192299
0.5272797841028621
0.5419680192840316
0.4755486458067814
0.40582537265366947
0.3987740310300455
0.28373768618950257
0.2078515408934287
0.16233040904549365
0.07896197974696044
0.025601674472718508
-0.11231876640591722
-0.16718162473940013
-0.20673616441368678
-0.30399800749600525
-0.3888134289334932
-0.43008224095435005
-0.45637487353893635
-0.4976308016044594
-0.5585130100092147
-0.5646330997960872
-0.6321749840065325
-0.6211701650613441
-0.593195044858034
-0.5936913408494339
-0.5646667881601937
-0.528527893328402
-0.4908784814026939
-0.44365188278634704
-0.3954739619347899
-0.3613634461071325
-0.26067506645613603
-0.18095026118401902
-0.17989393416160962
-0.1014287039119886
0.010263301856886684
0.10224631966842529
0.152259192647984
0.20843850837992167
0.3049018572445237
0.35909445666735235
0.4195431901089156
0.4584517127173455
0.514468381260293
0.5514139157886397
0.611204023074117
0.6107481940134463
0.5886116452106916
0.5968915187729698
0.5861924290266861
0.5663234159388922
0.5764486300297493
0.5102282285052822
0.45014475467463116
0.41268233401325244
0.3661585892654702
0.2805542588002946
0.2434825889558325
0.1494222721705985
0.079812879041608
-0.014711763649510254
-0.05332881392452097
-0.16953748386412382
-0.21357279394143558
-0.30740692672916975
-0.36912832071889407
-0.42287190902925337
-0.49066714767717495
-0.5180871999603776
-0.5038702413112184
-0.5764160998825997
-0.5848464874656036
-0.609930797733706
-0.5913985751245355
-0.6014104020461754
-0.5514577377086831
-0.5718945124227107
-0.5323005100162069
-0.46463525329676164
-0.43669596243511405
-0.323359854206386
-0.27111922532546945
-0.24155474696451795
-0.13815510649723098
-0.060870043159329146
-0.032104074702827355
0.06946557235863551
0.13262670411466798
0.23562165893856665
0.31957601572517774
0.34547087752761385
0.40172727757980947
0.4305614367475797
0.4866513751835919
0.5289012391846872
0.5350331548353917
0.5776610618785597
0.6003106488590061
0.6119758282319054
0.587361079553739
0.5804132032643061
0.5411233854894787
0.5268831713110108
0.47451181272750537
0.4576094201284654
0.3747783278891469
0.3037301609379436
0.2398684315563747
0.1647878496038959
0.07991715866335002
0.02291619984850723
-0.08038851170487026
-0.1316374422867433
-0.21645177150373948
-0.26816670240112567
-0.31687576996540323
-0.3861600263709999
-0.4808483333031182
-0.4858215692442217
-0.5364458214204572
-0.5949534275749192
-0.596897526346339
-0.5998934213442043
-0.5571089267085735
-0.5475741035338931
-0.5844516873941092
-0.5471511188852277
-0.47123316162358286
-0.45534073183739443
-0.44947907603232107
-0.4083131247950776
-0.29688429725625565
-0.2645752676803216
-0.15437256624359824
-0.07317944122176698
-0.032449666826973825
0.07779908115778786
0.12362952856548286
0.18560608916086613
0.2932851993213703
0.3600310671074536
0.4214695025232006
0.4786569322920505
0.5087255197055947
0.5831108981271007
0.5625378581983674
0.5989702415481345
0.617369540856607
