0.026148663159852488
0.04818227655737886
0.09719187086201184
0.14518147171662038
0.1204056969585911
0.18389612347677275
0.2095850728748747
0.25461402770977143
0.2818712162903234
0.32189935182155893
0.3316784569885325
0.3710237952139745
0.3952763089137438
0.38647379289224587
0.44294522348151555
0.46446425733754265
0.46511501953019024
0.49624508615031365
0.5217400926573574
0.5612325878786419
0.5555046521098921
0.5417873647553595
0.5441467201510796
0.5741260635497463
0.5629097527202351
0.5767587950026647
0.5478109666494105
0.5694826294004192
0.5157588295759421
0.5574107299236658
0.5522599916023881
0.5140639981754498
0.540387580871615
0.51088112379315
0.4781599634628705
0.4870877416079887
0.4358742322782617
0.4495661206322093
0.4048442155317917
0.34859587805506387
0.36185113822390613
0.28145253536432085
0.2985598146242767
0.23446639825271923
0.18489105467318112
0.16789934682637717
0.15888729179502759
0.08896179268280652
0.05499259646653503
0.029699945437592724
0.02262605296248263
-0.049667079917037275
-0.07347954134235313
-0.1183786122509678
-0.17288076200204036
-0.17694004261602497
-0.2345876171076074
-0.2582236638624833
-0.26186858212078146
-0.29695204293953553
-0.3566328470578576
-0.3521948395957415
-0.41829617752957055
-0.3988763654367791
-0.43282592837440753
-0.4987582754138343
-0.4344374353018493
-0.4901845365278979
-0.5072096976809632
-0.5220491482465867
-0.5800391467272662
-0.5659279366362964
-0.5692255952912421
-0.6040237631453994
-0.6248230200277312
-0.6079267591558791
-0.5703876065458445
-0.5470378500553524
-0.5765363339890667
-0.5398843825350269
-0.5596134669380055
-0.5122066779354841
-0.494980467814911
-0.5185127874533283
-0.46007492530168953
-0.4837651736933535
-0.45228088097190144
-0.4181479874886162
-0.4011584536288967
-0.3559820292322684
-0.31117141132335147
-0.3066349422865054
-0.2922592244416583
-0.23845830847939187
-0.20726337096006378
-0.15238649704458063
-0.13002400322593194
-0.09809031070738876
-0.07006431278925698
-0.022334496362053348
0.007918559752556936
0.04824958192864016
0.07450168235858705
0.1079253683554041
0.16419729180887038
0.20737697108998462
0.1897186889885287
0.23789357746178785
0.26867185108523994
0.34148878179693265
0.3306495210381601
0.3734346206249062
0.38470403899303657
0.43853145143155936
0.4775190130592624
0.4695359721464286
0.5076640446661792
0.50365106714391
0.5329567881444381
0.5417145973754854
0.5657757674943511
0.5557219525138741
0.5748168826258405
0.5860452893671895
0.5617042529271767
0.5718352009964283
0.5420879435650434
0.5754786103088951
0.5388469921330937
0.5526955220727949
0.5729103069637306
0.5454018139374414
0.5131168187216142
0.5026261627714067
0.4755896547422008
0.4460626624516795
0.4588815547239794
0.42485568288223524
0.4123654575542184
0.36533743691474724
0.34046407413407437
0.32992690696278537
0.31140866593234307
0.23151163116381193
0.19895738157818785
0.17666226871561838
0.16286656670990873
0.10033015312531297
0.0694650147604694
0.06268841820335877
0.02767106771918023
-0.038272517534106
-0.07169132335540385
-0.06930340131924678
-0.1484911329422291
-0.17773167212233926
-0.1629392539575793
-0.2392259794080167
-0.28114313588765527
-0.3164691111132729
-0.3431416715912946
-0.3909933670016113
-0.37301775964249073
-0.4241951490970932
-0.4322537406650306
-0.4572439821280779
-0.4767798228223003
-0.5050167370817213
-0.49888934544562363
-0.5830891083018117
-0.5023992338601428
-0.560127013636047
-0.5687514510091344
-0.5400662725100982
-0.6003148228369592
-0.5946182907802497
-0.5932029977692016
-0.5842357958639273
-0.5470972844801797
-0.5247497314993631
-0.5450695898593404
-0.5400301528498848
-0.504695567339414
-0.5102299189297167
-0.48023572097888273
-0.4268924807867368
-0.46471392857860044
-0.43522040863843947
-0.38811062915156247
-0.3703314180572104
-0.35140108292382666
-0.3440059615938162
-0.28281781287294383
-0.2819921078498203
-0.21177641291589905
-0.19484221030140952
-0.16613443088301283
-0.10906484508505374
-0.06560296379688295
-0.03588904366390662
-0.031988241469764464
0.06612175818501359
0.06729925347743487
0.10231906988559684
0.1341892908269838
0.19516986579529394
0.19076634137569687
0.22074803573783436
0.25394068397176933
0.2941864576216396
0.3788885240171056
0.3697593355633571
0.36564979417244403
0.4178949477338887
0.45440260713725383
0.47920740030077524
0.49080971021396225
0.5233044658874557
0.48313483758159737
0.54089015379051
0.5296438513156921
0.5639694876087461
0.559805204623156
0.5590133330496563
0.5931813587663854
0.5375457082315251
0.5812884056712015
0.5492692782429738
0.5500635272634631
0.5832415080534518
0.5181764684404211
0.49783885417629864
0.5405033101354776
0.48411139011225235
0.5009296933070677
0.4774228922291588
0.43249866119575964
0.4005108474294049
0.383036222357087
0.3922499990098372
0.2923988328376878
0.3140273880179957
0.31047474107080403
0.24947988175852834
0.21284580459829822
0.18850092075769517
0.13822289256010029
0.1131473975110738
0.053735721681373305
0.039777776161107795
0.030419432187925775
-0.030629929805793033
-0.09348116430366556
-0.08830511580262634
-0.08841975488471313
-0.15322224814144214
