-0.28217061813572086
-0.28235155476895835
-0.2863898359299607
-0.2564480524939773
-0.2687193760616924
-0.28075517757972884
-0.2825358927552545
-0.30948313621877294
-0.28393427033694935
0.31617428935524844
0.29302348400407885
0.312065403023747
0.26107091317386194
0.25833946305648725
0.3105637121498303
0.2651233690298555
0.29249292513498126
0.2873199409751638
0.26406230484104937
0.28007701143167596
0.2537192924381603
0.2734530314814167
0.3140069025649298
0.31784062945788516
0.27495051688165095
0.3093786778542023
-0.29695598266253725
-0.31853728355815464
-0.29466170969677236
-0.2799851741095242
-0.3019926864154
-0.2664646755788384
-0.3080320988232362
-0.2951192535349727
-0.2980241462785878
-0.28708042570321624
-0.3196009724891479
-0.27739242807280257
-0.2735349016353848
-0.2681244127811826
-0.276546290905189
-0.2885107856976151
0.3076810588544224
0.251862417292542
0.2725590582710196
0.27516038029765616
0.2935330694025721
0.29702793011962797
0.3364846630712505
0.3167324989018289
0.26536041942364036
0.28696725017894337
0.313956585779313
0.26849389954743924
0.29000867245824613
0.2906820782538299
0.31427160301635665
0.27630451985288274
0.27817632443480445
-0.2587844323001129
-0.2530654381013072
-0.2953136431109973
-0.27780234624966715
-0.2560852381329731
-0.2518416640776763
-0.2776264629708979
-0.2697316275893408
-0.2701914461737247
-0.2855817111697004
-0.29235974242303725
-0.25306681877960185
-0.28617243002832554
-0.30695727017399027
-0.25422363877253396
-0.261011487846558
-0.22367819970174158
0.31846472578208146
0.3255574322050459
0.2703957508157081
0.2855234937754059
0.2695386273962235
0.2785321966292759
0.2781312586532002
0.25474102212354915
0.27001273396895653
0.27611200534939034
0.2866970589105603
0.3104033626036875
0.29558862317875745
0.29276948171932626
0.2661243117209413
0.23719061215446466
-0.2844873756467939
-0.2529518117169614
-0.2678270473242092
-0.28463426680199577
-0.2737827768298548
-0.2677719341035368
-0.26765584902274925
-0.2799011962692565
-0.2905260073838173
-0.2600704127028183
-0.22789797071395032
-0.294611080151009
-0.27190068468914474
-0.261539058178789
-0.25925385145176116
-0.29231186950675453
-0.26465434829489964
0.27768052837803986
0.2796071705268476
0.25703503485701856
0.2815486083496011
0.3235481166485338
0.26844180599805806
0.284612346775902
0.2880999586958322
0.26747240882895085
0.2651807480383177
0.2690833917815089
0.26473692237254237
0.30186783593312777
0.2522174516354154
0.2772423315286182
0.2683972892390425
0.27102595960632814
-0.26708755303189263
-0.28300765316990445
-0.31813442006591824
-0.2794936779562591
-0.24052039468601752
-0.30144480169733007
-0.24524684092968368
-0.2889969379616661
-0.28462680973197324
-0.2931413252133527
-0.2767186351800917
-0.2687784063980831
-0.28261555784133563
-0.2786864664061633
-0.26317100783997843
-0.2913502641488259
-0.24682081483812807
0.3300289970722915
0.2784420968610239
0.27136862743240275
0.2561774258538046
0.2833730183586438
0.308731866624618
0.22876536856868412
0.2947659724022037
0.3032256231499195
0.30236726807552194
0.29921145165707963
0.26203563637368205
0.31574875063180075
0.2817719809413482
0.26773819022822987
0.2837686624425594
-0.2899222480821174
-0.2843503348014186
-0.2738816992047696
-0.2640568140759022
-0.2984807364404307
-0.3189570837214052
-0.2670534185815593
-0.27248511364299677
-0.2994023964109024
-0.2740399365646383
-0.2562429423698778
-0.26403458908601574
-0.27505408342391335
-0.27642932188498087
-0.2650810543429274
-0.26514452376448244
-0.29079456195803194
0.2871023338584676
0.2757109472939511
0.27685670735110757
0.24890681149037974
0.2527451644468341
0.28557129022296945
0.25629902248951947
0.27075553389937757
0.28415499671055355
0.2811894160730489
0.2731192755036889
0.26320778102469616
0.2843559966785359
0.2684925533847004
0.26376418928691353
0.2731173672039347
0.2821329398003211
-0.28626835006623713
-0.27067151900995007
-0.2653303221641489
-0.28466166513493213
-0.27852862667601597
-0.2462934461386709
-0.2873537924090239
-0.28054885775113003
-0.33216955345287613
-0.29277890049748767
-0.2522659287270816
-0.2612517754996211
-0.29881294599611025
-0.27180192889005395
-0.2921043593328063
-0.26228299792749926
0.2556602010945197
0.2535177946866815
0.2529714640525602
0.3090656211128785
0.31332929443919166
0.28020417868740805
0.2777363726265362
0.3035785055021754
0.2959463680061685
0.28085065179855423
0.25299779011566986
0.307067304945363
0.2964944572865026
0.30315194918771765
0.3118686780017599
0.29931178944384645
0.27286973464265823
-0.28000772890558545
-0.32048868788211915
-0.2839377523754658
-0.27507749294259004
-0.2633001807871199
-0.26553226651124673
-0.2531872001543752
-0.2649446644658016
-0.26921592736839545
-0.27118140394165285
-0.2773035658130968
-0.25989511180604274
-0.2925950732671082
-0.2720701130892323
-0.2807968408338076
-0.2804028788587364
-0.2762109861056943
0.27706478712156124
0.24751181093077265
0.2899751288159971
0.28834226862342577
0.2897648669713562
0.2753453458533765
0.2888876954618458
0.2975816246311361
0.31119877903797943
0.27482683840342775
0.26878956980997365
0.2544074994546671
0.27024391675709714
