-0.05778093370491932
-0.11403946404509155
-0.1016319843815128
-0.10586442725925956
-0.091772130175341
-0.09586628511690642
-0.1317355685093159
-0.07673162395983867
-0.12690941772365807
-0.11766660472641229
-0.1281725531159116
-0.1110779344739823
-0.1398417780842922
-0.07726831889365789
-0.08220017578957148
-0.07811409545760718
0.12019648940336924
0.12215837160446798
0.13154615224685368
0.1564506749728871
0.08789855325941401
0.08340389096161503
0.06654777005323767
0.0936279337097565
0.12402287046840296
0.09626861714500685
0.0853039013678264
0.09995186183097858
0.10849421735772924
0.10292518868868757
0.11369295375982937
0.09949813105359202
0.12759391480695417
0.13239547229908158
0.04812326695388846
0.09656691697273079
0.11233103150593195
0.08523239083963143
0.12800642475926852
0.1172275266667744
0.09235046711891376
-0.08702290344236085
-0.09492081648269535
-0.10914334641149533
-0.11233651597356323
-0.10341792776910698
-0.10088672308531263
-0.10050265403185889
-0.1220156140413578
-0.09471093768510784
-0.11664520807978508
-0.08372169886776804
-0.08801628283135354
-0.12697874589467545
-0.09737547907573846
-0.08643329779697947
-0.08007193423157483
-0.09866520835018605
-0.09113553211945377
-0.11896520360970983
-0.13110907285173243
-0.11385506412801133
-0.10024729841399684
-0.10659613639175333
-0.1188006918339748
-0.11740209499991959
0.09156181091535832
0.0932934485989736
0.080326958780956
0.13877073868894432
0.12464651632598037
0.1331828059726834
0.11671793398454702
0.1459305172268824
0.13280790640327372
0.08187492828235786
0.09425997525290762
0.1233038591686205
0.146517862882939
0.09993477817616432
0.10560746298056527
0.09794596581777178
0.10146458001915878
0.08207134915511172
0.07937232458160406
0.10469620964735885
0.10857047500311935
0.11320027155390189
0.09238027587688179
0.0894240627559312
0.1281202626902352
-0.11056350323920537
-0.12082339839342214
-0.07107052104205802
-0.08946065412183897
-0.11286362753575835
-0.11774926809909342
-0.07759160003472336
-0.1289005717505527
-0.05642285388481708
-0.10585560402653478
-0.09911753069520828
-0.11973916905842685
-0.11368236842188484
-0.0677931741335742
-0.12216084603661212
-0.09688948260330209
-0.12090178548996537
-0.10661720029930166
-0.08340909527148331
-0.06152839867621913
-0.1132679409020259
-0.09264527695671064
-0.0907820723952369
-0.1215884773270137
-0.11856494456308768
0.08850183734766787
0.10779512083627131
0.09531569206992888
0.1057526202874997
0.08695692850485658
0.11205833288209854
0.11356259565975324
0.11546948296174803
0.12735981858940634
0.10245724800489432
0.10154375804643477
0.12939476546976708
0.14629217522175855
0.11500506134866782
0.1100669634369051
0.09208779953901981
0.1300204800864259
0.1346100558147927
0.09189619405881254
0.11239958295423301
0.11338449447332738
0.08223122553230938
0.12175363064982422
0.12475998228582963
0.08720204730888617
-0.09341042459714477
-0.12494594836412858
-0.11106446761910689
-0.11003044367814067
-0.08559153983826381
-0.10381597583970696
-0.09893959484035976
-0.11334237841055284
-0.12194197818668512
-0.07055033779368891
-0.14286746681159543
-0.1411734154809251
-0.12151955541799617
-0.11081568492944623
-0.08953901946980752
-0.13278004626732348
-0.0784885750566083
-0.053378789244861787
-0.08533294207212971
-0.11228667304333245
-0.12551642053217238
-0.10670964484966176
-0.1268686049264608
-0.12068146933825655
-0.0827339983844904
0.1094931782619506
0.10232914410023028
0.0851190043292979
0.08987178007559736
0.0810641853604393
0.1074159122847605
0.12199246053630512
0.12140004045620392
0.09624495261707718
0.10032500907822904
0.1020537322544196
0.09620978095379537
0.10467248119917204
0.1129123862971993
0.10703257411685678
0.1481296244083718
0.0868743643262617
0.11467139781358682
0.1416596991911418
0.07695842216091194
0.11550029477571006
0.06690783916437226
0.06314251204424026
0.07938432713946708
0.08865527351099202
-0.08764343340667502
-0.10523946919257188
-0.09393554280640348
-0.10264690602904072
-0.10377798504442752
-0.14555561924452334
-0.09229894713697168
-0.11467415264252157
-0.1336020468698439
-0.10889054497731368
-0.1551838777357576
-0.13556148797185325
-0.08352442688662287
-0.11182954654578452
-0.11302597395151846
-0.1289913290708291
-0.1488423188341006
-0.10825964210845505
-0.10363195662500128
-0.0972479112897663
-0.11474804448110917
-0.10112360536842852
-0.11230727853992517
-0.12756042796080144
-0.1294604160630143
0.08352770926123074
0.14271525501417925
0.09754656634133411
0.09136344416254032
0.07138207859070358
0.08685511584941819
0.08675750384291658
0.11898835680787112
0.10079843436144861
0.04622742436333196
0.07628061250426602
0.07780344787728492
0.10656296193858822
0.06609903083724293
0.10722469056370239
0.0785343359970643
0.09312965206755719
0.08052342903323594
0.09800411298784742
0.10586526748028556
0.11148472413637238
0.12123323601418509
0.14097825885095944
0.09337892298019682
0.07421247176257359
-0.11498395508780163
-0.07964286600216144
-0.1457398134287765
-0.10867161596553086
-0.14002488489226808
-0.11890361610737005
-0.08997758783299425
-0.08714188746085115
-0.10093593806256439
-0.09304953457690177
-0.07882191283708984
-0.0771483272482899
-0.09651836822317557
-0.0846200063341222
-0.11266548432062243
