0.31939144162556815
0.35776229305525253
0.41479845161584855
0.4183480429695237
0.4280104002481307
0.4328031498362943
0.39977322376774005
0.3580141012903667
0.3111090589392518
0.2221742258758638
0.14308104783572473
0.07529968598166671
-0.01945895457559785
-0.04497848721554699
-0.13819139936383623
-0.2350093214039824
-0.2780995171057893
-0.3246902064250249
-0.40245640772483476
-0.3925273968910054
-0.42565108258040657
-0.4444259242474105
-0.38283332361333094
-0.3753075741242209
-0.3081267291988983
-0.2862572896238637
-0.22441167057848804
-0.12681870880323579
-0.048923549587504875
0.04061854576719766
0.09351018504299972
0.20476389510532336
0.21821642906720665
0.33019033931707914
0.3639915914827767
0.38451340870214173
0.38168582883228064
0.4452370407552238
0.4232937676124924
0.4230016998564411
0.36400018647121324
0.34159640996110846
0.2650752744809068
0.20148193342952883
0.11091475993267862
0.01143470277854763
-0.022806397302696887
-0.0923670290730165
-0.18354304586524564
-0.2778668547316868
-0.3418189848183131
-0.3241169445825149
-0.3955165844401828
-0.42418369812096157
-0.42892303032240825
-0.4320743894785693
-0.40375766612516545
-0.38403503418315316
-0.3019774511332024
-0.2454904636030035
-0.1686984595571432
-0.11695880211902826
-0.01064659005068003
0.0630713507988779
0.11633908690993956
0.2263171141224045
0.2806146056167754
0.3582998460303088
0.4193587456637251
0.414961870120167
0.3944650161799304
0.45276054932610144
0.4184262924363771
0.3867744753216127
0.3704183720847791
0.2904684449822601
0.23759987049704806
0.15709992483022464
0.06785266505632984
-0.027983075077959933
-0.03911980951360638
-0.13047612173277584
-0.24465477681333708
-0.34517923230993736
-0.3726712469626457
-0.3935848479257361
-0.4415510649642119
-0.43427598331489164
-0.4207196036205725
-0.392060360502914
-0.41665118918419225
-0.33678577289507594
-0.2836276013102985
-0.22592432285744485
-0.15714482563568383
-0.04296690721350982
0.029075071255475694
0.1139770754655284
0.19950646324212506
0.26867980081908066
0.3457679432068372
0.37075800833679234
0.42322980152287765
0.44627471547574404
0.4526611997516833
0.4453792457215583
0.4376298114806159
0.3532950443889174
0.3650336722397494
0.23224685725480398
0.1919858894946794
0.08125924338721399
0.00842973237815043
-0.05955581124593793
-0.1707004982960625
-0.23433627611687882
-0.2761114150879045
-0.32840576151992845
-0.38966780350150493
-0.4353832505704722
-0.39027517544885176
-0.44421069126383617
-0.4356261967446502
-0.39178297320123584
-0.35622665027328343
-0.2963325317138924
-0.24173654710160034
-0.16336029077972075
-0.07839181819068637
-0.0029065117106635277
0.058402446430487975
0.1309346520679121
0.25830281116810977
0.3152138508674508
0.33821633359142583
0.3872143983868032
0.4021456139281811
0.45601272233613865
0.4410533039735423
0.37516029846310617
0.42101681672591174
0.33232531320518993
0.28952116796783184
0.22360752401294806
0.1626493874369402
0.08638850663357754
-0.04743711457446092
-0.10646200860508163
-0.16864230119376433
-0.2282952524915113
-0.29595077133931175
-0.3279648383209398
-0.43087094842557017
-0.43197004564107316
-0.4076481384162439
-0.4262457579490268
-0.4036577589376685
-0.3673023453646187
-0.3561182275087992
-0.2704461741100767
-0.18878688337865518
-0.1380975873556627
-0.02334947654106192
0.03936691590262275
0.09922041835461846
0.18326304518930767
0.27445900290017855
0.30954186165620523
0.36903770577275635
0.41336564497825506
0.3983582395587853
0.4209906178952466
0.4134874520160609
0.3920205847084943
0.3396697798610886
0.3218314818788356
0.24077079120148412
0.16901455750004402
0.09872022451505749
0.0031356736786435427
-0.04039055797834308
-0.14636386619860683
-0.23508753487254958
-0.3198183037529112
-0.2822226841411357
-0.36692880810033557
-0.4372368028110095
-0.4479599489897131
-0.4073193829584322
-0.4216190178113138
-0.40274604676313064
-0.33675586305073524
-0.2975034904872499
-0.2179484216886731
-0.16485894298655926
-0.09026599250275759
0.00735126726874583
0.07900088554476979
0.136994838565693
0.23744236284660084
0.29559458273397493
0.3530018360097347
0.37274086904628667
0.4125544987548902
0.4221439674960027
0.4347389640292066
0.4200774016726824
0.4123400453181826
0.3092148634055356
0.31048339595377566
0.23894928267771492
0.12516585312294412
0.06614798499682818
-0.02299988202063619
-0.1146625774284406
-0.20511409942222236
-0.23063791483199192
-0.2997876710863552
-0.35535320118875735
-0.36522817354956605
-0.3860840591325111
-0.4315471010960185
-0.40304314429435817
-0.39944269103676877
-0.39286181385868674
-0.35543316549646775
-0.2286782029718885
-0.1977914210622263
-0.14141673419632325
-0.010812335353285761
0.07529894251801775
0.10866201854870901
0.2192549338975239
0.2636423463120521
0.2891623471633475
0.35370148117536476
0.41832320148059526
0.45566400938904333
0.45793382111412106
0.4342101039680947
0.3868145695169918
0.34369066241049506
0.31350554542927433
0.23925280035547428
0.17365569768419303
0.09204404038143145
0.050563490528192756
-0.06897420070110072
-0.16122258347855686
-0.20456156543284704
-0.3065378674595589
-0.34483940645982386
-0.40467720269747653
-0.3992496181694518
-0.41516627552030644
-0.42684832915273246
