-0.5875776786104533
-0.5132380197176177
-0.4080381641644137
-0.27530551568049605
-0.14004160201916682
0.0022379361252796376
0.1773081033926506
0.31950289626654943
0.46027173016142253
0.505868917289616
0.5267973113906914
0.6039052276090868
0.6102016271059061
0.5238007174152367
0.4620669473297884
0.34576527327769313
0.23319502164898265
0.0889239371726338
-0.05389059985640861
-0.23591776397823638
-0.34230606183520107
-0.48928825795602526
-0.5439631160770131
-0.6024661004003512
-0.5806642897161965
-0.5351152091273309
-0.5159816099429433
-0.4010690372684199
-0.33081273195172156
-0.1364105953055629
-0.022715063610956387
0.14806076318753122
0.3026202143320601
0.4098229474002853
0.5326043228723979
0.5671875482128065
0.6045906946621007
0.5822712470156458
0.4858697106331863
0.5114159951515092
0.35350379680573857
0.24229164441468273
0.07575157546238964
-0.07540243867731558
-0.24304070235689829
-0.3307966357138867
-0.4256535775691803
-0.49717367268789275
-0.576756089021581
-0.5895030095449744
-0.562155329722263
-0.5409388909362305
-0.3932567207321449
-0.30094393976469197
-0.14953059132169733
-0.0005446272076809686
0.1692209888600592
0.3054843553460541
0.41637257576902603
0.4891993112641863
0.5840592981592149
0.5728259882723121
0.6115988927262833
0.5316994145872989
0.49850507409578415
0.3644646888002993
0.2203152318200937
0.09802760485085707
-0.0827360464637167
-0.22643020547820786
-0.340720443111152
-0.42332010778799056
-0.5330969287594891
-0.5664084012817708
-0.6067861379359435
-0.5731108338961717
-0.5524956031965279
-0.40226290511187035
-0.3339137900025644
-0.19739243673053986
-0.019788581145573657
0.13315150831918993
0.26071045629192724
0.4023522666781821
0.47581489192651133
0.5521414642943558
0.6319789161916097
0.5669104024663658
0.546793178244225
0.5036166843564497
0.3816066544201479
0.20711978490268582
0.08462744699867955
-0.03405180022523692
-0.1918959083406093
-0.34543376926739716
-0.4320069010200348
-0.5282815514998086
-0.5828400239877103
-0.56270690370037
-0.5966129291707499
-0.4999389599364606
-0.3798102350268719
-0.31658844936060626
-0.19974296167636302
-0.023417753687315423
0.12375567613360777
0.3040643291889137
0.3771215319324497
0.47697905233214555
0.5395679849442915
0.5979563908227297
0.5884825286260134
0.5621637818591813
0.4898891519407825
0.3632740232569574
0.22804539975102117
0.08622757318107846
-0.021540944002151844
-0.17592733484805304
-0.2982636823321986
-0.4181928360134375
-0.5334093572898498
-0.5494184303606208
-0.5777110652062672
-0.5639043613104173
-0.5719436664421603
-0.419958319713493
-0.31476875590967995
-0.2159094466486445
-0.04691685199669411
0.11205496973932547
0.2643343864456622
0.3302181531217571
0.4577105403785283
0.5759834063872312
0.5877723404973053
0.6027292848942191
0.545980749028852
0.5288288165937172
0.37126807393662004
0.2659759604221675
0.10092148186773016
-0.04117047025128946
-0.17561901071476688
-0.3379207469681227
-0.40662723078094276
-0.5260004677523948
-0.590538887431005
-0.6550386332394948
-0.6127550782127638
-0.5396678379143529
-0.4355519278102423
-0.36717951139785365
-0.16157516314033799
-0.05807780816309597
0.11313941964886742
0.2594105249292381
0.38533848345561444
0.5000187201681394
0.567988933726288
0.5883048299652114
0.6158931864026679
0.5586743552381316
0.47227614036351423
0.39226769272241274
0.2754063369086512
0.14441910104194877
-0.030724294453004692
-0.15116261995678842
-0.3143125219743494
-0.41892357512231776
-0.518536123080925
-0.5801065652167193
-0.6103832022461109
-0.596316717182728
-0.5317778102791347
-0.44214054177873074
-0.34746252573876096
-0.20284150749356075
-0.0904174613369062
0.12871714111350194
0.24028972311128427
0.36127337543486454
0.4623393774163562
0.5246196634847532
0.6351297213187077
0.5849812258120403
0.5447908492768534
0.49858104888171223
0.3679752707590073
0.2808073509003744
0.1492935185444854
-0.0322952220517765
-0.20156001141800095
-0.2763173674939717
-0.4282911064769818
-0.4982968867181842
-0.5747299620633539
-0.5952025577593948
-0.5622934395196338
-0.5359206525278846
-0.4345833341448343
-0.3111215937862569
-0.1930546015034713
-0.04886928280482199
0.10033416620484613
0.20414817852675093
0.3587885316147727
0.4544499797633748
0.5806145288041465
0.5719847439613851
0.5643503261528641
0.5757949394382041
0.517348891754698
0.43539894648369915
0.26579101938073346
0.1506909702189533
0.02083972036361903
-0.17647922952919406
-0.27146164331910994
-0.40843819857530955
-0.5352447765954141
-0.569134991448645
-0.598035585171469
-0.585011471087947
-0.5172187567829678
-0.5032086940700088
-0.33880882384817546
-0.25141380903092486
-0.08823838460731767
0.10166707006537194
0.24496266631297736
0.37331428347795226
0.43628606154499805
0.5379067962308053
0.5785018476452641
0.5725661567167268
0.5811828099475472
0.5064968564398853
0.3977010296204865
0.2766554437966791
0.15959008697732022
0.01333811017916306
-0.15932831670820574
-0.31178623929258587
-0.43535702188417763
-0.5117603703645732
-0.5738841780318831
-0.6035236922898318
-0.5846369789025375
-0.49138555596740663
-0.4969939692143553
-0.3658141888578871
-0.219073041040741
-0.07255693990280378
