0.9529874109444265
0.9520104270469182
0.9626874642375544
0.9564050285362947
0.9594812149499493
-0.9470279414324171
-0.9719395654065414
-0.9752664297491948
-0.9414647018978867
-0.9155614959999393
-0.9519611038458918
-0.9622581962682557
-0.948259072489089
-0.9220719648026101
-0.959426146448173
-0.9701181816158353
-0.9369054907642272
-0.9524275316513934
0.9238026063152638
0.9260187885393808
0.9632037971227507
0.958153425159652
0.9604096474969974
0.9361438426862261
0.9817640092067058
0.9823287441852512
0.9655060097275429
0.9535685708464607
0.9565733751988448
0.9581298606089891
0.9569987363912873
-0.9574273099202025
-0.9543988930044032
-0.9249225239246245
-0.979352873963541
-0.9742774572728546
-0.9511725050135486
-0.9371463424653782
-0.9742226134426114
-0.9474708980943745
-0.9711310574173694
-0.9475660093613237
-0.9649987988216786
0.9515871710592125
0.9531643847433481
0.9352696276979845
0.9804148198712918
0.9640638495929318
0.9081611988198012
0.9534418432597408
0.9497129837011424
0.9624422944590965
0.9667847875185244
0.9991480789761461
0.959588182101488
0.9868237350222546
-0.9247089710528664
-0.9505387598529044
-0.949677230238642
-0.949897412310254
-0.9318969871936003
-0.9675163582616114
-0.9968409477427862
-0.9863833385793017
-0.933535511502553
-0.9472634771205697
-0.978660829553001
-0.9619566740758065
0.9197340843060492
0.9766470962806267
0.940899171408367
0.9725187146016727
0.9382841171831823
0.9672659816429389
0.9855318701717148
0.9816327080984822
0.9607774827659118
0.9550484198909356
0.9657916248883368
0.9456760937015862
0.9223082769723666
-0.977413176493722
-0.970890843501321
-0.9277972040525138
-0.9411452214084649
-0.9641717238599078
-0.9717101994189579
-0.9689284014174826
-0.9452269387419799
-0.972004611693781
-0.964350559323398
-0.9322195421489675
-0.9479000322772275
0.9379104404816521
0.9718969658780745
0.9512922090067414
0.9450797165854987
0.9430213683820635
0.968656432016586
0.9497289213364959
0.9528876193439734
0.9542310417483884
0.9858619453915773
0.9515452359939796
0.9784291566357088
0.9692442088463183
-0.9649545093158052
-0.975604459018258
-0.9603400252237544
-0.9544086143513638
-0.9196957865961782
-0.9937169439526269
-0.9699298284400781
-0.9398351063573906
-0.9522002425618847
-0.9667378864474885
-0.952870634176076
-0.9735281137080647
0.9528768062664158
0.9265004231149863
0.937976161018263
0.9634889460697645
0.9707053638484019
0.9739666131094523
0.9781392035964639
0.97143971315845
0.9812209095008046
0.938356601587808
0.9431599552990126
0.9526653948166341
0.9696896105242648
-0.9774394280506435
-0.9539518456149665
-0.9770341591387799
-0.9109015217901169
-0.9744666356003746
-0.9417834870722819
-0.9583441243497512
-0.9589295114275252
-0.9378587148618055
-0.9448091250992471
-0.9718102897091414
-0.9749149064152476
0.9592590769915729
0.932110487106865
0.9388525544870749
0.9590796992533932
0.9637670332804487
0.9767829525054241
0.9527827994064887
0.9844906730969648
0.9703255455112726
0.9567129605246534
0.9522569718491702
0.9602744958354066
0.9281423490544813
-0.9412816452234238
-0.9502330532814279
-0.959206564045665
-0.9796579603815911
-0.9524625405736665
-0.9347009396369201
-0.952013644693936
-1.0178795474925328
-0.9733302275256756
-0.9875466115838099
-0.9763631100052336
-0.963552870478666
0.9722314371022824
0.9483159865074113
0.9392957110686208
0.9788691812536434
0.9414068278003584
0.9672757141928593
0.9587744089252833
0.9364071112041831
0.958197328882698
0.9801686272507348
0.9879718278774793
0.9633148486062233
1.0135914209465942
-0.9248551859236112
-0.9416386677395692
-0.9537173988099434
-0.955477568348241
-0.9591891916019346
-0.9804722756982632
-0.9379745257040604
-0.9617484580587946
-0.9585057476176136
-0.9322172435513479
-0.9601798160068197
-0.9400586990802892
0.936362719574611
0.9779505545079497
0.9427316341056606
0.9864818239534137
0.9494744094437314
0.9471777826462422
0.9609811815722152
0.9196055370692736
0.9548837533648947
0.9516314106389393
0.9682710012357003
0.9323645419007093
0.9406498590413674
-0.9788885919561446
-0.9221198161461012
-0.9464249187220861
-0.9466426009785344
-0.9296089679317243
-0.9723396488495084
-0.9507924761039167
-0.9698469863941748
-0.9653750192816354
-0.9353226477294724
-0.9474020030399052
-0.9359399165886236
0.9983281610253194
0.9230084654655268
0.979719376856706
0.9684098973044228
0.9727066670659962
0.9823480838565756
0.9619662967751775
0.9549586852231542
0.9906234256289056
0.9903618985569153
0.9832989007891143
0.9652739990084803
0.9776982429366929
-0.9574199842616213
-0.9728928783929965
-0.9741777761559292
-0.9787538209980973
-0.9646368967475457
-0.9640675207405838
-0.9806446452575016
-0.9420961233663908
-0.9741011240218089
-0.9790777680712074
-0.9736390287314587
-0.9535488658745188
0.9521148260233934
0.9520903359737604
0.9294567593586
0.9613571966073235
0.9679037854439079
0.9464520760065139
0.9795386065454655
0.9213053180366764
0.9597696737570861
0.9609048126193722
0.9639151343441731
0.9528997275885213
0.9505697329293967
