0.36156935802451917
0.37175597232644114
0.3729361408462763
0.3617190594983859
0.37350876254933074
0.37249278974556654
0.3890596159819036
0.37527317488665873
-0.36095504756921115
-0.35755082430439833
-0.3694873602140247
-0.35346585261581825
-0.3900910958595866
-0.35200238926417476
-0.39536578062079825
-0.35517493850998294
-0.3571319110064437
-0.36907657628524937
-0.35556047203717317
-0.3941971803898601
-0.36562581634527663
-0.36712410530289574
-0.3868822661656846
-0.3408512144204155
-0.40861339105080174
0.3879557022257495
0.3390040605581544
0.3606862894424575
0.3492193281702858
0.39286480273981633
0.38028067155769146
0.4129590052315541
0.3623075680392574
0.3313145907792315
0.37645297456465665
0.39311968761614996
0.38750258903981555
0.36032539148004683
0.39590760265107133
0.38084820291764837
0.3828162986551427
0.39717099855527416
-0.3779834453738633
-0.41144934342790374
-0.3648888790489803
-0.3290629875710784
-0.3702113800671338
-0.3349861053124767
-0.3822371872072566
-0.3960752784418976
-0.36070451087605293
-0.3576163712323293
-0.3597226948545638
-0.3907544464462777
-0.40388789192662994
-0.363514128456124
-0.3538040801369802
-0.38106635591546556
0.3214538259838068
0.317033179344674
0.3525297165097898
0.3422680301219821
0.37033332812817216
0.3700984694317878
0.38124844076563763
0.36522101204312857
0.3731319840500145
0.32788891787220265
0.3769579393224271
0.3946132216701227
0.404523740105314
0.37782197270898404
0.39502732320333717
0.36847110088613466
0.3663913196077
-0.34800119363049326
-0.3811557910283981
-0.37783413236536995
-0.3760662069288628
-0.3834386236147202
-0.4031918479720424
-0.3781624433526701
-0.3792400332805905
-0.3474419322533646
-0.36585701973846085
-0.3584087765692684
-0.38396581503161226
-0.35959285043425715
-0.3791058921948375
-0.3335340355240701
-0.356829161383486
-0.33916086169025667
0.3648740773009307
0.35097492362075294
0.3744726360096624
0.34005291106135715
0.35946881421728083
0.35787408385596364
0.38613936870187393
0.34706371772086503
0.35298861037373763
0.35399589323678465
0.3519328004510534
0.3724628115707308
0.3467563434062282
0.361481951654352
0.36625806442085845
0.3670257208325218
0.3486803627976693
-0.31769699876047836
-0.3700826947965027
-0.3627854552807452
-0.35428353578895266
-0.373709843335318
-0.37066678082711263
-0.3695639890967479
-0.3673487339070835
-0.35268458921555534
-0.40404842608789854
-0.36654976034550335
-0.37713248402697125
-0.3429057220315964
-0.3716503198791962
-0.3809158705306509
-0.37522064530142174
0.3438325097904678
0.39790273543631927
0.3648511078573201
0.3804417506825998
0.363083471394107
0.3310527926182733
0.3889757208274161
0.3971028010046951
0.37080262817708654
0.35370408059577557
0.38154183734816227
0.36602731639319847
0.3658689960982407
0.33911323793963244
0.29643301670901245
0.4002179887508829
0.37201313972576516
-0.3687714525334975
-0.3525084910846955
-0.38122796331396197
-0.3860993607981083
-0.394366120169162
-0.4063831557267543
-0.4002706866455107
-0.3524126852255584
-0.35675920077675455
-0.36264517039546756
-0.40021055029726255
-0.3716598010504533
-0.3592440155306515
-0.3631011643766901
-0.361487891596905
-0.3495209718096262
-0.3297158935434662
0.3663302098297017
0.4068762428919617
0.38382993857515696
0.343337881307252
0.39716766759886757
0.3608102864203938
0.39093479216659177
0.41839466853064206
0.35568620730903033
0.3723643491660599
0.39985089400189183
0.3957148892005996
0.35026070366252166
0.38990183716538407
0.3984244799705069
0.3691288995181666
0.3567608639728769
-0.34084798089484797
-0.3613388374397438
-0.4067764605386916
-0.39982563404751986
-0.3988850213902669
-0.3631079670518047
-0.33314365610514846
-0.37356946006525943
-0.38270454670809523
-0.37619842314299273
-0.36075688591435817
-0.3590391459029454
-0.3531938674975279
-0.3776595519524373
-0.3666595783756466
-0.34141455923815145
0.3801285469553224
0.4153737459015749
0.3583516551470064
0.3773480867706902
0.3687363088995913
0.33319545273466095
0.39731026287406557
0.36245077324260383
0.34270957877626884
0.3765066314581306
0.3360270897454837
0.34686118765333684
0.3492088386352569
0.3698388680859739
0.3844525763574526
0.34928146808780286
0.36311232314010283
-0.4028344522617628
-0.3553357433122326
-0.36420991676390585
-0.37412708499137187
-0.3365666224766445
-0.3337823483603627
-0.3408844687134544
-0.3463119887460465
-0.3484428406547997
-0.40680203023426426
-0.3969510551882902
-0.3733992257893661
-0.3591752645461146
-0.37744105665040995
-0.3784191448785829
-0.34023656384218187
-0.36760458758774883
0.38853478947271436
0.3869031545566033
0.36121705164737566
0.3476288355878633
0.38573172401974515
0.33632463702756565
0.3885228013323536
0.344058954276232
0.3906802251215414
0.3722518768313825
0.3341803970200426
0.40214853224720654
0.35820683545395554
0.3791508771590792
0.3685039445860201
0.37509862323450327
-0.3448481310953629
-0.33052039069092876
-0.35908349036077525
-0.38766543662166986
-0.37456700766406875
-0.3611583729874232
-0.35799919870684427
-0.35162126868313787
-0.3827971012429749
-0.3808485585141891
-0.3904290088490505
-0.350526994789222
-0.3676811146245742
-0.37575541123088063
