-0.5564067411710136
-0.11887770882578612
-0.19365277406916495
-0.7353428063743641
-0.8454696850613143
-0.5322167781998822
-0.40812823822283195
-0.6814240485665651
-0.5255216408657422
-0.2926578561129487
-0.36764275479082414
-0.6979579259562069
-0.7420964519296765
-0.2644285391015971
-0.23394859014645913
-0.6051197217286358
-0.26454083268430467
-0.45291374690904596
-0.8152861044804576
-0.657089817505731
-0.10867804508211333
-0.0517423287682269
0.0024367362918422137
-0.6373786073462905
-0.037902326999830635
-0.20526481653260403
-0.2993772112669529
-0.24765801530433934
-0.05433283318765652
-0.3470937886090388
0.005848788832063058
-0.7411635136359561
-0.3873223681656133
-0.25742409420120027
0.04519082250994799
-0.1765451842428968
-0.6604116132178218
-0.4148067841973877
-0.40533935543908023
-0.5873946603663129
-0.7208230203369415
-0.9699712944005094
-0.8078456903759088
-0.1896610184479761
-0.2536929652082973
-0.11554712362905192
-0.06424858715156236
-0.7657673630125311
-0.1721977533155337
-0.06682086710762417
-0.4989150828600146
-0.861194537803322
-0.17823257238141688
-0.06846828312748993
-0.08291101666226768
-0.6247254707666408
-0.29208105130605017
-0.3237500537102169
-0.6708128161423685
-0.3888130591154507
-0.6857550500250834
-0.03012896320754218
-0.40429866787706514
-0.14449226790160483
-0.0967236089792271
-0.4931633004144915
-0.0869909005087572
-0.5307439980576165
-0.731715736012844
-0.59445998607966
-0.4073158824400789
-0.49839514082587905
-0.5660888111196671
-0.7792393870035937
-0.7287241697605558
-0.2459410948951077
-0.164279369878867
-0.6790452734695349
-0.24608149976974342
-0.8780749063144839
-0.33298121308957723
-0.3692777496688708
-0.850720929613594
-0.6449279820732331
-0.9090377672809162
-0.7082716740621162
-0.08475660020056541
-0.6287216651433333
-0.4217798417769878
-0.6846697550211978
-0.1253427226592335
-0.8231568199314426
-0.7175166118070198
-0.4228413545627889
-0.20644642445453204
-0.569595934081739
-0.832059701650467
-0.2736818401268462
-0.29603674256074464
-0.1944181823452285
-0.3693069603351709
-0.22360522149327589
-0.04860741086815431
-0.6267198454127146
-0.29649359822982635
-0.819654800755448
-0.2390730494716257
-0.845638064988207
-0.3060274560525903
-0.7776006869269055
-0.4761794504153953
-0.04510550033709049
-0.493086075492878
-0.00482740924384187
-0.05594664768005816
-0.3107576548498627
-0.6932748983549014
-0.2327341620353614
-0.8882001905401957
-0.2674995786652486
-0.7434842768919735
-0.08579314009781981
-0.924229280467372
-0.5357004472700952
-0.8249797453866907
-0.514342331763947
-0.39267548361045324
-0.7479128804433206
-0.29623905037279846
-0.7271494785183426
-0.6035065462297887
-0.1436024999786609
-0.7019949690498714
-0.3483299715950978
-0.3861682946162799
-0.0471561449504566
-0.4714254255448193
-0.7500174356843679
-0.41102059419195214
-0.48959750620012327
-0.500364912290826
-0.4691420919758401
-0.06525513181214611
-0.2742697952316391
-0.3711493749325134
-0.3900569436886484
-0.025268542327848253
-0.4285772527756582
-0.8067278379936853
-0.6270896103462329
-0.91299898892456
-0.5396125911618819
-0.8570764967947131
-0.460482360171937
-0.2631366778574608
-0.9078345808086217
-0.45732945906314115
-0.805472829768447
-0.936425278332187
-0.13402700630437242
-0.027595690397637877
-0.9370956738831806
-0.36839732180368356
-0.11433803578364307
-0.6099770517459702
-0.8809990883952173
-0.5821174488873013
-0.667012258657116
-0.18930504696227754
-0.10814121825776385
-0.7851001277187425
-0.7057256300647036
0.014813590331375016
-0.8298656263964113
-0.19902630783068445
-0.40532786706142865
-0.4587507332489412
-0.7534936633623026
-0.41198012359936104
-0.14040804660485529
-0.6621913538353934
-0.06496380305722985
-0.26732268390526387
-0.4098365948335392
-0.7461089949127051
-0.7212266729254537
-0.09419540657616005
-0.34151177156014034
-0.41745518008579496
-0.8410387016142975
-0.09494861445135103
-0.1788398329463698
-0.2439401220887633
-0.2631140295506153
-0.2775723800890253
-0.7931757124140404
-0.09536720849093801
-0.42883743798842905
-0.1359125186897685
-0.4085097593942643
-0.860016426441003
-0.5416851853320971
-0.37058261389181896
-0.29142747338225017
-0.15706526475966992
-0.6929452439890683
-0.5192535421506431
-0.24555650794167003
-0.4260283167551013
-0.3489583455392972
-0.5566742920983552
-0.6283497561761353
-0.6664754501341568
-0.7732488866163865
-0.8872163142081676
-0.8943392919531538
-0.30047456245165416
-0.5189579608070458
-0.33307173026492387
-0.4808719683470053
-0.3770378412813395
-0.20303580410637453
-0.20906498231904141
-0.5929264312450264
-0.159521382025434
-0.4029024517691273
-0.4099240692306948
-0.05447072069759343
-0.7332003543642165
-0.6389360421065159
-0.07603688339011586
-0.05873686532426134
-0.8434710036312203
-0.9007016187413477
-0.7921513205531603
-0.5828799850286195
-0.6062546640058076
-0.5449813191599119
-0.15609235855774178
-0.2747599925780192
-0.8129240682680176
-0.7898777210713022
-0.8725500698764384
-0.9327105501150887
-0.8646309770868754
-0.4571330289953213
-0.49342337487386445
-0.43442830399551063
-0.5676368907823591
-0.43122804766757034
-0.5634612769673938
-0.19016840272556415
-0.4349914839757763
-0.8352941649526361
-0.8490070999505955
-0.20572812576721888
