-0.2532786244135325
-0.3651668361490825
-0.45574650465831074
-0.5240861587310497
-0.5782045500828478
-0.6698649361627981
-0.6964444301709606
-0.7457756083015432
-0.7609733704597108
-0.7843365699868096
-0.7757825854975792
-0.724162810698539
-0.7147500641838093
-0.6953134615869925
-0.6586437764874846
-0.5724043475489182
-0.5628488842082872
-0.42662474808862594
-0.37335674932761104
-0.29213626453458336
-0.19330465417911985
-0.07028601689260427
-0.00021229238139675423
0.08304900942382527
0.18392108533460516
0.28946517740224315
0.35852997053945074
0.4493485833229154
0.5278732653193002
0.566655483675041
0.6298539067776348
0.6780283871612957
0.7335692601236601
0.7686590861081135
0.7677986850024757
0.7460883023458457
0.7662554931987908
0.738940585211703
0.7321549111161347
0.6863688628829288
0.6009472451058315
0.5327401730568102
0.4832437300230224
0.38097045377021665
0.27310841597143626
0.18889982468277408
0.07211174116127946
0.015439651409422578
-0.1374204965094109
-0.13319819643972952
-0.26638340205079025
-0.3689690311818778
-0.4528562218479458
-0.5003985616751819
-0.5825576692229989
-0.6002325753766191
-0.6563331345502633
-0.7013054920642314
-0.7240243471905043
-0.7438851271963892
-0.7431326963194423
-0.7569585812602223
-0.7130925519026271
-0.667825769972239
-0.6701662764755583
-0.582098047262338
-0.5319195103590625
-0.4764762811494408
-0.3872613342985795
-0.313810472632001
-0.1991456456049962
-0.10123514098588529
0.00800924891159682
0.11456726222010094
0.19254234793484787
0.2650986714516885
0.40213181460770664
0.4354344534683703
0.4984450252994503
0.5847973630758796
0.6133195107119648
0.6744623887495487
0.7588412155241195
0.7490413232727104
0.7618429204470409
0.7673857647738554
0.7012773287379721
0.7175366761719593
0.7004212909404608
0.6471635607423879
0.6131800598148895
0.52300452750046
0.47198433168343856
0.3885095858947615
0.3324516876871739
0.20433781339813226
0.10501506773702028
0.004547486170606617
-0.07573002298696596
-0.1965127098391698
-0.23408113273917106
-0.37954913156138065
-0.4251305032244835
-0.542591241270768
-0.5797101898633661
-0.6332403856344213
-0.6945088175156744
-0.7334207558806038
-0.7412901420370761
-0.7652924408235423
-0.7611754950363286
-0.7684786734584682
-0.6964127331870823
-0.70007812242547
-0.6483157373207847
-0.6450740343874233
-0.5090096185201549
-0.4483530213083945
-0.3406960823625694
-0.29255156532232046
-0.211650048598952
-0.17395139341661575
-0.040296407174288146
0.08537548045610445
0.1670143611879991
0.2394426511228408
0.353755083542362
0.43503579995415853
0.5139440180087356
0.5685042029075922
0.6427076266318148
0.675064808017246
0.7576321864000314
0.7597682012689956
0.7907435058162209
0.7361401451557924
0.7097062997946819
0.7105520053386134
0.7357266787045382
0.660034719033924
0.5961560095565682
0.5550234613466809
0.4871442584878429
0.4006207720391992
0.36198094297212313
0.20050859803884755
0.13448540640723833
0.016408521280066708
-0.08823689526792311
-0.15391404462472286
-0.23249441145592387
-0.34047522909760053
-0.4443816280422895
-0.5242514014798121
-0.6225676955561741
-0.6622325652349875
-0.6973409485379906
-0.733101381651597
-0.7556442535300187
-0.7774213631602421
-0.7460641743757234
-0.7485491890340953
-0.7043487531658179
-0.7248937564996871
-0.6590624511656187
-0.6014175336427483
-0.5615721105051256
-0.49502563318517734
-0.40089395980690723
-0.30880884243944046
-0.21281383770837392
-0.13006345782892612
-0.012478857889599765
0.06159444779303199
0.13809646876524576
0.23281980697693608
0.32234427071350846
0.40962024275137093
0.5034585294671551
0.5609126442914141
0.6203256202266592
0.7113484509719692
0.6978482534721545
0.7451164894193453
0.7640357603687487
0.7671186370689353
0.7212224119151757
0.7599376942501207
0.7403272861551977
0.6973248657560411
0.6130530876074131
0.5399832994797755
0.48333713319399707
0.40181310699043365
0.3340380683200992
0.23032772789489617
0.19353704266153268
0.030906306505086932
-0.043653091516725716
-0.1518452206746981
-0.25159511055782396
-0.3514027760299688
-0.38255460757369
-0.49571782297207345
-0.5714700951441474
-0.6307509457095735
-0.6825258294722093
-0.7372309227727926
-0.7380192412000771
-0.7713649644818846
-0.7703842320947027
-0.7705821090488328
-0.748122737284922
-0.7182523743709123
-0.700880970312221
-0.595139068698391
-0.5919190053018017
-0.4741732857447417
-0.40259908232808056
-0.3365674469388991
-0.256921191670002
-0.13465653671076877
-0.08139669303761116
0.0361135586712261
0.13696671714379546
0.22178416652966446
0.3414428591169232
0.38988246088734757
0.46711804117029715
0.55668265068963
0.5867939149505048
0.6601872599425664
0.707239794189801
0.7167277367026409
0.7595132625902887
0.7687936171657546
0.7686208752470163
0.6949272496015946
0.70259810639762
0.6795260226025692
0.637379589248446
0.557968695888608
0.4869712267547393
0.3877500339048326
0.3879604889845275
0.25928657048902504
0.14902583139240014
0.08064105767630612
-0.04527634566233323
-0.14610854668274723
-0.24817542625685876
-0.3207822816099041
-0.4044199304335818
-0.47616009355812494
-0.5518060304687011
-0.6257271001911228
