-0.2173963309683569
-0.21574569085315728
0.19520211511578012
0.20672101232719337
0.1843163247930454
0.22741444024421253
0.1822118063573083
0.15114708656096795
0.17032573146923158
0.15739631500512924
0.16555388767523416
0.15448737573849447
0.15717003590448833
0.11984618283571659
0.15802996547287612
0.12064139502656641
0.09246081897023849
0.12448914608350502
0.12188655677155663
0.056667795114823616
0.0681450108924342
0.0760012719995878
0.06756675082011916
0.0490462797076021
0.08885419113078805
0.08784274035268205
0.06741132756007367
0.05286676021672556
-0.008783936267179986
0.04027042058236557
0.019248467140843672
-0.0036492676098429516
0.027931433757772357
0.019913123320696877
-0.032776974012528874
0.0025728876401566684
-0.003458886488833773
-0.02678754198019522
-0.019656514992188057
-0.04456580086980491
-0.010990006681462602
-0.00465418505585985
-0.02636695919234329
-0.04609283718249039
-0.054408325107354605
-0.05233586534200098
-0.06017957021833645
-0.09072668395583669
-0.07367436861588908
-0.06693225090089437
-0.070310428878461
-0.09252141737891596
-0.08614954182818335
-0.14983124129894992
-0.1523357677716262
-0.13048083609067546
-0.10623149641610738
-0.11905012465363603
-0.13350326585930528
-0.1464580004635137
-0.167870364689343
-0.18822344225648863
-0.16739485769323997
-0.17043758772384646
-0.14631924479117236
-0.17213709163927707
-0.20966833785948064
-0.22617568503098331
-0.2403482665218872
0.223946443018645
0.20529792324159185
0.19137367233444294
0.18830363436737727
0.1617819252140798
0.1893737284291682
0.1859077790620206
0.1650496921548879
0.15781855485904947
0.13990079124680796
0.12812111009550517
0.10891316864122218
0.12045044501531965
0.10506106797243739
0.1385601071674579
0.09718911793850944
0.0768344315015034
0.11035601087704251
0.07693916220533245
0.07572082975477848
0.06845399587612669
0.086415820691323
0.08995009541031065
0.08146438579497195
0.08997440671849605
0.05401047134762757
0.02942539135319993
0.04078466087453942
0.038569806614170796
0.020836523277640184
0.003620471699678548
0.010602846476363946
-0.01400211394365649
0.00041789626763863213
-0.022923892640535015
-0.001964415780032586
-0.03800138768004113
-0.005489792019314592
-0.03798201433541045
-0.034645810602016894
-0.05162276098949396
-0.058449502351376095
-0.053018990528194504
-0.06189308412805049
-0.05304610313047465
-0.06542753729604468
-0.06106057189666622
-0.10115332983973797
-0.05084586703470057
-0.09630084060700803
-0.10598237696811519
-0.10550096021572931
-0.11895304501270708
-0.13095934239501483
-0.11559589120299284
-0.16652626221965952
-0.18049579542064964
-0.17098398737671974
-0.14743807635516853
-0.15375994669967052
-0.16477175724397408
-0.16212357738913494
-0.15564668288423253
-0.1555813784074993
-0.19281547665757684
-0.18784224481960213
-0.20092047115060416
0.18810926015102428
0.21593839114863708
0.16959595838870073
0.20162866401779703
0.14215724020878906
0.14874848512342775
0.16344108976216665
0.14612407834564073
0.12620562440319677
0.15047834061893434
0.15946860928897424
0.11693300022447414
0.11686489842322986
0.1216655757511962
0.09678190521680313
0.12796275795750825
0.09783113617119392
0.0755385847234228
0.054512053125714936
0.11872012088020958
0.11051547010707913
0.11483768879402942
0.07230194835950321
0.08573590725444766
0.03341498505124381
0.08255652295750299
0.028665393202646203
0.01911441480923702
-0.022952739435103106
0.018686077713719156
0.031724995582416066
-0.002090254041962638
0.024053141643821687
-0.008303736209995383
0.011581250319136342
-0.022499302857527863
-0.05497917942916852
-0.009199305553891847
-0.0396389084937642
-0.015329956920445177
-0.049044832668069284
-0.05226034320321565
-0.08776223651811377
-0.06546885985320845
-0.1011273987874317
-0.07083375758127612
-0.08817876970604908
-0.08133728639331728
-0.07356280077055524
-0.11610869191308777
-0.1328233535291181
-0.10487275657188369
-0.12438935941159367
-0.1406797006865156
-0.10021517693799571
-0.14406765114317807
-0.14369242315703945
-0.12036943388901482
-0.1339216608375364
-0.1573816878046326
-0.15921002807786822
-0.15608156940283766
-0.17620374843023578
-0.19113609295701922
-0.20008829541250492
-0.24013560519268487
-0.20741822088365855
0.22430926575521867
0.17373920278677318
0.1869818392853783
0.2204062425270401
0.21947528966493993
0.1963726058042529
0.16160107408403446
0.11931620721833061
0.17654424519856649
0.1405406230230543
0.10559364166536003
0.1499796301557109
0.14493559251827062
0.12519292368900184
0.10936158429687734
0.13063279336551814
0.10014317891797224
0.1112784062060578
0.10231984166674515
0.06394674346013318
0.07782798365039788
0.07655571647550834
0.04600091721856014
0.06158716752725515
0.07737011493394357
0.04277281944154265
0.08711562046039423
0.024608846702271262
-0.011269834424975724
0.03475350189073998
-0.004260317801656376
0.033577111382900204
0.028902750390767406
-0.009920530206214572
0.007858500354368216
-0.008001368118705374
-0.013028330263873622
-0.04767299618258451
-0.03720290742466114
-0.04453286145989572
-0.05880629207705737
-0.031683521257619834
-0.11560398097636201
-0.08022806308912807
-0.08347989995921544
-0.05884646925172408
-0.06365906692061736
-0.09707343768826586
-0.1002461759813135
-0.07680015602876603
-0.09404289018174446
-0.12933558810774404
-0.14193851408802854
