-0.8507518550099317
-0.8969514784505255
-0.832239579014679
-0.8411198051906207
-0.8844662818634387
0.8622947000465879
0.8725455593568925
0.8702123317340191
0.9098237108458278
0.8820382888166766
0.8484842850374794
0.8701209143307597
0.8716940585081763
0.8758285585288806
0.8679465699829696
0.8280913619110225
0.8718893663460172
0.912517594305363
0.8243056892375952
0.8715057780918529
0.8831047880536876
0.8423735457897887
0.8685036994255497
0.8504929504359918
0.8854690533912655
0.8586973921860394
0.8595583611415508
0.8823141195219129
0.8911179017087368
0.8890900536698922
-0.8672264432455137
-0.8634341808145561
-0.8817439863994955
-0.8751573759713587
-0.86192916557768
-0.8706828134880903
-0.8572065603630066
-0.8140860274869637
-0.8880552783337964
-0.8160076892885395
-0.8565469488492851
-0.8583907943334385
-0.8786110597610303
-0.8243365522118125
-0.8370513476456221
-0.8585525222012983
-0.8601462423593513
-0.898560466490575
-0.885924195013867
-0.8540728685362673
-0.8975948014016216
-0.8788647880825426
-0.8376640493082651
-0.8875510245440745
-0.8578159950239256
0.8801124734774827
0.9040367444345125
0.8483220674126639
0.8758578224966257
0.8879636286811547
0.8552346076618325
0.8589230432113606
0.8360409117844845
0.9279375192530526
0.8415622193979029
0.8729150543410592
0.8676715983026995
0.8827961170436774
0.8686474489560214
0.8557318594858278
0.897624518077334
0.8806417774719318
0.8702407402784921
0.865485080363146
0.8997918281080917
0.841211080907397
0.836460353134276
0.9011947915700412
0.8751023310634113
0.8646847122073545
-0.8568617168609267
-0.8670200357022341
-0.8803236380283072
-0.8773293209779451
-0.8806026271653659
-0.8830870186279948
-0.8520870857752476
-0.886177488130838
-0.8478883468306082
-0.8906218974199259
-0.8460788571709061
-0.8415747444833214
-0.8854127854628845
-0.8544410426950582
-0.8995705546571958
-0.8416770543934169
-0.8617484368118834
-0.8865425776513517
-0.8327743736023027
-0.8475337925819746
-0.8414548897290292
-0.8714637029716644
-0.8760051562809873
-0.8828950268213825
-0.8947979912720421
0.8655537716841447
0.8829199753424173
0.8771585360591666
0.8645018994178647
0.8429802194128693
0.829978167300913
0.8883776949964808
0.8868035852232916
0.860776521896465
0.862323517913321
0.852454788565594
0.8517915502913145
0.86856707518096
0.8489834980914052
0.8669746023474765
0.8571215507537884
0.8663134374167604
0.8973096167687815
0.8674470418847221
0.8651066379930239
0.8543646970934597
0.8629929090200047
0.869627682521919
0.8824794997694497
0.8656387677602917
-0.8645494473678935
-0.8703000661866093
-0.8722270522294253
-0.8358798343042431
-0.8506121515348212
-0.8425203780756996
-0.9059692418204452
-0.8300671092753424
-0.9152823056070264
-0.8872038431030989
-0.8453899922170426
-0.8814245335016252
-0.8334660227338414
-0.8588414800432126
-0.8512871495744404
-0.878078310519206
-0.8449641797915765
-0.8480019352425138
-0.8934251204525541
-0.8236225232132586
-0.8730018975235109
-0.8264894791954079
-0.8528899190063821
-0.8822778925791467
-0.8836699082264307
0.9053913171786521
0.8499291796143811
0.831765193155407
0.9009553594861157
0.8440982334980108
0.892426454209774
0.8336445018244034
0.8840012020035773
0.872753578875561
0.8505608407271795
0.8649144912278193
0.9042953401310777
0.8892718653099224
0.8576448328747803
0.8396492543781154
0.8543011696566866
0.9192317201806911
0.8633724841598284
0.8529529572695925
0.8542792169581794
0.8468214835480732
0.8437034916908491
0.8675645477820392
0.8786448475943022
0.822128162928739
-0.8652251536810626
-0.8388540553524513
-0.8299133036955723
-0.8539023315773969
-0.8802871520692006
-0.868937021229129
-0.8800063224563166
-0.8330101276132843
-0.901315124361056
-0.881882957919492
-0.8638483334359581
-0.9126643059423093
-0.8570451254223994
-0.8813502916142856
-0.8539595111350866
-0.8703344850591253
-0.8594416015708152
-0.8590283943161834
-0.8726203320647027
-0.9152467722075032
-0.8673158135789129
-0.8441159022730506
-0.8736540278526155
-0.8612465593455677
-0.8708224740340006
0.8376815799998507
0.8625529508491648
0.8329548700251054
0.8613810545700671
0.8429237943812347
0.8623513004608162
0.8986236507671905
0.8704080707722203
0.8788271040873933
0.852097110157711
0.8616863528874474
0.9035241734749383
0.9037020569772941
0.8500286758958898
0.880874234542495
0.8594254366069595
0.910010708439027
0.8475364207048681
0.8515258298183862
0.879919524977714
0.879521211982492
0.8520372274501318
0.8939045780895746
0.8682631471386
0.893884196010698
-0.8747771176337935
-0.8597544581985298
-0.8774723428546468
-0.8748341713980884
-0.8665784958232841
-0.874310590426324
-0.8884227364412596
-0.8980388920300686
-0.863549700698428
-0.8723071380706091
-0.8841439709416146
-0.8703361674571508
-0.8852748289003884
-0.8968199810995313
-0.8358053450696997
-0.8573095264611594
-0.8665152060512961
-0.907681439382825
-0.8398782145499795
-0.8552327799252366
-0.8466503898754029
-0.8954363794007763
-0.8602134516312712
-0.8634123876933786
-0.8561966546781974
0.8790176166632804
