0.07911011663649625
0.11950573926434438
0.07201023436049275
0.0856419769120656
0.07878206471406832
0.03183563665454525
0.022870046237836547
0.01139122289076179
0.051866338123280065
-0.002778010165706486
0.031136206551230332
0.008383584914956898
0.034015865710160034
-0.02356631695896705
-0.035315421028564324
-0.062320062364314574
-0.015933821220778757
-0.04398983909845236
-0.029400812093402187
-0.02582940803260619
-0.040045964772725026
-0.02849485062306021
-0.06015322893327513
-0.0817212369443761
-0.06821384502434671
-0.10530434417426615
-0.08812262279006612
-0.1262701870651947
-0.09727327424506724
-0.08779497514790659
-0.10592699274678012
-0.08580156869413987
-0.042618082538087555
-0.05048318075234345
-0.06496667399042706
-0.053658865840590486
-0.06545234204282649
-0.033987117375718426
-0.027825474666790383
-0.045862555397234696
-0.020003695224681824
0.030947945882468738
-0.019460246940200848
-0.00196288183879876
-0.018776527761544863
-0.019477129299820817
0.007679971538967344
0.018433180628234187
-0.0021894979723331223
0.025989389287280333
0.03879466535272663
0.05577878005162432
0.050012352491657926
0.07114219523679594
0.07606282678690839
0.07443785307675721
0.05727141848750827
0.02580543809970852
0.07121209829555834
0.08895180167595523
0.08786089054979872
0.09860981438882992
0.09481981268609026
0.08863490314850517
0.05186039778770435
0.09309281925585713
0.048673667175327576
0.04165945506809038
0.042185418237824325
0.07619792509007194
0.008160700370146032
0.04746508368953042
0.052417711161240874
0.04662865099044694
0.04329877150873428
0.046464163895939464
0.05089916916420057
0.01681087131315788
-0.003967078599362317
0.026619390239921152
-0.0001790178652068021
-0.05973967716506767
0.00945601986167487
-0.003136714574851332
-0.05666559656557054
-0.033929882805124184
-0.051066288842188494
-0.0965714175158752
-0.08377572738992106
-0.06273484080626822
-0.10760372199989227
-0.09169372093293279
-0.09537733015155152
-0.08739688030083742
-0.08329417789886215
-0.12325330335192496
-0.12119736837965853
-0.08794099210838885
-0.08472707055497496
-0.04188188873377374
-0.06083309430065093
-0.07670916529921688
-0.053949019601352
-0.09875598671140186
-0.03892020432610955
-0.044608592463878674
-0.024909724312057645
0.02331150851219324
-0.04320001862947379
0.008789845205789128
-0.0007467676133338366
0.011184028895055037
0.016890447300727654
0.01131068574994186
0.028107263681917828
0.033135434654260505
0.051516227643199033
0.031231201491550724
0.03168693279389018
0.019551865308963766
0.047299290444850796
0.1426679845561714
0.05485720105930186
0.09027377663890267
0.08297263967245579
0.07626674497096697
0.11993326599826784
0.12723315313595218
0.10426501888232081
0.06500134484548407
0.0600741044278374
0.07175673849198588
0.07769513306807149
0.09101053000285383
0.0678802395396016
0.10998548851561682
0.04863467907941374
0.05622600338235576
0.060951682983700045
0.05914015337314433
0.031165621148580205
-0.004266965029927874
0.023194821948502434
0.009309887203037206
-0.00895711636350775
-0.01294579772799873
-0.018875883690104962
-0.025996856270575137
-0.019049870102519434
0.003481616675179485
-0.021871865001947953
-0.07880319649311282
-0.0675025003416087
-0.09931950360529923
-0.05008890548756228
-0.07343621275454047
-0.08832517673602258
-0.06831022161224432
-0.12064961910132202
-0.12361185629938792
-0.11503179344734599
-0.10914809126208956
-0.05778449583037496
-0.11631402045621891
-0.11963940532909989
-0.09509314979887674
-0.10574019779095013
-0.08096135102594156
-0.05772825801137131
-0.06540946454011508
-0.06478725431058799
-0.05332145238369651
-0.04286406641070956
-0.007601456862227345
0.0005790593783222067
-0.020648689667834324
0.01204193516945403
0.009859733828686209
0.009480487666253493
0.022293847124199604
-0.011294879220416422
-0.0031257055092638215
0.03285391611927927
0.03296336740963144
0.0672694958792681
0.0832260414656256
0.054770627693803794
0.07733929184105276
0.06742271093932024
0.058361368164822514
0.10033620819933864
0.06714175121724059
0.07604958511994385
0.09553293959300413
0.10310933553200982
0.08269179128584106
0.11658767630190384
0.06124699196395837
0.08097193316086927
0.0423534098073245
0.05957783015769875
0.07457844330141604
0.0695565967313138
0.06614637781998935
0.059000852730955344
0.045125328835744584
0.031206261243294776
0.06795214627409664
0.03271702843252941
0.03917604985087779
-0.011011810657687103
-0.01109253804670122
-0.019125806026426044
0.001751168706403565
0.015348319538868213
-0.01714312654235947
-0.03964098688554596
-0.0757280081685116
-0.07445351127033878
-0.03703167576559609
-0.05734911229163501
-0.07532993198490683
-0.10786537543342416
-0.07955485324452813
-0.06052757835498469
-0.07639290955070382
-0.08854477991308814
-0.08101561421999781
-0.06577385045056487
-0.11772684897712908
-0.10837099384931559
-0.0698953753391772
-0.0424346173887484
-0.06934055611276244
-0.09020572967387787
-0.06981421851682182
-0.06441767362657372
-0.030284530965475596
-0.010614641532708705
-0.0434769721811777
-0.027607765596881363
-0.021749508191182824
-0.016457125576070018
0.008150928521857085
-0.01874381355440116
0.030862008025663752
-0.003682753891944994
0.015947353886718744
0.03051977678326078
0.025795893912376272
0.043493616752222686
0.06772055568840504
0.08707067166295747
0.03754281664243249
0.09146202059631928
0.07718765035950079
