0.08785067699788118
0.12427675381690348
0.09312069980856902
0.02295433937764956
0.17070193020996396
0.02595150854650231
0.05831097722431733
0.09333695264693952
0.03318184998512328
0.11675709660509886
0.02838107020074528
0.14270780157019414
0.09704840540291033
0.034918712700602345
0.08849668864155576
0.006269887185649588
0.10967750713849837
0.15363249337702317
0.10224542724721922
0.01690040796573993
0.07456747044503148
0.15437224202206665
0.12484428747994666
0.032353992437608385
0.11007822121630495
0.1656516603536529
0.025517564965520306
0.09449990716352069
0.1356917409156671
0.09107231044706299
0.10870372388771392
0.00783428688671778
0.08497103166580394
0.0671135061769386
0.12510622873820945
0.028439980863584475
0.014006908534764866
-0.018903585773712435
0.013181880804479285
0.07793469457389038
0.02273505785793714
-0.016844169912355357
-0.0016682592470728015
0.07766624881551133
0.03291382306671701
0.11347725904157761
0.15194936137239481
0.09459588004323184
0.11110052639703795
0.12155247243016809
0.021254579364267105
0.0548882347505861
0.10055103517669643
0.00855562667230564
0.019255792045664206
0.14563392668634495
0.015550314333362951
0.03302369390858693
0.03391695446455513
-0.007345980212515949
0.05214133966838577
0.05486934456524856
0.06733484933360541
0.15731097233485022
0.017833786269485254
0.04010944600161781
0.1699310738628424
0.019492974174519194
0.020297519524183863
0.0036499043018361297
0.08104149888940053
0.0930030749833547
0.14226426260164227
0.12064826532842991
0.13002163126053665
0.03380654205297196
0.11213832452068498
0.043129539611050476
0.03456927082966576
0.06695926485015938
0.06960974679896484
0.12581977793515836
0.03796171990417192
0.08765489956365442
0.019374086800823535
0.17088462294963533
0.1517814045006135
0.0211817027914493
0.0708824162292975
0.1329321174110507
0.061690080359561535
0.14053757303351963
0.039076749966503364
0.1568811633786955
0.007997438042955392
0.04790229087974343
0.1316034558312195
0.13374957190106748
0.09519454174492828
0.08723702716375648
0.12072358596035052
0.07306970848210889
0.1094204350296526
0.10341949281104137
0.04183907438047169
0.07617412742111557
0.06232330225721439
0.06893938642067593
0.07692434461311382
0.0776596372369048
0.15906206493174477
0.11706977728203932
-0.002573366815146685
0.06817726230997417
0.09809081204505714
0.033825523936049026
0.1241945301370537
0.06241224600963527
0.062289547427793614
0.09150018641581233
0.04911523530562738
0.07477023633900892
0.03558802870539585
0.02639516688460804
0.09135311730655703
0.1136156591893933
0.019602855953253534
0.08303474120855263
0.15440007896606467
0.11241091740116035
-0.03514110912250395
0.07660664107447371
0.03444537551502061
0.11631830584988403
0.10781142401621362
0.05256866775154327
0.047978955310607696
0.09189647265048986
0.042861261554473964
0.11078397664148565
0.13270940370401313
0.05425497848987765
0.1001109206285753
0.06863794432930936
0.04393443934117072
0.11580499504442136
0.03473048608497185
0.09581088736838318
0.15117207058076793
0.12457044140865353
0.10692140974101356
0.12528716832429954
0.14731543070441544
0.09188365995687044
0.1015233642331413
0.1371365882826685
0.025142683448580977
0.07493010725295293
0.06369364207455286
0.05455108758312019
0.16126848166042235
0.13921732445698198
0.0820822207715309
0.11531594550426522
0.1108979161657153
0.05068690949548336
0.10458311211913175
-0.005050304247507958
0.10432492595146692
0.04810392390343437
0.14641185961858813
0.0898530174480927
0.15985685548603198
0.02330604717809398
0.002351144237515995
0.11587291957992808
0.05025537478940441
0.1191955397605746
0.13730544313887602
0.16128480369569673
0.024118981423893862
0.08363397537863604
0.12210374096294595
0.04959298415646109
0.11381600482885995
0.13891807163727268
0.13685698700536336
0.021558972328741065
0.02442087363328255
0.10115178994852969
0.17467638059968502
0.11858609135473376
0.0027034787734304443
0.10753267446599797
0.05749024925638644
0.14561990706948452
0.021593657074364954
0.051543415964283947
0.056105300080889195
-0.016600089828605696
0.121360155041913
0.15161588758674055
0.0853816110157655
0.06677812245449066
0.02356115670233098
0.013754033263470807
0.09874103212010957
0.0260696111484722
0.08154402119160206
0.08469318812205898
0.059696022132185216
0.05644165109057155
0.020202810113648294
0.01898682179452904
0.07500565966461875
0.13511644810451603
-0.0032429442380927376
0.06016648315724604
0.1417973957867594
0.059954942738045566
-0.04106642630439897
0.10726629873885005
0.1061691971219482
0.11522707594223663
-0.015238133834156805
0.05686539398940355
0.13198135336168207
0.05664194406993775
0.0761137328243237
-0.02982920636667402
0.09806923089380397
0.057412653514090486
0.06689821711993885
0.13637116799509347
0.03534238312528218
0.12500298803222282
0.18030801704540014
0.0707297548792177
0.033857705667833915
0.11479669376481161
0.028129567565196766
0.04107136788172608
0.017567196438562936
0.05788981890260884
0.06174652019283204
0.13257812864531346
0.13137278879959152
0.09583716472984997
0.027215995282679404
0.08566827901833202
0.04967807785846224
0.12741873826667732
0.07039305552794937
0.08523771680724214
0.0872477184205353
0.041363904476482416
