-0.8304962676214737
-0.7473872124207427
-0.6851327280199634
-0.682569693602402
-0.6295546651163387
-0.5899431459289776
-0.5850659243808851
-0.5460129779614181
-0.5100173864910057
-0.4628341690809539
-0.43520493734690724
-0.3979194529104525
-0.3619997952507822
-0.3399063265339575
-0.2936123822486873
-0.23581763200596367
-0.2074633464009154
-0.18653504439061055
-0.1542871316958975
-0.13608925086364657
-0.10766194578970749
-0.052597373327257134
-0.010825814666165492
0.056461419183441566
0.07639886714187863
0.0934067474267781
0.13910463694488556
0.19088935547888583
0.1459485774774019
0.21969260503384
0.24884240476247468
0.285486140815072
0.3197301850698099
0.3907711650991951
0.42257853704650405
0.46689077680474916
0.5145749095708299
0.5182321774479707
0.5575537405684148
0.5826518994394299
0.6479318038853539
0.6868618094255211
0.7203719690982262
0.6755458818440674
0.734983542553943
0.8428214394580594
0.8135812069331972
0.8647399100479475
0.8582750141394956
0.8113485633001304
0.7754048290437588
0.7889169512162398
0.6894269493496226
0.6832439332532517
0.6531106506695141
0.6112299431846266
0.607493591514467
0.5286301194425221
0.48446874797609435
0.46866070334990095
0.4011937524593658
0.3906950262936197
0.3713483410776985
0.34239905868719606
0.3234683257800469
0.2480819790620603
0.2282839130483255
0.18584508702860897
0.19190467586693277
0.11599184561003532
0.0745993951455157
0.08353680725449322
-0.02275584775837162
-0.025102942234633795
-0.07675086938367107
-0.07277861669227664
-0.12468577443274773
-0.17959382160416093
-0.2367452446488782
-0.22516794845802032
-0.26107185165322366
-0.3215988619474109
-0.3344384072319841
-0.36396299331231546
-0.3768439773258397
-0.455967694063271
-0.4630464298253078
-0.5035452926084198
-0.5702375244405213
-0.5714833205411255
-0.6026706043703461
-0.6468360432237742
-0.6762625680442853
-0.7249450633613702
-0.7467943111520561
-0.7682881946653465
-0.8326966654529459
-0.8434979981879608
-0.853949830740092
-0.8142105469326506
-0.7937415632070752
-0.7515550524876059
-0.7117238593604898
-0.6645252285110299
-0.6046991584278962
-0.5941729316794544
-0.5923822053643978
-0.5367063665078915
-0.514049515209302
-0.4581430038605336
-0.4526260496760679
-0.41227000615137294
-0.3388260892119868
-0.34654076736573824
-0.3084178268907002
-0.27220260017050807
-0.24502259834003487
-0.17188041141485505
-0.1305444962083642
-0.08255094467631413
-0.08468916088405733
-0.05931570268111466
-0.03926640323377119
0.012921514413612032
0.052638294844787
0.09339842035318478
0.1450822151080985
0.12816179773224048
0.19065726566420138
0.22217452674958277
0.27638235054214033
0.24862296679205548
0.38671159898514307
0.3553536714079173
0.39453411915592507
0.39417606867706284
0.4891161508097285
0.49241235946934186
0.5169093784847052
0.5987619985152379
0.6017645000306968
0.6409608652853986
0.6384589692498794
0.7160709839316973
0.7340614229201676
0.77731077511471
0.817267064613654
0.8421416989165892
0.8445491129191415
0.8494198727907472
0.810185246993585
0.7462297417894261
0.7076230930422781
0.6976862634069175
0.6627979884060791
0.596900825056907
0.6115428816926327
0.5563874652028302
0.511366299237559
0.4463003145093215
0.4068888694787812
0.45040171885943214
0.3601005412057615
0.3632857477139959
0.33345942113261906
0.2804490147152466
0.2737485140084896
0.18433003893391994
0.15995502535812234
0.17324712871076497
0.1067372334890383
0.06676840149696527
0.02856379595111179
-0.028460816592668407
-0.09614052998026401
-0.05163244162278714
-0.10441162894587336
-0.15426707269923
-0.1804176298722431
-0.23437198912046203
-0.22696382656710995
-0.3010287533183473
-0.3132049605077185
-0.35403490064963
-0.4145636920357965
-0.41190597570358617
-0.4905993393860114
-0.45698602891089
-0.50220857781179
-0.5795774347596802
-0.6230215932760258
-0.632007588011101
-0.6817465213472259
-0.7150355399028419
-0.7423445951507834
-0.7940603570341578
-0.797991436146918
-0.8500812993585751
-0.8474788970707346
-0.8568732746557381
-0.813874645157406
-0.7330614355961823
-0.7057293607628122
-0.6785346216961559
-0.6681542823981348
-0.6265157991362399
-0.5718165955608744
-0.5280127201246502
-0.5145882119264328
-0.4736198139876224
-0.4486553940148853
-0.3783092393213465
-0.36827264246101005
-0.33335943057721595
-0.2986886546860694
-0.2728331904255259
-0.24268390846550397
-0.20486356890468732
-0.13809367939366143
-0.12801223481104154
-0.11927668838202264
-0.06803753145209672
-0.02699609030906521
-0.026200924076504883
0.08349023343209083
0.06887590484791171
0.12374583691670551
0.15974692771565457
0.18405524878120466
0.19874457292624229
0.2578594969861491
0.2875062908560132
0.32548438113631983
0.31390119580374015
0.42935598830799027
0.45952814342061643
0.4880992836186697
0.4895795608148467
0.5056708344988977
0.5397624284840642
0.5823428907021077
0.6577598441700521
0.7004002561636363
0.7453882708687034
0.7434586076983153
0.7520782485688867
0.7776937863488061
0.8234838807937768
0.8927899182037983
0.8186166465994635
0.769273913575594
0.7582838801928761
0.6997854769498099
0.6698260019070312
0.6458510022043508
0.6023937926415741
