-0.05156735765245274
-0.03745938770939485
-0.04272152954170297
-0.030699899653419824
0.036414144058237376
0.018587786804847864
0.022880293445062542
0.04160269900344499
0.022796082994504113
0.04821005120457179
0.0711438685228242
0.025421458800010545
0.03853452924986196
0.03722136040659972
0.05164009913683715
0.021018831993575335
0.04572500083359175
0.011438127445950606
0.04134300216317026
0.0591967918048275
0.05229436045288747
-0.055768110363460695
-0.015220290617202259
-0.02808766957671269
-0.05226014296662502
-0.043754938797107235
-0.021258007522610072
-0.04343317803971454
-0.028756750264230045
-0.015089604949332716
-0.001431043813626874
-0.08565498147669255
-0.03250479926198041
-0.06220544009839878
-0.05688038611789798
-0.026873296031922757
-0.03061457501981156
-0.0666705858329933
0.04832281983005131
0.0032564078940583406
0.048071012769750815
0.07645695455270872
0.02132138554747246
0.03979092163173927
0.032899215033727044
0.0006224230087251287
0.07487102930536005
-0.01895193767839668
0.02055137055501136
0.07140444237428052
0.010687785194450385
0.051273720706693234
0.05136513601479669
0.04191827240373013
0.03149116854815587
-0.02487873649543087
0.01154191806936735
-0.0010004215643663397
-0.027556927221364158
-0.012999455856923477
0.002963025607233459
-0.04992281165902307
-0.02090065885389144
-0.006946733630180224
-0.039184456871845984
-0.058771689769148226
-0.02942848603464998
-0.06597650101553962
-0.023720379642496354
-0.04887618988898787
-0.0582885099881427
0.016378111877161934
0.027406973493473208
0.024419765091439612
0.03543852000174623
0.03864632477402098
0.024894477547971954
0.04542313376214623
0.035057297754238416
0.031120758047858143
0.023633474315199333
0.018736494949466886
0.0254026048820145
0.0811153890802212
0.014949166884023195
0.02421103506438807
0.04839508041036173
0.01148636868940928
-0.024546891574457157
-0.02737884329196919
0.009516002799212948
-0.050072702376842
-0.017308298863973927
-0.022803688389872727
-0.03760949631696555
-0.041941549604334896
-0.038414843783049726
0.013874640849464888
-0.041517227365633014
-0.03845695605118167
-0.05674704398779007
0.010150027324668506
-0.030303233355297388
-0.02645552709334404
-0.01850841799200456
0.0018549413223258523
0.010345741174118721
0.041075528061858595
0.04259802971421685
0.035030352552526935
-0.002527893701977965
0.04443588536061873
0.0676896936179327
0.0684633346440235
0.02226361125364662
0.03295583603842313
0.05264449009577402
0.04372365777798535
0.021208179029400292
0.012643561725175435
0.03732411751296937
0.0005944780666305993
-0.0017120566857622074
-0.010865070627480492
-0.044434780919864636
-0.020047115808705697
-0.04529477564914847
-0.03608227057469033
-0.01000656281881842
-0.01727802835463892
0.027754470857632836
-0.0286614102176184
0.0029075253472250207
-0.04728762686946687
0.027162565884981442
-0.020819168834289112
-0.06090385949415603
-0.025848729336203136
0.00725800176329636
0.07482215453162261
0.007168744550296032
0.056368686148389066
0.03223565041323195
0.02790254977212735
0.05005732120384834
0.04020175115293227
0.04606279760970768
0.02221151895179205
0.03732229453716161
0.03402186166076634
0.04627243983139106
0.06389993216112269
0.04623871748988985
0.04369897987621989
-0.011044779505118937
-0.045902062028744466
-0.01908461516087495
-0.002395765269434625
-0.05837620734817026
-0.02377154384973936
-0.04257954259529844
-0.05226232713210739
-0.024949620844657953
-0.04151725350419455
-0.07188884625495598
-0.053749355015368996
-0.05702054294052086
-0.01237641672193739
-0.007713611532541121
-0.04056918408898387
-0.019313492294480622
-0.036404275399836906
0.0533667908591731
0.0416160311807028
0.034487261931940134
-0.005566405912327169
0.03393055252577766
0.03852697157387484
0.0554236722446884
0.03326593174898645
0.02368312622352152
0.02220555944714228
0.018787427276158713
0.007730448445382322
0.026074102788562772
0.04686564246610185
0.059445870872986376
0.01752491959298633
-0.03945678264126304
-0.011684579285156378
-0.046410594173873915
-0.010026093467174296
-0.022085706728475353
-0.01562912097955222
-0.0407893376121552
-0.05248198598792038
-0.03925526142514327
-0.06386388467017652
-0.01859031335782408
-0.044171489047047485
-0.032690668077616565
-0.022105482744615323
-0.018780991592431122
-0.03638346484997727
-0.0441035710621671
0.027904238665284346
0.009474377145188489
0.012700887354197374
0.05287337137940619
0.027946540168266226
0.04111697957545372
0.03493227300745993
0.0174253551212227
0.019904373017377602
0.043464065998296234
0.032995138255917024
0.06354449690243226
0.04153299049955436
0.0784418094339702
0.013687778881133799
0.04083467715401749
0.002113198602684021
-0.014193485649775017
-0.09013552031770052
-0.027196041079733398
-0.04981242097943113
-0.05541160692392309
-0.038404303816288746
-0.04697816461374027
-0.06052780576064409
-0.04468715924609406
-0.0010428171798728403
-0.027014822391475672
-0.019194726894469445
-0.0503139556874303
-0.01612427130512002
-0.026345920102432408
-0.027206744597079092
-0.024474505460358162
0.022217711010802874
0.024338566466580662
0.029028936538048156
0.0259694490935265
0.02911254502188766
0.0474452414634507
0.02503978371626013
0.02743054404386395
0.09825308614574617
0.017014003286579336
0.05135078631469435
0.05268157507155183
0.03415300837009412
0.04813747658319485
0.03147158727896458
0.04197502792203832
-0.04115861767701455
