-0.5895855068144477
-0.6212760499885754
-0.6690910960933997
-0.7109559162171878
-0.7057200919207549
-0.7610713540966033
-0.8138268610735758
-0.7937416385330273
-0.769576666511811
-0.7336869214219458
-0.6729947751235572
-0.6422766469532856
-0.6285239179150865
-0.6180760744276292
-0.5923244241784732
-0.5575978096496642
-0.5350995134329273
-0.4748001998563274
-0.45052633590729035
-0.4203491064684335
-0.4011778686204142
-0.330877675949167
-0.31855375400122227
-0.2878874426589543
-0.27502183349566733
-0.23080433052860694
-0.1709011289405643
-0.1560223904293837
-0.12369231293634025
-0.09380828131097764
-0.04897971454307551
-0.024230461381147816
0.02665267491880225
0.06376006432224829
0.07803686489936557
0.07967211733784425
0.1404256818764675
0.1849068574922412
0.19077763940195355
0.2768417135298213
0.27357880883009966
0.29276792803045804
0.3261347321941294
0.39419963786671997
0.3781902731688351
0.42783955997042666
0.4552278185693514
0.5228425417219759
0.529183704442144
0.5713916044417152
0.5921600648240019
0.6554117502120196
0.6488444608575242
0.6953304700980261
0.7216392255937694
0.73197524479968
0.7935551485343683
0.8086595638461672
0.7999977002994197
0.7468987896038455
0.7552594669539012
0.7032837505832341
0.6234487897754949
0.6027603870695661
0.5876749406050276
0.5251265829422084
0.4966782743141852
0.4476158874811697
0.45311599128248664
0.37418909975059766
0.38387421573148917
0.3575884072692033
0.32027042123471683
0.2812911646893058
0.24364408154552084
0.22588428779051792
0.16201662305221332
0.1299649790457666
0.12453094551813902
0.10135810394507669
0.06944727915366292
0.057834446674380736
0.01923766032766326
-0.014338493520158584
-0.06571240912374983
-0.11794432005607329
-0.1298216209671926
-0.1561833044345722
-0.18712140992460521
-0.21893049575062073
-0.26645638896272095
-0.3177550841618548
-0.3234310164055191
-0.3919963110322516
-0.4061344083724119
-0.43614692739624106
-0.4540460693132414
-0.496943116104486
-0.5363786834386183
-0.5533348030635009
-0.5842707325450607
-0.6251515972670921
-0.6820673754082343
-0.6876441687253319
-0.7487436782414678
-0.7356731302556283
-0.7949435185419365
-0.7973208682222864
-0.7660336230242772
-0.7718058655361577
-0.7240914445713381
-0.6791109694680926
-0.6576609614325092
-0.6109273222489267
-0.6094861076820156
-0.5327860981315184
-0.5085386864069977
-0.4917984340692647
-0.42761824639370355
-0.4137474541319508
-0.38364555798821814
-0.3746902763295967
-0.3279984078509496
-0.2966564672932223
-0.23513423290914218
-0.19732671638628396
-0.2185797000912935
-0.16349843345508386
-0.09978613263141378
-0.09730095785191713
-0.03719598468948364
-0.025007750916457693
0.011581750575092442
0.03558659429457006
0.06439396282221066
0.13635791789552745
0.15202945967113435
0.15967826031680776
0.2029362473537891
0.25329172382991905
0.24205224767833738
0.2499107883639567
0.3490714828590499
0.3919339227858727
0.42012727580026504
0.4333049219095603
0.4716939617301789
0.4950914334644105
0.5482059885724035
0.5353542882353547
0.5856263002075001
0.6225463520733182
0.5783156637898488
0.7013713823349846
0.6872294140208339
0.7676052239628067
0.7627978347280664
0.8037626867996115
0.7906321926140578
0.7184418567573445
0.7514132002343743
0.6642300964159402
0.6716346229936357
0.6038313497143438
0.5453876026074131
0.5521468157601246
0.5195143119642219
0.496017981614709
0.4705033699512981
0.4357533418065564
0.38912380669138447
0.3631886912008242
0.3397157851748023
0.28052963279474497
0.23928356838636283
0.22902546479278138
0.21292047484042792
0.19247411058663258
0.1499582304047632
0.09162024055969076
0.06283768222036797
0.021959673893589365
-0.004578612502050612
-0.0778406520346556
-0.08371149170534836
-0.09565723664124794
-0.13498936924729094
-0.1922842415329991
-0.17517147858920357
-0.20868200445260865
-0.2811015337893285
-0.2846726872604609
-0.2958795469571948
-0.3499130458502865
-0.38107121071295624
-0.405382070169379
-0.45908624686559074
-0.47802752828640777
-0.5063883267341605
-0.5665263178753707
-0.6045849877183284
-0.5689090569732209
-0.6626824682682749
-0.6718195861397214
-0.7074663396712788
-0.73828201407702
-0.7714824179845047
-0.7876817700984617
-0.7942559995131157
-0.7698844630866486
-0.7226399685078784
-0.6660875308767661
-0.6451523329052458
-0.591012410755142
-0.6157722654061382
-0.524382348261683
-0.5118399003408657
-0.4980413651100951
-0.4614951747394967
-0.427135796776808
-0.41649441787092095
-0.31191942546833995
-0.32703185803657925
-0.2656125195393335
-0.27884639622590096
-0.233940476375671
-0.2058970358329571
-0.160026885270739
-0.16368074085271686
-0.09765267938041167
-0.06765801768634164
-0.039737426279497425
0.010038286255136648
0.020908603650265666
0.060708290741409696
0.08427001389389481
0.09653770560487249
0.170403417883759
0.20291511392268213
0.20478309533376304
0.2737320384793832
0.2850005524870529
0.28264149765935603
0.3647138727802208
0.37871961640485424
0.42370616075054396
0.4280080952612109
0.5105473641539772
0.5161747755615917
0.5495127662520685
0.637826929017711
0.607166604896916
0.6551155604556066
0.6679149069210385
0.7194042830010805
0.7062410398870996
