-0.7339172634497666
-0.7568712455188704
-0.7426342650498536
-0.7815568409392312
-0.8123535212999857
-0.7983467852108194
-0.8233063579676874
-0.7774997596071354
-0.7158091733939222
-0.6395385118760072
-0.5221445552681713
-0.516558758525603
-0.3750950096558411
-0.3231783917071225
-0.2216941315610391
-0.11988491511478114
-0.023319171115263666
0.05973219438430232
0.14987810693587914
0.2551484533849059
0.35564160685125484
0.48661772513571594
0.5392087623159154
0.6008776636167027
0.664806237609504
0.7504265719336286
0.7852960840550575
0.8209676124500809
0.7787681401661071
0.7991513342385346
0.8064251304645619
0.7854080426100284
0.7486487722908909
0.7195052525962637
0.6251955021711432
0.5467578813750306
0.5049669211601849
0.41734926859007243
0.33556031891524823
0.22478061208587624
0.11189079287302625
0.005038669303451763
-0.0872653413201988
-0.15808161098196416
-0.2882572397984928
-0.3635043718185015
-0.44895980878804836
-0.5322237502853722
-0.5908709727544039
-0.6436253254912997
-0.6620954730243598
-0.767201099800578
-0.7818167429375805
-0.8048831167311202
-0.7801044177894474
-0.8012511852742448
-0.7615290169519481
-0.7062161747969836
-0.7142033366401885
-0.6506138324062337
-0.5567302728047486
-0.517428055075809
-0.417584591654592
-0.34865363831469603
-0.24131205263660865
-0.13951007794034362
-0.057311779085022836
0.08323478101453369
0.1736051423849411
0.2836473746690745
0.3400772554091536
0.4551429702246331
0.5545432346816895
0.6096387754234388
0.6728507365663384
0.7048308491131466
0.7479984762918434
0.7671731568854611
0.821666877716975
0.8066338038860137
0.7959944763755413
0.8055665494753588
0.7200389981394703
0.6881560014096662
0.6465752267550664
0.6044971203071557
0.5248485674307635
0.41748708001211315
0.3302414263344314
0.26370257835649213
0.17257384076458943
0.013474598118277888
-0.051621346888599845
-0.16308610692015293
-0.2755387391482341
-0.3896297908903413
-0.4456341743432482
-0.50676949682187
-0.5922738155267716
-0.6848937475640582
-0.7341769058772502
-0.7627876415218843
-0.7922132455553692
-0.8026043317638929
-0.8052314087771265
-0.7958125941489397
-0.7695813064213737
-0.7259124352072043
-0.7000681688248496
-0.6322752641412268
-0.6002209283354786
-0.535553357630657
-0.40438668575579173
-0.29537645786862343
-0.2647664650969004
-0.09806388659857991
-0.07589522786306133
0.05881464798542903
0.15654567391500115
0.22376120774616354
0.37228870032486977
0.4354443735944153
0.5510727746455087
0.5929451661618038
0.653337654936796
0.6948607694286647
0.7733169987660262
0.7871982770205588
0.8070648595661611
0.8027464398829435
0.8127620772230961
0.8171449132838962
0.7534446270787839
0.7446877826104967
0.6658624356300742
0.5888881060704154
0.5089151630172342
0.4270504713065759
0.3845267675195053
0.2778925696109861
0.14516490799680828
0.06923146364362617
-0.06676707694996634
-0.1631195877548545
-0.24667019324224437
-0.31263904716006
-0.4537675703576336
-0.5185992513127724
-0.5731365633242782
-0.6659284763765858
-0.7193447148703878
-0.7506358886180338
-0.7763519256233212
-0.8235345039884067
-0.808999508577687
-0.8153496003258318
-0.8003996553330048
-0.7665102977130082
-0.6841674616593301
-0.6372948534061924
-0.6224312913605433
-0.5429213141565131
-0.44175824958050747
-0.3714213262497402
-0.2651216955669269
-0.1528422322097993
-0.08465959811138762
0.03412485744324459
0.17302596666735529
0.25440356464253777
0.32178443433961995
0.4272753807296496
0.49529135982989897
0.5801645105367267
0.656484017152634
0.7318670853324226
0.7333913334698854
0.7715082879933896
0.8092970118041235
0.8192897793008456
0.7853554200732848
0.829739586845162
0.7734651681751118
0.7441069823622234
0.6407785541141156
0.591024683259695
0.5065034471969135
0.43501049063623737
0.365488192469491
0.2742096558186459
0.18678746107682473
0.04714700862847748
-0.0592739488595215
-0.1414098364993871
-0.2641578664420047
-0.3017675317185009
-0.4350703807305377
-0.46452035466436437
-0.5958639596527722
-0.6280862255803306
-0.7231582782979368
-0.7466046806219625
-0.7876254480427043
-0.7981925775288065
-0.8331171262351923
-0.8176849435305894
-0.7811847174914717
-0.797314114884257
-0.7023721587221554
-0.6478789487841544
-0.6391486619091303
-0.5224655662612705
-0.4360613495600101
-0.34778995928439843
-0.26077090971323313
-0.1682871419507429
-0.06326706164779246
0.007142498097926275
0.14431952207897836
0.2290358130315291
0.31859477937972874
0.4332196537054883
0.5388790428150836
0.5914022060366693
0.6258853683390465
0.6882568728257155
0.7651023011229412
0.7899837377527293
0.8051736466049418
0.8618906016370808
0.8250816250405768
0.780093452374389
0.7670763896589419
0.6970480452380613
0.6739521578821581
0.6109967942650212
0.5244852940517143
0.43726410458086284
0.38721093948737856
0.26289985156966345
0.16857182782263905
0.09652498392182562
-0.0350033399739322
-0.17058952859358933
-0.19916563755490826
-0.34303969869222445
-0.4106137381003634
-0.49099139871539105
-0.5543273251928417
-0.6012237478932928
-0.6366716107666046
-0.7272750482824086
-0.8273134306241133
-0.7773944051212859
-0.7829537199073917
-0.8022429083027347
