0.5202451914123035
0.4529615477921034
0.427961669678414
0.38557534481365996
0.3225312515234236
0.31845918862455347
0.2602189738109788
0.2194211947401592
0.21109805348838487
0.18794896688023932
0.09253020869914745
0.10734037513549391
0.01022855169005582
-0.02587463976340261
0.008927869610672205
-0.062258609541342894
-0.11158386807341843
-0.14285663250345226
-0.1964226193814708
-0.23311906295021598
-0.27050427571835767
-0.32597159217844435
-0.3390764449747733
-0.37692662696532253
-0.4120565007923908
-0.4363995188622991
-0.5143448835924256
-0.5389963901178361
-0.5516433852102581
-0.6092565796992844
-0.6722116929978447
-0.6690127370190265
-0.7278990994835216
-0.7502299815304226
-0.8425778666095608
-0.872333907909638
-0.8844190721802107
-0.9297970979273881
-0.9787297443319801
-0.9246882888323776
-0.8871404140973319
-0.8622500545614464
-0.8298226317916871
-0.7813925868041695
-0.753068951923349
-0.7079587631463387
-0.6607764889927439
-0.6007964727236986
-0.5611245424473014
-0.5447343387108945
-0.5025806870690018
-0.4682448926571734
-0.4204404811310865
-0.38223825183807875
-0.3639333356133313
-0.30139654126671855
-0.30199280410507134
-0.213153346122209
-0.1780748670453307
-0.15760560146174946
-0.13648311059773402
-0.1051308337056598
-0.11579730102543091
-0.016217167393123143
0.03836799921926938
0.09971332220295474
0.10754113831996674
0.15619506982545897
0.1674825257303515
0.2293770843808804
0.27758094812854606
0.28957434350686734
0.3406091094392646
0.3849584538285924
0.40637456802031585
0.46374678414768583
0.5096684464625905
0.5625766962180079
0.5779661627905106
0.6218465625902325
0.6316479355124213
0.6903221043543688
0.7393694382681293
0.7818004208638808
0.8060484188118351
0.8756597555808323
0.8598776955890369
0.8922448899521829
0.9470732151783112
0.9601722126159146
0.8914188068549003
0.8580086626868945
0.8010527133404222
0.7628482111923759
0.7309570302780903
0.6923206292502426
0.6666786217950401
0.6221992463118651
0.6075723362494397
0.5497312933156234
0.5508514929788946
0.4683330666707402
0.43297099300766656
0.3913691718099051
0.3780833530985097
0.3093046955354448
0.29240520057448155
0.23542294569260244
0.19625426924348302
0.18457552772475777
0.1095929452968997
0.11623498635972133
0.07774460456462387
-0.00887284919682425
-0.01199992692739089
-0.07236921282957064
-0.09345733156770765
-0.1042180192945105
-0.18998379200775342
-0.19508804947762787
-0.25101017074021276
-0.2993757203652213
-0.3380977203803327
-0.3647168963873252
-0.425699887923525
-0.4205397599296236
-0.5021632940385536
-0.532737799146703
-0.6035824772750464
-0.6057316405424427
-0.6155504439055033
-0.6945864992496367
-0.7008038501063765
-0.7996596499661203
-0.7944115507971731
-0.8381539802515593
-0.8641011699324759
-0.9342598148306537
-0.966318800911747
-0.9066907997088165
-0.9132219002928263
-0.8671209242918202
-0.8160815213513377
-0.8100300375584505
-0.7273448975161435
-0.6981227947110915
-0.6628472237221251
-0.6224793623250794
-0.6109926853711897
-0.5550617458545869
-0.5097030567595945
-0.46182428900904665
-0.4296052234810122
-0.36982036624756703
-0.3547723813572729
-0.33105146373764466
-0.29307042395124006
-0.2704418973906005
-0.22395969524524312
-0.15137013594581272
-0.15155430365839365
-0.12599892274037952
-0.07619658870294604
-0.01261168173320478
0.024808806596689756
0.06216387258027373
0.08294831838145265
0.12001480768851001
0.1914367086637175
0.2017600040737499
0.25854070720058847
0.2850448840064501
0.34281518849052983
0.3286968166054435
0.4167171595583048
0.4348357971746146
0.504808597389107
0.5240082251919138
0.573517500401669
0.6093305206755099
0.6038942772657234
0.6518678736050179
0.7299614429833149
0.7512590519598338
0.7780094333746801
0.8510312125664834
0.8756690607725889
0.9106620444589141
0.9508365229690074
0.9550407565405421
0.9284496776809927
0.9342346484424067
0.8310105593378584
0.8256841077734435
0.7093146102708542
0.6939763586395602
0.6659520424124502
0.6458831287495297
0.5717477216742541
0.5358165103945702
0.5548313907290152
0.4685414644296313
0.4130556306875451
0.40204214604919963
0.39501439575422415
0.3152449042775673
0.2900841619967552
0.2507057693772217
0.2170759090622504
0.20969597762380868
0.10496677774906918
0.1256037482019121
0.04449069868622357
-0.0029847363768359253
0.004667802483054373
-0.05016250620272451
-0.08385036561982984
-0.11840576310501519
-0.20905831510248518
-0.2355123605467295
-0.22365095675656596
-0.2975855926580296
-0.30511789237488374
-0.38426153497596
-0.4246699042693962
-0.44445594259151133
-0.48440562355933625
-0.5171944262250641
-0.5489252236058656
-0.5859162259052343
-0.6801914411774446
-0.685648193839517
-0.6982238774910624
-0.7764665569507071
-0.7869961084915026
-0.8601934967072692
-0.8941010315558048
-0.9305369191082252
-0.9535029366695057
-0.9316246646928112
-0.9344720322286025
-0.8652652144351747
-0.857261251829638
-0.8334437041731184
-0.7552684555277392
-0.703058906598715
-0.6888973724569385
-0.6946417249428991
-0.614376710897078
-0.5837729007825841
-0.5376705615569767
-0.49064325669033976
-0.46239848473310985
-0.4481641649700155
-0.405795562920406
-0.2842942104209447
