0.022684760106179508
0.035641120152443174
0.05473964470827584
0.08307907554460052
0.06850226884134548
0.07955715391527876
0.12583490133166578
0.11471630026816809
0.11975950959742632
0.1447120078986365
0.1348013289056177
0.1405027983146288
0.1420355418301978
0.19593454771400762
0.22755304601651327
0.20248734331117665
0.20224040405497518
0.15978710293522588
0.1612868996159148
0.15528109375219717
0.13020391587349328
0.1244278128440928
0.10934123690562472
0.11274284151391042
0.08138229831456215
0.09239951727721564
0.06523551438566366
0.017250101448533083
0.041766228320270514
0.04607462719517289
-0.01410153406478759
0.01144821962044753
-0.0266183896255146
-0.025114365850914817
-0.03902438859402783
-0.07139399864701275
-0.06318482150865797
-0.03350080103054453
-0.09121406975698415
-0.08048783887536248
-0.07285507039952281
-0.14603772674086635
-0.15025215294007443
-0.14518079814222976
-0.17320335857942476
-0.20503981193605916
-0.13545650209173293
-0.21731105415220542
-0.21993602412165852
-0.22065024233068706
-0.22541872169678262
-0.18319771840467197
-0.17270648422640858
-0.10991978008733043
-0.11347693714738633
-0.15188487741568565
-0.1341065863196041
-0.10559592681078848
-0.09321246023170754
-0.07846474392736859
-0.055995695970136684
-0.0532956501238967
-0.03461237307754088
-0.03047550539888214
-0.04462970254737842
-0.001617165903377722
0.022847320651524027
0.03608339048450429
0.04176151429197687
0.07631694404979639
0.01832275848378668
0.07837647056249955
0.09211186743401126
0.08452635733122588
0.09836808244432231
0.1205480645231721
0.14388764637310633
0.13426203730480082
0.15832193212460813
0.17677576224039362
0.18390916473699914
0.1764584070615031
0.17950310914952097
0.1937450628925348
0.162748749950448
0.21586728595204296
0.1189933360481396
0.1287908964736469
0.10963190150659274
0.13509315750281914
0.11357991236965527
0.080033090574407
0.10864421413597142
0.08636630988702022
0.06557635241873563
0.07131341231035523
0.016720950829712963
0.0035594201383176774
0.020912506804280938
-0.005657898066179077
-0.025275440965927164
-0.029026952478258997
-0.039918533001521754
-0.07568956674452292
-0.053782745608927596
-0.10533290872030307
-0.11668064171807385
-0.10761564851630001
-0.15122161051928312
-0.11581587644853097
-0.1555458876559166
-0.2065242820451148
-0.15831802113638493
-0.162180342477481
-0.20796762944005798
-0.21276316588136288
-0.21042378961010158
-0.17671713092961303
-0.18585775638336707
-0.17434115048877646
-0.1392437196623034
-0.1486135697160836
-0.1341207116663464
-0.13075043589362745
-0.06662635512540904
-0.1132050853187827
-0.07006781167266474
-0.10114099890731043
-0.04656041990606182
-0.011153952776680486
-0.013757368267753714
-0.024860324591788302
-0.009996540211942047
0.01652466528562171
-0.036528288297489706
0.04865399365321609
0.05127510043203936
0.036805363087552445
0.08480368918980383
0.09682448105577084
0.12695954009686886
0.11875752749917223
0.14501396864599317
0.09879532974145366
0.1837026528519735
0.12217722388437516
0.17451170988604817
0.21139891097995353
0.20020155339069046
0.2282857259778067
0.2169543503463397
0.1761595712810682
0.17416912383339844
0.14754696408041854
0.14492597724141115
0.14624871998308128
0.09168321602894636
0.10670160961020031
0.09615844199315704
0.08590175356921763
0.09096017954482977
0.046072690091757455
0.05652315165410754
0.031552029167805445
-0.009412385929474382
0.011399190409591323
-0.03011858889254143
-0.035786113206570234
-0.017965517536670243
-0.03446505658151031
-0.0865827819110937
-0.08759455155892398
-0.07136483039684777
-0.09482920715606742
-0.06895586376669946
-0.12311029170026405
-0.16806450929093103
-0.14747099328567023
-0.16250757237810362
-0.1554933952281256
-0.16999396936156966
-0.19614020087200376
-0.19452612282158302
-0.2014639846340571
-0.16421102432589957
-0.20161201392778652
-0.16366676551691536
-0.13800596654691263
-0.1378749116574266
-0.12094705186883563
-0.09596851898274296
-0.10877517213779705
-0.061284305400703495
-0.09745988755252713
-0.10373314485357707
-0.06950494841073664
-0.03793366843001384
-0.03412337022220659
-0.043495747856892274
0.03306333737484463
-0.003360140803093716
0.06203764192797323
0.021240629288275463
0.03257658476687657
0.06603635230415515
0.05376740585074305
0.05391078352595719
0.11725638463068558
0.1155352816245015
0.09366056059957742
0.1543167719454585
0.15281290320694252
0.21077178034498129
0.1807179745479617
0.19611620122056186
0.17015809304592946
0.19373719701973346
0.18197867043479435
0.18766614607865953
0.1638010901796899
0.13881478021089982
0.16868090134256367
0.11513824178191066
0.12320513873618072
0.11318870927503191
0.09663048344300912
0.0843625687739336
0.07280493495808951
0.07682417897567433
0.03487930899616313
0.03224200845301664
0.012132329479023467
-0.012766254218748933
0.0002648990437381527
-0.016303115412879033
-0.05026881257238626
-0.037821929777174704
-0.04059779634720728
-0.07083785272894252
-0.09166588767544048
-0.10173524292637934
-0.1181859238868691
-0.1602770073592139
-0.11034667043977803
-0.1450950040537189
-0.19327942013995592
-0.17221375956014195
-0.19181576315993185
-0.19057639413817187
-0.21457304837916222
-0.17468609523472978
-0.16222283488537656
-0.1647928977178789
-0.1464893514044573
-0.1196766898304098
-0.13109305366105004
