0.2634997218764422
0.2297802435449876
0.09107754009932756
0.07708268538513897
0.37639439051683293
0.5513156304112522
0.2284059959400464
0.2579377798958774
0.4659068416162482
0.08839464461540672
0.5826428848692787
0.5449171187354107
0.05461606670487521
0.0347418488731555
0.5626426878002443
0.23552415789136677
0.4473393055348928
0.5729847282243976
0.4807938077162689
0.06336067954178476
0.00760077501330025
0.3594850107128232
0.453352855949296
0.2784116729009009
0.3828680349545461
0.5361186695598232
0.3955003272381405
0.24959096995981325
0.34246089676332503
0.27253276503358254
0.3404174375860115
0.18929957557755228
0.39435649731419825
0.31753052061445586
0.43307305869663626
0.37123165098707134
0.46838683316191426
0.1154129212423322
0.49859444803502023
0.5820544586215833
0.3599209639908053
0.4685488388331801
0.42298206338219246
0.2590831891003657
0.4098317207634459
0.5485870093870473
0.1051100962816149
0.4219357961861837
0.10636716984856465
0.4413286249644737
0.3354245975201669
0.5915306117958696
0.10578002993208468
0.5073987180114174
0.014655450628228133
0.5000038833944245
0.36954872904421404
0.5025860630288635
0.22929488539615028
0.1793171430728343
0.458185928105483
0.519629602442676
0.3511021015293264
0.1075256682226039
0.04497318413480283
0.2554320230527358
0.2665438808357457
0.09534759316861371
0.12119752928895887
0.12906568357479895
0.5378129326342843
0.5487434288883553
0.18775653812070847
0.47910546533666315
0.2591999798845436
0.11914112076131325
0.05002459244805511
0.25369844095357785
0.5261620166466553
0.22055075268128738
0.3966457386232523
0.21416923060939524
0.45943781150452295
0.2030911542211875
0.6269921484608829
0.370844332976137
0.3607222633770508
0.6060663203575659
0.2309988042612739
0.1922891628984394
0.25384174945749793
0.5943204115058109
0.3274251106055373
0.220994926933963
0.5094347236309211
0.38796405516654003
0.3891524168090435
0.26294573864226684
0.19920675501839208
0.5626690456354739
0.055665223262016846
0.2245037247634837
0.4198904796518347
0.16172234763526994
0.48455512750151797
0.18901772230502953
0.17054114662759884
0.3988419049356619
0.5516135641939234
0.37039300401634684
0.14142747220727303
0.13721778683952723
0.033907944100169556
0.2551323863511769
0.3486829351323044
0.486883474275441
0.021834758636715423
0.2808484958097514
0.5730166221636724
0.4357394943839157
0.1527624681887837
0.19679567426755104
0.36417260960509706
0.22037943516514596
0.12197039875864954
0.02514554790193717
0.29012807730323054
0.20201520654098393
0.26873166543860766
0.3097558580913165
0.0058736769349248645
0.21209355786980635
0.25622831320256007
0.15091057336066854
0.09447874941399098
0.40636489880449256
0.21564955888152987
0.162280497884907
0.10514121592406761
0.25279377856827245
0.5471122679992726
0.019886632224843135
0.41075198802242635
0.391388992390038
0.38519697266388836
0.5856187258090029
0.036342171626158784
0.03272987753971092
0.15917654702853343
0.26167607802702086
0.52369465152382
0.43168158852395905
0.34435379749544415
0.47003026585611063
0.49067015305542405
0.2748527622782713
0.4128845146976965
0.12033116794239385
0.1387033741752171
0.5087529594673245
0.2514995906676511
0.42397667590989147
0.13076365393728667
0.4079395541742565
0.4694671526379148
0.4777448190910131
0.26374121783598325
0.08642182297462464
0.40367228928760185
0.5892759424864323
0.5887445244900787
0.35016485525032115
0.3023992039925853
0.43398045614058434
0.10005007751149016
0.43752186537235693
0.20341989939345906
0.3879133597667167
0.41347255497089397
0.1355174983929794
0.37468725964508687
0.06210160000918584
0.12049794072948726
0.1356054914740403
0.10594142040048982
0.059809465288239924
0.44145459261087694
0.5769638127663254
0.2079663687046085
0.5596506467948125
0.5264805565573237
0.36583752428345334
0.4290446578515585
0.37592062043768737
0.36026892729987525
0.08247272940034067
0.46528455154219667
0.19050488009877445
0.11711622636523489
0.3223229768909456
0.15486352279810472
0.1552325787263226
0.39993189449243
0.35291622123923877
0.4266458226882025
0.36466881993456557
0.5085036865645263
0.41222938449241
0.28120223443107656
0.07939349822776559
0.22356704432503782
0.08470375470782499
0.41941565271245485
0.20815307697751648
0.5981228442116595
0.25086941087184034
0.2428364491838014
0.5758510576441006
0.03123793391148335
0.3712739132912355
0.5677385788723452
0.441321534584898
0.3116712650778289
0.3639350780590179
0.39347139299884637
0.22228619781278558
0.22053223193199817
0.16451033628904319
0.5250507177153657
0.4124207753560232
0.10816845061586883
0.5618446679759034
0.2474885604661235
0.6130213437138204
0.2619219671155147
0.6023485227473189
0.3304191034305266
0.09517095390269126
0.5136171833529662
0.01957675731918792
-0.0006579073647736307
0.11601719487937572
0.2657438613136372
0.3940134482566473
0.48859995179582694
0.543185400217174
0.2601363082774814
0.34497310914929535
0.13326265307440568
0.1882012621727691
0.5730727040178588
0.27796478995704615
0.4309989758919456
0.5476478152864699
0.011477683505723334
0.13931009295488564
