-0.04196735872299303
-0.04802188343752313
-0.021634708446625114
-0.08348622011390473
-0.15410273920568368
-0.09046079258062906
-0.14744352160538648
-0.1721239398024993
-0.14941144173808749
-0.15203813894060064
-0.2050839283920616
-0.1889062385864816
-0.2646892444125461
-0.2922211339238848
-0.26195636616132084
-0.23964773732203568
-0.261296738854569
-0.33798674617812957
-0.3071553448316791
-0.3699595847661488
-0.36625593477943297
-0.380395921368577
-0.4023341357692704
-0.39404459210619974
-0.3941581231353702
-0.4325625395961209
-0.4514072724735507
-0.45263002141603437
-0.47947772978114106
-0.5237590375536435
-0.5042946603638164
-0.5093473803963537
-0.5356657755063795
-0.5956515142557778
-0.5389280188964587
-0.6203139962971363
-0.5876918021958212
-0.6388637095706816
-0.6511799377561458
-0.6717357024070524
-0.6708281207181477
-0.7122884984861048
-0.7257249978681355
-0.7311276507772535
-0.7581525800016748
-0.7224509321096383
-0.7468959609041784
-0.783786209156823
0.8465595765499563
0.7806802995837845
0.7482114866911532
0.7233177370756865
0.7167807901776314
0.6795498051629236
0.7167432745915746
0.6684528403705607
0.6692807641387631
0.6583510387445862
0.6518637434476063
0.6141178445916677
0.6151676962404696
0.5671401889681847
0.5887018018830721
0.5673621092915441
0.5786264518333591
0.5368913363356119
0.5071440635581976
0.49502720743903966
0.4665464186000141
0.47973151836407846
0.469765847342192
0.40798246229336677
0.42136389047699296
0.3938881896406958
0.39845700323105093
0.3768247343765287
0.37276515299595625
0.3280724705386026
0.3277102353256205
0.29110340883792335
0.27242904564162074
0.25263208806053683
0.22458914863706886
0.24444407318635197
0.23016146604211635
0.19432948146321655
0.20922760668018964
0.15877777980444652
0.17097734282057472
0.12373744242825643
0.11716350802952671
0.10654319363478248
0.08646689107885167
0.07922093599809005
0.055505315511221766
0.04337476320204209
0.0704958995459034
0.01926155735207491
0.013220614192853591
-0.030187104641210712
-0.009584133177464083
-0.003652663986772914
-0.03627230169851024
-0.07951539197951231
-0.0865146693199995
-0.1054758519631209
-0.13264905655460224
-0.17568831020171824
-0.16055124563188367
-0.19792599602853758
-0.16196574000224598
-0.1847012068016196
-0.24611125674819537
-0.2229425669197834
-0.2608596652867311
-0.2788359399143189
-0.29512554827518556
-0.28479496597854387
-0.32953915999242334
-0.35789974096812144
-0.3281106696727094
-0.3966900629711711
-0.3477890926392815
-0.3984870064251279
-0.3986322444965895
-0.4401206677356632
-0.45825548225357593
-0.449163569260158
-0.4406898322224558
-0.5217513643282436
-0.46639782312173766
-0.5687151501967558
-0.5777105399078241
-0.604771651072889
-0.5705106448690517
-0.6347148745892751
-0.6306586764440837
-0.6307773490044478
-0.6270375878393696
-0.6310666866620471
-0.6929784268062321
-0.7086037899840788
-0.7227374246287723
-0.6993671655680108
-0.7445216117766068
-0.7263661582061933
-0.7602914910740397
-0.7810565896302256
-0.8164056101614415
0.7637299536064021
0.7949239636293549
0.783074633030411
0.7506542079313572
0.715118346564354
0.7062919828914631
0.7060676792439787
0.7004387356597326
0.6592466314157276
0.6305714927232686
0.6330171113450221
0.6436528655722484
0.5786056628767785
0.5920862159295233
0.591154479635606
0.5555688643107369
0.5054616027408689
0.5055027914059362
0.5081667017037096
0.47675763711777913
0.42412980059166266
0.4975041151417376
0.4712899487896777
0.4168961859629437
0.38884595789659243
0.40397043120495596
0.36040978466441137
0.3581467635844225
0.3018945945600304
0.35353052149545783
0.3101271841800519
0.29170306537829993
0.2596962834820709
0.2686848988657235
0.24610312142453414
0.24225121617214745
0.2068774459883753
0.19371454664810617
0.16187887690879266
0.16318639231401233
0.13490798697943268
0.13251641093083844
0.11769987362580447
0.08163409880484597
0.04977831626318122
0.046735682378852075
0.029160551937997197
0.0462599661343919
-0.03043499623812448
-0.020935733145225108
0.0051679198341907946
-0.03035164113086757
-0.07078569616768376
-0.07983818616681604
-0.08690658070961789
-0.0648687342592927
-0.14102768571347515
-0.13271227084044707
-0.14060395157222472
-0.16547981750856067
-0.1870001849224367
-0.20325388795238042
-0.2131826772395932
-0.18314625404286894
-0.223099619318591
-0.23341502498264363
-0.25902369089158744
-0.2929580539584428
-0.2992669730235138
-0.32644901714040747
-0.3173098299362327
-0.3756273928338868
-0.3652956105028324
-0.3830263171302784
-0.37574055753311003
-0.4303408674977282
-0.4692595187259475
-0.45015335505755477
-0.46538544067114557
-0.4887370105143942
-0.48390105056119365
-0.4996109191447366
-0.5308127264470444
-0.5615922028472526
-0.5869242506790859
-0.5597643007741111
-0.5672084069616145
-0.5896043028843019
-0.6331161612312903
-0.6403811593030153
-0.6304190221661001
-0.6610417346817581
-0.6715150720334743
-0.6798648941613241
-0.7094168335843288
-0.746843427968883
-0.7488314427748985
-0.7580674260166824
-0.8084438849916161
-0.7881446482955072
0.7987555879822833
0.7742112993044701
0.7764966351894328
0.7560052747500384
0.7338476262887328
0.7101932041223277
0.6992864047048601
