-0.0664185340702747
-0.08800649069891622
-0.037946578399154926
-0.10539424694506658
-0.09589819794845264
-0.0836001308682882
-0.0949764748044024
-0.06486340698316177
-0.10437176323781859
-0.13986097279809526
-0.08431088818914456
-0.11180330013894382
-0.05223411495751534
-0.0991899279652103
-0.0912132536823862
-0.07937941350347873
-0.06512873271924949
-0.06178446822727306
-0.07137009908121777
-0.07789356422173557
-0.06476376054382242
-0.07076953081165817
-0.01851667631615373
-0.010475173648892389
-0.04416843982049006
-0.011351352509638243
-0.025980520087658134
-0.017205908774261806
-0.04991086236089859
-0.02925062824767529
-0.019979463714763418
0.014475864328366115
-0.029896039384680086
0.007432857836956915
0.008406475396637428
-0.02457451980005726
0.010029649706409492
0.0036852501697375462
0.033485452177197415
0.02132007468629706
0.018079807076081447
0.06275015076506826
0.035521268888034696
0.05108424519907443
0.02240332401315681
0.0621762296985784
0.04912030599071411
0.011211942739681
0.01960802035751228
0.055670715691597344
0.05007576508889386
0.05198522223779976
0.06120577203727291
0.11103442867857359
0.07887035050141594
0.08095138043587247
0.0962936424055432
0.05317184307330828
0.11542834290158432
0.07951594944877864
0.1514543163394248
0.10055338077215063
0.10424964424495528
0.08900686418697464
0.10031689255272389
0.11162953970573808
0.07359859920340446
0.0979173943347519
0.07115158455331941
0.08514869617828195
0.07966047310009791
0.07668749133155554
0.0432658586832867
0.04751433052515024
0.0567661915011146
-0.0066423575525739395
0.007702333528664861
0.033009752952437604
0.010616084972785277
0.048301566982051576
0.013908072835193786
-0.010485980452726909
0.031669687931313896
0.04743965139490976
-0.024491823580717838
-0.01046927823486742
-0.0017405619370468852
0.02156226263771254
0.007536913962735366
-0.024950309426015387
0.005039106961258526
-0.04939825198454417
-0.002409779484180856
-0.03522825595083257
0.0065925160034850105
-0.05674657615823155
-0.038083031391754944
-0.07502013301460624
-0.0525335916814885
-0.06507801896632875
-0.09139170498735502
-0.06910998816636911
-0.05548051088700215
-0.06440548638531755
-0.07113608533427594
-0.07664840768578164
-0.08269996175558912
-0.10785387855516902
-0.11197070655814646
-0.09875078672287572
-0.12025257544121161
-0.06799915134904846
-0.07741321874603661
-0.07003835105928044
-0.05988418221809539
-0.07153529059210931
-0.07374086534993811
-0.05836592643425888
-0.047461966713278736
-0.05163643121688984
-0.05938389886095543
-0.054330426631944734
-0.062228309432628796
-0.06432191425163014
-0.048436266390290104
-0.05611449736446536
-0.01055848699944777
-0.0016313131301857672
-0.044713645405938376
-0.032233594779330965
-0.024985649720508873
-0.0343981209710194
-0.015527374789029082
-0.03212467347234818
-0.007535963047836746
-0.025737611400414043
0.0001642927867811306
0.011306467131932334
0.021051410392857288
-0.0050142307465997
0.03549387023239714
0.005964656118357774
0.06744358316258678
0.01957562150542609
0.044094422384719556
0.016868469456061342
0.0468046947891757
0.06581372297984577
0.0701714578180127
0.07482409041123197
0.061232285271352334
0.05971292142269637
0.03577225750801777
0.08703512177465567
0.06800811584781924
0.10055202537699673
0.08561183106102088
0.07936876185931141
0.06393239655242627
0.1103495723776481
0.11131708771114836
0.10719773918753647
0.1102454045610305
0.07796854686505775
0.11487794312204462
0.09658793645978248
0.081219130964526
0.0936612315328526
0.07987338617641512
0.05683360022425983
0.0620932091482914
0.0767038314398277
0.02123858086292747
0.036183695151284945
0.040617412814311936
0.038302569009977416
0.03523065427503418
-0.006246363637533975
-0.0050024528269446596
0.03361405328165158
0.001562957952928639
-0.0023654044923893894
-0.018289679176002424
-0.016013058076980898
-0.021471138800695833
0.027772537823089073
0.006370404847051229
0.0020278418426378873
0.008508750634701209
0.0033987566777399225
-0.04079381165720529
-0.03223830834505303
-0.051252030134688736
-0.015707551956739462
-0.02754013230474963
-0.049874726708009465
-0.04797591190122351
-0.04243044025971204
-0.05347548698078361
0.006455407402033084
-0.019074142634552302
-0.058631070847309744
-0.07678567339531482
-0.08388525024144541
-0.08351629416046101
-0.11745731004911078
-0.08731991968897326
-0.09898956581123128
-0.12427439475057991
-0.07568737037753684
-0.11000173457380331
-0.09918661300661263
-0.07951977620450805
-0.09771667993671451
-0.06379170523953354
-0.06624285272030683
-0.053413574295063944
-0.0728038003956696
-0.02370095168409908
-0.06846115987834887
-0.09280024200037809
-0.08511394611026485
-0.1038212362766508
-0.06858982141250163
-0.06961708881247325
-0.0507708394745386
-0.05660506458750146
-0.0261194971816032
-0.0439881856698359
-0.011570159561243281
-0.010098846686540984
-0.014204421907430462
-0.00443306388589716
-0.028847958619656534
-0.0031232490866660596
0.0245626042450649
0.029079606051081633
-0.02174026453345444
-0.011738620909867626
0.05551284959898525
0.03270105561165126
0.01709719789952277
0.026017724265275453
0.03097816589600677
0.04409005476718536
0.060881933333688354
0.038834230292531
0.06087144378540059
0.04493153226918555
0.0905351610589584
0.10391655278661965
0.07262582404526571
0.0743162894504918
0.07826665877410277
0.07946523928489374
0.04661757883726245
