-0.4624579332415647
-0.522661951391572
-0.5172534220337899
-0.5838524149142273
-0.6373750695822727
-0.7021704468932122
-0.7248818390856113
-0.7551939921869467
-0.7911581666774318
-0.829730835224377
-0.8589972004054357
-0.9418126280108631
-0.927904314812573
-0.9124744832485432
-0.9073991109804302
-0.9276801701934966
-0.9501807429562438
-0.9298726536617287
-0.9538296799115406
-0.9530846681503335
-0.9097958051564952
-0.9336279861393131
-0.9304835734824844
-0.9005079331488467
-0.9109682790942653
-0.8505179870294023
-0.7919125502527081
-0.8093503982227375
-0.7700199617573082
-0.7184716078861982
-0.6746707555311076
-0.6543398751865716
-0.5406833720283856
-0.5573778164507921
-0.5336415728046884
-0.4365381357297183
-0.39300842460482227
-0.31399033721138014
-0.28795786198608886
-0.2075201929730165
-0.1562757704549465
-0.11472152354027891
-0.06347986689563692
0.05269716428101298
0.08107847128676897
0.15955448421554314
0.17314402186303562
0.21608124083888955
0.34012166801877897
0.37210932767209537
0.42118100859552704
0.47406177969308744
0.5627627728481632
0.5772848667914248
0.6037840582190919
0.6804419648048716
0.7073848726529633
0.7839027495945572
0.77461191211853
0.7839831885636362
0.8744482750621752
0.8613047434147415
0.8913532656943085
0.8876302732829647
0.8965536000232264
0.9785592233385143
0.9731357694983888
0.9308541017430405
0.9516441382553396
0.953576871958902
0.9345507897976184
0.951026426627494
0.9085726251935655
0.8984846912521562
0.9048636469882868
0.8624790410487879
0.8239922755957219
0.7733453944911614
0.7458622206685889
0.7146199299760663
0.7008644866795951
0.6423455901505771
0.6153946495930558
0.5383195084688424
0.5362813663922196
0.4636221357990424
0.36804537008543164
0.3244205748443307
0.3194452940773737
0.21734434140941766
0.1951256458638166
0.09849383552580891
0.04261843640188907
-0.0070773593104567
-0.07078550578101833
-0.14619576726347028
-0.18992620421338796
-0.2405343296650484
-0.32251470810767013
-0.40208113599168593
-0.4413841222750089
-0.510919971850901
-0.5450011308948748
-0.5739328730127925
-0.6365434475342165
-0.6677896912387901
-0.7240871266459592
-0.769505623991517
-0.7826436024731726
-0.8402562060596465
-0.8333857073014419
-0.878719473491086
-0.8912947711693995
-0.9073405366362238
-0.961692693711437
-0.9273267406699481
-0.9452554000828899
-0.9399886713168268
-0.9830821878580757
-0.9488909539155596
-0.9500579543398626
-0.9105019482618794
-0.9445131053872861
-0.8924592110507739
-0.8830614374745763
-0.8782183498457976
-0.842966870836105
-0.7812244512958928
-0.7800419709342583
-0.6997743812183228
-0.6736699372464868
-0.6761664263795396
-0.6087207358183522
-0.5612710976641928
-0.49866228681218416
-0.48317026612792524
-0.39328940606284496
-0.32582700186033847
-0.2847521284806476
-0.21936128610651445
-0.18338373016582465
-0.13100476844535325
-0.016802834360877223
0.04009388696677474
0.0948391614999288
0.1501880456382877
0.16804977680597738
0.24666898480756153
0.3011071809498997
0.3553646798347995
0.41612613491234896
0.45448731442678836
0.5234327976795541
0.5848592993892687
0.6267538081486609
0.6757543140003857
0.7249824299850408
0.7541746980026147
0.7865396149357405
0.8146200491981253
0.860307176650469
0.8794624810638125
0.9038746053938663
0.9308304515931826
0.9305208379389118
0.9470426570314772
0.9283750957563275
0.9668953255213263
0.9682946271852432
0.9573099717862127
0.9703061634028587
0.9759909051769151
0.9326153997529586
0.9315426386669355
0.8504066131818266
0.85874886804491
0.7843548741341797
0.7866097302160726
0.7561321250519689
0.7192525661338762
0.7046769208810545
0.6580626289692096
0.586607500965183
0.5353444476403316
0.5164335012035624
0.4166386657706781
0.4033109142190571
0.332656595985128
0.2842601281531031
0.20855240914005904
0.15487689806840876
0.09970863379813527
0.03680332194331197
-0.026275402573076256
-0.06713325372079373
-0.09060454682697351
-0.18831296104235465
-0.23990408684153275
-0.3157472905239037
-0.383675835730298
-0.42261568401612215
-0.4846429199687019
-0.5123560954232188
-0.5664192997523408
-0.6450263202340316
-0.6550662114145174
-0.715957725957281
-0.7047321695420833
-0.7570674555338176
-0.8440825209420248
-0.8612616486004393
-0.8435975201958026
-0.8842039964798175
-0.9122276553766284
-0.9165624633024954
-0.9075552938328878
-0.965803467381815
-0.9547973414029759
-0.9641382860063191
-0.9657769454334489
-0.9568996925243403
-0.9948021583872398
-0.9346791729830334
-0.903448502417635
-0.9030355879513453
-0.8676956108314401
-0.8568318012469726
-0.830980457583661
-0.7553663154245983
-0.717865627946135
-0.6540683866278745
-0.633618920205927
-0.5676747254201736
-0.5770017729672879
-0.5156978792818641
-0.4591658632355228
-0.3986188605620451
-0.3197662323814611
-0.29341483000632845
-0.24917674333841094
-0.17651363370699996
-0.09668509536548156
-0.02057167015743079
0.012087731364567233
0.052337548154362486
0.1301713728181747
0.2316631436251828
0.24279180694931204
0.29989642469334377
0.3534788559054525
0.4283262761634924
0.45996171277082337
0.5175476007311209
0.5402764960487172
0.6106890362248826
0.6565271761672281
