0.05440701484545285
0.0871194742232539
0.03827627305745679
0.10773753104198559
0.14608106459823467
0.05810701407792701
0.041932550007971164
0.06775827137704672
0.10013024888984957
0.041127094870276
0.03139823205324383
0.020655650656325197
-0.000762934909003758
0.0067057819556159345
0.09718879466386918
0.061782022465562275
0.004797476357877159
0.10300764592861776
0.12838275274618463
0.08376445519664266
0.11901654349613507
0.08783571596911696
-0.032526300741865175
-0.017860403708448096
0.13907089925272348
0.08501970802793848
0.06618979376738618
0.04675522300133651
0.17667037168145427
0.005096270193322928
0.030832026907241784
0.07222169941484066
0.032248621493889906
0.06652603427517045
0.06131263108855957
0.055273866880025446
0.04381321189441088
0.07691962697418618
0.10268957489250083
0.15492167867480303
0.060894638142788365
0.0838221798015393
0.08016846006976718
0.05049265139486502
0.08751562370177028
0.0640438357834934
0.10254625317089265
0.027286379649344494
0.06358335109406518
0.13750722694573234
0.14733816493537913
0.12986808361891597
0.09580420220959393
0.13757484683579302
0.0811312709648905
0.020126569526013573
0.04148746603884791
0.013535257911971773
0.06800861152513743
0.13858927643046481
0.12312316627284685
0.10001410932198998
0.13566970002250273
0.1318977775502514
0.11399093511215266
-0.004263947376909258
0.10617514889868818
0.09723050226780519
0.02100287431622154
0.11798012423722892
0.07738461395445198
0.06706217446941491
0.03741861650247126
0.014796105082219478
0.1217575443858359
0.11475482017750188
0.08079389940873842
0.15722926400915907
0.12901710462653837
0.10974188754182702
0.13100663767514475
0.013460294468433824
0.031036956325138823
0.0626767806053115
0.010931345580825183
0.0917965236868681
0.04063113607788535
0.1483956712770152
0.15263809141328885
0.14135952919277292
0.03666056861848232
0.021499109906697615
0.07677136562476171
0.08404216474442423
0.07964483414124374
0.03439270739224236
0.09245809010821511
0.06687206250064506
0.00412801398420686
0.0731304049966701
0.11085768825691551
0.1597638832777664
0.04840393174653651
0.02786157765415434
-0.020277592874231344
0.033148897521232
0.08547578172232592
0.15123066478884067
0.1507351919602464
0.051911391219232765
0.051475909513137796
0.08423685652618172
0.054800719131517975
0.05778612246642989
-0.016976762888487037
0.06705596900196933
0.1000003444607666
0.11042297547958971
0.09427031747893468
0.07526909551781465
0.07392208129791537
0.02984300306688156
0.006000772846863879
0.0307766219754487
0.11771482288575438
0.09760503064530349
0.027517939708193717
0.15634915461322252
0.1025575017636016
0.08960300371987083
-0.0029112347710214103
0.08397926080447934
0.10337541513021063
0.04136163484414186
0.011070107095558479
0.12423417626609486
0.126347886908473
0.11248897423199106
0.02659952109945857
0.04786715359046747
0.084229680307341
0.03847275163952936
0.1097022789066446
0.07791877535914771
0.032935932249811534
-0.004971539715866613
0.16467025266609533
0.09964923889645526
0.11463445079883046
0.04232910486427989
-0.02776088358717874
0.006570818441511035
0.12099641897655769
0.0677443501789755
0.026840095037434133
0.0688728181487645
0.0888898938734908
0.12437533762727705
0.016751421012808854
0.12032304353271117
0.13431288295660213
0.009385597270528463
0.07705604019091299
0.0475403936037409
0.03709092900839985
-0.029100463948676387
0.04466745648856825
-0.0013415636804093647
0.020932706496427624
0.1076103622809437
0.14958674209265727
0.07308624682978436
0.15942964632074647
-0.004649965142458835
0.15497812370931538
0.10917809552961044
0.051445269789768745
-0.004902699638481733
0.05284287865170467
0.09184246607727407
0.05222131444717926
0.10427793277858506
0.08282756080027646
0.10134025286456044
0.11164044893193807
0.08007906709264906
0.07256282721542327
0.0411633541229329
0.014141668868711734
0.003254203621950072
0.024769358987413673
0.027065455989645062
0.056691364242334515
0.10730452607427923
0.07552513541094387
0.12859912005537066
0.04642650738131543
0.06768932949459536
0.026089808768656738
0.0668724716491447
0.006082814915522526
0.0399478041294252
0.025882442762075925
0.09372177280008638
0.11903945220178323
0.05247732441084376
0.05458933521544365
0.11897712891534198
0.05986443198671559
0.07537186156250397
0.08677175911304608
-0.0018045340940560373
0.07295727677508454
-0.0018302259943684899
0.025582815445811175
0.1415879790860418
0.156252705487546
0.09674812230809944
0.02235132205602408
0.03339441281815093
0.12820137962591538
0.08367193828056668
-0.008187517956136427
0.0775440349949765
0.0939863348445763
0.09883493035693569
0.061985561622265324
0.05171275783049641
0.08651655294322617
0.12770226293877496
0.08667009780341664
0.033391508808065566
-0.0056399924857367945
0.11206326555682862
0.0647512613594629
0.03338743376741632
0.08623511618378059
0.036347157672371136
0.079102120127813
0.002282274304207816
0.06387526773752915
0.02631222989669634
0.042424718542125095
0.1408677512711154
0.05163454525112465
0.07321869705293092
0.025031850886945827
0.07601302542652531
0.08898527527690026
0.09000656110948274
0.04187697734494208
0.15908871956930765
0.10596548434780295
0.11460986894513392
0.10952953799291476
0.06381373554706446
