-0.11185555315511674
-0.21112424540445524
-0.24698416184744532
-0.35536865940294887
-0.4114104735113874
-0.3942469380879836
-0.333259120618014
-0.21492411244701404
-0.2187029667472903
-0.09974172903368228
-0.05333637684265369
-0.0034688282787315033
0.08624311844554214
0.14727518878417123
0.22566860557067717
0.29816922866914947
0.4013271524144526
0.3955457625035781
0.3919553763056568
0.293757927799609
0.23260112649135897
0.1666223987196686
0.08781172356530123
0.00690146103862956
-0.04704115147766795
-0.12102646329619796
-0.221434868967338
-0.254203915484407
-0.3507042215645511
-0.4171456825734318
-0.41430276627437074
-0.347151620629987
-0.3101496252295387
-0.20502163198758191
-0.11801373641609453
-0.03701292261106412
0.05497743461613636
0.1166498070655563
0.16536135179778036
0.264932859849777
0.29680449403757986
0.37418542667808374
0.4587433023187837
0.344894309195364
0.3048630014990267
0.22939927368357732
0.14099595410342
0.07688916519133218
0.010984452742111465
-0.018809998465247807
-0.12894664710547082
-0.19117969474993338
-0.27759450075765135
-0.34221457390674315
-0.3960058526132177
-0.3792371362099795
-0.2959264811258285
-0.2884374930644872
-0.19687483150573928
-0.09026870113064167
-0.05496753230789632
0.031569659892768644
0.08993824191595229
0.19055716950464396
0.24217280598681742
0.2828833767710539
0.3874521965637072
0.4319308338435132
0.38800015834577506
0.2642035038385296
0.2455192303350184
0.17755962287444715
0.09150783082824933
0.06080862271829265
-0.0634381585606825
-0.11034088930150344
-0.19617305638264124
-0.282289714401129
-0.3244775863666335
-0.4129978389005286
-0.41909129571959447
-0.3584228226409495
-0.2803883796313476
-0.22481605897140639
-0.12536984138035256
-0.04828868623366741
0.02206548448363942
0.07824069292187988
0.14211626459670215
0.2287907323071105
0.2906244172954855
0.3895886786500036
0.4637521838036157
0.3254047983453263
0.2711018587808652
0.2203902389993262
0.1870924810619801
0.10625844517181558
0.023502309000368156
-0.058235510382810114
-0.10932199267392516
-0.19388291416096992
-0.25225962667866836
-0.3466714207913292
-0.4421918149917817
-0.4327267600136525
-0.32500495854109684
-0.2977544396053572
-0.20944416381265277
-0.12771643545480443
-0.04906717748926946
0.04682750727421449
0.09171477353159489
0.1324993854806079
0.21922839190078328
0.25521413117498265
0.34512193378638417
0.43780245037230947
0.3685238139796861
0.3298869069763632
0.22319783354714262
0.17870056756980102
0.06365541202155206
0.012355629837127343
-0.030492970132490943
-0.12515927536987148
-0.16575825496348728
-0.2473197378648519
-0.30773047284677923
-0.39078810519396473
-0.4001823664340776
-0.3472424077766488
-0.29173530632971656
-0.21109407465254743
-0.11662948558636596
-0.06211027036422125
0.015177772109134718
0.053906764166602034
0.17558421418124923
0.23683663869255506
0.2939169877309369
0.3219679485631446
0.4271231358842499
0.41166131406006595
0.28960393456183914
0.2272091061514647
0.1432127726729011
0.15427032539822702
0.03270439696806183
-0.03836258109580015
-0.13640980038164524
-0.21391405971758976
-0.2594692333212406
-0.3367662111121675
-0.3625504003086154
-0.46332858378074526
-0.35111853642037977
-0.2994329129672182
-0.2252938538051601
-0.1498747670949754
-0.09631000543013032
0.004241539994738426
0.10503571005486709
0.14004270062870022
0.19108638922620677
0.2911227929411753
0.3865665183940568
0.4019700724432398
0.3652573824191653
0.34799502492924095
0.2526719570793647
0.1840477507889821
0.1011032891075361
0.049823365265506465
-0.07483504259948402
-0.14361465582242067
-0.20095131297238195
-0.2344448396993831
-0.32059346672173755
-0.3770031347946329
-0.43547824730899426
-0.37435096278295504
-0.30452810770922417
-0.2223590553657242
-0.13672929526692984
-0.0762241392980854
0.0063298325232782
0.07090806454710252
0.1426484144373417
0.20393028984482292
0.2965885180346201
0.3704929695044788
0.44088730630402245
0.3539854974739709
0.32364643626442424
0.2388172908289205
0.1653385273168803
0.09110470428466744
0.010975233825898444
-0.057608979913694014
-0.08641051949875024
-0.18433545452283673
-0.26090783765981707
-0.3379922006392743
-0.38546594060669326
-0.4282366785806819
-0.3645185708755197
-0.31101109661258713
-0.21100953457035235
-0.15473637790770228
-0.06064861038200946
0.02405888054569021
0.0518697425334729
0.16149452253366034
0.22846768496393988
0.2679690967591231
0.340851356351881
0.41106813869628195
0.35722395479605373
0.2912300706806794
0.23333038627293806
0.21569787274239108
0.12710877322863134
0.06779108476142669
-0.04103867169260587
-0.0599890837965864
-0.18263366822387936
-0.26111700392089593
-0.32305793167131097
-0.40033373356849516
-0.4276581120021605
-0.38328494970373195
-0.29435751931904314
-0.2305183214019963
-0.17212648870551212
-0.03901814032178596
-0.05085455127229266
0.08694650988839667
0.11247584249760972
0.2127838137854066
0.2706723484169029
0.3458190493509332
0.4276814620383977
0.40831432111793503
0.2989492620402726
0.2895901252897211
0.2000090900926569
0.08297092437286122
0.07164750877032802
-0.008520869580657136
-0.12033898663858893
-0.16946392697242016
-0.21749525804975395
-0.31431753905632154
-0.35500784945792535
-0.48624522060603803
