-0.2029979332636034
-0.10228494324027804
-0.09075749109371513
0.00623186112781518
0.06763882786503848
0.11533500933238676
0.1466179360547371
0.2942444216544291
0.32467011637578297
0.38703389053031884
0.3789686986607026
0.294993545054568
0.2348803436566715
0.1813909802039364
0.12776380515278477
0.0630498229668276
-0.01715670453032088
-0.11315557810413278
-0.18275925016339656
-0.23531039893623193
-0.24638257606749245
-0.3169141239179145
-0.38379561689332164
-0.38152386904686786
-0.2942204643411529
-0.24297472698895514
-0.15245385865852268
-0.0803894718968066
0.011032102267603925
0.005799732846676842
0.09631132389767784
0.19835772798125773
0.2650144842539941
0.29086477279226386
0.36843407452462906
0.3609844213537924
0.3210499710884631
0.22642664703981205
0.20306176003337847
0.09326375138930977
0.08590772528440876
-0.04284161277823908
-0.12003457288127944
-0.15308856329956083
-0.21007212291813937
-0.30382746755972107
-0.3133095227271495
-0.39443064100951514
-0.3371834926609564
-0.216827800382934
-0.18386616408130146
-0.1676876641495466
-0.07388497445884934
0.01132792474329845
0.040354908308926234
0.12569914830311726
0.2050020652172548
0.2303340859035005
0.3301466781927408
0.4043285554222641
0.37745769270489776
0.33918878084947585
0.2652906375849008
0.19447203422789192
0.1348223345627049
0.058293815002362116
-0.02168742344870887
-0.08622686966917872
-0.18477072044078197
-0.22965149391153544
-0.28703985355024375
-0.3615386878043975
-0.41475857745070305
-0.33617820370314266
-0.32136322876286616
-0.21856143960641905
-0.14170451153581787
-0.08385130549550558
-0.02410482959295751
0.07715029344532404
0.11488286311490148
0.1814384208024615
0.26735111763642705
0.29543069223013113
0.3817849191282237
0.3801902660350199
0.29195713223194253
0.2772534137256478
0.1631954948769916
0.08882472954082062
0.07369543654616106
-0.02554132590620227
-0.12220215214751276
-0.1596555784527872
-0.19517311379099597
-0.27363194077357067
-0.37582907190266407
-0.393647980215218
-0.3276108642123292
-0.2811598499619848
-0.2084356413890832
-0.15488005454673553
-0.09981061106847303
-0.03279905218575442
0.06660172401948554
0.10804909059152204
0.17960493248072654
0.2155589492487576
0.3337216211924453
0.3624699280241728
0.3628063630260276
0.3560590519978748
0.24569631343569934
0.17981339807716903
0.11340084454897055
0.05044127721432069
-0.009610244626758364
-0.06923052690534087
-0.14927484299933705
-0.21322010585399903
-0.29325302381176444
-0.3582498886208931
-0.37373353173256113
-0.3476213730064425
-0.28123521710646426
-0.19266847369543033
-0.14262866791841755
-0.08694800959075027
-0.05439510044074006
0.0496663760300587
0.08971784164827701
0.14183539841198295
0.22348351440685077
0.30709965041165344
0.36717303676248064
0.40494013110050925
0.3245432042799881
0.2514811203394844
0.21367957049074368
0.12256498682024668
0.07944925777306745
-0.029181201365508315
-0.11785252964255055
-0.12047962521751103
-0.21098780566762587
-0.2661490475829871
-0.32343905588569577
-0.3487994645304312
-0.3675310628058599
-0.31386775027713865
-0.20198681023985554
-0.17592467491081926
-0.09674626483358777
-0.03542114999065424
0.06524091520268176
0.09339526964447017
0.15778800867666437
0.2374650195787815
0.2774343662836368
0.3610538753095879
0.3974366053753081
0.30954094480436434
0.2618144474516108
0.2146000999566552
0.15485094271952404
0.10236581267173528
-0.029053818656899676
-0.09137066582670242
-0.1341930521963364
-0.1855972993014893
-0.2503013233174019
-0.3241602371605204
-0.416001657496009
-0.3631415358102862
-0.2916028351219998
-0.192813712289811
-0.1774869661571114
-0.07606204432782519
-0.030285307734048868
0.01746383767666369
0.10988173659166349
0.1373904970727008
0.23997236463367733
0.2980293064238399
0.39409333507811967
0.39920015314016094
0.3177795855113962
0.2677719845910102
0.19622470886418286
0.14340445080712524
0.08460607482835737
0.008909509935374474
-0.04548260714796468
-0.14343425297577708
-0.17230786253353844
-0.2763602217408603
-0.33044636831338614
-0.3733612517832107
-0.39170770040955494
-0.29770507230066545
-0.2248055810957658
-0.18000560318563716
-0.11877182313189286
-0.03857159170299352
0.014499848782754276
0.07370318856556919
0.16610558901154873
0.21428784385613803
0.29563663615489494
0.3564818572333373
0.3852200745654984
0.3137482268719897
0.26060168028838704
0.22272042931698793
0.1715368288611439
0.07653553221573095
-0.019528879822782536
-0.05945310600416745
-0.1568117238271951
-0.21211566916515465
-0.25398981391594627
-0.30888779687668416
-0.3781062002549664
-0.336250964054452
-0.29243867269956897
-0.2649667406887525
-0.19229588889412078
-0.12446015437640724
-0.06811283962124963
-0.01743510662282348
0.09395723772311776
0.18316457273404202
0.22360101639217958
0.2967392173856997
0.3709270691826798
0.42440809598211116
0.3593621772040006
0.29265027194492016
0.22362300878574032
0.11988471042878153
0.1103606191374639
-0.0031581240271179277
-0.07997141160225035
-0.1130644254721885
-0.2020996229750675
-0.2715303330282451
-0.3499728079670432
-0.3576421051737755
-0.3893042980980817
-0.31905379043584337
-0.24587260575685127
-0.12598741526880494
-0.13544882316610382
-0.1005368563042479
0.043097826313964735
0.0690979673128159
