0.6738330484811148
0.6811618251782543
0.7234325564227535
0.7345734354464902
0.7524804853923722
0.7344287295023256
0.6714121825397672
0.7368194419858969
0.7046658585618684
0.7360869721512339
0.7096291872331253
0.7514813692655415
-0.7167800129205792
-0.6726442964223956
-0.7207641961713572
-0.7237553748016703
-0.6852902267669451
-0.7341229738370465
-0.7114534048619364
-0.7147432091816052
-0.7020153137778068
-0.669956484673014
-0.716467892806483
-0.7126909344232515
-0.738740330664355
-0.7306314902008766
-0.7642962177965948
-0.7467220104000488
0.6921605852482924
0.6905110805733715
0.7234976525120743
0.7202791620692977
0.7000888332278087
0.7210503751253272
0.7331599158720464
0.6917812135307304
0.7113045646205816
0.7169912340661225
0.7285531927074349
0.699290824721424
0.7161583100846733
0.7204770031910616
0.7345191076369139
0.7304871187550318
0.7373724596596307
-0.6846209368049739
-0.7233877377277174
-0.7140752487523327
-0.6920988125325679
-0.7026934559999809
-0.7244364793496819
-0.7188331368569114
-0.7145946810272203
-0.722775133843621
-0.7390959631117071
-0.7105839063335645
-0.7345060233142636
-0.7449247901471527
-0.6775272395019363
-0.7093586932542646
-0.7159689598200851
-0.6894139452437301
0.7397642140979713
0.6771577089720965
0.7282255292909295
0.6774469934707705
0.7112098900918272
0.7411990491521334
0.7289119047616153
0.7261634767506624
0.7319892339988383
0.7051790991193042
0.7347395705504959
0.658108078535722
0.7004075009151672
0.7081271957567338
0.7100171320004464
0.7109491890182651
0.683428253601076
-0.7321488664240381
-0.7006023287870753
-0.681914274338017
-0.7387796828339156
-0.7120117451217466
-0.7123707012842211
-0.6893791274676445
-0.7314474737422685
-0.7092517594729675
-0.7269767120727129
-0.7446054684429232
-0.6785633894163663
-0.7185923754600095
-0.7263003123934344
-0.6845147297193475
-0.6909078066878094
0.6977208879936008
0.6993811136131695
0.7448552823100494
0.713362857217079
0.7315301988332392
0.7386923770370988
0.7324769476083306
0.7218305206801299
0.7178977182509826
0.740518706176273
0.7275004016888349
0.7381196146438149
0.7080239417200467
0.7103248556370608
0.7268281664044444
0.7182416677483427
0.7264858009607864
-0.7405961639656349
-0.7571497438977929
-0.7383816341280067
-0.7175945032828075
-0.7004426767743915
-0.7206935207891803
-0.7036077214005828
-0.7057503521715577
-0.7361198279283003
-0.7202891210073797
-0.6861268014019377
-0.7470149127140097
-0.7067809461078242
-0.6860996409086104
-0.6738008706499894
-0.6907830245675614
-0.7091180863983442
0.6985514063564173
0.7250875083531056
0.7029480341101485
0.7227872573669872
0.7080706749220165
0.7214489413973365
0.7132352099897735
0.7346472564692862
0.6844341149106846
0.7575340010788282
0.7217949355430722
0.6986479150035779
0.7337418194902809
0.6810183592657112
0.7350381582988523
0.7252486342691599
-0.7033086029013488
-0.688126530857328
-0.7079453698120235
-0.7391499071839631
-0.6912100534290361
-0.7213645666485134
-0.701854968270538
-0.7080512027634919
-0.7045244390507719
-0.707924793188462
-0.6993852171282197
-0.7118861158677373
-0.7532632354613991
-0.7402484379127736
-0.7386990748279384
-0.6715929023174994
-0.7334394392429567
0.7527268471893128
0.7168053784200749
0.7109077205756463
0.6651219233084925
0.7304901219525871
0.6739486734427224
0.6859981824370821
0.7080637199089217
0.7382799816960333
0.7382858803641674
0.7040237738025426
0.7309740182845127
0.7304124840397827
0.704967147897306
0.7098060672434454
0.6981462256437146
0.6788233097457672
-0.7154178943670126
-0.7209780629629459
-0.7062823975616159
-0.7341016095782746
-0.7357699222667815
-0.7408616101010129
-0.702970549986806
-0.6924537551478912
-0.7245504528064536
-0.7159364837888857
-0.7210134416028224
-0.687671078820168
-0.7099884122159184
-0.6995682752110577
-0.7317365857336472
-0.7001025264236751
-0.7276257031244042
0.7206941567754712
0.7288701322973593
0.6909966882874318
0.7234884164906866
0.7156066898919528
0.7101804213481957
0.6831211719664163
0.7094139356110339
0.7129875819221629
0.7389109631553442
0.7125070193025991
0.7006851492455322
0.7467997720925046
0.74163415839876
0.7507464089865313
0.7167782132260968
-0.7050279838963959
-0.6984845059544942
-0.7226685076787495
-0.7367545290282592
-0.6910441053581335
-0.6811030341266568
-0.7442796573843868
-0.7124373081944774
-0.7541388529863211
-0.7574785989512767
-0.7240686835157315
-0.7282279317713942
-0.7130026309626005
-0.7366106091243338
-0.7562818861226519
-0.7334036918111219
-0.7529399208887518
0.722907297195706
0.6943236302565129
0.7105380419705314
0.7552080053356216
0.7103762951862048
0.692394311544776
0.7286494930544036
0.7242550898098497
0.7291152199545484
0.76713617525367
0.6518466817253027
0.718248043349478
0.7273855052437674
0.7123535972773067
0.7058990618402503
0.7070633417158618
0.7233525519882587
-0.725565251660655
-0.7337623460558672
-0.7220446883059529
-0.7184719533529884
-0.7384825923281172
-0.7364037053815726
-0.7290550858288743
-0.6815280802356134
-0.6917292543986462
-0.717137765851429
