-0.9027126965306733
-0.8583373463118619
-0.925050318499453
-0.906565598969429
-0.8825821446855678
-0.892138150182578
-0.8763454648145498
-0.8689665079442789
-0.8715942393741719
-0.8784997730156302
-0.897737431972798
-0.8837342714829909
-0.9006245854757498
-0.9070795361410589
-0.939521996584806
-0.8829640612791954
-0.9002735563414419
-0.8705799812401158
-0.9111881423020879
-0.8827631345350232
-0.9194249915937505
-0.8752335338394966
-0.9208183642399217
-0.8894997412923147
-0.9016297747449509
-0.8666564379774917
-0.9118830346825334
0.903492922179029
0.8830742871611345
0.897107669120232
0.8621847599512027
0.9173969748042948
0.9292883253640762
0.9063977240569033
0.9069200864971328
0.9176735270685161
0.9114449932561789
0.8737977356792046
0.91590422019492
0.8937347078146118
0.9303467618420392
0.8936846890945993
0.8998892200716532
0.8943612563771942
0.8928795506279531
0.924635032411185
0.8743025095211374
0.8876295886903277
0.9059413172585364
0.8815933599896774
0.8434763199004349
0.8878924360206363
0.8998884512692633
0.878958048453165
0.8990046602729548
0.895353971766406
0.8752730180186706
0.8639874828073317
0.897288500368327
0.9095759599278718
0.9097159675916464
-0.8741620787031632
-0.8911123364361744
-0.8907294448135588
-0.897230644178159
-0.8844917126015053
-0.8707906019641234
-0.8863606849544462
-0.9121917931379094
-0.8966595364308614
-0.9011533990325961
-0.8773051648812711
-0.9118029033565627
-0.8946033732629363
-0.9175375889271402
-0.915326202480541
-0.8749694904523335
-0.9071135731039571
-0.8987125644799199
-0.9071285632017663
-0.899179241096915
-0.8927391439238181
-0.8715270512618538
-0.9100547413851231
-0.8941404430909158
-0.8845156606100837
-0.915647424974004
-0.8962776430471878
-0.8718173810334605
-0.9019868634753848
-0.8983744929361844
-0.8642808140518798
-0.9222672821052063
-0.8750170245392813
0.8934523385298916
0.9169384639121697
0.8536352294655256
0.8711803502600751
0.8767704683011179
0.8882662106962169
0.8868688924220995
0.9242349213705943
0.889736786063851
0.9556624884507618
0.8888968571090708
0.8928374604600645
0.8703819155495994
0.9289279950707352
0.8947255549368793
0.9168842352821575
0.8955164100516321
0.8553016004916226
0.895620665180976
0.8645355104988673
0.8932913688063788
0.8973594112220227
0.9121787032976094
0.9127771637501741
0.9065313216876012
0.9160518064774205
0.9097598697176169
0.8895583132111956
0.9196703483080011
0.8800502136953259
0.9370950008548273
0.8912028023444979
0.8952573255836138
0.9000556353016325
-0.8514577870455553
-0.9053463898443406
-0.9067973391717649
-0.8979033884822311
-0.9177006336475192
-0.917312143532538
-0.9070557979549675
-0.8746090280415926
-0.8602712495231734
-0.9116603450073735
-0.8657244644233494
-0.8738096366180521
-0.9213942425315492
-0.9055174982924684
-0.8916391088995852
-0.8751956416053143
-0.8974000506670631
-0.933871599728777
-0.8830470136265314
-0.8942691802010384
-0.889794314428111
-0.9177094940164271
-0.8968365653822888
-0.9026714585038408
-0.9016779511616331
-0.9107179771788025
-0.9124728881698099
-0.900009728678938
-0.8935755828714009
-0.8872589085430868
-0.9150147077349885
-0.8773289057463767
-0.8648241110910637
0.8937640013006428
0.8929149793264481
0.9120312175286095
0.8923080746922206
0.9129723165177361
0.9317883084687042
0.8776128068816398
0.870422587664572
0.8836640356441466
0.8964097745932803
0.9060618904516662
0.8954935869565014
0.8919495659266242
0.8829148303975757
0.9253944209931106
0.8944465827837608
0.9079798848922501
0.8859856570283932
0.8887478019986312
0.916956838589638
0.895323431380473
0.8968570886194137
0.9043693357446547
0.8887213809857477
0.9062689378165562
0.9043109263874239
0.9043870225283124
0.8779359779048942
0.8572406485731361
0.8865186116325355
0.8975420350826816
0.8798184229683405
0.9160345741026249
0.8717367930545465
-0.8906918317463788
-0.8645213267702636
-0.8830365213417548
-0.8864596209972602
-0.9058413821659338
-0.8604656301010596
-0.88261447827158
-0.8509003917677507
-0.9131374777107216
-0.8767272779416633
-0.8930922258457183
-0.8964235122145255
-0.8878541287362013
-0.8882521811387011
-0.9026921882174372
-0.8832007132242043
-0.8960495204708592
-0.8866225217956583
-0.9272204104443612
-0.8948150031545192
-0.8660419604089357
-0.8891825870277428
-0.9016538872047662
-0.9013652848878612
-0.8948063927144696
-0.8859849011782897
-0.8832900534081491
-0.8956553786620143
-0.8975379856118977
-0.8847178695397564
-0.9141082123580024
-0.8938418841385031
-0.9131184870212901
0.9091218930188496
0.8959618050608794
0.904708280126
0.9326062074486434
0.8717702529445684
0.8516698052107685
0.9151151896850465
0.9023025441626792
0.8894790409924901
0.8872541739051384
0.9259667658755588
0.8850423639149139
0.8952426446555942
0.8844044803767732
0.8924969310049539
0.8694894965716766
0.8853982201987115
0.8872334840503523
0.8937606522659334
0.8792748076665144
0.9451220087783878
0.9054863635519187
0.8980936902568176
0.8971445214079699
0.8854523696270254
0.930245680411161
0.8981427687244805
0.8901062114919926
