-0.3343004090982583
-0.35231252630066423
-0.3922303853452296
-0.4326614924059353
-0.4670473642289122
-0.47090484144607847
-0.5199360882435626
-0.517445694543074
-0.4854736746083704
-0.5016738971395787
-0.4446728121183015
-0.42892246789658406
-0.37167737102085185
-0.35113875041418524
-0.30662911008945765
-0.2418707912998733
-0.22424270450976083
-0.18126316896336128
-0.1974261447958721
-0.13785979112242547
-0.10636978537802985
-0.09567880186350032
-0.03760146601896881
-0.007412144590057693
0.020807540876278948
0.0671474070504265
0.1064362870624307
0.11146708073100267
0.13227723266565028
0.14863681770383513
0.18441038191930903
0.2431391597258375
0.33021572359911155
0.3233133806241104
0.3218102213349886
0.38617932970203933
0.3992199233890739
0.45607105989712504
0.493670095526574
0.5016502097333798
0.5596816757252131
0.532515378380228
0.46837357914237
0.44067394940807225
0.39973374361798797
0.3952101049917914
0.37560696141362265
0.31442960797506214
0.28106346238412777
0.25120973500926336
0.22463623824268672
0.21034404704758286
0.17667810069826678
0.129903924977147
0.0848258088887187
0.060320423297756
0.06908336593687486
-0.012464395466836871
-0.04833095359869188
-0.06912122942299513
-0.0796937742855029
-0.12890129632181366
-0.1519662433130814
-0.18397177157116942
-0.2088717691074932
-0.2609769791082464
-0.2713450431421368
-0.33764717666188476
-0.3671321282609658
-0.4123392147196615
-0.40742630012252995
-0.4361056642318264
-0.48722513333731904
-0.5293860305368092
-0.5180018302612002
-0.467132189396777
-0.44708850829792646
-0.41935130275942983
-0.4113691783775189
-0.3746384566273358
-0.28946556523589945
-0.2787319734833217
-0.28206736608953975
-0.28304669029071494
-0.21078723722103568
-0.1854305043394205
-0.12488924641772187
-0.1079934056693187
-0.08064490182672086
-0.037522416202166856
0.021899145990440863
0.015073481866488273
0.06805532036327473
0.12966975853916526
0.12404708720092011
0.16756756072508058
0.18595367225148401
0.23696134187176976
0.243779191851713
0.3004111273293576
0.296321426500787
0.3330934439506326
0.3976262529812812
0.40759398934660734
0.459416496659252
0.4683654382747503
0.5029505778816596
0.5602431493415198
0.49589211528361443
0.47253679076685356
0.4311229660504484
0.43893282671577033
0.4044779524729057
0.33819317654443193
0.32431827147335923
0.2445852580928365
0.271578551320933
0.22575076211749864
0.20409633028973867
0.12176818232676713
0.12146752343626185
0.10242255730299948
0.04180056233651583
0.021384512676437716
-0.02503225172092763
-0.09928751478140754
-0.09049956678924997
-0.1138965228271978
-0.10715182883475544
-0.1597826535845805
-0.2170527551322183
-0.2391446408721751
-0.2821459320563662
-0.3010484639821395
-0.3402660891571145
-0.3609700395604144
-0.38763253855332047
-0.4390671776923241
-0.47088152337932937
-0.48117273605267424
-0.5090362720975319
-0.527031626570579
-0.520811678041041
-0.4709434189735677
-0.41010221336440605
-0.39796873864102095
-0.3332847676840568
-0.3269427103988209
-0.3031574391305246
-0.2511798560905769
-0.25792996461659606
-0.22973688753526472
-0.15897894760126047
-0.1512668054288053
-0.14547059217487693
-0.06728981853492616
0.011700760214500505
-0.012186318077428739
0.024970428523769062
0.07656929070600194
0.09067610329904265
0.1380751482976123
0.177901714863556
0.2164550581219379
0.23174078784280247
0.23687100460975655
0.2590632673787889
0.31057190689123065
0.35924862323209594
0.36260394044032773
0.4317017988657542
0.43416121491494325
0.49415733795474215
0.48574047898289974
0.523211865872886
0.5002768268910163
0.4601338080814829
0.4397839651456192
0.3999273422115216
0.3628596784111793
0.3258912260259754
0.30071423144300463
0.2768093232731706
0.23815247581770607
0.2591645622695966
0.23003491016039695
0.12281191668503606
0.16128705656155226
0.08338900471570757
0.055269700403096644
0.005691387940409694
-0.028046881315961593
-0.01647609553055665
-0.07574464138416916
-0.0879342190229252
-0.10831354220396947
-0.1711892993434993
-0.20729256669979887
-0.1991701322257561
-0.25304684319762033
-0.337511798958597
-0.3338214404906646
-0.37320597655858395
-0.39777207730751135
-0.4623868093996848
-0.4340495096760365
-0.5013467409903554
-0.5354393997175704
-0.5309441338549385
-0.508925157792559
-0.420964451567572
-0.39422181928980427
-0.4237089169262138
-0.35293352043747
-0.32188327177019965
-0.28760536587701396
-0.30167355297758125
-0.2250168513705276
-0.21261436106042286
-0.15726038138741483
-0.1263719995840125
-0.11245334029475586
-0.0863262088789442
-0.019639224131745278
-0.04603488983415278
0.018707386417832518
0.04034643054392752
0.07609823194724308
0.09586491642944309
0.19318231402645294
0.15451141681099578
0.21893512470936655
0.27518080207460827
0.3121811068338629
0.33963733920370465
0.33738089350944894
0.37903806115700195
0.4322925103873514
0.45535022288843363
0.5098886073635938
0.5099114455026903
0.555915595893144
0.4765020133871974
0.4465903781710205
0.44093057695752863
0.3680150970652793
0.3867733493072285
0.37857790846972633
0.30134286063104815
0.2853935615779988
0.22383494375742902
0.23032965687715976
0.15940497626358607
0.129864233474275
0.12198238329271278
0.064294695898317
