-0.1334013583287054
-0.13723236680227896
-0.11634215469033977
-0.1254150122121599
0.16560819197678864
0.1283916199909766
0.12092783994703256
0.13152973156802344
0.11051594539295632
0.08409981435697023
0.06804524319900045
0.027443864661768062
0.05591624474463695
0.08234069288588697
0.04046984839238054
-0.01562620251674362
0.025341302518762734
1.6448977971065745e-05
-0.061400289301571126
-0.0622433471355445
-0.030456224078429645
-0.04391455049940214
-0.07949418964336084
-0.08259347947378441
-0.1273514127151506
-0.14132679795328534
-0.13643525469930717
-0.10018892143644252
-0.1699613176827819
0.14861033068631577
0.16300456142477376
0.12799528030264934
0.11673738619148563
0.11060627973498839
0.07044998277568683
0.08029402886724393
0.09039842525380656
0.044971896538101075
0.03769028003369017
0.029506448709396053
0.009994164875392168
0.03185471299306401
-0.018249615295206897
-0.030941871112180983
-0.014285079956683627
-0.02921712383241535
-0.020957976622678072
-0.09105402259412423
-0.07021508046268109
-0.09324607788093466
-0.1209052868428771
-0.12281062512950033
-0.13140632907546937
-0.09532767686205366
0.1477551287337461
0.11459109863475349
0.16495775129968948
0.11053830620648461
0.11991354266784143
0.10987278978242546
0.08536005527086364
0.08405565901086405
0.06280992744922453
0.0386988021208569
0.021195539490903886
0.013061399082759594
-0.006143553257904729
-0.024584887874556052
0.0038732287304824517
-0.05659226037341398
-0.053336415879831206
-0.0746528299459487
-0.05154222737083769
-0.09761617573807943
-0.1020687789842614
-0.10432289031888412
-0.1298538649667187
-0.11826521213232047
-0.14965780392156855
0.1631873878964014
0.13586963168918811
0.09320200484977542
0.13102423148995573
0.09992282654586848
0.08744708365683808
0.1434469495696234
0.08023045514721729
0.06743440670620852
0.08465550116144442
0.0702177800765535
-0.00283367313115172
-0.028972975266784464
-0.005467970521992341
-0.05412242561569053
-0.015543347383656033
-0.07220658433814259
-0.07354750805501807
-0.0690265273398358
-0.06795859657468742
-0.09051209759215094
-0.14317080077910885
-0.1436597889237516
-0.14751161585693595
-0.13247411448388435
0.14092916822959028
0.1884629085529183
0.11928399460090836
0.15334797348714355
0.09368234923700022
0.10225424610147524
0.09850820028525059
0.02343741093717361
0.061356128525882715
0.039797402369375186
-0.020286140593454884
-0.002820396059992434
-0.003027857462247375
0.01773701347056471
-0.012205267544989983
-0.013338465798539378
-0.09540500913407388
-0.03155954271001274
-0.08628612082744837
-0.07372209287066683
-0.07672276159223654
-0.134532088001503
-0.12170674700734191
-0.10659947831860432
-0.12972060723105305
0.1769541659139482
0.16784411513212835
0.15056173982460655
0.12466455133994346
0.10596084795776953
0.14879820479872088
0.07092025046335704
0.03520522115508215
0.05636849934221528
0.05120006492947074
0.025098581331708843
0.009914868759578659
0.0030718002291366107
-0.010894672818539852
-0.027325817137449453
-0.03210270187930058
-0.07349697242798475
-0.04689487911692099
-0.04090550590571701
-0.09235309775395965
-0.09838536472124317
-0.08389255651521957
-0.12213416420652486
-0.13117804568511815
-0.12030967602742754
-0.160603230214071
0.16337440074270512
0.13412829030257808
0.15576441834176918
0.1015045926143935
0.08275480036522681
0.06563927252396143
0.10639923300946749
0.05919377731401324
0.044747861327050276
0.01213613121847536
0.0557527543517953
-0.012066339263643545
-0.016802776709615844
-0.03234935008886639
-0.017608797684597215
-0.053587345943473
-0.07948556532737812
-0.10259131262743114
-0.08521932795342879
-0.10234328894045905
-0.10717242284566851
-0.11373507925329536
-0.13672113688090934
-0.16027633017621495
-0.1395781489094731
0.15321396305440338
0.12188438032353306
0.13873566073945337
0.10083033811717991
0.08146547389971942
0.07682882168348454
0.09068085515149442
0.05806493197077625
0.09018746291187962
0.04314024097083918
0.03728678996900815
0.003091648177614559
0.01463691389044479
-0.025536853774256425
-0.03860329369666879
-0.049321714809117775
-0.04562814021223105
-0.06900204079925709
-0.04653126547380269
-0.059215278430165975
-0.09416180113914305
-0.10763303451538161
-0.14953911134229647
-0.14581739931044088
-0.13808184459314676
0.18341732653327023
0.14754174004132425
0.13355303753821532
0.12545279852198127
0.09464032365017402
0.11866932658683176
0.07902973216727681
0.04157125846611352
0.018417812152422504
0.04866410471268999
0.010187780977226165
0.0014028539998814137
0.0008781588489845003
0.017805626069092452
-0.041563559035468156
-0.0287920466907339
-0.05090272390883404
-0.07800055841784344
-0.07356401324251807
-0.12457892243531823
-0.11163517654774681
-0.12558878685760771
-0.13915830490356482
-0.16276810357186144
-0.13464831814002612
0.1825933121663799
0.1369116788852313
0.136008774611633
0.11690174333706314
0.10066491728491078
0.10718687330962
0.059992843837325525
0.06591997801148233
0.03398667639729059
0.03830933431447388
0.030852869139818263
-0.01507008455770517
-0.0313112546584366
-0.018320883446888814
-0.0314461133247874
-0.023343050249678497
-0.07248874154770632
-0.03803809505482721
-0.11049375015244794
-0.06920088229632827
-0.11484950237006439
-0.1291583236027396
-0.17327879013390554
-0.15986914833586316
-0.1680479004720993
0.15443265573355638
