-0.10689230613605136
0.013188362540667319
-0.14890519796564133
-0.14107629546251654
-0.29363511404350207
-0.39176147941741934
-0.04164717018408665
-0.13650915653228138
-0.07604405493722671
-0.036140725103312225
-0.1635117236144875
-0.22486980171166754
-0.37522545420545844
-0.04447250142106208
-0.31306533367842293
-0.2119941724964453
-0.30433238206081126
-0.18428369454332932
-0.09339761950295945
-0.2550332019659333
-0.01353643555630947
-0.060788559465603784
-0.03357490083423877
-0.09445165338833791
-0.21317616705549766
-0.41100132715448445
-0.3611477100715194
-0.2974419846740468
-0.08395655436046953
-0.10604921796652916
-0.18171045476454986
-0.06860606331277845
-0.015865971695962048
0.03268209955782972
-0.21656098868496548
-0.37572352253643776
-0.011372969595294566
-0.11275103696997428
-0.23287818138074984
0.01273685636299798
-0.24555131272334785
-0.3885455676236953
-0.08908510002072595
-0.16956234899658168
-0.07526277749418166
-0.3695909216410421
-0.3434247444598875
-0.2333856684832892
-0.2942165432335621
-0.19066807794966104
-0.1759200686520687
-0.18169200731109597
-0.28493340190843885
-0.28475244827303303
-0.2647073928461087
-0.05291869110575243
-0.3878561236439145
-0.20611439603475454
-0.3934121541642445
-0.05959314770831605
-0.39663052066983084
-0.32792699817605636
-0.2292555175778661
-0.006216526492216349
-0.3362762709927979
-0.00553348809374365
-0.3619148443729603
-0.36171097265680263
-0.18786241542204615
-0.33679518190793983
-0.025959090315281784
-0.33852315158687146
-0.32653455737385084
-0.3114808585443834
-0.35876627558070934
-0.41186005277824517
-0.05578391614791179
-0.39241953275822117
0.01572060503663881
-0.37142529937618285
-0.2150052830513064
-0.1791794823155909
-0.3166371067596643
-0.03595170858303885
-0.36293850516892096
-0.04742982784334121
-0.0624915187644812
-0.11576130046824587
-0.12739218603643226
-0.2749633770985339
-0.02287489407794608
-0.2604653289316934
-0.2583224335418309
-0.22900570326906086
-0.27963005634324845
-0.20577351828927506
-0.2030191231667366
-0.20159861319391859
-0.11920698711861075
-0.13733282111560835
-0.051568961124347557
-0.06463647100707642
-0.40415644806923245
-0.3159042626820038
-0.2545421390262681
-0.34010445702398606
-0.3900081886617424
-0.22047990875258458
-0.06823568572849312
-0.210838170059757
-0.18375685334881492
-0.0756793248690514
-0.3197176806160867
-0.43517393598996656
-0.10770360557509324
-0.03591435069964195
-0.3254008631748251
-0.3555779413706749
-0.1977068511779421
-0.014454041334728903
-0.22672516137905663
-0.21847905353074543
-0.3560719861926054
-0.030755188520989775
-0.21218816270476
-0.14791343035339127
-0.31942589964394685
-0.31563933174908376
-0.2636204699969822
-0.2322574747279479
-0.05242421522546505
-0.38185813064152113
-0.32857814537172764
-0.12172567714020183
-0.3349547446969938
-0.31619254966953625
-0.2754284644827037
-0.29125493533707125
-0.028570746853054545
-0.3555553605130873
-0.16306611228410162
-0.28465127827848363
-0.3904180035929435
-0.28286955054331225
-0.3623396687250332
0.02156247442458067
-0.3115524848315638
-0.40985866033896506
-0.15878581521332555
-0.09700857057912117
-0.3724484304481662
-0.06672015795657248
-0.21003613393148363
-0.17140817941220265
-0.26490665962404947
-0.23182805856273075
-0.18482567892069163
-0.2266492015261918
-0.08913302377972425
-0.2521943174209488
-0.34573164248901755
-0.23034838004554
-0.37033262256731403
-0.14271450719845682
0.02886415788320488
-0.39052927284183214
-0.21012489561924544
-0.06818823590563357
-0.22348010575931718
-0.08036769208992711
-0.04106357503301142
-0.15272851467922904
-0.41319714331006063
-0.3798441025318463
-0.04181682359560088
-0.3376802357994779
-0.2941659940898517
-0.29160050190346587
-0.325463792475162
-0.18370562043264024
-0.411491374384274
-0.10879584977106112
-0.12377772488366828
-0.09285984494054939
-0.1723674459324634
-0.23928900473238307
-0.20575462100348793
-0.05138357311839409
-0.37414540892557724
-0.21393102515737583
-0.05549192610325521
-0.0772937017381674
-0.3395822872511738
-0.3394074751011446
-0.3827823797803863
-0.37138723736381085
-0.12772110372335152
-0.2078922686455111
-0.05468157185598239
-0.05416816802800174
-0.14616457556046247
-0.43201341459993975
-0.12554819222488164
-0.14406925709317453
-0.3713029224815388
-0.24672995456741206
-0.23693311269426706
-0.2110405001157214
-0.03474446479537549
-0.16006224513051825
-0.4274162225642273
-0.366010689178942
-0.011996315572965582
-0.26210192873750826
-0.08256315690989491
-0.22509662587987228
-0.16496614571694673
-0.15897090945752337
-0.05095944807196556
-0.220687141886225
-0.030589953029389372
-0.08954756099826126
-0.07982042627836941
-0.34774587599749424
-0.3331146958691626
-0.046572077752651216
-0.013577210492370859
-0.1932457523018321
-0.10608199654050149
-0.13071898177529775
-0.06621979263296146
-0.39072392209754164
-0.1324934683985896
-0.20267923430757295
-0.37668719493706443
-0.27936833521237636
-0.22280140477558683
-0.18835133097859172
-0.144017098231412
-0.2069054509429718
-0.257946672426606
-0.3526750260578595
-0.2036656471608208
-0.19058883072618363
-0.2226995157158181
-0.12953103619227413
-0.2935882822355212
-0.2524498215833305
-0.08336163213412136
-0.19894021756211272
-0.35353282359147425
-0.14008483109532693
-0.2609155955351333
-0.3811108814193037
-0.0765367266181656
-0.31318601634425036
