-0.17468014458262385
-0.19269513868967753
-0.1439864785570282
-0.1884755999740001
-0.17132946781062708
-0.17248105400675082
-0.1610617937922656
-0.1579644386464209
-0.1744909165189616
-0.1884066940300581
-0.1849827736380794
-0.20583536078720838
-0.16330402563734975
-0.15776290585394595
-0.18582212072059465
-0.1632480060104663
-0.182872348331934
-0.15597105541998363
-0.14519243258227404
-0.19677779137533474
-0.15441661153138117
-0.15978923689315244
-0.15513744056168502
-0.15812919663248076
-0.19286723193783337
-0.19369678008769065
-0.18384872172193628
-0.2050143548310406
-0.15502710095613997
0.1776009407499044
0.16398738462566648
0.15188897569914328
0.16794322303440226
0.17336042340020294
0.16831117588345895
0.1683257623984794
0.19269826581726224
0.18766709725875846
0.15990306813246669
0.17214810308232345
0.15211677775702354
0.18419285486900366
0.15195395218478153
0.21201544622982285
0.1461073505086136
0.18255326328148547
0.17295138837575907
0.17921866840117612
0.1388862907648486
0.17084105773981925
0.17485295569012504
0.14900176695576392
0.1789543618512278
0.14498540513615793
0.12925995518564656
0.14402893027610836
0.17451175200425767
0.17247884476973097
0.14990082963828916
0.13708285520382277
0.1535164302602469
0.17133436774701946
0.18444001051522316
-0.17034843076511946
-0.17169295227277856
-0.1825533778749633
-0.1880680935222673
-0.17097485739423016
-0.19112873407332698
-0.16229107091992834
-0.14673819060126578
-0.15797418460638646
-0.2097249179334938
-0.17046741977796223
-0.1916243531634222
-0.16605792307533673
-0.15502015643267483
-0.18269842391483193
-0.16808266991471174
-0.1666439748643171
-0.1616986529685745
-0.18895656930449595
-0.15983828281038606
-0.1708086929342266
-0.14793254734347852
-0.13036348897777333
-0.17887572161121124
-0.14242731570486603
-0.1280497290366926
-0.13940495606143882
-0.18122885256281557
-0.1686647015558116
-0.16443307588351277
-0.13881417466419413
-0.15303847194921955
-0.16206459797910755
0.1628103732519322
0.1738472385806973
0.1573239277372676
0.16071838666020472
0.22029108925495042
0.20405926549685083
0.15461108199316193
0.16998748654614157
0.12603452705366783
0.20376120862057148
0.1783678442391462
0.15711441493396686
0.15991658668689016
0.14120778592273112
0.1812933984832378
0.16911438942623636
0.17877773933478946
0.1796945494332588
0.1651061375245476
0.17845068835084973
0.17383636035343153
0.19129413325843295
0.16112158459038392
0.17796432139532756
0.19996599020625036
0.1352837802618114
0.18317667377708727
0.186650085196249
0.1875804111441598
0.16980003720922499
0.14799584122944806
0.14722299598330374
0.16920065809584853
-0.159974369594368
-0.14423073803240888
-0.13778869690357975
-0.13564863878549713
-0.19787787775409788
-0.14930680596544915
-0.1815367831803097
-0.19084488731939767
-0.16045530561007815
-0.1685790286026371
-0.1424168344294628
-0.16640767360124817
-0.17418960676024686
-0.19056423581200496
-0.13331542737132535
-0.17828633125196894
-0.15687321288769301
-0.15869996430454678
-0.1712663153339608
-0.20405097948016584
-0.1556968143855645
-0.16503616127736828
-0.14562448525798585
-0.19597395235550255
-0.16908123056674768
-0.15103812496952107
-0.20738877413070267
-0.16436164956229007
-0.17056067565383634
-0.17431648487799126
-0.18972540934446536
-0.1926793428815003
-0.17915391910045825
-0.15365609423506513
0.17616779700086893
0.14958742694624197
0.179208007156597
0.1672774113329704
0.16748509821806182
0.15448945632569946
0.14546813833690003
0.17198624911361335
0.17710462338707506
0.15649411331247953
0.14076621475884157
0.20282355972890528
0.19974857803571158
0.16550708054384203
0.17570492975851928
0.170895841106292
0.15298934337951495
0.18894023188909168
0.17092171802251452
0.1469195291900082
0.18199967893113733
0.18326075670778794
0.1694658607539138
0.1480865672015067
0.14389190907935429
0.13609999311160653
0.19883870496957154
0.1925346458814018
0.1569846055491958
0.16994191994088445
0.18034752980779856
0.17326397377492592
0.19181407112832333
-0.19373517002340457
-0.14440433611044717
-0.1536426467775883
-0.153617776678146
-0.16779865934444385
-0.14569734714668195
-0.16143506426569526
-0.14476253656436305
-0.17377172507705135
-0.17128155270169304
-0.18010645428849392
-0.2054699862331797
-0.16556735723968743
-0.18787724546066145
-0.16640797142090405
-0.18806450471598657
-0.15672765551215206
-0.16515660504452057
-0.15833541196727763
-0.13534045523815524
-0.14652424906730413
-0.18148028200688418
-0.19111150601604182
-0.15394042346980275
-0.15840866814451116
-0.15992444808816106
-0.17593454401363767
-0.1604005587813982
-0.16375379116863076
-0.20930053952652203
-0.15708843825179283
-0.20569618332574002
-0.18181685586995638
-0.14281369147528622
0.17235974237308785
0.17102530559301304
0.17290624206089164
0.19862989409148712
0.15399851441001083
0.17097961442627663
0.14595279487766266
0.15240350221253096
0.15200919591620285
0.17989925665783815
0.1573571760229803
0.15551569288160907
0.16190188605496345
0.19279248393282872
0.17866808983149762
0.17428693099975764
0.1628103634967655
0.1742629759413758
0.1593858001388086
0.19500118955551468
0.17420933170505223
0.18486575120090046
0.1581605917257369
0.16665432270692246
0.13854833473311018
0.17347577138380416
