0.037236604736127256
0.033345547404803944
0.06055893324525573
0.07547037853459604
0.06517188309267608
0.045399825990475144
0.07061058967672491
0.09464308739648566
0.0006016508840317821
0.0703196723813107
0.018806829289909635
-0.003176134108617043
0.04140822470436245
0.028440209364716987
0.1144588950133335
0.03195267611084878
0.028539392103788135
0.03503549485915691
0.03406767957215791
0.1100236059642948
-0.0058688346221862225
0.0940304010773592
0.04745787529720858
0.027526193947648856
0.13075249848538234
0.0990616611444116
0.05154032744087719
0.09590807206717586
0.012562447319229463
0.07151215534221797
0.09548331268403289
0.052622894544431004
-0.010471800913278194
0.07662097644286475
0.10368197981928537
0.07604448687292181
0.0637960590168244
0.03279473488988608
0.0421890844486405
0.012145551385320821
0.07405256217731761
0.051608817047955696
0.034741681761011486
0.02272664687800405
0.07473235029347024
0.02475734652456311
0.06772717287704091
0.03212640816870147
0.047309928341312535
0.01823797279848776
0.054646339986916564
-0.008886145087712127
0.06537068112854702
0.07971225046530582
0.035945229227232416
0.04834159848544551
0.01989967091115516
0.05630097459867405
0.0745386803631169
0.051107616657636086
0.03638853264285024
0.05040386227934195
0.039001994430817165
0.032277912842176154
0.09018003065081082
0.0806658601399255
0.11896728363365433
0.0939602013452939
0.02529754586240818
-0.0037162983199466072
0.08803574218096283
0.03924554166148317
0.029961455015686075
0.033436025238950395
-0.007402361155201594
-0.000753332104832926
0.09255745396102409
0.05065255434107671
0.05608709771217056
0.0923180296735389
0.021325981796300266
0.000539946509619614
0.021649786851450355
0.05229181776823176
0.05855866160933419
0.04708235220030753
0.046591341037236327
0.07439685637974967
0.05092730815592193
0.04045735110244366
0.01877236492536389
0.01848669358581134
0.07565098823724709
0.045377910498677496
0.005620251973814144
0.07601364095252824
0.07178096567466835
0.06902977798703765
0.03912594437547509
0.06517093122948724
0.026357843880100262
-0.0027950880976686868
0.0711980466642082
0.04699592375300292
0.05048416387670583
0.0679359727197715
0.10314396405104112
0.0713186898972145
0.048652631977132446
0.04130351702300085
-0.007161095485875606
-0.013742754954313721
0.02259416957630469
0.019108654808836025
-0.0167949554970574
0.04798210793368986
0.05668694076562636
0.03914901079613005
0.03748935933639934
0.03710879506683049
-0.013902105740889384
0.005607899672094508
0.024549537827554133
0.011104941879595709
0.02369610220766084
0.13899574593091607
0.0007281713480331384
0.08943750937040536
0.0794614426446805
0.11387710480452892
-0.007383069455849112
0.08659904433298261
0.06314239170060156
0.046868081725660336
0.041284417615335425
0.08641966182085067
-0.0038861053419591623
0.07216028438377829
0.03349435585144926
-0.015453049012260543
0.06353413475841951
0.052606580220441436
0.06162414398380303
0.020193451421018218
-0.0025357722198609198
0.02648420456982296
0.01440418543698101
0.009163059961396273
0.009294166425053867
0.0917231305348368
0.04174190783105605
0.10005123274456756
0.04603015975759209
0.05469143238909478
0.055701883735908425
0.01715867522749023
0.0402756027407613
0.0532748538141633
0.04500095125654852
0.0412918719767541
0.04579365218363171
0.05494995731456667
0.07551877596094174
0.06769527796435716
0.10559623872820686
0.052370829867095466
0.019141687228715724
0.05459849175378567
0.04254273502120994
0.048473371202324325
0.05058517180397759
-0.010245514099023297
0.07081848793651777
0.06557794981591833
0.07784314026096284
0.010219609434588002
0.03007224590262742
0.10455017791443298
0.031003304907021374
0.06665165409963246
0.01565118531626771
0.004886825539219376
0.03126567554758606
0.06673519022260165
-0.008020507468761248
0.06280282228603168
0.06550480118667898
0.02275948655978298
0.08755012836839561
0.06991804802457169
0.08453618267395471
0.06920433841503605
0.07384729727162653
0.01696697510977441
0.0058531329897556885
0.06373755037504149
0.03431278551381206
0.05895079130784644
0.0745348105568615
0.07590133900050974
0.03140806914514983
0.08324941117155474
0.06380076466782508
0.01565504975945497
0.04469273844803101
0.011131385764752899
0.0025021686692762776
-0.030994990854771868
0.05933565149213303
0.015053027173869707
0.03118768467880057
0.08952194788740644
0.04990495402043788
0.02152208998162877
0.019344237390945006
0.002257887457489288
0.02738639793629808
0.058919899935047856
0.009121236393593229
0.05886172099787634
0.002718737340688667
0.06889041686693169
0.04034538353887637
0.062417637470061814
0.021263975387675788
0.025340784030610932
0.01673956385757703
0.05035270090223999
0.10584525325929516
0.052833521498169334
0.014574430354159021
0.08169306394057532
0.07581829467363294
0.030855271677692232
0.030303159065860674
0.07450688111694717
0.032724003754383196
0.0892345717570271
0.0779032931832548
0.008062921369841042
0.08021425630369262
0.05990775436601402
0.05606496398916221
0.02020277430149225
0.053965600156047136
0.004373361465137929
0.04546823870429474
0.053955343864428
0.020930916857172306
0.01602266534825361
0.008200722400981367
0.10349737346078887
0.09928203073175382
0.051220925189301915
0.02600297622961764
0.04639327881436696
