-0.04859188457267427
-0.038555438341404624
-0.07322245758009764
-0.10345185492918249
-0.07303015847370234
-0.10976488890081368
-0.05752248438840684
-0.13435184867889544
-0.12378901725364881
-0.1147586820321558
-0.12075837327502155
-0.10804412119603893
-0.13681958021515508
-0.08988533385408347
-0.10419250169479015
-0.11800451150803533
-0.11998460278458722
-0.15688186221214656
-0.12208183979222911
-0.12106585342593842
-0.14250965805466673
-0.08377838273370912
-0.13026168361570628
-0.10861613799276161
-0.11400331007619408
-0.09442506290158724
-0.10982375593099945
-0.13406681857018513
-0.10420581513044447
-0.10630293968672735
-0.08035339745418027
-0.08176190749395126
-0.06016705721862602
-0.03497162097078936
-0.057146563031292966
-0.05704147284631893
-0.02097842451495713
-0.036950477366357454
0.0009582717390258753
-0.0008336389566303976
0.011030803581794035
0.0188521556238117
0.00421066560738668
0.027776069580889053
0.022410945768198923
0.04197676470636803
0.019137936162961167
0.04198415259526239
0.04126184040357487
0.07953788438371201
0.06801192863107994
0.06322096044321855
0.053323018335055136
0.08162230510930735
0.09696129205801102
0.12177030589209649
0.08971463785906769
0.08321040648591335
0.1102336878209909
0.08128917845640407
0.10046406277901623
0.10634476407251124
0.1400699379930405
0.10195518956455253
0.1419786694859466
0.10398227066346546
0.15275366037460042
0.12908887278687803
0.12290317092699622
0.1367290139541656
0.13899214387517136
0.11584753872946962
0.1305668329346273
0.1520684407834583
0.1320646783144229
0.10746911462424247
0.1200882110918863
0.11799976530850712
0.08347601938503783
0.07472305527201202
0.08156022048326314
0.05734176794996891
0.04013554039849225
0.06208254517004966
0.05247616773329869
0.05462303841848925
0.042605491463746016
0.0043444775451751474
0.03492317241364034
0.01471052075777219
0.01288701609956373
0.004162515686912955
-0.006745997911945172
0.013785752135534741
-0.044046904998585414
-0.043660075253001064
-0.04457520983585172
-0.018574282930998866
-0.04308321123769249
-0.06381521242192496
-0.0634298178109229
-0.04931048370735307
-0.08299453237664357
-0.10051100703199832
-0.09479346686777466
-0.11420343347604948
-0.10566145150139845
-0.11217284512353348
-0.1532307409176692
-0.10849873345597051
-0.11735523741556633
-0.14619490006569713
-0.09832045983608376
-0.11629835450040141
-0.14075402366576512
-0.13719000303105464
-0.1491841076568461
-0.11767066920612029
-0.11524426109515293
-0.08710576342623602
-0.10150222617956903
-0.13989603134652476
-0.1326774813150566
-0.11421702095141031
-0.11972504640227036
-0.12057106911280144
-0.10124851437169828
-0.11465262971114773
-0.10333349909962038
-0.08358828872443967
-0.07684721449283212
-0.050198528263730474
-0.07377513031023408
-0.06545717511379585
-0.07868192118800962
-0.050431860084397935
0.0021084826348765906
-0.005427532183590624
-0.0519729689968787
-0.01096411574081443
0.009281047331541914
0.010250629755968549
0.016258252356471242
0.026292595525987346
0.03593976646320229
0.040845605313141534
0.023248886034169892
0.03578660983055255
0.045298481443452686
0.10051209296209576
0.08127744748706214
0.0788789230916771
0.10254122951295336
0.13209384276766165
0.09500943896619797
0.0805267516380425
0.1291960519059635
0.10947428179572852
0.12789125443047922
0.14784581342287376
0.11634346608246611
0.1576135728690976
0.11017838715191214
0.1077102076196159
0.1386853123879789
0.1648870998602701
0.10980496971472668
0.10568796238714763
0.13550195507110957
0.13542205286360992
0.1305337548389556
0.14062553206963407
0.12504258616176128
0.13465105118760526
0.09739085426867933
0.09348353514817807
0.1250180374262673
0.1230600434450243
0.10436059608254035
0.07521048971475658
0.10973314232788095
0.08881219144563357
0.07128408898444229
0.11850648481519689
0.0551128866552258
0.047087467143436285
0.019603996093059236
0.05153465005192308
0.0075738404147644295
-0.0033901764523929442
0.019083250953087588
-0.009076306727629513
-0.0006086265196639006
-0.03695618618010745
-0.0072649398575928385
-0.03818963715849918
-0.05940901644988601
-0.05433434406755514
-0.045389583748952696
-0.07554391808490678
-0.07800600936879869
-0.05176131201896963
-0.11819586484739208
-0.08024875082591025
-0.08908280309072696
-0.05551866927956439
-0.08749617820472652
-0.06985253811225096
-0.09334606691475189
-0.09730367206416919
-0.08150230602599237
-0.129624155736859
-0.11510478978449602
-0.12779991812737868
-0.10321519387993768
-0.12172743946313566
-0.12129324285795716
-0.14064136245857767
-0.13304031590395232
-0.14890093500567209
-0.1327598817693298
-0.10742171345674842
-0.12547688187114206
-0.1315182553472083
-0.09696720550474903
-0.14329563596309777
-0.0883449477448852
-0.09425209108427021
-0.09836187901788608
-0.11553137881189963
-0.04306555383219268
-0.06483486211304419
-0.05061936709772356
-0.05942266274325429
-0.0648399752784098
-0.016730466646118984
-0.048964429858439296
-0.03972367295150522
-0.03837260777432705
-0.032323968658071495
0.007261437571225099
-0.0237161683538486
0.045028591892789085
0.016480097307276467
-0.005044209182976055
-0.0014958492483986702
0.049028247936260136
0.0332000052711154
0.04345745411780586
0.05690145729392075
0.07070568669562591
0.057295800711428674
0.0813667613498724
0.13894203155059118
0.112523362321421
0.10454408990345569
