0.6159607558344161
0.5738841006090697
0.5793318004463661
0.6021731347800656
0.5794098433703213
0.5678999519943168
0.6179878433092181
0.6069425235115673
0.5957894177172288
0.5887789550913417
0.5909897568581456
-0.5540701623276088
-0.5977024601578539
-0.5978063096211332
-0.5931607654163237
-0.5927443193916033
-0.5661169750599314
-0.5720184430191918
-0.5609737797469597
-0.6043737372704457
-0.6112793446258816
-0.5909834430470451
-0.6010172694518998
-0.5687299788158151
0.6099443872208813
0.5847673171556904
0.588039634448027
0.5937783605435504
0.6076295006957646
0.5904137408821419
0.6007057877202511
0.6080339704655762
0.5690148117394306
0.584109589516317
0.5765982610709683
0.6054252932487778
0.6246146528901467
-0.5981809100416067
-0.6459768704411837
-0.5559107190863264
-0.5961855773319144
-0.6131715186754672
-0.5974432001546649
-0.6090549567396709
-0.5760303607542306
-0.580367900123606
-0.5755832138438913
-0.5732573936084479
-0.5329605515402212
0.5730333782131528
0.5786582897661973
0.5643442081891488
0.6193345624158219
0.5987628423032174
0.5859844454754665
0.6111389518153232
0.6097050133450396
0.6328730714165044
0.6330223618601589
0.5977511677931058
0.5840431365071371
0.5705597294122352
-0.5649378130698619
-0.5732857676600871
-0.6226499586069587
-0.6038223809949878
-0.5746469459885624
-0.6114113575342431
-0.5882387280157424
-0.6030513136679612
-0.6167550291502362
-0.5596564139633646
-0.5845723098185108
-0.6064815431495463
0.5773397733937925
0.5847831556304445
0.5519620715455699
0.5804639389054161
0.5789421437882896
0.5883286105475931
0.5639064675129066
0.5721591326452052
0.5705903997215158
0.5923261859415012
0.60655396793731
0.5907311468618148
0.543176533192312
-0.5682037925085323
-0.5683835749661572
-0.5961745564437574
-0.6140867661105073
-0.5643976597633104
-0.5614786066149446
-0.6071910717333628
-0.5779348708766475
-0.602582850065046
-0.5632816437865794
-0.6025620322160191
-0.5681018308949961
0.6082911516100833
0.6246053068319758
0.5788714705795083
0.6172115503774983
0.5791108414151389
0.583196259937629
0.6069462657672308
0.5997532141290313
0.5902042608881961
0.5996317453235162
0.5729416072392428
0.5679450719145964
0.5656490795751064
-0.5901727804637935
-0.5604547542271392
-0.6175830631357658
-0.5951189167810448
-0.5588766017905508
-0.5323301487168128
-0.5554285819537204
-0.6014531397250783
-0.5778370725386845
-0.6013550479128845
-0.5866445541690056
-0.5795941209824733
0.6094284330300982
0.5962889102609206
0.5848729468507066
0.5874795847969082
0.5523411566204438
0.5984188250584696
0.6181655291317354
0.6144924556077668
0.5665675367898654
0.595090350927202
0.5760494972812904
0.5694499492374667
0.5926874736476605
-0.5787401294796602
-0.6166922416112846
-0.587046767950044
-0.5858528364503566
-0.571762338806528
-0.5738507634506224
-0.5254098383777137
-0.5675097354632688
-0.6082914688658407
-0.605504439992793
-0.5807059497605674
-0.560333858341955
0.5689355187813335
0.6070617521178093
0.6009413552949603
0.5691191454644997
0.6152937118668433
0.5543991268606737
0.5764763970582414
0.5950669734801203
0.5876740441330941
0.574604190509171
0.6120070706322328
0.6065212065581779
0.5829682515365205
-0.5795989296371575
-0.6005338866775419
-0.5927619685858504
-0.6112765760115553
-0.5818322843584294
-0.5361709374455473
-0.6153929911929188
-0.583154606582303
-0.5832796508375461
-0.5663539100699702
-0.5515064763952546
-0.5649498755165004
0.5504197869436847
0.5818633135820805
0.5629156306681237
0.5394536820471673
0.5521716774839557
0.6452088247187001
0.6046443507492809
0.5915528153736249
0.611771568976837
0.6439713889584359
0.6056903510560558
0.5801315032181573
0.5906482645499502
-0.593204200928006
-0.5900149875953694
-0.6194440369957033
-0.5767184287853124
-0.604701460579548
-0.6272134873069163
-0.572956387383953
-0.5849547827136626
-0.564197673431076
-0.5826177761260064
-0.5902724513849428
-0.615972406189201
0.5605813530660718
0.5838186472119375
0.5656242320722877
0.5819896805718686
0.5579116009835059
0.5987707923632455
0.5624592395668363
0.5862707392877045
0.6134401836834517
0.5735523167635049
0.5780277503679128
0.5973954031578732
0.5825414510740006
-0.5889109626325161
-0.581166882972794
-0.570510022512819
-0.5795221984476898
-0.6072545831680413
-0.5757104838225556
-0.6219990871383775
-0.5900714821026434
-0.5918808357551394
-0.564403242513522
-0.5693568150931082
-0.5790914999555129
0.586261758106375
0.5654276554508053
0.5895681333100115
0.5881597093871511
0.600609978620245
0.5780109108910306
0.5937916133274853
0.5514504608988654
0.6023819684154553
0.6018400571553724
0.5702398015940142
0.5998118405569791
0.5503904711051356
-0.5815322405112378
-0.5766066245816436
-0.6022922107182495
-0.5813047942613399
-0.5979857047338171
-0.5998105093604771
-0.5971689886226056
-0.5618202515909785
-0.5763575766311888
-0.594523896857083
-0.5765147068422868
-0.5674549892633748
-0.567076159305325
0.6124596483193451
0.5791574593315639
0.5912740074631914
0.5822530409033657
0.5719393993197317
0.5832882283556766
