-0.03801471269862878
-0.011591834295811707
0.00783333506215737
0.0227171863050463
0.005021228199125517
0.04213455996573013
0.05521834133299224
0.04822841197217012
0.09226659665135244
0.09394779038894076
0.13767634735095952
0.1335557270090079
0.14896863046863432
0.21226208531921495
0.169027550660302
0.1632695473072926
0.21589006355215012
0.22933191519629276
0.2338577279681026
0.21809339298332237
0.2578770553377182
0.2521360608942043
0.2781952148071921
0.2807293320733106
0.3200548222341186
0.31554490510544103
0.3087496754470186
0.3798692249123087
0.31434762532562815
0.35444276260894114
0.2941492394458704
0.30431757340499294
0.2720266668573532
0.24187262269954274
0.26977022861903366
0.23930138402205864
0.22413530231099185
0.2089151569612115
0.21247791400245017
0.18942585609586954
0.19189375457212335
0.16979377497749437
0.10719407052529788
0.09464806458680158
0.13856008828318145
0.11451330789589674
0.06411677838970876
0.03628824678159106
0.06762345906598023
0.038140299008762535
0.02720072396052959
-0.03220768571329598
-0.020138450270754463
-0.0369106116170555
-0.053956300534274124
-0.0030307384679271465
-0.05769046085195844
-0.07407410079039906
-0.06940568604052064
-0.10154567684123744
-0.09552659915435477
-0.12348812287946634
-0.15511813019702883
-0.18877177237523265
-0.17636527696592325
-0.1868314452008838
-0.2166975342250771
-0.20528023712505286
-0.24202616561607532
-0.2601948209990973
-0.26389869988304293
-0.26875545699117115
-0.29167500986950523
-0.27155651230970806
-0.3270170547240629
-0.3440085348250328
-0.3188571018644718
-0.34324435220846233
-0.3626969370275051
-0.2849382599384009
-0.30336966739950944
-0.28716440856542813
-0.27477486610180957
-0.28861152432475107
-0.24910206313149577
-0.2555793282793119
-0.24289955394390442
-0.227484588018689
-0.1935863942070821
-0.22676208681599408
-0.1830581882966961
-0.17260322255018676
-0.12618049779727447
-0.09583844784182612
-0.11695798115501341
-0.09313406911520992
-0.06547709820308069
-0.08967375195242182
-0.079537556798248
-0.07371026308812956
-0.026246802379812268
-0.0058472169875337585
-0.01965680859475451
0.02228384433893915
0.00630417498075294
0.024647224597090754
0.06774995370090407
0.055336514320247325
0.049337786941238984
0.12551458700047224
0.13988142051546515
0.1061738479627827
0.15991754904665545
0.13817449320650949
0.17184213927609673
0.15558922505873696
0.17651366331591395
0.20757842059233741
0.23323222617088274
0.24172752950963658
0.22809315038433314
0.26665689677002086
0.26920280573817296
0.3051766431218516
0.3223760292649534
0.3292846946138732
0.3473854665807064
0.35462352795509017
0.3457615808367066
0.3628642662124807
0.31351651532475255
0.3036418847527888
0.3045439004881809
0.27170924582111416
0.2554066298462647
0.25261786613550397
0.22075748230136397
0.22196847440336576
0.19437990501508948
0.18041949952857883
0.18609160278901934
0.16318177333017633
0.1449904680335501
0.10430335290450987
0.149443035288802
0.11800934182374678
0.08430800845167621
0.08876820032550159
0.06745210541455016
0.06463839206789992
0.0686591426688897
0.045670044107219504
0.019105663569393517
-0.031395543336201676
0.0006625233118161614
-0.040902740533822986
-0.08072134862813181
-0.09251571706739958
-0.04588872959478781
-0.10781607324732191
-0.12050355645335017
-0.14645451227049258
-0.1299714300661097
-0.13966773103496818
-0.15697094497897177
-0.1757185405471736
-0.21328528766926905
-0.21392426193761602
-0.23038311272770118
-0.222017517970265
-0.2573080406590987
-0.2698609201281872
-0.2925992437292081
-0.2599921089824646
-0.30800143807685043
-0.3352292329498484
-0.3523917778196828
-0.36846457280399403
-0.3557521616619771
-0.3338646007519003
-0.32603033715094476
-0.2988359058322275
-0.29116567006015537
-0.2794805413521487
-0.2592599879775699
-0.25834623280540653
-0.21263007188768593
-0.23032964623776953
-0.20891988059187347
-0.17029477748613644
-0.17778495189010088
-0.16516568335384904
-0.1752197496016225
-0.17544052863520132
-0.11532095965184713
-0.14330855793785605
-0.1150810788221801
-0.07599875713161598
-0.05047594214617875
-0.06545172964333434
-0.03948312599207679
-0.06223404132518817
0.009848496551164956
-0.007089094446762532
0.006339969579814694
0.03435810638510998
0.03565157168719102
0.08139296454189993
0.10593741469414952
0.08117196404623918
0.09374398838056253
0.07788991640116535
0.13902309429295318
0.13304301040172603
0.15481546706996868
0.16960441950308863
0.1584631821544567
0.18708902813042969
0.23806404455089297
0.265700173521467
0.241663151977192
0.2622081522714387
0.28286362568324225
0.30791945536128423
0.31529497123803335
0.30737773617025627
0.32747255273614484
0.3756910071800611
0.3434210494942277
0.3436414986956026
0.3101321500405433
0.2838139551289951
0.3057631231636624
0.317880499037135
0.26126129152189126
0.26076164430858373
0.2536870452774113
0.2249929657775925
0.21079316627806802
0.2110127671808739
0.16351020894274268
0.20216089891226208
0.14700690433695038
0.15928363409280089
0.11989460818947235
0.11270220448659374
0.10570029727631068
0.053985861805594115
0.06826748858066416
0.0660185740087323
0.047338558782564134
-0.0011679899095952198
-0.003183013162587225
0.005053253317664492
-0.027592062278297906
-0.06258181001698984
