0.024833548469590398
0.11261497772454196
-0.012248156575928568
0.01873577930523303
0.23729956177072412
0.09472325233855217
0.020900141504386245
0.03523712759451425
0.12378734018832697
0.07304628638485496
0.21384989738795854
0.04131000345338458
0.09635424533515902
0.2217170718088286
-0.027220595646071377
0.14559546349549402
0.0658601786355635
0.16088903756556588
0.08420880211607255
0.10026691565394188
0.1647225935732034
-0.014173493293237608
0.19247028423591708
0.124758813999108
0.06409895571291331
0.18049952852939394
0.07827203451441295
0.1263980586375297
0.12367969732723821
0.13446138892212028
0.14499640539764766
0.19763900247394758
-0.006467428312060844
0.0671316593358729
0.23349019201927668
0.0907866947078455
0.0964977078712081
0.20697145754003518
0.17602561762805333
0.0353571597218781
0.20066252638407783
0.06261348396353879
0.08829213006933835
0.2320398594108039
-0.0006687409344895354
0.2116561460080261
0.24690689258284373
0.0026947177980696634
0.060863298837715865
0.10922146668600241
0.14217024195381908
0.0599582379747255
0.10278720748542781
0.1380630072861356
0.12193579082814579
0.20691441981001568
0.1325127396505399
0.18148695401122128
0.12067120438209103
0.139166801310773
0.049162801971975756
0.06385079898408437
0.18320738452529212
0.13555129320267306
0.03503341917634339
0.021780599268887854
0.019701084469853
0.0033477710208024633
0.22945538202082238
0.09838897066128725
0.1497113520203247
0.1995422843172709
0.1787908560440486
0.08686764075904295
0.017093623969375804
0.030233557376651045
0.005475692445564944
0.17322379886632647
0.14574437140198832
0.13421504286358055
0.047211140138736146
0.14777493904648856
0.050938617505120055
0.09932525649901652
0.040317581295910704
0.003230566151785347
0.011940290382483516
0.10306651855266938
0.16957082734488424
0.1944616187000512
0.04251456111904106
0.24563519124086935
0.058045030816770635
0.05572853211111535
0.19678550189715088
0.1773520240691075
0.021393894765329928
0.03862269683639268
-0.031366125565414876
0.04923069790156509
0.25631141318590994
0.19382741415075774
0.15293340634079872
0.14261864549405615
0.14480001167006568
0.060821749667876214
0.24890147907492907
0.18135993276618242
0.17502065999963853
0.11296750760071934
0.02911300920476029
0.1657043711503802
0.07382999174091111
0.04878313515210511
0.15334093423403256
0.13156833690845995
0.06737102668975958
0.10951619276439217
0.17196762231632012
0.17863420958240372
0.09886603296461094
0.09611719361779175
-0.012454031996865893
0.007311689665772942
0.06710220452008372
0.20403843747906225
0.2401989187106415
0.08157812827516711
0.08003307403173696
0.1710438520367968
0.17356617619895792
0.05637740063282611
0.14913979086068718
0.2082695821632278
-0.004989051588538478
0.009382176378693508
0.08482204121376619
0.047342142204190696
0.07697056600298541
0.02908757791609699
0.09261629672658934
0.10598385745421476
0.17064332688875344
0.08077370663133288
0.029412853110660817
0.23379522661746055
0.21862680074414534
0.14024809200311056
0.029071986777219193
0.11647730850591705
0.1296116893190282
0.07573810871126273
0.0483646053198453
0.20376565008217645
0.07076206812109997
0.17007648819982055
0.06880649621537129
0.20687372362129233
0.1982553792105689
0.22899442693843144
0.1355901163034444
0.2370069781410954
0.05190615529457863
0.24276135178397493
0.25833811283224667
0.11630343959444098
0.17801999018517234
0.2159288543953853
0.01893911396845465
0.19945047944708447
0.20146626888423355
0.20285833398186112
0.21901197369203476
0.19400587253242083
0.20083441571777322
0.10091626264687956
0.13396656699083812
0.204318921056704
0.03904626716823633
0.05264674989455958
0.17800819873381618
0.08566052863475106
0.22433308556790055
0.20968243825173033
0.11401320675294188
0.1794724158106092
0.06902509365445321
0.13775151083530507
0.05919971151032934
0.22393931162633438
0.1890357783328939
0.07794017455890827
0.11564339176668413
0.16856897550382013
-0.005890991175215781
0.017428774154705944
0.07778769927541342
0.029564785711016967
0.04808826725808291
0.09968224831517679
0.25356393541030847
0.16712971688015302
0.21661092544388327
0.07309714935743944
0.007564075163976494
0.11772365589301809
0.13871477560325501
0.16986448142696497
0.16829236351605026
0.20844159090412817
-0.015648813555366944
0.19840459563561602
0.16673459147964909
0.1688372000729454
0.09298735448805397
0.09937459083866333
0.07924408291481447
0.24168071328117646
0.07390829211978883
0.06600044345030906
0.00937097872039137
0.09977242263659596
0.05713291917829109
0.17283750712551316
0.04510380038248469
0.15392671948630457
0.2017344783787388
0.19852495634629894
-0.02459418778880127
0.07293000498980973
0.13784602934139878
0.04525101550460464
-0.014457114042554328
0.16584716514206194
0.03799907188182068
0.24078622468637093
0.02287032519949953
0.036027817890917184
0.1734702665290775
0.09000547749998626
-0.006422634119194172
0.049844370771672544
0.10069931433411973
0.15657537586860412
0.19083247336831763
0.02999363298441935
0.1411322726429907
0.09483079604549483
0.11494589705663291
0.08481638571856528
0.25627045232622686
0.14521201890941918
0.16506744984205274
0.14626396084149282
0.12826218400455547
0.08546177749094123
