-0.8534062799641734
-0.7779070186872652
-0.711905285674599
-0.6490109864960063
-0.5404434707226434
-0.4351214409651626
-0.3355715314593127
-0.22154237902964877
-0.08205886367321479
0.01761214706407796
0.17634005008767423
0.29229374195180424
0.34334577716521847
0.48774337397945716
0.5802616971126371
0.664300528483387
0.7696160609576718
0.8109802498306717
0.907738744980447
0.9200263435633272
0.9529125655880817
1.005533188757581
0.9255373117715405
0.9070400662464766
0.914758219703372
0.8736248943239335
0.8149190417942789
0.7037024169026581
0.6462134849844721
0.5277293466443577
0.4348936067824237
0.3445328483742644
0.200402729487457
0.12197253385841163
-0.045633454223197215
-0.17721889834839166
-0.24611334634379606
-0.37158545747366256
-0.4908344848505786
-0.5637174702674681
-0.6673571117579573
-0.7514426722208081
-0.8326259853537947
-0.8868172704260147
-0.9097280701787417
-0.9148705843212032
-0.9559033968880231
-0.9480036675890536
-0.9605469521833037
-0.8873423146270455
-0.8427802610212469
-0.7820615405202694
-0.729849077790627
-0.6246864410213112
-0.5707544865074391
-0.4719015226721824
-0.34116070924779285
-0.2071010580536283
-0.10436185318850036
0.0011144474652789865
0.15507465289974348
0.2550870026928159
0.36220679087240815
0.4925210509119666
0.5956677058811473
0.6555481177930025
0.7714260710299936
0.7917757893729537
0.8619262240729545
0.9177034283935823
0.9861970678643429
0.9340141288809115
0.9540391270738876
0.9480117668547413
0.9624410071947648
0.8608558230239781
0.7839191140462928
0.7450298399889227
0.6704737372131957
0.5461583691128907
0.4361988803700415
0.32133819812412323
0.1999846209624146
0.15450901351521779
0.027069056606232128
-0.1271882884264208
-0.23773686974143593
-0.3341996467773928
-0.45832811325007794
-0.5525431264970376
-0.6816787488715259
-0.7409870030660943
-0.7704975404874645
-0.8652001184993873
-0.9128792301539495
-0.9557468301558665
-0.9568734669427424
-0.9261310510180224
-0.911533008545395
-0.9374703344046748
-0.8667625646340097
-0.7863570509555355
-0.6917005116126791
-0.6299960326409988
-0.5939862613173453
-0.4303155604309058
-0.34503058880776555
-0.24169613376663338
-0.14424012120644852
0.007837628402959967
0.14345787950581848
0.2444047083244423
0.34772232024135047
0.4339035895758003
0.5368307814700031
0.6574683356527035
0.7332653165198604
0.8172217159238931
0.8922019699337023
0.9056645988235903
0.9332684157869463
0.9685341240059621
0.9264402476888541
0.9353783592789239
0.920935181733791
0.8666387411046853
0.7941120829240932
0.7305586046693641
0.6734869043172
0.5632228663880624
0.4964996910049593
0.3521256989380046
0.23821661162411048
0.11399853520453408
0.028033501697902974
-0.13321191798996365
-0.20478278771276584
-0.35358126386073835
-0.4706583796183981
-0.5317936404113897
-0.6502501204259794
-0.7457776013382207
-0.8274988248965974
-0.8959386872262751
-0.8811921672850044
-0.9380167875603255
-0.9474310639546386
-0.9342620582328903
-0.9525673835605796
-0.8941175729585623
-0.8811347744555953
-0.8488062026166999
-0.7550322394848427
-0.627726805513765
-0.5912496891071115
-0.5074739144154995
-0.35597388506111227
-0.22640408938606726
-0.10788812732969101
-0.00846160452319626
0.13832809492017947
0.23595836790043057
0.37658396535310107
0.4228397363608508
0.5349245358544377
0.641902140786896
0.7472102144906229
0.7991690879220351
0.8678407052974224
0.8757622366845699
0.9290757312299448
0.9175354747900504
0.9505138942224178
0.9551632232664052
0.93271068850199
0.8337762870454752
0.7822524477806018
0.7701531948589534
0.6484794856217513
0.5833912567287591
0.441757946269676
0.3522485377517946
0.25053902694678265
0.1251679516236955
0.023976168122359212
-0.12502542441328113
-0.190388081354174
-0.3348520141589654
-0.4471771347237249
-0.5925490185950242
-0.6333822922694198
-0.7300194352129115
-0.7934162122602232
-0.8576319800878565
-0.9291401370996645
-0.9345954783678955
-0.9584259996461506
-0.9540105758566854
-0.9294687994660453
-0.9315030914593012
-0.8667848159894967
-0.819667214314552
-0.7680216929319627
-0.6618281624915876
-0.5608136607613311
-0.4587762025701875
-0.33697986603319696
-0.2335816804249941
-0.1489916755980646
-0.039199759290262336
0.13893494492227498
0.18506115851838745
0.3274503019000421
0.41476666354305786
0.5285028644182971
0.6446735187087822
0.7051960675011335
0.7817076102725993
0.8711576825059957
0.9113641053213327
0.952244265531933
0.9619099251923686
0.9503020794695058
0.9315155735741714
0.9394272602964849
0.8661046749094847
0.8342244265073199
0.7499623128024802
0.6689509133168133
0.5955504347116893
0.4915953370923881
0.38360667756289557
0.2897177492186385
0.19824996509376494
0.022112031000415346
-0.11729904034862562
-0.21881929848580337
-0.2770798384554174
-0.4232769398153478
-0.5591925455092935
-0.6203396723232727
-0.6893227039572304
-0.7773354831267083
-0.8801735042250166
-0.9392162139255237
-0.9300513328932231
-0.9406666814606834
-0.9852230140518707
-0.9326794485683261
-0.9199963238735396
-0.8691422298474335
-0.8749868240108553
-0.7588782889165159
-0.6868358808667512
-0.576545075126275
-0.47761961546762666
