0.3160212137424034
0.44405689405433507
0.6121899942004261
0.717901182608373
0.8500689540785318
0.717609295164746
0.504817103420253
0.4574699948394342
0.28766327754490456
0.17413578756988385
0.044297267927052
-0.0932546375629568
-0.2357536479843501
-0.3813414644429076
-0.5470820426024436
-0.6391302699628149
-0.7946688627648798
-0.7657676836884623
-0.5977894453291852
-0.4941059837604873
-0.38070349750372706
-0.2290095383351092
-0.09832213962191239
0.04299818539328411
0.18625108320052666
0.2855827741239967
0.4464379025791156
0.6196069365460511
0.7176868119716393
0.8593558737345147
0.7233414395424085
0.5739311688215604
0.4289112183725473
0.2943045330192195
0.18344653040100334
0.039907272753617
-0.09402421120595336
-0.22965745092606954
-0.35679953752313476
-0.5253089401402735
-0.6280791417860655
-0.7910775852046489
-0.7743842939023778
-0.6618686692520696
-0.5251178434427752
-0.35671967350143546
-0.23164578532377736
-0.07497582344832301
0.005188903429677875
0.15006225359276051
0.2838735962537647
0.4369299955144477
0.5752500118350747
0.6983202457427158
0.8545671633919226
0.7256817312737094
0.5908730550772585
0.4015697193492304
0.3220638791910352
0.19740297686738992
0.013432171602313608
-0.08290606006339185
-0.24994684100274894
-0.3780828941193579
-0.48087014257735056
-0.6811767346776549
-0.777843144761858
-0.7914984893938632
-0.692770168878872
-0.4983914517985575
-0.4035006040465065
-0.24457932242063543
-0.09843826187727549
-0.0041436418122250025
0.14301248377916814
0.28959015937658794
0.44112810148530823
0.5582815785937267
0.688139984702944
0.8118360019676911
0.714040831140803
0.5909297454717839
0.47334644359620925
0.30254824489485965
0.1836524958353224
0.04344237078636351
-0.10878524245998927
-0.21381513138173536
-0.3488833795715784
-0.45316910725134996
-0.625671665251155
-0.7857769975779565
-0.8233585909555902
-0.6710867565702948
-0.507482021688201
-0.3884119845865683
-0.2674796455166745
-0.11740320298261972
0.020373685625496445
0.17890756812734868
0.2793114806234489
0.43643762101674477
0.5574729717416491
0.6915358368816591
0.833962013482473
0.7397012975291509
0.6258866938785315
0.46745073923666386
0.33142357614591017
0.19984402418950736
0.04663553493933235
-0.052752590759672216
-0.19407258078102196
-0.35417756751879176
-0.45105113432259564
-0.6181401370157189
-0.7511709207398194
-0.7671596317309821
-0.7007176481711456
-0.5090827134053599
-0.3618806993489688
-0.2904044044169719
-0.10523390905763008
0.01148677848958591
0.1590824354282043
0.2880354885569322
0.41197808344777914
0.5455178507176729
0.7131076935396582
0.8248908417091598
0.7913586876457652
0.5699111378154121
0.46844464344013764
0.33520759137063366
0.2064433444968567
0.08783448506931754
-0.060802673153578096
-0.2212753111557895
-0.34436568130422085
-0.49331924234996727
-0.6201939236765579
-0.7339912339898611
-0.7938181291416172
-0.6936012646275019
-0.5345137122542044
-0.4019412586154307
-0.30324481173051804
-0.1410055166945637
-0.005169170749723467
0.1349779104629572
0.2617740727945402
0.39190531733692213
0.5477277096940992
0.6528228075477397
0.8131294176396252
0.7290423443317168
0.6036197133157624
0.4779362603123066
0.34328910641572535
0.19707449566137206
0.06184416924222477
-0.10493321800902514
-0.1757562495847812
-0.32944347646931155
-0.49048267240881016
-0.5951496293476913
-0.7677255935261248
-0.84791605876805
-0.6737718425754373
-0.5525945173349993
-0.37047372740814577
-0.2848031835382194
-0.157113179277599
0.00326655959575684
0.1358750838783572
0.25576302955640484
0.3830746094023461
0.5261771845415534
0.6846646061261863
0.7838369525873098
0.757965439457311
0.6064655868635573
0.5102664315972474
0.3241347476897048
0.21529936930087418
0.06742114633930746
-0.050258740288032705
-0.15875386762824534
-0.3277052199736989
-0.4123376719208475
-0.6327381261201949
-0.716067658422351
-0.825582070210147
-0.654944967121595
-0.5691910461029227
-0.3990243702774216
-0.30887641402033367
-0.15909575589451022
0.016848384563232163
0.14452781293506567
0.25954014396728037
0.3845949329607219
0.5262637128554599
0.6557512840160594
0.7682361744572109
0.7727392079290318
0.604620406358626
0.49163914199403164
0.37641603162289644
0.23113223268215713
0.0690560791430409
-0.023356240546802534
-0.12556842437732013
-0.3117615685344262
-0.4819388405246658
-0.5993653065887017
-0.7275191279565999
-0.8154127987660644
-0.7083682008737144
-0.5700061246480855
-0.45695298929595185
-0.2882527578574503
-0.17992673729293435
-0.015855181113169144
0.08375378318790569
0.19210473984626733
0.38204248281082354
0.5229458220088091
0.6637354980496472
0.7621652146234803
0.7469355722368359
0.6087869244375541
0.5051670155297137
0.3602928690431995
0.2524545405269296
0.07149791224158446
-0.04706676178814036
-0.16225634726315047
-0.3077379043889416
-0.44324695966881406
-0.6032587340160498
-0.7138015624334709
-0.8346724107787252
-0.7201426674736107
-0.5700029698881076
-0.4423415145559363
-0.2790317259883152
-0.18641328175103994
-0.0250986294505541
0.11550534596488059
0.2457371881514449
0.3697866693478731
0.5292802590418688
0.6469120700048074
0.7594440913122473
0.811613446075511
