0.3948553150459944
0.40389161805853147
-0.3714539804564394
-0.38111167490323167
-0.3880518611219832
-0.34948886254681816
-0.33164719039796997
-0.3610914094611537
-0.33692532729558367
-0.3081773778437
-0.2798726773667101
-0.2849820841513962
-0.2680721824404787
-0.2628731032537949
-0.25806159398864403
-0.24481362269575083
-0.2031452046558782
-0.22751437446247122
-0.1925006707844255
-0.19195625324320373
-0.1687415860638504
-0.175395609450276
-0.20236075284262456
-0.13797665510571017
-0.10572704396959832
-0.10784757650159066
-0.07402187677616182
-0.09310298927009068
-0.09896858832862189
-0.03839490708247172
-0.05071195318279303
-0.0333791933288777
-0.007454465903465487
-0.05977094294364474
0.004848735210080005
0.030287282057817264
0.03914541326227343
0.06863826316637464
0.020753160738325994
0.06955975814899881
0.06186266526983111
0.061941190784607206
0.10008327861044733
0.10472995035311157
0.10536400965749991
0.14419831476120615
0.14473171090655934
0.17106483668347958
0.18757644489226064
0.14402326406222887
0.19257609424071886
0.21033372837837452
0.2128983548370669
0.21667565393092186
0.22934398184624927
0.2733328496240493
0.24965060341272646
0.28503518527230953
0.2799654576787262
0.28706802995899455
0.30335226119617026
0.34319469880595094
0.30244194401148344
0.36346764029781636
0.3829535218265549
0.36993338053559194
0.36632496188801567
0.4076662426646946
-0.4094163570430205
-0.38532891314950174
-0.39991123187584515
-0.3406333753360815
-0.3755137925540743
-0.3377857980090685
-0.31011392878210176
-0.3308361451373521
-0.34100462373095947
-0.33224771331484143
-0.3166442268258549
-0.2656636882326725
-0.2702205599477365
-0.2552792013756199
-0.21892822589274025
-0.2170354883141084
-0.206057123550111
-0.20606853980732986
-0.18803428787839244
-0.1762740041983754
-0.1518377378833274
-0.13444204607266383
-0.15466251799761754
-0.09757920080264651
-0.09867139673147837
-0.09770395678039573
-0.06672041071770889
-0.06880183897714369
-0.04297659703939451
-0.045644367371793934
-0.0311643284398027
-0.030789183218850803
-0.008830650384537553
-0.016238305083215488
-0.000557931036833709
0.007249266111317067
0.04253504451891427
0.07509634396022585
0.06028320443749441
0.07333815775981108
0.05635748411789891
0.07963998293972126
0.09203029705925825
0.10872221317761385
0.13434265825044034
0.15216385235932692
0.1283169529909128
0.18653412715950032
0.20609258578974488
0.20909195199684683
0.20640332996553243
0.2043491132738458
0.26962990882474863
0.22847944827165959
0.23874694208788683
0.25237675904246654
0.3015017332364055
0.27467784773329396
0.2982858049941527
0.28318388586766846
0.31340874269346664
0.32387557370019104
0.3544161847582662
0.34340963315219614
0.3515245029453206
0.3902981411014881
0.3852989388387043
-0.4024655174862796
-0.4000448958098126
-0.36496952659646914
-0.3837209313343142
-0.3408538646107549
-0.32729790887181687
-0.3567989453473423
-0.2798148877828081
-0.28100758422587935
-0.2845552525616907
-0.33089395858522574
-0.24623140869065416
-0.25288411370091235
-0.24440335957754075
-0.21871595763710472
-0.23252452395634787
-0.21044620511124412
-0.19323992541003268
-0.20032568286868313
-0.15744699571260198
-0.1480442948853789
-0.1745077040352899
-0.1587361168222073
-0.1329173883954788
-0.11920871879182429
-0.09549870374480424
-0.0594934269023008
-0.06620143618357782
-0.061886095933424125
-0.060885818726364255
-0.006412919210912013
0.014464583013334777
-0.005180550672849888
-0.006892854448058548
0.0480571652141884
0.0034230068180675297
0.01686244689025531
0.051218895176264566
0.048477959526717455
0.05278813492874828
0.06027475342156301
0.05395660469977743
0.0911191368838594
0.12277340567907667
0.15947271351125908
0.12452097246977657
0.18014084532351984
0.17012316212695328
0.19675766461514593
0.1874612266412102
0.22458027738974173
0.20770086200906487
0.24697130000379192
0.25763059269507915
0.2548303651378098
0.2527548354863173
0.2684392120805024
0.28722979262494863
0.27905785430419466
0.3117789461277904
0.32447264479203575
0.3305544889065073
0.3924728577494838
0.3865234401991654
0.36457833314057836
0.3946401303207612
0.3756265001166222
-0.4138727463020245
-0.41757157138877704
-0.3703227569548232
-0.3371193228357445
-0.33155252471819746
-0.34723235883271253
-0.3579094525165256
-0.30520726420441674
-0.3387385046525151
-0.2993857709484881
-0.28659097526113436
-0.26108221282320626
-0.22709920932185765
-0.2603006273834328
-0.22973651744045737
-0.2221469927856978
-0.21779926263917615
-0.17297248085942138
-0.1701921113128637
-0.12801495381251995
-0.1814303485657352
-0.14715009713947036
-0.14390670387098528
-0.13580829404434436
-0.10461474252174363
-0.07740474018620522
-0.1092357500575558
-0.08246844345388206
-0.053466909479013065
-0.035397533334090035
-0.022556199524440948
-0.0009888829902504337
-0.04208861446531664
0.02491775254254917
0.02504584091883835
0.0053145654850884835
0.0451522684572911
0.05313795971237109
0.09089519462086125
0.038341669045892236
0.06415005525434687
0.10912053732320962
0.10787452917609087
0.13770389952633888
0.13232800736132241
0.15467078741449627
0.16948499409534473
0.1586635268573892
0.17949568982761638
0.15735296058321407
0.20137831005477247
0.21666673524072874
0.21863023372791315
0.2643407180207393
