-0.14423136111726234
-0.16722379468014684
-0.21315971201012665
-0.24051009965227085
-0.2184583919810933
-0.2661729139633103
-0.20757716154948141
-0.17062316827113314
-0.16229307057374245
-0.140494101691235
-0.1217894184720646
-0.10277991715930662
-0.053791155308113785
0.027022649639630456
0.037569862080437194
0.05843277611898926
0.07305039885484714
0.15601326085309294
0.15979833860211767
0.2282777100210699
0.2533139692606503
0.2558668452366607
0.25137232270664667
0.23233623393447972
0.1695836038989693
0.15280607050772949
0.10547168030319046
0.08955586705263056
0.02594095327268041
0.026760691726821283
-0.01034201785769336
-0.0392990599062626
-0.0707503974708329
-0.10966277015893379
-0.170097519270215
-0.18191229703075898
-0.23326401853563486
-0.2465246283870045
-0.2954747268662236
-0.2547251862486408
-0.22266403862776762
-0.19053877907168876
-0.14018756508862876
-0.11782844468725352
-0.07749763528252435
-0.06556463029577014
-0.007135122712835403
0.053157680343532146
0.046282248924503853
0.08566433437175841
0.13644154997717525
0.13885362102637203
0.20053858263093047
0.16989038335619908
0.2713599397959159
0.2838715698944086
0.20121705077403604
0.2099466749518751
0.1405797817257446
0.1500351085374042
0.08270249488003914
0.06056768499036699
0.056268729144137976
-0.01788915429070742
0.01860179922885344
-0.05324935545622966
-0.13257286858484352
-0.09630394261765474
-0.15386410635892983
-0.20102320238695648
-0.22748789758603755
-0.2608956743270207
-0.2875659393458894
-0.232625535258685
-0.23152479105627927
-0.1309833313405144
-0.12768289054013005
-0.06399943831942068
-0.06457373064549941
0.0075633893784233346
0.03460512796052717
0.08395384898839427
0.0715452085972687
0.1009707401711439
0.1327647218224399
0.16654275802158997
0.2035501316599471
0.23574685141235746
0.2915466595278576
0.24485481745079163
0.23569638295311915
0.1881046867349905
0.14823017822099635
0.15467157075798998
0.08247945375893868
0.04945358912064814
0.02860490751525378
0.0041832996801435905
-0.07650337086093177
-0.07652228100608297
-0.08444159733427634
-0.167837590172337
-0.19412645577919518
-0.19306949220863184
-0.265780522111837
-0.27546085117829777
-0.22708274135428816
-0.21474617666843734
-0.16479141211185896
-0.13845230585190638
-0.11303248494345784
-0.06675687599424403
-0.06994699888863737
0.01854128587933783
0.031965641094369786
0.03217816366852342
0.0734678828020537
0.10503565779137812
0.14829162786216277
0.21649057069554412
0.21467598599811027
0.233783773539381
0.26592778148714213
0.23648099272770343
0.21335844361983267
0.1981621937811141
0.1173838237780839
0.0879494748427516
0.06344491045725638
0.04866437616050723
0.003345262668476265
-0.029739757711299015
-0.04754733086363294
-0.07658031696248624
-0.15503523045603052
-0.1759383756327596
-0.20550541514222082
-0.2774626618065363
-0.2555341462812179
-0.24270888541382998
-0.20749188887665884
-0.2150349281676443
-0.189821922167962
-0.1240010451907817
-0.08695444945064411
-0.07284453150684425
-0.03347494515709369
-0.012072538226764774
0.07042258739164552
0.047848073660596346
0.127614231187427
0.15827606987825618
0.17307092981445202
0.19392671575780257
0.2352883207768719
0.2706052918224666
0.2609205398764353
0.1817597056036834
0.1891725346929028
0.1624685677008435
0.10617264174552246
0.07786788895422518
0.05775023516893415
0.030869383357346868
-0.04707559735828845
-0.06069942799881331
-0.07580546411263786
-0.08902885828919246
-0.11071267817104552
-0.20811421877301373
-0.20220247230290345
-0.2661582476268451
-0.22744859368321943
-0.22668440530077683
-0.19661145192482274
-0.17185914995706167
-0.14250006354070013
-0.11426042920258078
-0.08433232940073092
0.015248934867975121
0.06694618710720873
0.014623662166355744
0.0931076603145248
0.12423821812028454
0.11018499013851639
0.14349008089330945
0.20027341876222218
0.22479898549380736
0.20174434280344883
0.2713725982863187
0.24703154787014667
0.19331054318440014
0.13781247315110806
0.13378640225680857
0.06394100940639719
0.056732016920258345
0.03231694009526693
-0.04342280264132466
-0.04102726872740537
-0.07975093912749943
-0.12822909793185286
-0.12468612050211263
-0.169933445368182
-0.24066313490954627
-0.2722881205987354
-0.2576535322816525
-0.25212657392311516
-0.19380334604244354
-0.19770849314409822
-0.1419387507159303
-0.14754736572184896
-0.07233604045131582
-0.09018906051767048
-0.04038236051825837
-0.010782028293035702
0.03154597833861471
0.06484714282963759
0.06251698120638959
0.1519587365717771
0.18459141270142687
0.17778948807100695
0.2535461835017417
0.27580966420635905
0.2550529975334869
0.20612570828003615
0.17113845307382694
0.1093250034265392
0.11229692234449291
0.07528140671345278
0.07027063962966357
0.025355848482025104
0.00797594285143283
-0.06635925978354987
-0.09947945319917126
-0.14110710152650308
-0.11632725418218126
-0.17230532662918308
-0.20433594184507473
-0.27177205655752584
-0.2664744352270006
-0.22039195009241067
-0.22117555512461307
-0.16637016153299725
-0.12700385299394604
-0.1333469873261579
-0.056445717680687804
-0.03762112097191559
0.036308978554687704
0.0595794258452017
0.06679016327998497
0.0792311841984148
0.17013498603207894
0.16622246305460286
0.18081017046433107
0.24582596736882667
0.2431896287269343
