-0.36063391942561135
-0.4046557348378477
-0.4022141677961835
-0.4434508410783899
-0.44708071518596626
-0.4522092249432411
0.48388356087457396
0.4269502292849488
0.4087940802875609
0.4115792113775352
0.3816406422335018
0.40527742076927004
0.3460980427846938
0.3153958705063408
0.30141063157111775
0.32658578446257214
0.27629849712051496
0.23813843895909312
0.2729841577336251
0.24491299088781482
0.18608062380540363
0.17553495766708932
0.19142399668304516
0.1696643280276031
0.11269498169730731
0.0891163341287099
0.07945559711231517
0.05659638582283216
0.03583683200538267
0.013567494342060915
-0.025059415197761212
0.003869638958767503
-0.03690786056032282
-0.04060266819596122
-0.092890772146725
-0.06052109534410706
-0.11104146110361052
-0.1232256126365542
-0.14465772268569466
-0.165781943691263
-0.21115526192920334
-0.18474950310986815
-0.2080654072442396
-0.24944701884643566
-0.2627021325519759
-0.26258307219702787
-0.3036917635330912
-0.32782100258610936
-0.3237303963918075
-0.37927913446048317
-0.3846567369428301
-0.4015321078176421
-0.3992742295731168
-0.39253298514019724
-0.47553425653984
-0.4431585567158633
0.5088936433821235
0.4278058644226136
0.4328982483924263
0.3873194014922382
0.370116400559773
0.3832929424071256
0.370618716268874
0.3208850260194885
0.3396639955037499
0.28785701272916503
0.25987186160076114
0.26973721273220047
0.24198047086015964
0.21684723838504946
0.2234683004722103
0.19149173733548863
0.15484619187936044
0.13758989489130669
0.1487857260369289
0.1015882554702181
0.08940313226152133
0.039013988354305404
0.06282813709483967
0.016804490514885917
-0.011195759709284601
0.027192785523697353
-0.03235177035286966
-0.0618984731034329
-0.08001633527789993
-0.07722906897780499
-0.06826976031594575
-0.11410773348929512
-0.1378381709742289
-0.16053781927830235
-0.1697651610933961
-0.1854503309791636
-0.2355910421211526
-0.23275200710815352
-0.24458042730437785
-0.28643458226177454
-0.33969135971949765
-0.2929401783687808
-0.3017018050800986
-0.36705824813186977
-0.3497735991508853
-0.4098590558425066
-0.4148994077031093
-0.45386647356393955
-0.4455447617080995
-0.47149400618134024
0.5160092965078168
0.4477793070677941
0.44843223122490256
0.43878805438448376
0.39492724551810393
0.38846423103122324
0.36477644152447547
0.3511508338203142
0.310034325246454
0.3372200303884353
0.2954196742128833
0.27283400911822553
0.23002810381788413
0.21606358749291393
0.21105321208322686
0.2054106111534186
0.17154851329807358
0.15836537723334784
0.10803841813332696
0.06613647529028116
0.09526230817262608
0.06691248938154275
0.048709040311074175
0.0224556854443786
0.022051802226047877
-0.009711629217554502
-0.01160291282264996
-0.03883009294185722
-0.05178497725379115
-0.07207425971482154
-0.13150979811254287
-0.12034652652442068
-0.159939895405351
-0.17019039591831286
-0.21358402007354604
-0.216631268740631
-0.23778434751110022
-0.23465049572769933
-0.26437204527991526
-0.2518328165735623
-0.2770801679197936
-0.3086077353741139
-0.3186422735071952
-0.32939935746804533
-0.3834775136109137
-0.38237275134196913
-0.4294261089261919
-0.4151742639672462
-0.46258882370284354
-0.4780303983069222
0.4898603130249244
0.43602334859423747
0.4476119607358241
0.44334107735583744
0.4334573946132045
0.3996361811855307
0.3682248010225946
0.3466260838548961
0.30646101737808296
0.2488134722416106
0.2643764992085471
0.2571591004884828
0.22848673225742996
0.19730218175844647
0.20778435692110978
0.22814424570030406
0.16300164725582267
0.16201509568358646
0.1089545754206295
0.12706741422165171
0.09454622752202627
0.06214973724262894
0.053300273540607686
0.04932629423376602
0.015131453254525803
-0.032987612056333174
-0.014661254293616593
-0.06562949497334394
-0.04827475808313187
-0.11537072816122401
-0.10461137926550088
-0.10679602075624223
-0.11801948084994734
-0.12818458132993307
-0.16922546895616894
-0.20220515781323045
-0.22106733660091574
-0.22483348688044044
-0.22350074615520818
-0.25347253702895706
-0.2729990364522007
-0.3300919802628343
-0.3120028470321611
-0.31050768515997856
-0.37111111169597594
-0.40411233395831
-0.414171166575604
-0.4160936085268155
-0.4782372985406087
-0.4420243540438902
0.43673778581822004
0.5029141591357773
0.4648862607801433
0.4040825994944446
0.37162891860225306
0.4223096685330933
0.33315694541228724
0.39507336434517926
0.3114991820973219
0.30741992909797833
0.3443859825755801
0.24639797497679658
0.23482795844905874
0.20242551949411752
0.20258685057563264
0.20539522960163706
0.16666431965321749
0.14128297743436635
0.141203886021124
0.1281689207957687
0.07012111268090783
0.08185974669764859
0.03140738037421299
0.013406170213900677
-0.001395157248885722
-0.01795036987006632
-0.017507925540077567
-0.08426989247108597
-0.05043536030131924
-0.049514528327126134
-0.09995995761650919
-0.10938871146825088
-0.12967984005535674
-0.17919276433123893
-0.15709526659373485
-0.1887945451441289
-0.2288044938513525
-0.22287476282448027
-0.22575900280128866
-0.28245415521050155
-0.2901586935359274
-0.3130423043514569
-0.32266575785953766
-0.3433909771638961
-0.34900062139809407
-0.37983063977462056
-0.3950197792977628
-0.4497491292784425
-0.42745256670684323
-0.4670038299065159
