-0.4748540560267061
-0.5892895968475985
-0.667571123456015
-0.8064289186443432
-0.8813877099131582
-0.794518773485216
-0.6945289547784236
-0.6052409258359712
-0.47374870714302514
-0.33930929270381904
-0.24774972939347015
-0.12120592573284475
-0.07017207739856263
0.054454863868591455
0.153063596899811
0.27158100975759925
0.3565198552090682
0.4957998424228457
0.5894387936849824
0.6591477654688003
0.8130446748843154
0.8447207998923695
0.7497669538254884
0.6895625964540363
0.5584096704378061
0.47284525625994167
0.3453903353525118
0.25066503627710246
0.11724946321950573
-0.016913406289457707
-0.12130849994352749
-0.15692432793354974
-0.2951377828479795
-0.43264614871995605
-0.48832367438416124
-0.6148341585020793
-0.7108633675287804
-0.855225975502986
-0.8761920618342914
-0.7197001062395009
-0.6234677437373173
-0.547242678621044
-0.4368779932285538
-0.28551315227104623
-0.17961050847694365
-0.09490868561304158
0.011350832144249597
0.13690460210750466
0.25362763789942333
0.3496691517308633
0.4443285882798449
0.5286812069987439
0.6821629948350844
0.7667962480586767
0.8918663488039353
0.8329864518440877
0.7311792337481231
0.5893310077827121
0.5306194527290572
0.3985490864140646
0.2929234780394335
0.15272928032609945
0.08093164940354601
-0.03258684666669073
-0.1547243366939251
-0.26004260211810387
-0.35153953931522747
-0.48375966871749526
-0.58363267545473
-0.6761292220594327
-0.7843470658633765
-0.8487125018695288
-0.8039223822445407
-0.6793449221979458
-0.5804253928988523
-0.4764088475819881
-0.3744396249277079
-0.2385278252787987
-0.14517958268590925
-0.04511822065364592
0.11631640193881332
0.15120877478645645
0.2899246312298312
0.3864923462608347
0.5077427662429348
0.6246891878211047
0.7165879970911886
0.7995555744623165
0.8263022787028549
0.7200684708675831
0.6531475515174399
0.5551607418411969
0.43319988329758957
0.3471306050351171
0.24479033594514268
0.11061537779258909
0.05280154379636089
-0.11315258161375412
-0.19422948095388978
-0.3321258125413543
-0.4297058187279486
-0.5500693237965216
-0.6513066873625771
-0.7822387587076269
-0.8468427405419766
-0.8671524012052636
-0.7244689424632069
-0.6370244149667929
-0.525771557345622
-0.40463374637731087
-0.32119905346713
-0.16426073505108044
-0.057946141415660436
0.04564001710312277
0.15144313409045723
0.25283302531300267
0.3406480666772562
0.456128123451562
0.5597716549691208
0.6668938351934511
0.7721924817890645
0.863958756711392
0.8184635589544251
0.6925828864550541
0.6126716741044667
0.4864393026830679
0.37522660361020893
0.23324639896676166
0.14956463685030405
0.060247600296937924
-0.042545604445736934
-0.17463896272241064
-0.2710286473172269
-0.3946439292924594
-0.46401233338429154
-0.5829155644457127
-0.7218888958458239
-0.8067280413764176
-0.8785482476437971
-0.7530017504292709
-0.6354184120997481
-0.5627509044883338
-0.4555778773964611
-0.3531666701555975
-0.20540637449387913
-0.18274878358085256
-0.020578344138017297
0.08083258764540326
0.16936110074643637
0.31445569189761857
0.4206391623932879
0.48430607169881723
0.6620824997028748
0.7648219658204658
0.8332850787007561
0.864290631362103
0.7428712184840898
0.6453546686621361
0.5403578164474643
0.4166560102680613
0.28887204880648387
0.20312012833063475
0.11877582686059254
-0.001334083671331792
-0.10766486780081315
-0.24057553898090772
-0.30020537399485553
-0.43526006204364737
-0.5595672754085678
-0.6680474288320234
-0.772731289364559
-0.9100608545852099
-0.8390081419182998
-0.6909664230286121
-0.6023898620031121
-0.5219075411253156
-0.3835605670212846
-0.23599790266970871
-0.16722038239260434
-0.09206308564005815
0.04318423858672727
0.1799326604277997
0.24304580284595778
0.3468042585101851
0.47470665977356175
0.611115634924202
0.652529723986955
0.7889417351714901
0.8959364554991673
0.7891039449617724
0.7327167158907849
0.5945700054454904
0.4786221188801491
0.37541373652007065
0.2496545274953195
0.15145308499850177
0.04231045759818521
-0.06758658609848621
-0.16795020810626748
-0.31931982696162103
-0.3627734655110338
-0.5197109072543344
-0.5893755386249897
-0.7105129935430399
-0.8431037989123165
-0.8631210512225155
-0.7728265681922084
-0.6492317829109606
-0.5801463217010722
-0.4429316444635377
-0.3105546340621164
-0.23347020226182752
-0.14609993560631473
-0.008095863280565307
0.08179214929639202
0.20516961938966566
0.29083771742322534
0.4254443521280146
0.517422745658393
0.6180161277427608
0.7671116790976135
0.857493086668742
0.8200348127887452
0.735866686943303
0.6216713184928582
0.5170214254009764
0.41693730340582924
0.24520474621709473
0.19574240002745366
0.10835598508773109
0.019411916529440146
-0.1222670935172501
-0.20973243779790363
-0.33811228672624455
-0.4641157925819285
-0.5876948646686594
-0.6738347388308584
-0.7702239200319791
-0.8585162455020289
-0.7800911256400256
-0.7094681068676078
-0.5868424656302355
-0.48066964524565636
-0.37820775898729286
-0.2600229957248111
-0.19637238038524252
-0.07226936318695394
0.03566980021243017
0.1520092701011524
0.23863109445677758
0.4240027717844682
0.48152965705654743
0.5665716744646563
0.696611151466965
0.7651664422251803
0.8848219829731298
