0.9083408348663052
0.9146324412297355
0.8997349038722929
0.8850652522906707
0.9085373555005825
0.8995789605345138
0.9441499962889012
0.9231668375571462
0.8710896909538504
0.9249571943349413
0.9173328779481873
0.889928427974568
0.9295063951134852
0.9262456395524467
0.9126933395258857
0.9162270064900261
-0.8982712945200982
-0.9451820699198441
-0.9389275775716914
-0.9368351917258061
-0.9365676366096162
-0.888361547536513
-0.8908467932680753
-0.900207357727349
-0.9003667178003694
-0.8872507658020385
-0.9032499903721541
-0.882214285366041
-0.9327318005397571
-0.920236495187263
-0.9001012349888285
-0.9297369456966298
-0.8619048424911532
0.8844927138529793
0.9435277943096756
0.8492904171622603
0.8972265847224947
0.9213912020989101
0.8900820722441272
0.8896064976183867
0.9070918322284542
0.9173105088853469
0.902692899460727
0.9249441420606198
0.9251710816678506
0.8894167766011273
0.9389639333859787
0.8933042338845598
0.9204115157571229
-0.923185259127762
-0.9040690392123453
-0.9264973660583121
-0.9367367514635192
-0.925960862322555
-0.8820239300080227
-0.9210662036108868
-0.9187734187534593
-0.9456348091143004
-0.9195921997591449
-0.9069949498637131
-0.908371514293714
-0.9254036542210884
-0.929464147956318
-0.9006105613366604
-0.9436034215630779
-0.8823397766802096
0.9087563714358651
0.9041664785173145
0.9131527362977169
0.9130003744120246
0.9310462367153892
0.9160881708190183
0.9347624270188135
0.9213602086460504
0.8856879607527567
0.8980210808171247
0.9114493672467004
0.9359259433669653
0.8793318183148444
0.9170390863011403
0.9242662340202251
0.9112879524330104
0.903201144737425
-0.9286284738285202
-0.930271781235906
-0.9048781876005972
-0.8984840200318953
-0.9278638253067721
-0.9702820450732399
-0.9637146050176856
-0.9200335349669815
-0.8926763090310156
-0.915763756498899
-0.9045305821296348
-0.9221623357853944
-0.9217997567397341
-0.9114983260107937
-0.9154712379852072
-0.9131298801013843
-0.8741598627780492
0.9605865150853676
0.90718697403367
0.941335469872447
0.9116771404660581
0.9135204286415312
0.9000731236395791
0.9095832089148096
0.8836025070583102
0.9180020587582678
0.9373373789005244
0.9067735788877423
0.9077571561431307
0.9494869045783927
0.9085128418727704
0.9145574349032628
0.9172933725043004
-0.9215495384013065
-0.9216281688670682
-0.865333941519897
-0.8835632286716035
-0.9187719075655651
-0.9396641717646655
-0.9261580815750659
-0.9190890975247573
-0.9504130055481194
-0.9151933380536537
-0.9243757958550298
-0.925441133900682
-0.8516687633133748
-0.936703634654866
-0.8852719035529594
-0.9391179909297557
-0.9158745549500272
0.922224294717748
0.916177655548496
0.8865355782994857
0.9240861601824294
0.9186828209131026
0.9261363548276855
0.9255377916823012
0.9070780436469001
0.9131472213898169
0.8942805279621141
0.8634578980194413
0.9178294832592087
0.911996211440041
0.9319818757832199
0.9335100786724522
0.9222182892038183
0.9236578515110573
-0.886624988076732
-0.8990756676675059
-0.9108587653697533
-0.9484826340769907
-0.8981087729269156
-0.9007760636439444
-0.8857184594236586
-0.9276118706387761
-0.9266244156108779
-0.9090827946108153
-0.930005507976489
-0.8910632426561899
-0.8860136299922392
-0.9047030209444502
-0.9273048279102186
-0.9170505885165819
0.9003168134782079
0.9119023387780533
0.9096145994592822
0.9439468590727145
0.9121616952918237
0.890729164643339
0.9015208627085892
0.8796049536958708
0.8581860734152429
0.8888353739219245
0.8794104282771198
0.9397674551289744
0.9015654019957255
0.9244522232095851
0.9092137366774566
0.9182233589138823
0.9064561463417183
-0.9210315546931471
-0.9279899128929583
-0.8791125222069235
-0.9040311442101951
-0.9505671899028183
-0.9174764607801735
-0.8956693468515329
-0.9193846038885057
-0.908233174544894
-0.9044783513555846
-0.9138184268921394
-0.9379783134631727
-0.9438758616871696
-0.926032270544758
-0.9399866022094452
-0.9275902465721558
-0.9005228826275469
0.9524643223461811
0.9433504134408919
0.9017107732031001
0.8793590347787934
0.905648828987015
0.8998243310035458
0.9049646050776428
0.8921133407209662
0.8743745117056893
0.9290290831622685
0.9272951145905183
0.9278451404501865
0.9372371814843538
0.9220942161054676
0.9315511944066373
0.9314089692944159
0.9280458001065799
-0.927036503371114
-0.9212036823893931
-0.922996876474241
-0.8593123084966018
-0.888891685832943
-0.9100614538823513
-0.8934901098819956
-0.8861762699457357
-0.9080508116183332
-0.9205856597371295
-0.9630150208548847
-0.9325752187036565
-0.8971435521592575
-0.9036151794104789
-0.9377869152725712
-0.8938941264959243
0.906878299069136
0.9348649715022396
0.8960254229597032
0.9391139056447039
0.9265801734846446
0.9148268265628011
0.9268159486181677
0.8831847522329693
0.9266536384777393
0.8800305604909021
0.9276769201885858
0.9163809549905342
0.9155879251216456
0.9341740597565166
0.9033310983677879
0.8753252678142074
0.9127152789605572
-0.9211971301308739
-0.9131742334700902
-0.9499310169075544
-0.9273165790447319
-0.9059289497314873
-0.9007620307888148
