-0.3982498770118445
-0.25138312002839475
-0.10985923537110799
-0.6731238960471675
-0.0006393467818617479
-0.0785396783563699
-0.6403779574239944
-0.22889338361587291
-0.24895454422641902
-0.2471137433585549
-0.3165062138359404
-0.5385026148607835
-0.466410448419015
-0.2568787994426949
-0.3355645251420102
-0.5993465691864052
-0.44922344372850187
-0.48126913055328735
-0.04296687065554764
-0.05900538383318878
-0.05161295389396043
-0.6434848255849953
-0.5037956228468584
0.015037700719701088
-0.46721549992232453
-0.19881566319853272
-0.3256256634301613
-0.005035550718208083
-0.6443449233016281
-0.6073100715412902
-0.18296792948181292
-0.04326201664351259
-0.5035324986820205
-0.052993428212646694
-0.18570492015001044
-0.040021459014481696
-0.27719319794194786
-0.40261378909599793
-0.3734099550785742
-0.5211002165301172
-0.08874128530089453
-0.12865843233431776
-0.0923357145015864
-0.39472844615473157
-0.15401394578914024
-0.596450375014121
-0.379775449362152
-0.10102055914410119
-0.4295439367719177
-0.2379945036246884
-0.26892871701657095
-0.26052958936161924
-0.015513415121591687
-0.22232435601509926
-0.12550004958203284
-0.3488910224436237
-0.4128650829804003
-0.5271683678922097
-0.4807087654611506
-0.6192540076765494
-0.24117411889744553
-0.14881339938915525
-0.07819613020247171
-0.13982642966876177
-0.41668650553671177
-0.4863148588232377
-0.30341302618266686
-0.3719418478015234
-0.5518175751084904
-0.11848075226334742
-0.4215921960837116
-0.28457115129969934
-0.04172093743285781
-0.4793309311299696
-0.3782270141109598
-0.4689144216479241
-0.4405731419781193
-0.06023478386916763
-0.3072173791889819
-0.2672885096728588
-0.19164174284766164
-0.25354619714602855
-0.5185399667033981
-0.47103400682712854
-0.3523315226632926
-0.07465244610933008
-0.1728184413220911
-0.5603836653640049
-0.6549053688760341
-0.4086391802133898
-0.32821988580649325
-0.5174778633798736
-0.47043046164043956
-0.2564047149167902
-0.214241105701919
-0.06895483992500998
-0.40529065873400943
-0.4388723940085747
-0.4225714472147887
-0.5111834687077168
-0.5807907411068618
-0.3150195215442751
-0.028215666872180127
-0.0359244932467082
-0.30459527791714114
-0.14980007228344633
-0.4426354700837792
-0.36526508359993914
-0.6033610480147595
-0.3725752963648717
-0.531063925021144
-0.012467503312770523
-0.1576682690634395
-0.25102837395343075
-0.13764096278564455
-0.08619559628863543
-0.32696091432965796
-0.5359295117378267
-0.09186144251195602
-0.3190964410272956
-0.5357962928958647
-0.11376666009250291
-0.4452157049674213
-0.11260116295596109
-0.0011162972850845589
0.029249304976387128
-0.23275846933527258
-0.38966892021497196
-0.47157635566717554
-0.4370404219967206
-0.5650182250811024
-0.2733448928436767
-0.389893276826799
-0.40261766005374144
-0.15942438032131345
-0.30530547388048396
0.022950153840805544
-0.5746865121307773
-0.11678412995220978
-0.14485483576909575
-0.4076859256945018
-0.05154880215090206
-0.4343734104920001
-0.26830940770492373
-0.17353704674138848
-0.1308815394875225
-0.2899256470805499
-0.50132115709018
-0.1305653243118467
-0.16370266935197914
-0.21400709810104052
-0.4970111503821211
-0.13863037844053994
-0.12801046129795984
-0.5987215687534307
-0.5690338173087047
-0.5909637536330032
-0.09392326677391187
-0.059957231043959634
-0.315862954243871
-0.1707689530588486
-0.44179023143187784
-0.18931211499650694
-0.5488044698490118
-0.5117087659396724
-0.398103791062418
-0.04574713407009631
-0.4040648937165287
-0.17657115311580832
-0.4030345850497186
-0.4952242496804027
-0.5824274402747508
-0.0775378687520238
-0.3766562310340085
-0.2817816401626398
-0.2863106503498726
-0.5139313726727505
-0.07430229046968226
-0.6033475251603307
-0.4192516596930204
-0.5882155184516096
-0.29632650468944105
-0.4023760281020502
-0.2341173580520437
-0.04874316612303124
-0.6260780073779736
-0.18157429730867383
-0.39176323499434523
-0.3513267816512597
-0.08961659559943495
-0.5877227024739587
-0.4468828986821014
-0.18354940385654323
-0.6239898149820899
-0.24619178718278706
-0.395125365896519
-0.3542677435615832
-0.1036080409978099
-0.5546024104680906
-0.30536627073695105
-0.19394181883303985
-0.3186479000389128
-0.0673894569580078
-0.10948321054620754
-0.3116537074373559
-0.5938083574826888
-0.5788027194901795
-0.31431845224672883
-0.3920148274549735
-0.13318552794347097
-0.11288143107654401
-0.0579446947730467
-0.13335695369049802
-0.16289924663304045
-0.361128198170204
-0.35281689571496266
-0.593631834332883
-0.04731299925903179
-0.47784307607428844
-0.0990683765373927
-0.05087683457583953
-0.10068979447302892
-0.14651744866277874
-0.08878847808145682
-0.4544677521253095
-0.013791176955896456
-0.0760045810499612
-0.312843901385999
-0.10470741352671037
-0.23611512278982136
-0.44608416650125404
-0.3565453508082117
-0.2436760126969668
-0.4025023522852755
-0.405428223835265
-0.18453824306396593
-0.5715937474334752
-0.4278936796224877
-0.30215876883514897
-0.1356156057013754
-0.20053364190497758
-0.1522032233805873
-0.4273780098642117
-0.43763912600312554
-0.5773872793196422
-0.12301928214986967
-0.11402031721493686
-0.20547052551237757
-0.09799633491636203
-0.6133038749769888
-0.4827209491311867
-0.2842583520225377
-0.03349460552246496
-0.4094852266991963
-0.11376292496063473
-0.15888211564543825
