-0.17189808784825078
-0.3377228510487228
-0.4787860951885567
-0.6050752130362073
-0.6755167627029869
-0.7641540692736803
-0.7647879940644305
-0.7619276759422579
-0.7637464633121579
-0.7386682665349319
-0.6747808415398363
-0.5988784022047993
-0.4806310848568387
-0.3386517632955431
-0.175386054451103
-0.056075845326987284
0.0951270078124544
0.2383973291009169
0.360647845405936
0.5187372159640528
0.6185444254776112
0.6838331602638614
0.7755278153058657
0.7534852687502981
0.8027827772563356
0.78048537002743
0.7240851098871968
0.6407963137923064
0.5887629473673381
0.4430234458038111
0.27375478803428244
0.1464927339102916
0.03896295413706413
-0.12230199040256573
-0.26872333192944786
-0.43748805393569073
-0.5546121349869838
-0.6262323667625485
-0.6837305258853366
-0.7622698780810298
-0.7916266865990383
-0.7670226732345288
-0.7679129417691893
-0.6657334414040421
-0.6063584093668684
-0.5358816262911692
-0.4036002944141214
-0.2767585011896985
-0.1624403640126747
0.023800417085838514
0.19755581892955104
0.320953934313405
0.4202756448384191
0.5598440867305207
0.6578284863109268
0.7380611980707739
0.7488744276449008
0.8204030069080743
0.7882694207506006
0.713373962194616
0.6725459474778684
0.5698495855750371
0.49927719328366216
0.3727586289107086
0.2405863662320329
0.0667157447477949
-0.09351127138600061
-0.2067215822507085
-0.35271470424097234
-0.40904368502668864
-0.6093497683125615
-0.6840867996609031
-0.7262093587391688
-0.7955522793417206
-0.7618058077189988
-0.7926175130015412
-0.7158643193685782
-0.649117956878702
-0.5673712447490854
-0.42816289877311214
-0.3126531018785469
-0.16381119064432045
-0.06254654166405638
0.15098878553065664
0.2765522155692738
0.37432329368901673
0.5129966561928372
0.6012893926101655
0.7028893081689218
0.7346087581803837
0.807909700388483
0.7708348851694201
0.7800799559038413
0.7043235268624813
0.6257482658023973
0.5549081761502305
0.39550636171994635
0.2716662443056888
0.13542532744371846
-0.01852962784585336
-0.18127981989228814
-0.2979766815525504
-0.4056042288121353
-0.5233777585985757
-0.6353151236581819
-0.7118179720371126
-0.7510662990325698
-0.7837866466752095
-0.7893641633083164
-0.7412181080072701
-0.6637431759212313
-0.5700475327074979
-0.5114790247378267
-0.3719379741152461
-0.2644435475222856
-0.10877530561401264
0.05337037723542987
0.17612762931706377
0.32981308379866664
0.4716402668881596
0.5751088164576014
0.6315826144368933
0.7490117436469228
0.7867613055474282
0.7810053136333462
0.7841517643751807
0.7557072050219745
0.6587314217341675
0.6015883366233752
0.4631688201985924
0.32028911906900315
0.24745227734547287
0.03765447917500736
-0.12289805866532871
-0.21579428795684236
-0.3821243575793862
-0.5146046019223909
-0.6200706168340692
-0.6751699568395094
-0.7305441571134789
-0.7747867953658797
-0.8142096737093901
-0.7603706105207353
-0.6799466672889274
-0.6342788292672702
-0.5836021085744251
-0.396442186878516
-0.2905037905962461
-0.18430232775693078
-0.04965246641481567
0.11863111839952191
0.23653778051972468
0.37276750724302565
0.5321439253039809
0.6205576223810936
0.7053245698111447
0.7634365380526197
0.7899777218204646
0.7973658939099485
0.7519291739741917
0.7133040038331114
0.6214677395226366
0.4917494477719132
0.42844100033458554
0.26566775241343954
0.14768390490516323
-0.014894839797068614
-0.20373054784006728
-0.31438820073494855
-0.42882421162457224
-0.5353295830734557
-0.6457399787804002
-0.7398353924132446
-0.7826618046188074
-0.7551494946952865
-0.7528659956348396
-0.7610239114497254
-0.7137779828934637
-0.5998649010186465
-0.4886753871674664
-0.4052399049353453
-0.20405274771458717
-0.0470768413419951
0.05761935173208912
0.22432739111520605
0.3326781382968692
0.47348214954473483
0.5807335382369936
0.6857100054750259
0.7618374816861543
0.8031550044556068
0.7642173728813461
0.7846321308869646
0.6929635627288533
0.6876366331085103
0.6009659201901899
0.42517658994109947
0.32711416484093037
0.19395520942956154
0.059287130376746267
-0.10476113386153733
-0.2769184976864268
-0.3851460024463974
-0.4888468961012179
-0.6401735217674934
-0.6833196443224488
-0.7672190587236477
-0.7508290504415179
-0.7750159209972736
-0.7537460162548126
-0.7247027731459998
-0.6178240969570372
-0.508102299378096
-0.43218669596998677
-0.30060998648090054
-0.15904669958623555
0.006402497604519715
0.1824758988681205
0.30804678499495636
0.39574774190832374
0.5340716471345054
0.6396254957613545
0.7104312452927438
0.7623537340238846
0.7555950660374223
0.7960008195424303
0.7173855397341006
0.6952763701155702
0.6156506748609251
0.5319377657050597
0.3664741536545115
0.2707013955822478
0.12625378459619238
-0.010136617877246915
-0.18885824901239376
-0.34386848100873957
-0.4663239184900236
-0.5757627223821425
-0.6989691158043824
-0.7516489685484058
-0.7713717247126859
-0.796705284584739
-0.7909028544097253
-0.7867171885201231
-0.702800821240897
-0.6241831821209033
-0.4874521813429311
-0.35989016310438154
-0.2000431357783655
-0.05960897679962082
0.09925276172810152
0.2102078019804215
0.36460211257348135
0.498756972524067
0.5859626318006383
0.6766362565892161
