-0.36144491732809203
-0.2841730583451112
-0.22693662636986892
-0.11835735824953134
0.046386539332413414
0.1129161134462306
0.252982978304342
0.3907456584408011
0.4494377048161233
0.4845727956790269
0.6155123435956198
0.6774463249937934
0.7220812826863638
0.8188560697929822
0.8073018531251259
0.841429650557824
0.8604286311724422
0.8452922871717189
0.8233013549507249
0.8197536061197543
0.7597732962493834
0.6561401304456528
0.658466454686343
0.55709254186387
0.4676281304499169
0.402349370434023
0.27283471293014394
0.18312194110053792
0.06919277068187626
-0.046200423847962344
-0.14317747681620688
-0.22993345851104394
-0.37097712799233196
-0.42533704996925337
-0.5155783844953565
-0.6148265481693471
-0.7278869394046684
-0.7580827999861507
-0.7699948785904192
-0.7909057346842328
-0.8585885861575716
-0.8778796371892931
-0.8721356371891131
-0.7927338727257948
-0.7826411094562588
-0.7697343025220561
-0.6925266429977761
-0.5964096354738775
-0.590005474993704
-0.49163630132580916
-0.3741301301127206
-0.30196679508288315
-0.18834068784895028
-0.0722991951139135
0.04990956846061788
0.11897293649127086
0.207577823871809
0.3389576352773068
0.4205082837065423
0.5443199987506092
0.613463592373783
0.6236660876166269
0.718583696212636
0.7864929163130161
0.8298217977752329
0.835659403771656
0.8320852984599488
0.8251333012251666
0.8006734670151695
0.765750132258869
0.7641090428234193
0.6839974701959121
0.6161959829271979
0.5512495300378975
0.45299683370593224
0.4038102519427749
0.3016501158549103
0.18791996663017943
0.0566750515345924
-0.016853098747364684
-0.12620075714794757
-0.2643849164632815
-0.35808707877252466
-0.42472189339352917
-0.5049744618881661
-0.5945172901969037
-0.6737689885762702
-0.7690867139639235
-0.7751906050401645
-0.8058071783964261
-0.8252901667665516
-0.8364679018747219
-0.8660133891565147
-0.7950974431935846
-0.8033678461523776
-0.7336877506148329
-0.6870027447867028
-0.6432152094990353
-0.5724491409522771
-0.49423869436459644
-0.3469556844501543
-0.31116244478585103
-0.19197460921231818
-0.08387525888084042
0.005635151897701626
0.10680674627230029
0.25311604720432107
0.32345727458932466
0.4327045284893817
0.49269284548687486
0.5808033294864432
0.6735857081659862
0.7255196417836476
0.7615740729728514
0.8189004078800348
0.8609672010332484
0.8155914279006329
0.848844954623217
0.8264322055025999
0.7853392403999505
0.730093937233087
0.696314970409792
0.6266102343940501
0.5783969949122311
0.49594079054674567
0.37290081199416214
0.3273807131580151
0.24301333362249797
0.08852855716069025
-0.000736224763312106
-0.1241539998813497
-0.22171011999955947
-0.3142956427240799
-0.39599232135571777
-0.5210468246748811
-0.6059795519752367
-0.6695408640972211
-0.7044037154368165
-0.7616065697487584
-0.8325671727933435
-0.8196987316475961
-0.8717136657015069
-0.8364814175437477
-0.8406273458688283
-0.8138017098383032
-0.7759013555513604
-0.7052360647715689
-0.672953046773335
-0.5973720290173411
-0.4920735604268475
-0.4129372142608249
-0.3317048337344868
-0.21659796984106036
-0.07784624031565383
-0.011479339083283873
0.10890448245567914
0.19318280251247066
0.28559250791391755
0.41260050741515725
0.5182805229460204
0.6178623877103987
0.6270270467076908
0.7519706229362089
0.7518349955679164
0.8146334563766763
0.8289898630192916
0.8666100367927014
0.8388875120234315
0.8594986351217015
0.8223144191692376
0.7894906891093251
0.673922405138374
0.6487622836552526
0.5815598780660642
0.5061163091248106
0.40025537044702925
0.36256176712387483
0.19787958030627176
0.10584866474086768
0.040629049967554426
-0.0877606942922322
-0.1972761038828763
-0.31783955433031874
-0.3894724170174192
-0.49920864758752737
-0.5520565301284941
-0.6724204649419543
-0.7086596010687289
-0.7524006595610431
-0.8640991571207255
-0.8446002615610863
-0.8537619760194564
-0.8523675208115156
-0.8261037319329377
-0.7886846895425873
-0.7587607308630957
-0.7241126426474922
-0.666087241871218
-0.5845129359281367
-0.5366585147657896
-0.43244774049672324
-0.3268900753313653
-0.20006167974970154
-0.0945313701910924
0.0060995629460887345
0.07909113758267654
0.22863120126319053
0.29430727901074805
0.38920173460239194
0.5302302619407587
0.5833959498575282
0.6190668934820779
0.6991536221467802
0.7712568257476288
0.8102911350410075
0.8248140424827095
0.855290781548021
0.8457863241957363
0.8268149864871819
0.8122665703647062
0.794837307362917
0.7162018117582377
0.6569736880513843
0.5683688587737171
0.5097521746298668
0.3907783798228296
0.31773204850808096
0.21281024757470623
0.14352873510583655
0.009213837491056209
-0.0801929393439109
-0.19060269960692644
-0.2877237498621945
-0.38523894756195176
-0.48369701313902436
-0.5535330604203916
-0.6397765926648107
-0.6903017252976257
-0.7454795792505245
-0.8475588661062946
-0.8362786214848402
-0.8338778932735241
-0.8274296735647422
-0.831633596104698
-0.7824706866384793
-0.7482493080713588
-0.7131343291648137
-0.6323849960740594
-0.604561346486904
-0.4957635295487205
-0.41941499503429625
-0.3571745663305957
-0.23720388177812587
-0.11409768058022728
-0.026907605912206062
0.060157748617224976
