0.12345217893371799
0.04693321922908715
-0.04401327357476907
-0.08236056589690097
-0.1700556471660249
-0.18543126302534516
-0.2604042752708443
-0.3005998714831232
-0.307098758148319
-0.2827360186301742
-0.24399295111476663
-0.19660685299869982
-0.1836497298795502
-0.08697463209440866
-0.0417874320195608
0.018267847029237456
0.11640721383875606
0.16489651901361932
0.2446573944230576
0.29424466987850517
0.2842475576038798
0.30900265644592756
0.28467710615530656
0.2551031093750567
0.16424679031140668
0.15556295359874076
0.0735399296297176
-0.03134702562873707
-0.08736276507415007
-0.128648700494991
-0.18595050696825471
-0.2876426604029212
-0.27521630997631924
-0.2940701000056191
-0.290684294968051
-0.290402603819912
-0.21692817704103026
-0.130082402793736
-0.08191736172066269
-0.02047240099611352
0.057269809182380976
0.07567967191721986
0.17011713896737002
0.2171546492001786
0.28088570250658734
0.30169275490756425
0.3074523465310003
0.30947670353969636
0.2629239173633853
0.18377065130348158
0.11248424654640049
0.04553758287353958
-0.018447445805115013
-0.05682638355597228
-0.1131782092148822
-0.1999432877685701
-0.25716537340620316
-0.2804436360156033
-0.28528357566266815
-0.2906190603025599
-0.28270120552501893
-0.22784358237413257
-0.16736257863457607
-0.08334624442728056
0.0035999345007087097
0.051504315047122357
0.13690958068485334
0.17834510444976695
0.21208583754045693
0.2806767665530262
0.29983567892008584
0.316068306103124
0.2591566867479676
0.27108243476785276
0.18421622899365964
0.10991597335757805
0.03835861665325699
-0.013119414227580936
-0.07284221701883842
-0.1601310696857022
-0.20320627962734056
-0.2083890182897996
-0.3152375121407354
-0.30488653928326054
-0.30716464865899734
-0.28382204848808534
-0.2613418489060963
-0.15212110268542955
-0.08081442394064298
-0.07401542225141741
0.05511200512100173
0.07398109386267136
0.18905073716255946
0.23450329602666967
0.2693865419994577
0.30291316530413565
0.3224530463895024
0.29408745466520075
0.22115567207124215
0.2101306906006449
0.14857202047720824
0.04544935206458047
0.009447436134056929
-0.07658229883023028
-0.1631362341439599
-0.1668392561629533
-0.26177433802065714
-0.29696295479216295
-0.29062289978193906
-0.2822341203349677
-0.30882221726296993
-0.24301997207859372
-0.17095824427783057
-0.05828350895680762
-0.0384880237866293
0.021518133104325068
0.10562258967500257
0.14714770002384792
0.24505741969344738
0.26682820972408205
0.27778068740965123
0.28538035326758576
0.27443699338815186
0.2598417707976276
0.16091282726191664
0.16034601255772135
0.04697771962000086
0.029786236839587914
-0.06881864893124408
-0.1486684505325978
-0.22855484668208595
-0.2497469997600378
-0.2856554120407743
-0.34791616344559045
-0.2797762836708928
-0.27252505957788353
-0.24359762430000298
-0.1638963597528248
-0.13149884662528596
-0.0422220020745916
0.04030833449969187
0.12738116212623307
0.18916326142025522
0.22380096999763605
0.29020774254235565
0.2930911769266714
0.27969666529820547
0.3372899383659082
0.2203934473718318
0.20886896493121054
0.14605939588984382
0.053731694362688445
0.005433693985694942
-0.06912312969524077
-0.12752646513862798
-0.21719611833387226
-0.29434359211180505
-0.2703824622801576
-0.2862184470885394
-0.28506026925427
-0.24325674964631702
-0.22432150421803343
-0.21116039064487735
-0.11261169413246393
-0.05334964254940216
0.07197193744533309
0.07906095666206396
0.1473524741165514
0.22608824413180725
0.26156218220184485
0.29399187319365705
0.32371408765482135
0.27959765903813194
0.26333860477158366
0.1912588025489495
0.16639064862278063
0.06792195407021559
0.04148229522575397
-0.08221798345979936
-0.13580636370527618
-0.2091209895340514
-0.25254825389733293
-0.247579286274734
-0.32733335562239196
-0.28590947955836776
-0.2817245778811877
-0.2568551040511461
-0.2104752134748616
-0.1509331681037594
-0.03580345175655903
0.053118635886247004
0.13168973800921532
0.1654502183634253
0.23835769281335312
0.29884662269233525
0.30705955769086524
0.3049597143275409
0.2993943897367706
0.2675149097745356
0.20555971450298835
0.1351401374290131
0.08132351572453046
0.007928006028022346
-0.0402547920570498
-0.1355549676298087
-0.15471945053600222
-0.23670036214418036
-0.2858341734887986
-0.30415471743821215
-0.2847153720149842
-0.32175614988499673
-0.2512209609896122
-0.21082604165519564
-0.1382394361320248
-0.06615820714648464
-0.007075106419024906
0.0768645505042119
0.1503726349573506
0.2320821107928661
0.2695736841320939
0.29982274463666425
0.28037988609477554
0.28880678752570615
0.28157962255906627
0.21540931472269464
0.16171061560062738
0.09173133210668002
0.048911552313074265
-0.051073988450030104
-0.12445373102226633
-0.2130577775843657
-0.24341432034174812
-0.2599331624703199
-0.307490842508634
-0.2827967618615064
-0.29173895601820005
-0.2748999413885178
-0.2367732640236721
-0.11071360932342102
-0.038291601858419316
-0.030888474522223503
0.08319781103542795
0.1391655346768005
0.19090384136157942
0.25394519698558854
0.2707143017203108
0.32333025221857953
0.2903623749293706
0.2182956839696143
0.20402679634989102
0.13956258605290933
0.11533526095327963
0.007975499156754037
-0.05612179611511703
-0.15708203230469078
-0.1956280898741364
