0.02499780305837004
0.07844377537976546
0.07705433562038352
0.007186035934139717
0.02494811575353359
0.046331854668402374
0.0011234550553185021
-0.004899157816073415
0.02765439728831904
0.010903946745771529
0.010786170099311033
0.04199257985329265
0.07886647919171616
-0.015001976874146516
0.028678150944922563
0.08445913069554385
0.028293946990998017
-0.018428274607312292
0.007067938468749561
0.03567937413714252
0.04127534017598194
0.06197698601143022
0.10596623306780271
-0.01188464104285852
0.021773508690450707
0.03383319243135151
0.05377501003471037
0.022381138072084316
0.05937891825958587
0.04033256839361288
0.06918434095620432
0.042305221159322746
0.0176427456711671
0.047507642178023994
0.012380899025452342
0.010502456938892603
0.02262223953229618
0.05017917672705647
-0.009857183464311664
0.02457099601424543
0.03427537953486748
0.046931575599066216
0.04573387917985166
0.011728022806853436
0.020181131768287616
0.07094516553785872
0.015030470331722327
0.054480197812874324
0.02443973385580188
-0.013584904813479563
0.04631433691061187
0.03460486436445266
0.045800320041487846
0.028279314337405558
0.027280238729371784
0.010674323035342204
0.008334763197995209
0.049730808139829795
0.045654383616293565
0.06895063427018013
-0.001628710872124366
0.057897088234083384
0.03998260589602818
0.009013546231273234
0.010660567420359248
0.018385145389333314
0.034964849474211496
0.034896378712219685
0.04852626957209978
0.02448974282440658
0.05910591130643979
0.0165214442349369
0.021318655820774142
0.04023070341729768
0.07272881000836412
0.07673482971667045
0.05705044385723997
0.05147623979063427
0.033978036025562
0.0668997800264968
0.0011213499235228352
0.06076057541638803
-0.017268251574886023
0.059137865061867134
0.05088214270570165
0.024558750878496145
0.008703432452639444
0.035540556036406115
0.0065800070262153
0.022362906208856538
0.0018764309883956259
0.05549165350423403
0.023641692406096104
0.029954900892513688
0.09012071763204416
0.03800682562027566
0.011920030268950759
-0.026214882340161578
0.015409573249934558
0.035114667282111926
-0.015418642027168201
-0.015214476571586075
0.056759013884622456
0.05501000345319764
-0.02648090050935819
0.060977735020573236
0.03790845805588725
-0.0027783425421771153
0.072884517003793
0.042350925833719785
0.02520737604971507
0.03798589483343388
0.055528179763875696
0.05665991871310691
0.06744294034907664
0.06698241483347314
0.055429830237670445
3.5054448040309355e-05
0.02519357849049004
0.023967014539653605
0.07121218982178953
-0.02563035615629356
0.0061118365338181865
0.0036879129755743737
0.00815327692468288
0.038089250934726676
0.07090472259873053
0.06636581873272995
-0.001595418888344381
0.07948826923989562
0.00866570114230801
0.030424251403258384
0.01826970883588507
0.0007050238934563149
0.011525641880400679
0.058706374907480596
0.042709801980799676
0.028442046888094374
0.09339202146926745
0.004885714876178612
0.061668265383095916
0.02874805333099592
-0.00014934248079997992
0.004810828446031524
0.043737274533247016
0.02930039925241829
0.018976765743914315
0.0873320242923693
0.030029264635476827
0.02873841552732381
0.0738459848566831
0.04753188056857882
0.0473452294228735
0.023517339122583497
0.0008773000279037775
0.029163615790804627
0.03862517771747926
0.05245804563136762
0.05680864101423966
-0.0036058441325508006
-0.010163841085038483
0.028418356443519782
0.03994945768304596
0.015137031497419014
0.034501555325134006
0.0343454621361375
0.0035938172998961197
0.02286232896816008
0.004269831562549346
0.05020027505990411
0.06457494573344236
0.018029557297634616
0.0763998084320739
-0.008881916679292116
0.0032438726055323015
0.05769327887550535
0.08230732797465942
0.017434869577160547
-0.0062236372317463
0.021743945138510544
0.022162284465123264
0.04705544461563213
0.030161963005946382
0.0019528681593791106
0.04875243256522208
0.012167452159771927
0.023813523005821634
0.018102437726551047
0.03845450338129295
0.06495671704878068
0.027938950511391482
0.03309679971162617
0.05903801165798534
0.00337243710406547
0.048452315981476035
0.04860051004066759
0.03723159581346702
0.06509899268806447
-0.012032813202256949
0.05062163814847933
0.03891332011752869
0.06455365352233153
0.015778476634590418
0.07236783154306232
0.024799784293393065
0.023350302504860115
0.014067209414376173
0.056631754973186926
0.022531753961872618
0.05331627826556498
0.03673851707281968
0.026327652517157712
-0.006086391950928324
-0.0005657233995852301
0.039830453317426205
0.0710774808301059
0.06499377770051193
0.012271677132419768
0.04271068113342968
0.06311829136942912
0.04153172880863527
0.0476473679934279
0.06061405831849244
0.01457959639112896
0.025260811435037556
0.06930791953945466
0.005839548379634029
-0.011294464709178428
0.0703383404722326
-0.01444770317366667
0.05307146263417499
0.00664783466702128
0.022503997996669335
0.04381409899288945
0.04210839214131468
0.053815321606346465
0.008713009952572504
0.06026520697258306
0.04812814090147904
0.059325375602840735
0.014864909988493245
0.0490627247796646
0.07118198681058771
-0.011459299462305035
0.017286655938785405
0.09746454220991178
0.005216662113572577
0.06227186409514253
-0.01187253627545919
0.08039084629025989
0.007176458180000685
0.04699646107329622
0.001951242337537548
0.06164912922480779
0.03777475302310834
0.072738631619134
