-0.3973275703935608
-0.40625293538118423
-0.3543399504182606
-0.36177936578091763
-0.2815037306993974
-0.2858882689731679
-0.27182163209014226
-0.22472713771034775
-0.2280726779779596
-0.20342300648764738
-0.17075031554411177
-0.17256272328176323
-0.11996049255649575
-0.09752385628218477
-0.08706303262166405
-0.058796212876244536
-0.027436775924572377
-0.009428679787016316
0.03660430361369195
0.07097791671911169
0.08320833275628695
0.07965990927466138
0.12982822273389075
0.17270289048558188
0.17864266865861866
0.2144736053056917
0.23658406418638014
0.25028678306781266
0.2973137940182224
0.3031575666728353
0.3136470190480602
0.3376774243739672
0.40192728427200547
0.3651625298232082
0.43713009829892974
0.3968791619295003
0.34782001728026496
0.33407898348226256
0.29541435724506754
0.3048513049048511
0.2846223894395291
0.24258088697491634
0.19844846556157086
0.18121908356527427
0.19234116778717347
0.14214458690432694
0.1146811384443088
0.10732384619308663
0.06162212288762961
0.05319241589021548
0.025681774541958108
-0.0062389131476176885
-0.04717039587990669
-0.07203001518284421
-0.09421459115248491
-0.11642845469304203
-0.14943279270926768
-0.16265781819465858
-0.165879207670432
-0.19490343316479286
-0.25573460144874305
-0.24094224247112192
-0.2647743945536622
-0.30754450895925584
-0.32368031291084753
-0.37989492079023773
-0.3602637408025783
-0.3892717008824528
-0.36934383650240427
-0.3750439571422951
-0.31309617789145255
-0.34224805731599744
-0.3375163840027373
-0.2927524991025778
-0.27794280238185787
-0.19472156400842774
-0.20584448822157675
-0.14540596578173196
-0.1529534754470523
-0.14904060532003213
-0.12156589188972905
-0.0574211400656478
-0.021256973740090147
-0.028132885709696128
-0.012937516097479774
0.05495713201281888
0.05999295521978574
0.05292185478071505
0.10889745059402908
0.1377524594541643
0.14432309037861982
0.19612048836605003
0.18000477618471963
0.19823701692100706
0.22206699847644493
0.2968896207687433
0.307093737911115
0.33321681235194794
0.3486153588051709
0.38153401422369526
0.3904487188452073
0.4133834060812008
0.39645301139033295
0.3432195350448175
0.3032208129760056
0.2918201638151634
0.27772675023362076
0.2788535817284586
0.21883350706557356
0.20915331210697827
0.17447008258130345
0.18313740027694697
0.13518190463642157
0.11672451251931129
0.05961121660531322
0.05571350504542889
0.05475670755669024
-0.005392330525809529
0.012910099763092247
-0.040428871367946886
-0.056740750115492275
-0.10409004344259308
-0.08236973888939028
-0.12652280335382413
-0.13636625652314535
-0.19472109635396392
-0.22348362679289535
-0.2067934814177695
-0.2565876519548922
-0.2377206474338887
-0.34371099501749414
-0.32192124017677604
-0.3755627948016452
-0.3854113137766339
-0.40176177178419076
-0.43545510387674496
-0.33562629505756286
-0.31138909373380974
-0.30961462509617865
-0.3307286726824737
-0.2927163526558315
-0.2634930798314645
-0.1813707646328359
-0.20133685440386706
-0.20743236772910933
-0.13789997175387514
-0.06583156991394741
-0.10661852165589353
-0.06189093670506257
-0.03495366000815811
-0.04091406479836615
0.04228882733677737
0.039583153301561744
0.042456690470021013
0.0832929588918528
0.06661389195148729
0.12198464792458164
0.15995882465178932
0.17098126224560553
0.22228906885238142
0.1923961782381618
0.2631397798121713
0.25484650467016445
0.2951588485777031
0.3186977388401693
0.32442521174513916
0.37843823075720073
0.4205177717420188
0.37956345901542554
0.36582186671125383
0.3460792071052491
0.3626544148653012
0.27220053606337724
0.2687698731073461
0.27359697820309176
0.24791401502770957
0.21937393223604848
0.20005707909619147
0.17083747894069082
0.14701514882488667
0.09864452040426094
0.08712066840377052
0.0552112447023257
0.008389092225120465
-0.0206650894950206
-0.010055207545432666
-0.051813539243223024
-0.06909965712870077
-0.11578900191609112
-0.0765558897931877
-0.13423132331242846
-0.15831269599770711
-0.1984552112564859
-0.22967514971521907
-0.2686061342380206
-0.24851501646685317
-0.28529563192117924
-0.35749417919099086
-0.32726637602674263
-0.3636282923046577
-0.34623508483224524
-0.4163884302693272
-0.38164325157792617
-0.36287487378231137
-0.3680881134305057
-0.32346645936121315
-0.3179615779016981
-0.24847798026110055
-0.2342479491044035
-0.22802623689849918
-0.20987844678444556
-0.1998088008509464
-0.1391238573501828
-0.1374811918069221
-0.06968220036503212
-0.053227326289723674
-0.051193626642371606
0.005263987140496997
-0.019596942337770117
0.01328669035351093
0.047137297889160525
0.0870125281641014
0.10384675738037578
0.14950876356393453
0.16280043850419743
0.1785670629502409
0.20075049173516257
0.24074052216194394
0.26620810141530454
0.26331181373350343
0.2842868441416287
0.3534293963105986
0.3580837665547585
0.3997453197798273
0.4454290388743945
0.39630250475137263
0.39083392712525356
0.33024250034468877
0.30185340894473633
0.2842723826845368
0.27001936970215096
0.26634252281292425
0.1969717007283078
0.19463276974795596
0.1753724063561579
0.16432669319130894
0.120547026384064
0.10758348336007466
0.06176755754733117
0.071170866984307
0.006616983388421881
0.006458655940049887
0.0024366290436299946
-0.03164841526306933
-0.038666259617418014
-0.10319013139871167
