-0.06619813518268136
-0.18701937912445785
-0.31949404261451536
-0.4534488724402675
-0.5892159482146129
-0.741505218644725
-0.8646211821310306
-0.7519974000087348
-0.5771630602943496
-0.45450016806139637
-0.3421239514422519
-0.17735019120300216
-0.05143637342216462
0.096221987019084
0.279798524713021
0.38037282686542867
0.5063633430888198
0.670619366222558
0.834956873869166
0.8179087426267737
0.678484959500092
0.5455676091208791
0.3741193577454683
0.25487373752436276
0.07745184788470785
0.005051256519812294
-0.2233176121141047
-0.31642658140346036
-0.44840763202747863
-0.6337828975277561
-0.7510845285613384
-0.8601541322786896
-0.7399676350223655
-0.6236169957689761
-0.42381155889817124
-0.34447208764744225
-0.18965944049336236
-0.04775877426308732
0.08994196528847212
0.22261693950292605
0.39540304742567123
0.5152604120694066
0.5988279165760038
0.7794604600376887
0.7960601116647464
0.682994095989514
0.5398718726374385
0.39603150939422416
0.2645926356816543
0.1316330773462798
0.022742549144775016
-0.1381081758957256
-0.31887193674077097
-0.42865031944712445
-0.552518496172282
-0.690241203026064
-0.8698938072437706
-0.7673020054798773
-0.5976168580609736
-0.4584161783116572
-0.3414332817899173
-0.21578797651988127
-0.0501123845389308
0.0834844051037907
0.258839087799764
0.36384365359957493
0.5000810407548917
0.6687673137003906
0.7583861471180905
0.8192646249663937
0.7229439334396082
0.5654933918779442
0.42342586170657454
0.2678215166694491
0.1471898713668779
-0.04479582464781334
-0.11984491224821528
-0.29461127548457855
-0.46243494810916785
-0.592134741581712
-0.7265566018140579
-0.8423538522631268
-0.772713281381066
-0.6298579196374837
-0.46635699216487553
-0.3377265920319899
-0.20662341979246682
-0.04500670504953049
0.08290630101342704
0.18305425556120528
0.3566835105389611
0.5150381662070352
0.6662852942449353
0.8017123893372794
0.8428400471919902
0.7050916519772525
0.5527845969061091
0.40872114955489414
0.2691036688309969
0.1330430707143955
0.031359949000160925
-0.14674624369328534
-0.26584863753059784
-0.4130237084403697
-0.5776551322045784
-0.7463591431437789
-0.8980548585523959
-0.7499908730648602
-0.6533777878731063
-0.5136993724702091
-0.3638744489156173
-0.228390663297554
-0.048703331335323556
0.04412340931802801
0.25823100028784896
0.3721734756185943
0.48536132913711033
0.6513227062649237
0.8022835499779808
0.8597028104471541
0.7089964686384417
0.5524443965576149
0.41266297317635275
0.32144000475654905
0.12550383555804323
0.011551431605126856
-0.15993992836443327
-0.2923292638097372
-0.42951297217440243
-0.5666912726672602
-0.6946088936598036
-0.8728850692932404
-0.7568608818360815
-0.62515550297607
-0.4903205541215943
-0.3691481194559267
-0.22535893976235274
-0.0696129799851006
0.05406914248102733
0.1935363365774766
0.3709185961489498
0.4707832723339445
0.6298026327796007
0.7701706361461768
0.8406968101686069
0.7125410392731593
0.5368076953328106
0.42999428043173954
0.2821150480982653
0.12499101517441123
-0.016919015765194948
-0.11946227549514041
-0.2586059289771947
-0.41584739786627245
-0.5596864003964858
-0.7168617541132726
-0.8812168433311254
-0.7762070777988207
-0.609827586785756
-0.4946009792004373
-0.35368437496617366
-0.20658803922786423
-0.05468271232258749
0.023992302236910554
0.19614217216015667
0.3231981410467421
0.5136665214121989
0.58788946865131
0.7896255301110771
0.8707313725374134
0.7185430978038272
0.563897342594611
0.4233160750892362
0.2976183166845483
0.14896162729904236
0.007193532042584371
-0.138740304701377
-0.25869617051626814
-0.363332145625861
-0.5708112544127085
-0.7034510735047275
-0.8373563480935999
-0.765010215645822
-0.656000144174815
-0.5266768712192968
-0.334968296146357
-0.2274947523703537
-0.0979527359327708
0.06571930298998178
0.20701648330614456
0.2985862509725726
0.4689740247708529
0.6041084375438678
0.7149401884436074
0.8603089364607437
0.7213782748404431
0.5559102591365173
0.43338008815195384
0.29571215810269197
0.18418122617591062
0.012108037094715914
-0.15102953469649405
-0.2761667957561918
-0.4061846692685239
-0.5361248922929785
-0.6820182412432425
-0.8237357196018937
-0.8387943129948146
-0.6663074545377982
-0.5124989889722187
-0.3829529027149361
-0.21541338918699135
-0.09482913649739375
0.03319340647236967
0.19288313952191974
0.31811492767612143
0.45894500834900304
0.6177287438072812
0.7802943331789761
0.8504010834754946
0.7606103243827012
0.608600547216576
0.4581803832494483
0.3040320334229893
0.2177046573968827
0.042590034130595054
-0.08346902704666759
-0.2432750178205549
-0.3732220427030339
-0.5512245962171765
-0.6650646577633662
-0.8339180705659563
-0.7864994166635724
-0.6312227814417807
-0.5420569537603591
-0.3769055863318157
-0.27819510959178606
-0.08417269345593084
0.0638974514219946
0.1673993132324313
0.33135688319957896
0.470269722854982
0.5741761759987754
0.7181039666674937
0.9027075862049714
0.7740655149519035
0.5682319701576047
0.432636345395098
0.32789504356217164
0.21263689277667816
0.0593568778133862
-0.11840388608961927
-0.24702917043440664
-0.392592188450902
-0.5142421021150748
-0.6908328473369539
