-0.16893841800546933
-0.3438657269774427
-0.008320015137331842
-0.19445559536766527
-0.32032823608599276
0.009744990140171205
-0.0530695186196103
-0.2609755712972987
-0.26041469124293665
-0.18008741986665508
-0.18824992069094731
-0.04558133152713009
-0.08930760617330198
-0.05129400907093233
-0.38481911576768674
-0.06703875124297458
-0.03279332933415093
-0.18464920094660958
-0.07644407649696613
-0.39976290293293015
-0.18590985192473924
-0.15329783381939538
-0.32033197405368125
-0.268569943572108
0.00018832557742282357
-0.017128976355412634
-0.0017229121127251504
-0.4061649724493637
-0.38533147729648637
-0.05223575553828401
-0.05772663715344647
-0.1427406364051856
-0.016618725173016803
-0.2732062328314179
-0.3684977674670483
-0.04955129802791636
-0.04577788724490488
-0.11255922258613578
-0.12338891935084995
-0.20007117294017723
-0.17666888786733836
-0.1483693968042759
-0.08489563261306843
-0.2064758147081914
-0.14023150087506486
-0.13350586927940963
-0.09506404157387595
-0.24700324554617017
-0.23340618442429914
-0.36992837402651035
-0.16502061369620347
-0.07036808788874742
-0.10892371404698512
-0.3518738657492295
-0.02364133016520942
-0.31967366288490473
-0.10931619093709002
-0.3939667791146658
-0.27081613218874995
-0.29805875111514324
-0.21204804861273194
-0.2522811657318345
-0.3310785982099558
-0.05869463833341868
-0.3902262723172832
-0.39974547900237395
-0.21787947298595584
-0.3852203812399874
-0.19889864072934627
-0.16903005702924223
-0.14876715704952284
-0.2174862655949494
-0.06101257941460826
-0.1831679257290319
-0.19261795900990997
-0.029448204737937585
-0.24772991689525795
-0.08923640059061283
-0.26833131465270854
-0.054120341625382595
-0.021290573801395023
-0.36092755400113996
-0.17836954327475968
-0.09954439412477017
-0.03484846396822086
-0.17257211476010256
-0.3774530603652783
-0.39214453706077884
-0.13305401578705361
-0.39088101107764534
-0.2269885826429152
-0.16755337302313966
-0.28287273534298363
-0.07924986419814287
-0.22476694156401478
-0.013149852750043307
-0.2096342297989429
-0.3260228397101433
-0.3643597743726624
-0.3133021440055391
0.0015869385829454501
-0.01945907947220904
-0.2881798147620241
-0.18415983274295863
-0.40018331541909696
-0.15254999825147145
-0.41657369142139095
-0.2829172555205614
-0.04276473322361852
-0.10150264182788897
0.012612701677273203
-0.047990848636373026
-0.37717682093633004
-0.4112502054310484
-0.3343763993035329
-0.17949767964172492
-0.24403105078247864
-0.07551145200710116
-0.32011183246149216
-0.195045651667687
-0.07667483674069622
-0.1827068126646465
-0.15009235429131812
-0.12404901785699746
-0.3173414910940259
-0.2343186403624046
-0.38831736447244797
-0.12113915616616869
-0.25823579036491984
-0.07237216110086218
-0.12983798014021095
-0.3211352021599556
-0.37429825909335723
-0.37811760827296464
-0.33866971069748286
-0.010271180291361894
-0.034257003049679734
-0.22977226160907777
-0.030807066153268288
-0.2416613475014069
-0.2047644810437566
-0.320738350972434
-0.32130511718646043
-0.40707548166341134
-0.0922819119152034
-0.07156385588998841
-0.3172342731514435
-0.11490114352966357
-0.3105799587885094
-0.34844808205011274
-0.23385836063106835
-0.21812093675065425
-0.3847989794787947
-0.02003115933348719
-0.12219500386215171
-0.19014793802206087
-0.24151411696544056
-0.16982233164744048
-0.08139675075198141
-0.23239723529588813
-0.20912127245031165
-0.31771525743790546
-0.287539259822065
-0.35202533143937337
-0.39289636912288145
-0.3437130815620437
-0.22139810460035614
-0.13336518116911728
-0.19987534992596376
-0.16918950399823715
-0.26936155167143827
-0.018105916324874204
-0.05090513597951574
-0.010484590781612742
-0.13681345795092303
-0.42106361080441834
-0.2928509926992634
-0.1587418669568282
-0.060386068922894214
-0.045502997700460755
-0.005884745929994677
0.008021339984698166
-0.09456316977362433
-0.18127849988967248
-0.15647665058117968
-0.20669267248329481
-0.14442535371299003
-0.18256034117287528
-0.3119812830586682
-0.12067135579616971
-0.13004073321995757
-0.11451399833979034
-0.2751503238370985
-0.4147478428123037
-0.34771104696513616
-0.39828368948173
-0.08435305232768328
-0.3174476081349354
-0.17749793107059192
-0.16265394936741498
-0.3981489698162112
-0.3431720458809588
-0.44596949213672615
-0.09163095308560254
-0.08807486140207708
-0.37831485938378784
-0.3705207459831068
-0.2632469298081489
-0.06166099981203423
-0.23064999710804307
-0.06416597571256391
-0.023428314155251873
-0.38340537805188984
-0.43154027005663576
-0.34661561191613
-0.2679663758453188
-0.2535028199062092
-0.08211099311509237
-0.12193904999748036
-0.22365453282283762
-0.06663017107622698
-0.3318132948761118
-0.004973470714657143
-0.04207581758542597
-0.1472635839826835
-0.391702162345798
-0.031036104859109712
-0.06500682007656806
-0.4123570206105211
-0.07340769611335754
-0.10211586975144166
-0.02221272212418092
-0.1446308648871048
-0.417114910757017
-0.2720045533845428
-0.039684841051909996
-0.07399604834446441
-0.3777907158853048
-0.38296862959385725
-0.3045556165706535
-0.3841777044530969
-0.27907283122400417
-0.25111341575773966
-0.051520449433712305
-0.16243301254006254
-0.36278267154002375
-0.3297576134675252
-0.05784574719448704
-0.228239469137162
-0.1867063204841717
-0.13849595292263636
-0.041835883424375345
-0.13258397030745478
-0.24921905655819604
-0.04048708720939337
-0.1781307187617487
