0.7995980489348421
0.8346378291507032
0.8127353635068906
0.7937897339851641
0.8095848200449652
0.8232526319157111
0.8231721497490588
0.8115980819326752
0.8533115613651077
0.8101392675926593
0.8162088043296836
0.7993012411248643
0.8097677963477588
0.7985103470236407
0.7973167770327557
0.8161289085438341
0.8154677882835022
-0.8332082539223139
-0.818689648843917
-0.7999780331276631
-0.811996667167011
-0.833012225181298
-0.8538360642984215
-0.8310818115543419
-0.8052630312277314
-0.8345361045407345
-0.8325153231912942
-0.7918775976947623
-0.8460842769890246
-0.8037020734436809
-0.8299048801299957
-0.8269707127446908
-0.806720589438382
-0.8373550502549236
-0.8241424147042647
-0.8269276725539797
-0.810057451671533
-0.8137186289063238
-0.8177783330334201
-0.8088525616824587
-0.8475969904267293
-0.8284477873928415
0.8393103281823209
0.8142463190644109
0.7953547479807289
0.8062915948334488
0.8415529675361977
0.8140925491321391
0.8276572902804422
0.7804177940232118
0.800705838021449
0.7922736652094104
0.8261467524443188
0.7920327177508228
0.8242194638892182
0.8038516849887442
0.8484511631541618
0.8215251199651578
0.8150022880309117
0.8096182143703281
0.8275344611010337
0.8075605147113639
0.7796270506764821
0.8320285160411259
0.8266609347494313
0.7900640912135268
0.8231065547827506
-0.8347899142091408
-0.8210462765457957
-0.8202253475730484
-0.7983679186087723
-0.8062080463829067
-0.8035455251563556
-0.7982971296140486
-0.8334839311548032
-0.8056467860821844
-0.8130035845764331
-0.8002276670869491
-0.8184041037369949
-0.8209745712685044
-0.7817148358592211
-0.7936259062003179
-0.8168931219589498
-0.8062261352107902
-0.806643670758617
-0.82313712350903
-0.804037420841372
-0.8490991941936015
-0.8188870543144096
-0.8138341923388662
-0.8222611942967719
-0.8542732036067688
0.8227415079038124
0.832796607960901
0.7873981032792331
0.8015568018101296
0.8183486664163249
0.8141296289319279
0.8716754261938153
0.8240854600714981
0.8203211651758133
0.7768018822287682
0.8247226128779863
0.8199408263499784
0.7818037461261428
0.7913391999853574
0.8195689411323398
0.820672078865781
0.831671348506401
0.824332635192237
0.8207082450106465
0.8008733126818638
0.796807218490456
0.8102892455407955
0.8352449962480386
0.8095908904277066
0.8291283425264544
-0.8094346010403421
-0.7766320509628927
-0.8142556561574813
-0.8213915171923492
-0.7824967010684922
-0.8294427448468856
-0.8086937612837662
-0.781741895996636
-0.8325189478634436
-0.8147824673493619
-0.8036211399163432
-0.8340747093006752
-0.7965606634451143
-0.7798299264243949
-0.7895117500565385
-0.7918515808521231
-0.8491084798262043
-0.7896966710825307
-0.8071528842761551
-0.8592967042271035
-0.8268724453980262
-0.8278575691624777
-0.784992037588456
-0.8753003257893519
-0.8136335533088707
0.8097458046227229
0.8442940791632988
0.7957857293396433
0.8437599161775046
0.8171561979193773
0.8534786251379017
0.8177169638860392
0.7892041937385723
0.8299096788399364
0.7936253554424973
0.8411890111104848
0.8328138601344397
0.8049568730534972
0.8148378867214268
0.793791176088275
0.8672954986492556
0.8169052707664618
0.8369103301631593
0.8331861361459757
0.829442573941651
0.8000674610952989
0.8192807038317735
0.8249561404154463
0.7834583580351778
0.7978947624407842
-0.8015377230762604
-0.7819194057350808
-0.8154790504099796
-0.7978996373052225
-0.8279123721077346
-0.8818016984646078
-0.8042843904704674
-0.7737343157333224
-0.7948985437258326
-0.8130554193029559
-0.850251005126767
-0.7986035200921204
-0.8123767722138174
-0.8279151045500776
-0.8264572081869175
-0.800086098416162
-0.8168416595163888
-0.8083867723031918
-0.7776661480477602
-0.8205300998611892
-0.843741287899577
-0.8561544891345674
-0.8003910893003721
-0.8149778955181172
-0.8227810639748557
0.8058110132908458
0.8144964496217181
0.8632962754229686
0.8369822884583334
0.7895376742959428
0.7832431396042285
0.7975785958715634
0.817725672351783
0.8469371775628118
0.8373202250867722
0.7921409707279834
0.8113932180838686
0.8332402034105368
0.8244184234296481
0.7980747132054512
0.8198062391036242
0.7578078442046435
0.7982270320093865
0.7794962584149576
0.7908832595127316
0.8151817875844978
0.8415757491393592
0.8034711631034049
0.8061291505951029
0.8224914040279421
0.8455916007774544
-0.7825857878019075
-0.8482584029718286
-0.8206592097081438
-0.7944621601542556
-0.839742285820326
-0.8259968498392213
-0.8039662726236304
-0.7974442762249763
-0.8161139843309589
-0.8640788682129135
-0.8404993372005517
-0.8406078798836083
-0.8355294727754777
-0.8095978180105006
-0.8463433726393886
-0.8459864060368827
-0.8469312333619303
-0.827331895067468
-0.8238039184813817
-0.8563188209501085
-0.7855173954507336
-0.7839780533490142
-0.8161668184169998
-0.8281492229544904
-0.8035977288468519
0.7865840501744216
0.810085192669412
0.792928390380451
0.8599384558109842
0.8003614058941318
0.8159246954485483
0.7981271887196788
0.8008505484361084
0.8353194533148369
0.8445583023551462
0.7928780792334094
0.758525437816607
0.8017043445053837
