-0.040695129000226066
-0.09496667989283814
-0.10577354637312943
-0.05443244653431427
-0.06055666149111122
-0.12491014416987956
-0.06222091420166105
-0.09202957752657404
-0.05111691301925275
-0.08309230581682583
-0.10170571109961002
-0.14109456558484842
-0.03182705477267109
-0.02442065117934554
-0.09024953526711701
-0.03460321458299982
-0.03652027092378887
-0.03422029237560096
-0.04711831120945182
-0.048816405583308325
-0.10634698884424686
-0.03320202442612118
-0.12072585302945796
-0.0969015189266895
-0.04507614827050769
-0.06720880900883333
-0.07307702789996827
-0.05664711520992211
-0.11979242527532129
0.015101681823067207
-0.10271869659855704
-0.06066668664653771
-0.03572740198680914
-0.03228145490731211
-0.11615497932863689
-0.04688513262720304
-0.11356281598577826
0.006138262055132484
0.013920268187557724
-0.015958814980125573
-0.02165542295764862
-0.09332999717348284
-0.037436429895999615
-0.04763510660288274
-0.06624514507548193
0.008003921306406786
-0.07404098194060682
0.004053553153497036
-0.023830494665990447
-0.05161845092741144
3.235786958691658e-05
-0.02775912825558583
-0.0027725173516633377
-0.10044200294489809
-0.07375153006048783
-0.01314309942651219
-0.07383683296308807
-0.09449994502739029
-0.06568471665669931
-0.05647882443040136
-0.007532667384836246
-0.04275635561564292
-0.03915127366893285
-0.043435109894989644
-0.039095572661730756
-0.035592485380284394
-0.03937383106484457
0.020498826870382243
-0.06786391898620542
0.002711748009523311
0.005483651874500145
-0.043000680617199104
-0.039921663264797534
-0.030938059314221614
-0.07069617603986819
-0.028050556755750244
-0.1096862604275954
-0.04930776802247282
-0.058334544316930734
-0.12912710850234485
-0.07116003850721295
-0.034064895515682064
-0.014697398700927537
-0.09122813012538517
-0.043094306094636485
-0.11695608665075873
-0.06667106517774721
-0.07843397736928262
-0.0456847649582877
-0.06046601092503984
0.006380532969716225
-0.0630728178731187
-0.005310038675522672
-0.07061284062369301
-0.02162285615745428
-0.04245348207545557
-0.0779735352532007
-0.05608494156688636
-0.08565187945058736
-0.058042286112660706
0.0008103851429772839
-0.12094603541124724
-0.12525175357443635
-0.10567610074177122
-0.028286462382494687
-0.08670061522521019
-0.0666376077694087
-0.08406896614702934
-0.0008371728183439904
-0.039694886361883015
-0.04752161949065699
-0.07213531954568929
-0.05667068514797901
-0.04424534195330454
-0.10115798567431006
-0.09356193493827533
-0.022863571609619777
-0.14880968462402697
-0.0585394225670211
0.019712741352116245
-0.04185836124107703
-0.012144476368886225
-0.03178075397877121
-0.041835723817551976
-0.052873617630818125
-0.054078783029268336
-0.06792126859602077
-0.08965032339578692
-0.005755255789909555
-0.06158515269210149
-0.09157388688810518
-0.07067562843887953
-0.06489530458161936
-0.1045888935609086
-0.02037451436126048
-0.06338873845215344
-0.05692171054647775
-0.03865838883165976
-0.004389881504071906
-0.06698277876764877
-0.08943349942829251
-0.08152579793956237
-0.09118767874081807
-0.015568064309630812
-0.045705632469294405
-0.09078054161471931
-0.030957047445531908
-0.04174450746088577
-0.05011436470608144
-0.05919620507255814
-0.0874932047332906
-0.07839305980396544
-0.09032663928022237
-0.04414239888702979
-0.07849048519887517
-0.020587250936800673
-0.05118216003761165
-0.08941950578469447
-0.0411287897847591
-0.07504663487598992
-0.01974014630507503
-0.10627987726918234
-0.08809945211881026
0.027671415017848318
-0.09059303287646167
-0.09724411394618789
-0.01861848731892901
-0.0009549371263249443
-0.0635041031733869
-0.08225199643257758
-0.009054969665032404
-0.03591862575337463
-0.032521364114964396
-0.02341794019475262
-0.027730005570950997
-0.016652102587081746
-0.030822490382710413
-0.12496055995053677
-0.04265358307905815
-0.021854180786788094
-0.06553683872764429
-0.038665692279126744
-0.06326181771164709
-0.06809034582091751
-0.10851853731233657
-0.09802712197925004
-0.0885132387720672
-0.056271618713190044
-0.0442913911375995
-0.04135475026051992
0.010546649871262598
-0.03271431100725507
-0.10646965816501291
-0.04337973636329255
-0.10364827854602958
-0.14853467980288348
-0.01676659703904946
-0.10259515271681878
-0.08013226799082489
-0.03883481927727297
-0.1114787042253968
-0.04907835257174506
-0.11105320522674757
-0.07528405848699388
-0.032158467693122264
-0.0745231754183689
-0.0054165221252913225
-0.024373100661240953
-0.021033918364885162
-0.07190879969683275
-0.015116787067376139
-0.015861451648507816
0.01592401206590721
-0.11006306472261193
-0.1104436950553697
-0.030337669025326332
-0.08544070650474216
-0.08252973576687311
-0.011473059012694502
-0.06919663761016469
-0.007062046685215442
-0.018903065963731015
-0.014626007505257282
-0.06269544525806678
-0.08148743756952206
-0.08939316143312655
-0.04165945910180883
-0.08413799704766159
0.012557155452213918
-0.0160799836095379
-0.019813647022018335
-0.04404357113251575
-0.08587453924347212
-0.09771632159656314
-0.10459518257451932
-0.019811170544785994
-0.09975320413203817
-0.049019247937539444
-0.11582488774020101
-0.03170572076340771
-0.06188963743851915
-0.011668774987318851
-0.06912846280579779
-0.015825780072328717
-0.11060655484946391
-0.051545586182797594
-0.02319990972370459
-0.06442394348763383
-0.007929960391219052
-0.07102646697911692
-0.09938988272906729
-0.0435703711198277
-0.06225000725568905
-0.10803398018485348
-0.04550504724718501
-0.12014454820808956
