-0.9551230500111705
-0.9185034259709427
-0.9025251299932106
-0.898219676252977
-0.8975574815869789
0.8833475895566001
0.8994603121832071
0.8954900018285106
0.9308764431320538
0.8856858739456104
0.9029493527227815
0.8886850262358547
0.9234922020713582
0.9490784143632968
0.8898137243916522
0.9227701320400505
0.928615473804609
0.9162896299132326
0.9278943251313941
0.9128270696467511
0.9213998717511827
-0.9154216913943952
-0.9231218754765286
-0.946110100702931
-0.899638010290281
-0.909249973169068
-0.9373572327492296
-0.9374390351611801
-0.9037308337569928
-0.930568163349261
-0.9161315451900321
-0.9240343708116205
-0.9132322349541155
-0.9275863721665577
-0.914289394058343
-0.931796865967078
-0.9195282217864893
-0.887954442960371
0.9273527466407017
0.8821203480169171
0.915287153520282
0.9266789473307657
0.898508277985839
0.9158872227869568
0.9154891825105376
0.9348157927935143
0.9218364033736762
0.9190458626126905
0.9392506200656155
0.8932240169161119
0.8998164832015306
0.9395899855153867
0.8749409915222781
0.9022593487211368
0.9304408298108218
-0.9134875584263067
-0.9087494325866899
-0.9823281116087837
-0.9562781138558808
-0.9162000339980637
-0.9441923053427093
-0.9317303046260332
-0.9646920612032788
-0.906027800600505
-0.9004112589571521
-0.9263485338947781
-0.9250374901672166
-0.8976615483441858
-0.9457582612253626
-0.9121465760741894
-0.88090622229076
-0.8897705445127003
0.9393850403986064
0.8736539119374738
0.8843075249431482
0.9265363473839426
0.9185227377266908
0.9371628075891753
0.9076453091667013
0.9033390317508049
0.9117496762630016
0.8848211680398697
0.9488416964564905
0.9389542553765223
0.9059483510647539
0.9294258640668543
0.9009754118393735
0.9242934164564817
-0.8968799248690311
-0.9196278624673612
-0.9314835930641836
-0.8866310656821565
-0.8936960127866005
-0.9185722708689275
-0.9078784421596011
-0.9217473217339281
-0.9216835553797708
-0.891407466963107
-0.8948739116703254
-0.9119795448796997
-0.9000735940729221
-0.9256827425594184
-0.8938084320667926
-0.920392005743157
-0.9037238292948275
0.9052866897537267
0.9029803451362952
0.8842130215820339
0.9057047227923238
0.9262133349568795
0.9145541612415299
0.9366483189145939
0.9244692387591382
0.8683412624232193
0.961077430751055
0.8554316431360832
0.9296205262372838
0.8980915482200632
0.8752217832909335
0.9527640134111076
0.9121140359548062
0.9242098985136833
-0.8759415421994449
-0.9198319822748418
-0.9237201503811227
-0.9350212415229406
-0.9191237881479962
-0.8984535442707595
-0.9535455291973677
-0.9326881677063052
-0.9152404642611842
-0.9054408037591876
-0.9308264215956461
-0.9171549647320845
-0.8675394774393316
-0.9152625057985188
-0.9111075191242021
-0.8766071675080045
0.9069293531542166
0.918244739160509
0.9198790791829593
0.8911234450694084
0.8996413167845889
0.9155803878488465
0.9526401842142009
0.9184788580686453
0.9219738604829695
0.9337505717855791
0.9370749974502933
0.9052227675278279
0.9105250200760848
0.9182158938333551
0.9169988522637266
0.901956538736487
0.9075554667041646
-0.9033257926632685
-0.9126607924397034
-0.8970579146144677
-0.9207077489412852
-0.8878133593646753
-0.9184493662815164
-0.937599068396558
-0.9141306263480843
-0.9023874362727424
-0.9280398303636818
-0.9305336895445486
-0.9322545791869397
-0.9472887926342372
-0.8999111868703574
-0.932595312905966
-0.9084638072540682
-0.9092718957928746
0.9343601242393053
0.8933309946399683
0.911697215749188
0.9098989502550194
0.9024459699276998
0.9300304858125483
0.9550628124866385
0.8863639171856441
0.9085683876268714
0.8795881423766739
0.9280243283565301
0.9373906539214653
0.9057336189529855
0.948517140917253
0.8904607815990098
0.8985699525119486
0.9227384066427481
-0.9500784352713512
-0.9132266755131409
-0.9251010473983697
-0.9118794921006621
-0.8970649893978545
-0.8984892856555615
-0.9302059635091939
-0.9058817022755116
-0.9039828988787805
-0.9208690134043248
-0.9515404141503637
-0.90936807593183
-0.9056018429125376
-0.9100207907714135
-0.9062378215279179
-0.9115594478296408
0.894342961992015
0.9160246672280489
0.9000577729828525
0.9235390296412713
0.9043227019221708
0.8906552656096608
0.9331028065400154
0.9314109106587605
0.9124510432393556
0.9064739461413767
0.9138587993096221
0.9149531953719228
0.9266684223766445
0.9098429132162784
0.889208698176574
0.9208263040335729
0.9374132172372722
-0.9093491638684407
-0.8998450084148089
-0.9350050004983302
-0.9201912281559077
-0.9122895109428953
-0.8643729100317961
-0.9043564202981239
-0.904605110605519
-0.9195583678345085
-0.8686140654120459
-0.9195417685113624
-0.9141090231580121
-0.9345561779997318
-0.8800479316892574
-0.89722173227792
-0.9262608245976779
-0.9401155638596436
0.9305198571755109
0.9171267766763272
0.9273287341165407
0.9173171202867322
0.9124602862153062
0.9196280492685774
0.8970506267401642
0.9172217170460144
0.9023185893115824
0.909607101330938
0.922823944140456
0.9309476741227464
0.9192177221159016
0.9099636363074496
0.924383787942996
0.9247352853395695
-0.9120392060052048
