-0.04835157575821592
0.16610583970778417
0.24326366512181538
0.371063142500744
0.47838568752022265
0.5399945140908842
0.5720170203725152
0.5645677026879716
0.5283491759560699
0.455561154668971
0.3203168546374659
0.24363658191401388
0.05896369829567233
-0.08666086185241344
-0.14901675676481096
-0.3161704191067089
-0.3874229847790821
-0.48879854885632523
-0.5486430919192808
-0.5575400779230317
-0.5480010688044714
-0.48425959346211667
-0.4243883759791754
-0.3057989100869594
-0.15876591151887204
-0.01086060094950516
0.10625188242940149
0.24463369147947914
0.35224954360932076
0.46168435180491696
0.5472276963299683
0.5754924340791275
0.5292530430051764
0.5383886386548228
0.46340298051477063
0.3428517183730384
0.20047482355718332
0.08602773485184417
-0.06037191197338755
-0.1891868738485245
-0.29784332299821215
-0.41008898626946616
-0.47986719358732954
-0.5307231520121778
-0.5472331241077784
-0.5633570488505341
-0.44977636272419796
-0.40800433073994125
-0.29699691766459535
-0.1843224356637818
-0.04046592840468218
0.08051893930068524
0.22093839983644692
0.3818874028094362
0.4817263789117177
0.49501686981898047
0.5524268325945032
0.552565081570911
0.5261836080298219
0.47131135227964643
0.3606609524746373
0.2551511786357147
0.11998554042235786
-0.006021432650682383
-0.15042837133522544
-0.3121797629197172
-0.40760785490492596
-0.4692801608224505
-0.540654617149925
-0.5527262532412888
-0.5664535869385013
-0.4905526732068375
-0.40061451450881497
-0.3254046380912155
-0.17599465132165248
-0.015744539609342002
0.10528654459456825
0.2278099454305957
0.35182559919811646
0.4335962457547761
0.5323168361734596
0.5646952619424997
0.5730663793870078
0.5135642535829178
0.47399366000097454
0.3544484975067018
0.23188697897018806
0.14165927038079473
-0.007638765301834671
-0.17740824321080467
-0.2934501849263933
-0.38649847019945377
-0.48993835138744374
-0.5773556916884622
-0.5697587604278319
-0.5590510369403205
-0.5311628195365886
-0.42841106715916005
-0.31486730913886407
-0.14342037955576448
-0.019699302353870685
0.10103827188377136
0.2446260772840107
0.358983200346197
0.4449991321378187
0.5092594989683358
0.5548746728307066
0.5817237255285728
0.5070239839843335
0.45691139649064216
0.33415415500834156
0.29047432914272997
0.1437826324698654
-0.06076891506104184
-0.15705412512008549
-0.32365990453409443
-0.42927042717257524
-0.4795181221698985
-0.5317157248865615
-0.5687144558562559
-0.5292647166761179
-0.4687553302095635
-0.42473271405223084
-0.3362391405534375
-0.18762903596866068
-0.06437007709454748
0.03663457899654515
0.2138977962280694
0.34578646093872145
0.43089665884975814
0.5064118354949468
0.5606309142972071
0.529849064602201
0.5114646735523237
0.4946550898301831
0.40387279806471793
0.23308258703663964
0.1410474386396761
0.030625968850079226
-0.12137604579247391
-0.28812258562442644
-0.4048824725256786
-0.5152066603414519
-0.524574680262366
-0.5384525106783276
-0.5175039814889992
-0.4908417378079692
-0.42901537004107126
-0.3560302527252664
-0.17736342301640767
-0.07963229772671629
0.07278785528646806
0.23524308303672875
0.33171950274183903
0.4643119810491141
0.5054669805106498
0.525740083003781
0.57558974568639
0.5139199540614634
0.462160204051887
0.37383908032335067
0.2824732214258569
0.11134587085619624
-0.011711268744423886
-0.15600110943283083
-0.2952862346723349
-0.42121399350548555
-0.469383260428636
-0.5566370326449387
-0.5418035638866773
-0.589717848690559
-0.540824569508325
-0.4352952274132648
-0.3827464775225484
-0.2335617046636054
-0.0677669317944731
0.06747105349860093
0.20311061103464037
0.295059234755903
0.441244407229284
0.49972569218496543
0.5669187896660635
0.5714582121304255
0.5319633835723224
0.48334753190529983
0.3643381959095788
0.2637473750438354
0.16750807516780425
-0.022748410889831972
-0.1190026726853981
-0.24084304091679337
-0.4411953106334116
-0.4829177758807217
-0.5455137108159859
-0.5664448931629705
-0.5399013083180366
-0.529884840479376
-0.42575777399331943
-0.3097278959782772
-0.2054088487745714
-0.0741461866162999
0.08150017629327212
0.19950581532616332
0.3064302573112499
0.45953334529524903
0.4622047224485333
0.566554761332032
0.5591613704436464
0.5284218143489273
0.46743397371198603
0.3924389775165765
0.25613282612089394
0.12826915083717594
0.05728607946848979
-0.1490552483243512
-0.23282361129134474
-0.3596611227061142
-0.45610405201156434
-0.5279387859280132
-0.5761434999214017
-0.5837951335510938
-0.5262265981840244
-0.43567198540066493
-0.38860860927675334
-0.22785429474253358
-0.08938544446900518
0.09830821693391069
0.2176614060480759
0.32890798018034645
0.43224443685877534
0.4933436260238228
0.5465312814233619
0.5910017109639468
0.5255966946308529
0.5022785231089327
0.39180748043346403
0.3033743112979846
0.13052285772327005
-0.02803164277311858
-0.1219330385754592
-0.2707856682664785
-0.3847306499602924
-0.4959395640318749
-0.5382614782339558
-0.5530283179754146
-0.5561338471981999
-0.5451294988862768
-0.44741976286567753
-0.3694323526047272
-0.22346838683165565
-0.12934496455741962
0.042120434794091416
0.16193689569212133
0.3178628111288573
0.43199755633067943
0.48465792583462597
