-0.17898541909833435
-0.16804524832127354
-0.17110074918161983
-0.2133137178074202
-0.07812270801222333
-0.22134998768469497
-0.2862499262181075
-0.07234492544874618
-0.2777994850263942
-0.2159153607147123
-0.06652726758281774
-0.13644197184831625
-0.3800855777017834
0.010714229811092142
-0.15065497638760195
0.009222123141206871
-0.08934077164097871
-0.003454282418242801
-0.15568520281517717
-0.3725530903438524
-0.23447062884315684
-0.27895628108765724
-0.3287079780897959
-0.01998166361999395
-0.3138385090230975
-0.019829241923504888
-0.0005137538913450174
-0.24268426183044547
-0.3273622450355727
-0.24363909583242066
-0.31357243323482303
-0.30834530206502225
-0.17165078667327277
-0.2415672027790981
-0.2092957200890503
0.015100557169419021
-0.09867172073379644
-0.18792175072019265
-0.20526559748526813
-0.053195278134461024
-0.09636748694191417
-0.3561242956569823
-0.2081602291965702
-0.3266607072564707
-0.22949715162621473
-0.2685378897429748
-0.3528282990683595
-0.21715004848343078
-0.07499175183608894
-0.08266410766912077
-0.2629728968808494
-0.10818829003809938
-0.20880979565854102
-0.37632206119011524
-0.028807891773771306
-0.2641553435926097
-0.16485197271298932
-0.23014028976706172
-0.12423786922333775
-0.17701357944456705
-0.12441432074761126
-0.2989736209069782
-0.05479280603965758
-0.16754088534043088
-0.009508409000966214
-0.22885000869400307
-0.30639218241158284
-0.11994900823552175
-0.30811659914246575
-0.1385259032184261
-0.08464318633762978
-0.18139043929638216
-0.03534551797336873
-0.21133274484292425
-0.3166099637332205
-0.3102517084867291
-0.2872275697403676
-0.2160786749895462
-0.203472621475548
-0.285121278172561
-0.14433369910264168
-0.004490685454049081
-0.31651183831185525
-0.30944304353413
-0.22748498857218746
-0.12435129639330325
-0.2088705156945355
-0.23571967035403474
-0.2114924203673181
-0.32589291979169094
-0.25893732518087925
-0.17131406624121837
-0.08797867497172605
-0.054886561441827644
-0.11773944573746195
-0.19425344742884154
-0.12198351505849925
-0.14997902002183572
-0.12373521725053306
-0.08460418575793346
-0.10305967253568481
-0.2330195300738053
-0.22342695065212523
-0.3234977747138356
-0.04446296908596488
-0.22915278372665976
-0.15035391924202168
-0.08305958477557661
-0.3787764327396527
-0.29045553531363627
-0.03306432771024992
-0.346174598922748
-0.2073674738460884
-0.0540387679306463
-0.17828044971610585
-0.10384731357744012
-0.16288993149913358
-0.04949179294415745
-0.37652092124597364
-0.11692543984076673
-0.15321088314075024
-0.2747000082126303
-0.15418296973165435
0.0005449657817092118
0.005993551735809864
-0.2746029193119454
-0.12171816873130727
-0.2802329329835519
-0.13124564496626606
-0.24288602509574492
-0.24762496944396026
-0.3958477300633693
-0.15866124840358925
-0.2790989577803957
-0.09660236219572207
-0.08292491642857013
0.009231288988712519
-0.03397161512905135
-0.19619664143086574
-0.08111457474016391
-0.10732359144540221
-0.03419205173877021
-0.32516289148937483
-0.3523883742330837
-0.012396694962538814
-0.04548978351360304
-0.2770009837857642
-0.04854857817628635
-0.12612252487918688
-0.09913508413949097
-0.2677244627323153
-0.13374085490987225
-0.22434532047152647
-0.179415542740362
-0.21012974915108015
-0.16563092169720667
-0.35866747168870283
-0.3600338064633185
-0.12681753281280173
-0.33960445607683476
-0.11877142503210046
-0.09620325873442848
-0.32686725907663994
0.007069740849253003
-0.2546324649341083
-0.12790770341580768
-0.2536275925824993
-0.18835692452186387
-0.2633686257393845
-0.361741137560379
-0.25220820324413423
-0.21602761993721437
0.00040589573177481075
-0.17642967998909037
-0.029034320655907407
-0.04132169731233225
-0.18466741118856772
-0.27946797556147757
-0.11100801778457622
-0.22765563831360836
-0.3267365322620157
-0.0474132338341508
-0.3008022201016119
-0.29122559206199733
-0.2927621259074056
-0.11202402067795483
-0.30197289027611945
-0.1768816056898707
-0.05713705919885455
0.049786293723985076
-0.18388347936057428
-0.2821760024110381
-0.3408409934129523
-0.041439444973905504
-0.03144742813033019
-0.20053899857555413
-0.16123116772917487
-0.10670533628161469
-0.17688162244337724
-0.052941709164838154
-0.05018474369905181
-0.2659909678765213
-0.20075608511381657
-0.3214615130067385
-0.19194516375340834
-0.3605858627585014
-0.09929609379993018
-0.13089941314267914
-0.24220530476342458
-0.301656541887276
-0.313156240065383
-0.33781293517830613
-0.0878335526436511
-0.17313237478257185
-0.10210609640508476
-0.030674117098282286
-0.2851365192004818
-0.33956510245087784
-0.06319635549579812
-0.15391660095098725
-0.0016112624135400724
-0.13613849822844448
-0.02959743945126558
0.0034529738121572597
-0.19385004166378472
-0.2722399996618051
-0.029929193616394307
-0.3363019187203999
-0.1712511989703522
-0.1357101179549137
-0.20412551916248886
-0.06884240640023662
-0.20568816905519643
-0.1606856014848253
-0.28794254265825525
-0.08670643029553092
-0.15509848617624608
-0.04954281434861734
-0.019787653767144253
-0.36434846366066964
-0.2515949624817786
-0.31679945612252447
-0.009997524919540103
-0.031195867065713354
-0.2131461629186698
-0.030922335260875688
-0.33812834220157
-0.17751251945560612
-0.17812850138628372
-0.2507463822173777
-0.24147924790447095
-0.07278156983502365
-0.22928103377435155
-0.11974244050671931
-0.26094363775819673
-0.1335259855207981
