0.0023676109755538183
-0.05455791080516306
-0.032914238577502045
0.0016285893706424887
-0.013917052470772868
-0.0448672136133879
-0.019757680444309596
-0.00926077911867862
-0.0649837635510129
-0.0708601009174172
-0.04649420301516158
-0.08627846426082934
-0.08003368698292346
-0.12046609284516785
-0.0748196371070834
-0.11901336647285037
-0.09446324822150096
-0.10704141051693135
-0.08132664194661163
-0.11548322821342236
-0.10662402273981869
-0.1688370258332854
-0.13373834879992413
-0.1413045235331626
-0.14924594386787354
0.175465388212215
0.17144029219533996
0.13817032910156654
0.15850550022344628
0.13343371969014328
0.11010242186553895
0.11625592646965247
0.11337774836880003
0.06873264420220732
0.08961333555303182
0.10296900046759701
0.05762347165020275
0.0903493571373361
0.08071273150144531
0.024282084346557445
0.062437831416572546
0.03352780010968898
0.01544483553829808
0.025946401305130862
0.02386775818123632
0.012393563941724195
0.022558008737500655
0.002980340662405401
0.010366509216685369
0.009544467377063163
-0.031116224613707714
-0.00721917247042747
-0.0033681398335617865
-0.06580924564880575
-0.0453300132633495
-0.038128530377073463
-0.0792309856818993
-0.049500262424486186
-0.061337573739514484
-0.05789468664091521
-0.01776034435052508
-0.093247011495202
-0.06760614969295066
-0.07837184216818706
-0.12288621520639642
-0.1261827432468008
-0.12238517315364193
-0.12754655884835084
-0.13184199609341804
-0.13922560181235513
-0.13287704384764648
-0.14365906990363866
-0.10892038121362914
-0.16624489627015054
-0.17648544156454102
0.13608467834960725
0.14260460223334412
0.14250906561951626
0.1488787259900799
0.14246214339147747
0.13157429205571927
0.07030940852585782
0.06284202327040941
0.11024745391033355
0.06606243941597002
0.10112122102510364
0.06505232990993429
0.08208243487656573
0.12159588591251905
0.035916696070782045
0.034789161495361126
0.0353075642691682
0.011405648669086652
0.014140277237279161
0.037159190805409414
0.030734277770089517
-0.008805784589113467
2.2779367324031116e-05
0.019533004830597684
0.03000660178538114
0.03467491145696368
-0.019039765696085925
-0.011461765219313802
-0.05383237425116819
-0.003443211969584189
-0.011786322130970084
-0.0675832224811551
-0.06375746559457052
-0.09974814656413222
-0.04987602759126266
-0.08519394284845469
-0.02816457435972864
-0.09045344676212505
-0.08364752053966859
-0.10583822949156896
-0.10531893446717204
-0.10142693128971503
-0.10333687157245158
-0.11230548809965371
-0.14164773330732372
-0.11477868125360316
-0.13911602445940083
-0.16042022013043356
-0.1536008895861109
-0.15145969497974626
0.11783684697084189
0.11835869443517241
0.13623991639089597
0.11123155233369703
0.12246391625693272
0.10942107038396526
0.10342749764163821
0.12511296118470538
0.06502180740296279
0.08984791789186497
0.06506565947958087
0.05117743094033987
0.06457075342593518
0.08508387710800355
0.05201937369566372
0.06529058696494662
0.028828951465314178
0.00337673804286108
0.04234016152423705
0.040676793885291294
0.04927612667636101
-0.0017282866281576569
0.02834400129404383
0.011239058615214074
0.03952400341554187
-0.001181429505415109
0.014341968323005196
0.005030840706039746
-0.046310667551913126
-0.020958401799933097
-0.03226890102142324
-0.05193054282624284
-0.08785881474054232
-0.05040828720828937
-0.06797561133491709
-0.08138433035561779
-0.08561240509132942
-0.084017965513998
-0.054347521536098065
-0.08238302306758254
-0.10503787476792731
-0.09907123434312937
-0.09478536378043939
-0.12710233740737367
-0.14048440869456055
-0.10467660596403158
-0.12963894429285033
-0.11955427002996033
-0.1661576923968626
-0.16464760819406504
0.13581942248539863
0.16103946881295134
0.1767696799384011
0.1315264003248226
0.12448045895424707
0.1470739865949836
0.13061896087618954
0.09861743632086126
0.10853144371810254
0.12787639514888022
0.09443832591842027
0.08364128675911249
0.05881674508846984
0.08015096307325958
0.04891643105016656
0.0799328993118327
0.049114965198639775
0.05771855340734998
0.06688257514721924
0.03013175424663129
0.02752244760412166
0.012037045248199037
0.0008748564950061474
0.0325192069501145
-0.010940108871737858
0.03015420832841184
-0.0509424389975275
-0.004142333063592034
-0.00877685475227521
-0.02625700565165105
-0.023506178302213188
-0.04681096818388788
-0.051146182751910324
-0.04962194489564071
-0.05744521674986102
-0.07229769623580158
-0.08906895292804559
-0.03991266562424058
-0.08321362125433834
-0.06529168103417188
-0.10888330303460456
-0.10894996233277807
-0.07410302409238331
-0.128288894734595
-0.15277562514886894
-0.1416410689388596
-0.13731287332537562
-0.13559886165886512
-0.14917344442024605
-0.13028695190219444
0.14393295185843655
0.1273002442054348
0.1258419464047983
0.13766039636689742
0.18314094564491237
0.13365214852121954
0.12116756650605476
0.09207349741173104
0.07636528456038326
0.12336372609566612
0.09390451664600297
0.07578810134694174
0.05249821858831566
0.06395519481386051
0.059194875325947714
0.022828554240595697
0.06383177202589045
0.05943814125182004
0.03632603506750874
0.008853360462787101
0.04298541283499209
0.0052966430914630006
0.0040518167521499705
-0.02985066491246121
0.014563214600080296
-0.004442979070330728
-0.009429257725894067
-0.03185416851014503
-0.048422669980956304
-0.01442760730449771
-0.03174814494492209
