-0.27880369510101954
-0.33470307691867746
-0.27770938269861567
-0.24021554777860976
-0.25521473773623865
-0.17206907718635414
-0.13803735247282758
-0.07420009478428688
-0.03246881575903597
0.06745746545121391
0.1358989748071553
0.14094009574358585
0.21311098809915263
0.24772327418548895
0.2791193206991052
0.2867031518479417
0.32092857049745976
0.3207152231877774
0.2869695170062252
0.258168730964312
0.2476873595603459
0.23680225425648344
0.14812308374348257
0.12407847583661509
0.09627856690116716
-0.01170279661590865
-0.020907253360311087
-0.1049950653001425
-0.16617373966727217
-0.20560220554460593
-0.2646088935154306
-0.2788727935131433
-0.3048499797339992
-0.30718723144563004
-0.33855419290434074
-0.34385798656915234
-0.2758789066222633
-0.28041667333909676
-0.24056117734749405
-0.1689351593218832
-0.11171800301134979
-0.08009699673802118
0.01444618125762526
0.049097233937432656
0.11126202190225082
0.1649473810256245
0.2355597448033453
0.277747243006423
0.2938644123584946
0.3002221201028501
0.31529032340703467
0.30706698394480575
0.2988815425713986
0.27134414776798493
0.266336110665709
0.20839885450389586
0.14075789489826696
0.07903149139471219
0.0602022779239004
-0.04179577915263684
-0.10384771626207247
-0.1599202906482859
-0.17691919570251072
-0.2510445531164246
-0.2510599786858458
-0.3366658454560452
-0.3029547123606996
-0.29524149868897925
-0.29768329777997904
-0.32385452690493943
-0.26236587644508685
-0.23559544356474937
-0.14449289169410368
-0.1315738233522629
-0.10050090100756517
0.0009039964355570078
0.051553873220152195
0.06454770021036262
0.14543696132423747
0.21243947018581405
0.27238751424298
0.2843363132083582
0.2955263772018965
0.31986323337417033
0.30329523197522373
0.32861435048430093
0.2859497390923109
0.25314811828420514
0.23403644125477047
0.19001563220910683
0.11521340566798978
0.07263500776744382
0.009357027679274182
-0.03790567069631645
-0.0686608567713006
-0.1739176955322497
-0.20326799335894877
-0.24672402464596627
-0.3073058289828398
-0.2936289755674868
-0.29188012182927836
-0.28613252164674946
-0.3047509210949055
-0.2760319103801001
-0.2502130186623554
-0.22013768515078863
-0.17604350677806113
-0.09632348752524089
-0.053354600213338876
0.011237281970137495
0.051242367184303916
0.09428076974672833
0.1837768539202336
0.21302310735460295
0.27592561366099544
0.2660571152692891
0.28461071429697427
0.3123845921103104
0.32071546328828526
0.3088380735945823
0.2642519436456432
0.2510632983168758
0.20271289687701044
0.14400067310805606
0.10907002355943318
0.06668084532749988
0.011674409270329606
-0.11130245542332352
-0.14340103838848198
-0.15912540209001516
-0.2437384667464041
-0.22961505900087376
-0.3078509678742566
-0.3314418289084031
-0.34149696564925586
-0.28507580921875353
-0.3080267965454383
-0.27980399730591127
-0.2338365956209128
-0.15199805552005716
-0.14775330228303185
-0.07156635127469121
0.025088868167619245
0.01803808217077611
0.0871567384722177
0.1415210080355298
0.19925765541340376
0.25637550767735945
0.27620193270762167
0.2801392743165849
0.34643569601339486
0.33087782564157714
0.3186589848377151
0.2718910422846323
0.2667551522105257
0.17113983434475735
0.14994099418082632
0.13638413806579858
0.07589339083249036
-0.016573208665383185
-0.07314408239041967
-0.11863511727996837
-0.19031059099363323
-0.18289631803136036
-0.25015167310403075
-0.23262844675719424
-0.28081116628372155
-0.31165736018526785
-0.3561479313470754
-0.3042747086878199
-0.26958898112259116
-0.24054253411773593
-0.2025574438538882
-0.12670162828242237
-0.13818399222056374
-0.03563257177365323
-0.01716436794916934
0.09098190253473482
0.13612111724628811
0.17034427547293746
0.21390230975771338
0.2555493951874719
0.2773939960978088
0.3027686789993313
0.3129874220621946
0.3064201044482897
0.277870596748813
0.27470508870720617
0.22113680835499966
0.17283650071251577
0.1360526042235243
0.07115616938656805
-0.005367299469227191
-0.04424125482065999
-0.09261467734503505
-0.13327092924622347
-0.18435621450655665
-0.23315387211671157
-0.2464198458864778
-0.3124461904944911
-0.3176465162620823
-0.3339489869565489
-0.2905228956472407
-0.27394026384907594
-0.24325729387512854
-0.26616725067084246
-0.1794963489303826
-0.13430017814392514
-0.0272371553604617
0.009605453431855544
0.06269632633166798
0.14144590727405398
0.1694880416133849
0.2118696732815034
0.26303546950856105
0.27419830494315706
0.2835850546505385
0.3075430308498234
0.2958442467086164
0.2965315711867366
0.29781364837985286
0.24252896018593015
0.24051256677924768
0.15732091400427237
0.13154464704017502
0.04884027828001373
0.04129650688235398
-0.04602350618516673
-0.0970528758676218
-0.1657553831933157
-0.24232109128698515
-0.24598330454549938
-0.26698339507301594
-0.31036100321854476
-0.33534899980554234
-0.31141679177915704
-0.2762845591524859
-0.30568615881809885
-0.21786103352595665
-0.18767091555055568
-0.14354237331884165
-0.06498099518745477
-0.032830020943878095
0.00324139577539799
0.051930429725455224
0.12712833589093947
0.1870874618860298
0.244268188808089
0.24556268574714732
0.2939185338758074
0.2758397566704155
0.3074345188511473
0.32094348550008683
0.2839679613007345
0.2668699333814203
0.21449597536388054
