-0.04053534324364105
-0.011643944387062443
-0.008176784508701223
-0.019271948605275677
-0.012812002734537597
-0.026697643048194233
-0.004979638181867223
-0.04351388252895436
0.02257480286433238
-0.013688536643230054
-0.03877569957498945
-0.0004439528739900323
-0.07122243364663139
-0.047062484666019894
-0.00637753023703921
0.0256096417048158
0.05393562605418015
0.006967388186400289
-0.0013811417211017658
-0.019316053770555883
-0.005743848669496138
0.014147140780849783
-0.009102767529915012
-0.011413496162362046
0.0029019154706482267
-0.0009692864067073325
0.017162149875319853
-0.0025475574808859567
0.017198679983212034
0.0152451952863321
0.03003356465256612
0.027115481167536013
0.03157263992772917
-0.01598054332674955
-0.01130727462497751
0.0373877694389534
0.009822698544396102
0.025421425402582354
0.019603903058225954
0.029507709328349556
0.0043265573321072965
0.018819838809137818
-0.014290936679532917
0.023653790696279646
0.02243791177943037
0.036770033773542925
0.01531361528666454
0.0151077836068871
-0.0077398899532986586
-0.0010844121846164262
0.0314544696975205
-0.008684685393527576
0.01654165329270088
-0.018196773355214028
-0.007706788028089167
-0.025815446995592038
-0.040115892568424516
0.014037008118176122
-0.034071126184671445
0.005346296299727028
0.002940927667417055
-0.0412489687098197
-0.028422103465126775
-0.03230596017607753
-0.0017712124806933422
-0.004910050946667127
-0.016295773954115994
-0.02519159188557862
0.004177071702360417
0.006133064600552338
-0.029941091204645304
-0.032011755445441506
-0.02898167601897311
0.013729641856270583
0.006724908688676513
-0.024069514833286117
-0.06347037394988325
-0.035855174436219564
-0.023765652346999344
0.009507285551067893
-0.04553455744447039
-0.028112049573825463
-0.013539214388925132
-0.01816103112290742
-0.013662299387964337
0.023439196238759417
0.01064595588758778
0.022635087616242323
-0.02010678372309721
0.017569181373410687
-0.004864575414711362
0.018928815194406173
0.04586127326233265
0.04054614030272717
0.04514948245289267
0.0017715787102914812
0.049523970126105266
0.006540328008159442
0.025781782457150088
0.04944102206450091
0.03011524229068372
-0.0018193525656839214
0.030200369621591533
-0.007548468272524429
0.02542490513993588
0.02055675761268783
0.04054152216910143
0.01360080091820698
0.010336785380111697
0.011420894556679708
0.0497747840936697
0.04819058502001493
0.004339651047667776
0.027313314502351266
0.019217074520436004
0.00032955509866149785
0.0056876054331775
-0.018212773237317365
0.014325716870287832
-0.044822256136039684
-0.046965834930151516
-0.024346033961637308
-0.025707236729180065
-0.049718963622257334
-0.055081405054054094
-0.031946813339089
-0.0033746199283423723
-0.033256987042416135
0.007218075060899606
-0.006913984421729192
-0.016093900294199607
0.01131685264326959
-0.01900476100171202
0.009503573248072668
-0.01642080226795004
-0.01921180039058566
-0.009571578912972882
-0.022475187668146122
-0.018897989598570784
-0.02277639207903788
-0.008663800683597869
-0.003937814526275287
-0.023299376478088392
-0.01164902498801907
-0.031047374525891368
-0.01011863867586316
0.02130434776141253
-0.01825062085201511
0.03299565651883032
0.01345650926369078
-0.030070338209944564
-0.0009492318458585048
-0.007094365393214004
0.029461135051784545
0.015709590779761806
0.03329106275121027
-0.020638213162922567
-0.0011949517033061508
0.013768170342173192
0.03241067948589759
0.008088335812656616
0.011857378590920726
0.02656932422126114
-0.004763009325399876
-0.006750708087995386
-0.0015567528613954773
0.0017649930096733171
-0.03361447360511215
0.017547148543067482
0.04411334184450767
0.01956068702033962
0.009043330958187339
0.00781278352908411
0.033560790573330515
-0.027678642087219874
-0.0162179353077611
-0.008339447652639512
0.028225042559540905
0.006330105501749194
-0.02761551170754721
0.0031018729149695015
-0.017630176041787515
0.006931371645640209
0.007607747943434339
0.008916065306047292
0.01323082838300983
-0.0013577356942242932
-0.015196329541289024
-0.025078741595992573
-0.02116312254712817
-0.013263953706942624
-0.014920548975831564
-0.0007519969096533539
-0.004863516222109192
-0.002423061789578261
-0.02689156137188465
-0.032913999128959565
-0.016492103447865003
-0.020872388905909187
-0.0044568901068781286
-0.021360058686031635
0.037397923920465204
-0.014183266944645218
0.010340337559861336
0.002737819206720749
-0.005580255995785729
-0.020591818266690314
0.0022571318683588543
-0.03682280862982654
-0.044630993334375105
0.011346858941231
-0.005578957192148452
-0.038608859715031855
0.04369834326037325
-0.006622998286217182
-0.004462555502752684
0.0026505736220380945
0.027405303358565114
-0.02766801664827371
-0.01836759765331632
-0.0018849013875073435
-0.013297572319692037
-0.00032617010983937086
0.026946443303727592
0.030513726040013945
0.019533125292176597
0.022052547692248785
0.016936269540966463
0.024070767132188732
0.03408073721064439
0.004560784987551966
0.0277349326877231
0.026144096000336188
0.05072521217131873
0.06915316579829416
0.00022896793284694385
0.06490342697143626
0.029199026540317984
-0.005396555860396831
0.01872581050008983
0.033907628634171114
0.03468561086789661
-0.021064244302240347
0.0210116544698023
0.003599825706760283
0.015465843142904353
0.009093887768243235
0.006262575625494947
0.009177533266882016
0.00038225388788380894
0.024636175464455044
0.01694695080018575
-0.022090582981899025
-0.012921111654828992
0.007879063077246
-0.012963360855860112
