0.30873518612700174
0.2916936473767408
0.26854382460567583
0.27441013283592847
0.2793585512153001
0.28274630434421005
0.25000248674562237
0.31048755405448797
0.2415831910998401
0.279409929697397
0.29015727700133503
0.2542820853382956
0.2599336074193877
0.2780854633836153
-0.3004227702184838
-0.2923846421380658
-0.2923204484766516
-0.25932960759813983
-0.26570439398526624
-0.30066398641451575
-0.26044293746398195
-0.29615708789703343
-0.265676661060989
-0.2865482284852495
-0.28073114499700963
-0.2767639971342368
-0.27209363419048926
-0.2847009928001603
-0.26189629134520565
-0.3121019432834179
-0.26049817233948036
-0.28522845668457497
-0.2693775680061076
-0.2745867869932022
-0.2518013537336917
-0.2725251379643536
-0.26754514011398217
-0.2737084691944508
-0.2369478391945303
-0.28060926181240725
-0.30977773448241547
-0.2876498899338753
-0.3003703027207726
-0.296237721158058
-0.30088596773294557
-0.28663099503907663
-0.2969123790515692
-0.2630558968148174
0.2825676567262
0.2966579905888814
0.2808141255744093
0.302862074135385
0.3093877899926459
0.25332043904922513
0.2759012691304479
0.29895656840607115
0.2880143280369886
0.2756717074456188
0.2648715485103594
0.27041604778133543
0.2493037815788059
0.2924974422930382
0.21390229194380134
0.2845777134171723
0.24391069991186454
0.2889847783951859
0.25303623342376397
0.3140692898659157
0.28500215304024684
0.29775353101529795
0.2943245059380584
0.27774255669049375
0.25599682111480965
0.2568143333860696
0.2821317372197765
0.25321819167693604
0.27815097940777034
0.2704410578921903
0.30015758514712837
0.27062442231059936
0.30170595298557923
-0.2408608444068635
-0.2831426055962353
-0.30772339832373574
-0.2570657193053554
-0.24925187748132344
-0.30416185530611994
-0.24494527131741678
-0.32459440912562276
-0.2757681574370174
-0.26255330191315707
-0.33745702768258173
-0.27782057416869005
-0.28294395432538677
-0.29947255526240185
-0.27254857209912786
-0.28721806925266313
-0.29080223216580164
-0.28061700326199424
-0.28430971325952675
-0.286253314754798
-0.263039528029717
-0.2628718768756079
-0.2582054187160119
-0.2842160300695509
-0.319077555186131
-0.30045905961901564
-0.2714078907119777
-0.2899677321154587
-0.3082761438519301
-0.2996424383153925
-0.2823220279355929
-0.26802108204469727
-0.3276929422561456
-0.3055574516395238
0.3054369398268291
0.24968091550278373
0.2602165123362383
0.2826636926208134
0.28120882094765753
0.2875630770302908
0.2654666470984326
0.270975098273704
0.26865306080100776
0.3027366635049407
0.28743703522847586
0.2917166183274998
0.2642348970263927
0.26914444457206005
0.2731340068284069
0.3063491740248891
0.2864815564198868
0.28977595482120394
0.2718201628258332
0.300719300271718
0.2693710916552037
0.2941829416842346
0.26450835830267727
0.28911758060656245
0.2782440667027281
0.26259144749606944
0.23114925676445797
0.2788133820985254
0.29873190647799863
0.28248676026792946
0.3087129298658145
0.3050668577439022
0.294724423093967
-0.2574457015393871
-0.2688856554894132
-0.3090162192537927
-0.2803189571544726
-0.28271504171727585
-0.257618088320833
-0.2615199258525265
-0.29111394091366033
-0.25470599880092476
-0.26803921531874286
-0.2579798854944392
-0.24993382490053773
-0.29086863445353284
-0.2928827134892053
-0.2910534259912068
-0.2853385848530292
-0.30377579020653916
-0.29060332850874665
-0.3009891732343283
-0.2986768777805497
-0.2708506759072991
-0.26720222017295125
-0.28074522503392874
-0.27564742040030527
-0.2918498569438634
-0.2607879173604816
-0.2688371815869658
-0.29681971435912363
-0.2889246363524796
-0.31090493229793736
-0.29127331100756565
-0.29650267658017043
-0.2609226907240227
-0.29372422382323604
0.2779957352819923
0.29018105767818886
0.2757415179654577
0.27444071978659684
0.26988901159442175
0.28492303722811
0.3107848905759747
0.2864345023669477
0.2679789312798774
0.31792516099719015
0.29223076634428174
0.30831282097221896
0.2801516120158271
0.279115938614519
0.2469126364298646
0.2960013326056469
0.2981443052750606
0.2964896188434209
0.25905556824659687
0.295009904760707
0.24584084258047148
0.25142804823782516
0.2383225138312296
0.28271491046733654
0.27416018610616305
0.27568744281939894
0.3360636001660854
0.2882491705205344
0.24372236610661857
0.29359520338520184
0.28926395656501896
0.28154109164504404
0.3068180724111541
-0.27455141161631674
-0.2929940417550296
-0.26386307196205144
-0.25815427537795665
-0.26724225479482727
-0.2598985000107195
-0.26424053173071627
-0.27856698887352366
-0.2602862869280559
-0.27331763606315335
-0.25461246800782045
-0.2705548960364181
-0.2664593649089243
-0.28484265656979946
-0.29140072052524296
-0.3034010400734501
-0.2512177446832431
-0.2861832064606795
-0.2609293945817506
-0.27620759718459675
-0.264830909615244
-0.26924144140529244
-0.2760917716352224
-0.2861315284861715
-0.2769736377630884
-0.27048577552526915
-0.28296926658639876
-0.2753265612095909
-0.26722203538850614
-0.2785860191239987
-0.3012709526103614
-0.24432045410153716
-0.262476668750742
0.2650221043820049
0.31751660794354997
0.2946975740009308
0.2912829259703821
0.2754608366175538
0.3194500463628395
0.2664608551265325
0.27881245274433986
