0.8123638982761996
0.7379501269864788
0.6582316271879375
0.6860802686294648
0.6176688186266557
0.5988028259372173
0.5519740425214831
0.543205956217422
0.46226307423544377
0.4379985168200345
0.41323766852241567
0.35105855445611317
0.3351454627386001
0.28995163444956995
0.22600730790120271
0.2270410404253785
0.2191704631269066
0.10634478516036269
0.10135792560680472
0.09311188038415466
0.04216999850109324
-0.03818331541230416
-0.045494038532563584
-0.10699489577735642
-0.13793898778040753
-0.16874361054470283
-0.17978835504876156
-0.26242483563429747
-0.2640832779862264
-0.33476061954715053
-0.3350367907886224
-0.3934170756063838
-0.4370495301103957
-0.4780713127641769
-0.4795306173842036
-0.5623383466022107
-0.5775826498025964
-0.61389804389243
-0.6817705107264157
-0.676725205938516
-0.7400629748302848
-0.8078539528284365
-0.7840543749133763
-0.8517801097612981
-0.877219124555461
-0.9224933639888158
0.9334640319715632
0.8860176503541014
0.8696567386547014
0.800262650625531
0.7662637420932983
0.7616730205773928
0.7267076817918386
0.6809907122891448
0.6184639312389444
0.5621487247704278
0.5656578775337148
0.5383647382447929
0.4639677638815103
0.47508232845387627
0.40300205286343876
0.3626773195401107
0.35564020747018615
0.2774585085773006
0.27103333114093464
0.24030424849325244
0.17614590152658283
0.10816986691954672
0.12701941051728305
0.08036074904091693
-0.006142189454759573
-0.008211669809456494
-0.05759932614615193
-0.056943422227893
-0.1351701684497136
-0.1592255173242721
-0.1773795050956508
-0.2437967089392759
-0.28032019307525136
-0.31897693974563235
-0.3573314511802563
-0.39424401979932244
-0.4369079856439937
-0.5033613213458707
-0.5219607329149538
-0.5643410840773881
-0.5651985133644767
-0.629209606695861
-0.6642152180776665
-0.7055874074496519
-0.7385664243501002
-0.761393929177953
-0.8125095083401133
-0.8457237401936948
-0.9037282285922138
-0.9138570287065421
0.9778342193106122
0.8775615806320344
0.8499491380948516
0.8085893479547397
0.7962152780357508
0.7611434825551897
0.7602925944920368
0.6677879052437196
0.6448725882584062
0.6006605304995566
0.5533533816873731
0.505034395762154
0.47770115951031444
0.4520509088690562
0.4173657855466403
0.39619142587087564
0.3403798980688361
0.2869017112251874
0.2702988331010781
0.1940152673119282
0.1592549975844429
0.1533213000514042
0.15232068003635138
0.0631741072445195
0.013355609395957185
-0.019445644114964293
-0.033728510325904286
-0.09316772007120215
-0.13294451301162888
-0.10712574262604704
-0.22517921676192318
-0.2387760421438619
-0.28349880047454606
-0.31679320689695195
-0.3455434443268049
-0.3960870402497134
-0.4324472606048496
-0.480583529974261
-0.5055709772029613
-0.5327935636593367
-0.6143819209067007
-0.6093915298236464
-0.6646343695437937
-0.6973827198447019
-0.7388613641263214
-0.7390178228617625
-0.7709464567760025
-0.8503014386840718
-0.845005916952557
-0.9280843002906802
0.9641283768572902
0.9194227614340081
0.8822867138867997
0.8337264819077114
0.7986180110051236
0.7253356781778701
0.7131209756206882
0.6771562019348485
0.6470320214948556
0.6211892436608321
0.5441051252043443
0.5665303813705624
0.4943263032358175
0.47323368174476166
0.43686062009475934
0.37868325993414137
0.3485668072285575
0.2684758691568673
0.2822536669951962
0.2050946385868737
0.2273889185426875
0.13768943994276286
0.12529818565220588
0.07272602818035687
0.021640435294740273
-0.02585812079792458
-0.009724105657823792
-0.0674971968404444
-0.09484736670919042
-0.1765045761337929
-0.14717254734288404
-0.2323389112197553
-0.2715624022334265
-0.28083468231795644
-0.3747315314802691
-0.3749017980788854
-0.4506921630890604
-0.44848505299973906
-0.4585281399768697
-0.5469132380679766
-0.6017826877469578
-0.5986562097197452
-0.6606372064000005
-0.7006824934058072
-0.7394522506517285
-0.7618314670517472
-0.773774746376608
-0.8496505128846739
-0.8896721713163608
-0.9150067181226392
-0.9708594970648368
0.8892592449087713
0.8955043341492374
0.835964663280866
0.789267202902224
0.7775263562553757
0.7120104309182682
0.6664296992535423
0.6028099339911899
0.602188519912197
0.5952579479911216
0.5383778725212995
0.5076508129189315
0.4638076742898
0.4079892836302065
0.39072524310497114
0.33846432508344965
0.3259403547833367
0.2555213213568069
0.2051814594451402
0.21064528952363415
0.1670374532750234
0.13342935924095645
0.12188975178246211
0.057203167666768515
-0.004630896544267967
-0.025809577887287972
-0.11120425253987484
-0.08911606392137289
-0.1883390694428232
-0.19705198868780818
-0.2286127452391774
-0.2508810577081362
-0.2927718896319265
-0.3486665556963176
-0.3429696981729489
-0.37900716985337
-0.46773795945439967
-0.4522850098323241
-0.5347868191987256
-0.5442229488112009
-0.6316033612311409
-0.6579531349014676
-0.7065735315525372
-0.7162819498938744
-0.7421327220793142
-0.7783190478251771
-0.8282773672140663
-0.8903253245085285
-0.8869636927971416
-0.9030057915376363
0.9293473028611011
0.8778882905933202
0.8141537625966996
0.7803530016804678
0.7599841832308654
0.7171488386159721
0.7221581393413914
0.6307156674203086
0.6093050552277656
