0.4873162145059288
0.423101344709435
0.38610875331705424
0.3517923844444222
0.2637266755148646
0.20920938370131134
0.16180384911922613
0.08890136302518918
0.04837152927354151
-0.013317287597552047
-0.05600046935537907
-0.12604422557257045
-0.1893027000419765
-0.2404228803339128
-0.25159500651713906
-0.357457839357746
-0.4093075306534701
-0.44379518572424637
-0.42619065552207885
-0.3674912731043517
-0.29003047091565926
-0.2666787930309683
-0.21227292650167598
-0.12746019116462443
-0.12111749437884116
-0.017370968983610603
0.002063874787333938
0.0494559103990138
0.14802482581782234
0.17590719018691103
0.27662518667307934
0.27944955743308036
0.357766886844582
0.42457324409186303
0.49812683394337165
0.41756942262663815
0.3463173665393946
0.273877347047053
0.2290834742381973
0.16762615719959204
0.11680358666123486
0.07162370294926014
-0.007957526016143308
-0.06438213173222333
-0.05862843329978083
-0.14058557771583843
-0.20746836453571363
-0.2398513369519323
-0.3333628199373782
-0.3420332620548312
-0.4530102065104833
-0.44749462962431613
-0.4295353060862806
-0.34027747614961124
-0.2721710187523043
-0.2024589008520468
-0.14320697715753597
-0.10498789935831059
-0.06993184310389147
-0.015548012115101435
0.06736129463596216
0.12472175308814883
0.1773979723599618
0.22376030570215955
0.26034418497038053
0.3216191177693755
0.37560601097424234
0.4558900694619661
0.44612826882237494
0.3983638094862163
0.31788314960159125
0.24972691622332135
0.2069196071647993
0.14737645343691713
0.11129441153312358
0.02324927871427155
-0.0281515970276441
-0.050293134179372395
-0.09572225642211205
-0.1672740372422665
-0.27908012603283155
-0.3036663039354096
-0.35272175710923254
-0.38425683383803616
-0.4749242344052323
-0.41453082346767645
-0.35292653743506885
-0.293355808451258
-0.23587832595936872
-0.23034223355483022
-0.1379190144404382
-0.06590385056762117
-0.030876761897871995
0.06819535154543191
0.0739801396865824
0.14422316164130228
0.21426098251647469
0.25552908912841815
0.3150786355896377
0.38734133952916916
0.4633900371437081
0.4732560761178394
0.3812313880084703
0.3731646137814665
0.30835390417702735
0.21795416033783788
0.17550705878349177
0.14950144422950434
0.09440095406917315
0.022871328193574358
-0.03622508582519723
-0.1094104568713646
-0.12177057866351657
-0.2534390790953282
-0.2690393490458455
-0.27428939941969066
-0.3987223153439665
-0.41130812902957564
-0.44236317391699337
-0.40039960102404304
-0.3416190583383014
-0.31216684386532967
-0.20465315624124494
-0.1820099475779605
-0.08869796272491352
-0.04783039375826541
0.018569187338503254
0.06238287688716942
0.13603752552382786
0.17836670245812414
0.21067553960584887
0.3242394526389305
0.35762141823652904
0.4526639858950465
0.48915833246654805
0.435504601628855
0.38903219385834603
0.298563713057294
0.2564815070400204
0.25355881532346497
0.18018296587620136
0.09051881736977324
0.02096127113713033
-0.026696705400498334
-0.08597391105439053
-0.13660618046903716
-0.19769000286244137
-0.27830255742239746
-0.353118023366101
-0.37685973862654615
-0.427821133206635
-0.4571136238675884
-0.4355815875789197
-0.36799835141882636
-0.2950522107685771
-0.21992237512964166
-0.16996835982189165
-0.13244280576288173
-0.029064011851736328
-0.009031657384412504
0.05312870977976188
0.07938809188920358
0.1427448876818453
0.184736171644471
0.2775050339077388
0.29970136237509115
0.4026486689629335
0.4222569838024371
0.47454769803801655
0.39977261714787565
0.3243360878652366
0.30563744704793044
0.21332514760619298
0.19132722280202766
0.11339954461659084
0.04299730802196948
0.011009476735513675
-0.05390318505291777
-0.11094973614464225
-0.15612200741011448
-0.23202454657063198
-0.2822599095491395
-0.3257150941235527
-0.3915736574757794
-0.420070154699735
-0.4477554560732306
-0.33234075932768886
-0.34282983462300604
-0.2771393572880614
-0.19458643718511728
-0.14974787965267708
-0.10325787486305016
-0.04962866518987061
-0.027305040348565845
0.09194152314737526
0.12101636358528606
0.16604147856343862
0.23447420826699428
0.2743073792489611
0.3179785310492995
0.4111230855259607
0.44695717870554336
0.439336327486502
0.37081979102952733
0.3237760028628161
0.26563206976255543
0.18469619583734398
0.1680121761806849
0.10602421619207202
0.010889068267024264
-0.008814397316070005
-0.037729683540150556
-0.1507750809809914
-0.22327310140643766
-0.21472779237871853
-0.3143454742156676
-0.3837097920670544
-0.44454314788936183
-0.5035026786584839
-0.42968654039944953
-0.360704084808437
-0.30927193100379274
-0.23653093273117673
-0.1968972703801742
-0.1388151159272008
-0.07624365897751995
-0.013390542500895636
0.0485732410700731
0.12101574100858284
0.1574351299904244
0.22898695139499145
0.2936465370819058
0.343325432724675
0.3894877204711814
0.4470775785157658
0.43273381152969614
0.38878393251961957
0.27718731609321906
0.27310332472831417
0.20053198482761653
0.18446534375465679
0.10552532753547014
0.02557965695614471
-0.021853274784597573
-0.025871518660032185
-0.08491415546424458
-0.1971131588732933
-0.20706772215722624
-0.31198379302960483
-0.3113673468307955
-0.4040804249287727
-0.4467366582111372
-0.4329714312798524
-0.3780921792899789
-0.3233859046943446
-0.26218025335106376
