0.031496361448952216
-0.0029181754477971234
-0.027240310448422338
-0.015548113850120409
0.002916913706043483
0.015326584959376015
0.010071674423888366
0.04836104908762077
-0.00042504924943852
-0.006011834916067754
0.017547087842096104
-0.025004125436354524
0.0016147672767858202
0.002831136561900908
0.0004443435189317793
0.020270916226351115
-0.016162855553850348
-0.006442095775308553
0.004775283938930644
0.014554844322955111
-0.03587962317555503
0.012626821868195708
-0.010385799006926589
-0.015162392651978277
0.012009234710003473
-0.035557446775654304
0.010087966329843396
-0.015213005845320031
-0.016338309356610483
-0.006583693895732125
0.006054207557284124
0.019282821517784692
-0.006753147172309744
0.016239384170781804
-0.014566758527890558
-0.0045054396776556685
0.027858298870674165
-0.01300362543201093
-0.004063870117546525
0.020316658952861912
0.017221615943237664
-0.004898933401016979
-0.013171795450746844
0.027580610240433217
0.013987170190192433
-0.002341002316049043
0.04100106424684198
0.005214074305160636
0.01506958896302876
-0.00011439717221663236
-0.024350222718847004
-0.03263522392704961
0.004370066488903853
0.012198825411009643
0.004490182405483366
-0.004137379694262994
-0.020033809198507904
0.018604622913764142
-0.013296631769369622
-0.0031239544493646683
-0.016076991736329437
0.03468754731758973
-0.005920555193960373
-0.0030066562677237233
0.021329304828922285
0.013371273380428938
-0.0032647541010979455
0.026176837769124696
-0.027334698922146985
-0.011250871123670606
-0.019761718771404053
-0.012963780982694888
-0.024901329612469946
0.012019476903062307
0.00025159224040134003
0.004489274972732717
0.010432784504787532
0.008195502730009074
0.022418840969224037
-0.007216020970496735
-0.01092244228167754
0.0071621227356885005
0.025250764759327964
-0.03310453899691251
-0.020030301425255085
-0.020672253594077452
0.01209607753838661
-0.0036272739790813233
-9.391154921675456e-05
0.011949905291471209
0.0048329825647379
-0.005576902285765896
0.026550752940048647
-0.02930100982033622
0.013801212185332852
-0.013205119980770834
0.0035957690073027595
0.007156501704595049
0.016288091021327274
0.00875110677834853
0.01959575253541015
-0.014385825515704182
-0.016406271469626633
-0.010597578715131981
-0.004150171100021863
0.003056621509780275
-0.02966670883082727
-0.022904814866926974
-0.03163680869932035
0.0052508758572945916
-0.00773821695872097
-0.014490591750591066
0.01506557231816208
0.015325670221784554
0.008452633672069464
-0.03585866439806053
-0.009478506503905287
0.0011674733427939634
0.01935460479260731
-0.006709762547727342
0.029165463870694422
-0.02676096598452801
0.020969278527872538
0.028464185337284842
0.00469084989450799
0.028468919632069285
0.019690080647014246
0.00766512807618624
-0.01951021354737574
-0.01094118069901541
-0.02433995143405232
0.005234398598410598
-0.004186426496043259
0.008475905704724881
-0.00581475831654071
-0.012275849788742061
0.009776912232707425
0.039710129688312674
0.003082141500220336
-0.015421210012255557
-0.003875055573157396
0.022590539502679207
-0.010564508890980935
-0.011504649464980775
0.034537315411937414
0.024716671995042745
0.004918160166373242
0.012155728587806036
-0.0003862503076115752
-0.005397524444984363
0.00017720082302417135
0.005414614943595221
0.020020596683067913
-0.023271079837770572
-0.024503999630058684
0.006184960083084571
0.021642224771415152
-0.018407277079762866
-0.01778879531578955
-0.004961575694440579
-0.01574637650976282
0.012956377106420348
0.01788284137550411
-0.013548669953534799
0.005260935895818931
0.009352998504504089
0.005305421238232771
-0.01661114174263994
-0.003627415956357331
-0.028240784495462166
-0.028060793369824595
-0.014656467434374685
-0.01010182284869214
0.0028231814357775353
0.007880879237006148
-0.03884853388919518
-0.013565317190202562
0.005978597849685744
-4.955349635412743e-05
-0.015993047053967195
0.014136601891052626
0.001609312372168881
0.0018712056546696329
-0.01726868029423559
-0.013716855763095673
0.025579226486045693
0.008873508565683605
0.015533111115229255
-0.044936706119051754
-0.00858036445645411
-0.030185598401750984
0.0026373176424798897
-0.01279584023691104
0.011502181958921146
0.0032857742465549535
-0.034074232637510575
-0.03578549634550496
-0.0010066257702377231
0.009574939840522986
0.005649634167585477
0.010010464519666588
-0.014020043840706245
-0.005045859665494654
0.018029170442248832
0.016202325432504227
-0.021394859091001146
-0.0006096978102126476
-0.005462469494627118
0.021597325149834545
0.010151241986551405
-0.011848014072711171
0.003936828954691773
0.02444038417357348
0.001967380752618156
-0.004392790743868757
0.0032640601471028447
0.003030037564961157
0.009914163362652413
0.024427733967365223
0.024173973673857582
0.008551957587789734
-0.006075679011995216
0.0043266572957410925
-0.010024077450530513
0.007577231250999891
0.014997395397402236
0.014469277735177203
0.03186030079861177
0.013612860112760068
0.007885930631131303
0.012624077524285966
0.020504989114700403
0.003875060624706696
0.018207249953170038
-0.01938229558700618
-0.013219550063657326
0.01982971976297919
-0.007969603773350337
0.039912269819143635
-0.0008622448465215149
0.004276846084009895
-0.03078698309501973
0.007891603694117006
-0.01690326840991078
0.005971125907325378
-0.011539900215118712
0.014580013451378847
-0.00878387757148692
0.005818081747125955
-0.03173767305382088
-0.008980075386430222
-0.03215044851514298
0.01519617747645681
0.0029905258854589353
-0.002257050696782537
0.021747583641061774
