0.1379275525549382
0.010993393187001356
0.23157590996515875
0.05581136304324271
0.09262351958273925
0.06425353812684065
0.04720204709157901
0.07784637449561835
0.15716953967352637
0.12983368889655036
0.2400014884636236
0.23055011339937204
0.014657185344745806
0.2571357946500394
0.026505693776226046
0.14217782309856683
0.18807988346141116
0.21476534230465158
0.031241524363986292
0.16879692185248996
0.1420722347507516
0.25028627563565703
0.17960902992682054
0.23520140881947965
0.2582572155456368
0.18205315161965943
0.23379338720616205
0.2451837171169573
0.11524104570980025
0.07511239079464702
0.24427615916588089
0.13259425936443775
0.11904852170521969
0.1324788408189694
0.019234892264313155
0.026233766971722375
0.047955650858365076
0.1585329040390229
0.18354072920668968
0.061025931717700446
0.1784416365760016
0.1879380833509799
0.12631149849997017
0.0040762336799855855
0.18572319109948152
0.062455952369456016
0.06853784433757874
0.01866190639941458
0.2141665276161786
0.21212308088171655
0.21858528772090763
0.187563402664949
0.15511590509636047
0.05513367795534932
0.014952849006078699
0.07782384627274155
0.2423972967061817
0.08207328214365225
0.03494239908761634
0.28049917157753107
0.02826904146375022
0.18727809327276396
0.1964124277924516
0.035307922947808906
0.06852919979996211
0.23744786293070952
-0.033333985045766235
0.1685833944190207
0.1964078095256373
0.07999687840229425
0.23308746959585427
0.17126223427371648
0.09748542050526596
0.15242581978374922
0.0582046507014148
0.2361087633910952
0.07141124495627804
0.27551852296646795
0.17068898088402573
0.1634762129484263
0.21163614124223182
0.24439141895012415
0.2516885403893334
0.05505858831363088
0.1622550536110446
0.2297978368529587
0.2427927500404125
0.22655955435344882
0.12066492674658588
0.20846581831751046
0.04996090825469719
0.10221745875390503
0.013677186066933007
0.07383372492966767
0.10960593611032787
0.02531406260148618
0.20122474361999787
0.11157584507063698
0.13132520587637425
0.032645260907965074
0.21760426814152953
0.06470729241175074
0.21849982381723537
0.16737365818879155
0.13638941145266703
0.15385313357795014
0.036440260667143454
0.1679427180806397
0.16273136562834808
0.008963393447693787
-0.015102676376391077
0.14090924704879557
0.2730057197080802
0.21522180119155712
0.2680434041007267
0.2900349145436845
0.022910775355106588
0.02696398776566071
0.20920317635410524
0.18446559157660572
0.04726897387405066
0.022054707503256277
0.09146911550960193
0.2642825944217766
0.21986686288105534
0.022483657849530273
0.2361927263458457
0.0470230132587696
0.2612121503160704
0.2508609313851181
0.17597330785690007
0.10479634675961455
0.21017531740610026
0.22214078585679115
0.233321491842687
0.13588615116823055
0.14093574112792112
0.26821857051378445
0.30673183703218576
0.2133015688654182
0.0670023557172998
0.058407539897272716
0.06040381461727283
0.20779804298723517
0.06845941118021426
0.07800151096399432
0.1651002677455462
0.1708742767285845
0.27295108656925104
0.05359125217536219
0.08148878774701414
0.07426967818060047
0.22074790217298906
0.026344760686591338
0.10779273344389516
0.23869540081877877
0.28504985623730766
0.10330334446029382
0.13240163218478654
0.11319455890740676
0.22067065533710187
0.08369050135438995
0.16799577909434113
0.19825942401091703
0.19060746927224392
0.2063371412383219
0.12502844204264582
0.12514974746631774
0.055088688474197414
0.17467605021635393
0.23117802916069768
-0.014698535113569422
0.21524797195497936
0.19617799446432072
0.24293219810045938
0.11120231659241936
0.15892681309667925
0.010514863529318613
0.10965804973084398
0.20901027063707853
0.10656471030816136
0.13166938019513866
0.2177689387450426
0.13760879489326894
0.015035522506635366
0.05483924496970262
0.06646346941873105
0.09509490853698713
0.16679476327343234
0.08760167386475375
0.17498722468300218
0.19572839092199798
0.04674559016505295
0.023875342732212035
0.04621255298133005
0.08781897892378786
0.10582415976107497
0.1928235483769407
0.11016355079088941
0.16891597209614975
0.17442508565886541
0.2575166989805568
0.26893658452086083
0.15851719324413743
0.1511238172460799
0.0307407571405076
0.11023831487549846
0.19922928163437914
0.23062076858238556
0.012785864250153111
0.27956956135654853
0.0700194618456329
1.6269343812817805e-05
0.16882404826135117
0.15308423659222764
0.07702950659971468
0.16647230150330056
0.1614754204562856
0.0888620278112376
0.27891096563865025
0.19201620028866245
0.17797900115245935
0.0566687977968192
0.27248913256393203
0.1480626882175182
0.2487334007877881
0.26617772798962414
0.16205036510120355
0.22584889892805696
0.26395119196623257
0.04216759816112619
0.15192319072568825
0.12338204915608968
0.07358308302667295
0.29157982484761163
0.2573163396398849
0.14895374958275504
0.21653880180867802
0.1716877660540137
0.002171026578952814
0.052297526755103386
0.03344322204159836
0.04157039206638906
0.14352690423894254
0.17886794484425006
-0.012092026954789808
0.15245507550605114
0.1006483401704505
0.0431207991460992
-0.018367201908906953
0.07352359061006258
0.03305154968034367
0.09344050188236465
0.1829698032440291
0.00704722401622312
0.1346550273323151
