-0.4555088457865858
-0.4563964006191392
-0.5016717238009326
-0.5586993708380387
0.563505079754752
0.5253903712989696
0.45852786882543994
0.39055146547493197
0.3231073191790015
0.3453772023582779
0.2872476735070109
0.20421214894170717
0.15734860137145423
0.16868022707068714
0.09139855783953829
0.0323720338668452
0.037020378186777725
-0.05574749822790599
-0.06049023606901317
-0.1432097752365958
-0.1894376162540668
-0.2376974293914368
-0.2541339544592909
-0.3149845857307463
-0.35515462198309306
-0.4156410761764392
-0.4397401732204295
-0.46751222109331536
-0.5252234858072049
0.5694250740118159
0.5037038142839388
0.4675454127947609
0.43518977119628555
0.375506390423027
0.31782538785230197
0.2804839259911495
0.22963790320101812
0.19489165559512545
0.15921234076350801
0.08725583155525302
0.05898704447089516
0.029757605517471426
-0.046353729298055646
-0.07358219540661985
-0.12796694199430222
-0.15434279989999614
-0.22061972822426668
-0.2984688001851782
-0.3473627939976418
-0.34356522349570295
-0.38692234857419294
-0.45733715171979566
-0.4550516465611608
-0.5487578516152424
0.562404060014161
0.5111851371337207
0.46265072315076694
0.4060964183564337
0.3996381258202329
0.34514205384503277
0.2647121189434405
0.2578505095805908
0.19589125035537822
0.16256064916592222
0.0667784917507151
0.05316734891964707
0.013750994924774534
-0.048716664995233416
-0.06470669389691039
-0.12916149583255687
-0.17825358642899336
-0.20954407666957925
-0.29541789570141036
-0.3330893079009873
-0.3804012545567237
-0.4257373118079807
-0.44036383015978153
-0.4870952391590078
-0.5480942594828925
0.5714824360475667
0.5421146139758809
0.47797664740330026
0.4088381543174881
0.3803004388313925
0.3334333304334151
0.2845251199834226
0.23259798684439756
0.21351968574375998
0.14252787116554402
0.09897139122983588
0.09726989034294743
0.014223878860236659
-0.04218821690206558
-0.04286018159388393
-0.15197573667891123
-0.1968754060436153
-0.22537990167251418
-0.2437451322412304
-0.2973989081305765
-0.3614917487363143
-0.39492001929576914
-0.43826476469956277
-0.4855166221350018
-0.5652010899683512
0.5866085170023166
0.5081456761867731
0.478561933725707
0.45042780778697755
0.39793300838980494
0.35640352001674114
0.3063488294966573
0.23470296863188836
0.2379208738547424
0.1821751089319047
0.1260252757232564
0.057596542194864014
0.008060612695528794
-0.013527151145829544
-0.08820790889134511
-0.13092500947253813
-0.12491951895823138
-0.19855589727628456
-0.2482677843813828
-0.31549217136997465
-0.3637227472233516
-0.40904415846350917
-0.42870934249306647
-0.4992618878949932
-0.5253664057788212
0.5925432293609921
0.5047848992106784
0.48970746573637614
0.4506084879399455
0.3862930371143524
0.35312061919754817
0.2813529138078008
0.2664544663125727
0.221551336375844
0.14986263764400964
0.10243035698004076
0.07120647155652592
0.03225908062839141
-0.007190688155286715
-0.05225485685100184
-0.10781319501729325
-0.17235566040585706
-0.22717962501964062
-0.2444751385957061
-0.3109458148492546
-0.37022249898497833
-0.3990761727381833
-0.3841593757373005
-0.49480269069858435
-0.5325651051293435
0.5971749280694241
0.49651525923222056
0.4999720536166247
0.44101421916252953
0.3898102909532441
0.3666955351430643
0.2689503682415933
0.2603367863280428
0.18646175063491852
0.18653094776270437
0.08733217704704295
0.07552727171660889
0.002084884338497992
-0.021679548825116003
-0.06015431114513743
-0.10405297721152872
-0.157843840746856
-0.2075505169831198
-0.2996420338476552
-0.3261416075889641
-0.33744845945408863
-0.4427432469572471
-0.438551370874377
-0.5191947089256573
-0.5101099486783194
-0.5454240512329338
0.5291949420634617
0.4853203365314347
0.4904512139069952
0.36936379726968716
0.31172551397219317
0.3019782272979248
0.24576968372800687
0.19214883688319878
0.17546912211572557
0.13723533055185605
0.0542720915762608
0.04091009070129709
-0.021336322475030835
-0.09148826022789665
-0.13018234629334322
-0.13424121416983686
-0.17544571329158581
-0.25426386217557984
-0.27707903658567096
-0.3521146766822324
-0.36324726869449675
-0.4383297098503732
-0.44225436703078236
-0.4924611541483175
-0.5784747836938227
0.5415493603234758
0.47539259838149023
0.4635940755764419
0.3972502435926074
0.3318062077493482
0.2919353357416574
0.308181436681563
0.21551945392082092
0.15973806053119569
0.13377081950455577
0.09078639726610521
0.038938609623526556
-0.0443051049948919
-0.11302323768564165
-0.07807795925616902
-0.12115251359302229
-0.20261162649568198
-0.25173110656139636
-0.2748512634971149
-0.37186811046971996
-0.3764852812816678
-0.4088475276597957
-0.4820608414878799
-0.5286986834213303
-0.5685661386222719
0.5154855289534802
0.4819912921061734
0.5009436095026076
0.39340800229833683
0.3329259907910193
0.2854591104368196
0.24680656141139518
0.212966603405242
0.17976868979021418
0.13568596812757702
0.06704399661627378
0.031755706132538856
-0.025184737978117433
-0.08169067762623278
-0.09508006849006347
-0.11748190140473795
-0.1538183764763248
-0.2499812457233395
-0.24818584800850424
-0.33561416756207124
-0.3642513000848915
-0.3863116278430245
-0.4875577577368056
-0.5045052777072081
-0.5820677613857264
0.5870598240369409
