-0.6799749742856207
-0.6564733196080875
-0.5958362328728452
-0.5550469740052045
-0.4861918058988245
-0.468013154091101
-0.4144907804182614
-0.364191437145814
-0.3399053554841907
-0.2756347521971518
-0.2564226608111047
-0.20620013604476295
-0.15434651255987436
-0.06685046221116905
-0.0650257916160623
-0.000546125958063263
0.061765839734361755
0.08255680393238042
0.1265655857153452
0.21447237852318915
0.2641912855406642
0.2705004945131017
0.29523242370200925
0.3637005709891074
0.39231810309923537
0.47086369343242424
0.4965749287979408
0.528171695117437
0.596074351237208
0.658008792343491
0.6770416923444977
0.7010035966799345
-0.8141951454733694
-0.7281757498738245
-0.6578472323026237
-0.6121241545427627
-0.5622256954120931
-0.5157229418676245
-0.48615702729706106
-0.43895490742131704
-0.41121904873150883
-0.35267784088282184
-0.2928400098824534
-0.24815047441171237
-0.22277777628738055
-0.14160427435984113
-0.13556979910868805
-0.047373843078011665
-0.014013046722520447
0.04641841342861398
0.05291057863024817
0.14801326064203615
0.1845175485324508
0.19072953932477163
0.24202263834121301
0.30395846263836873
0.36544345199236056
0.3653531452821813
0.41366498997215906
0.41625028938800146
0.5342248359182793
0.5956647156894501
0.6230992708041286
0.6858919637979434
0.6969834774644792
0.7171213342094631
-0.7216611520497052
-0.6860845082514656
-0.629396381724303
-0.5957061439178707
-0.5648824519840983
-0.5048756561279178
-0.488868116624763
-0.4105519995474046
-0.41515066231360187
-0.31019589350282645
-0.27063013293821764
-0.2524054387622126
-0.19140230724040835
-0.15589535299759563
-0.09521482553088637
-0.03767710988070948
0.0005718481830529504
0.029123137564014426
0.08737877036089244
0.13972739841397083
0.1822195570668776
0.2015227816523117
0.27382806810620713
0.32207415974454534
0.35552581728193966
0.41132212431654724
0.48296368581930255
0.5071727303373847
0.5810007846979354
0.5940130228626609
0.6394146585266259
0.6465177726483584
0.7114582313064151
-0.7682455299720929
-0.6849503746284197
-0.677741105305829
-0.6224448189458843
-0.6016787515183434
-0.5103036382045681
-0.4608571130253765
-0.3959428045555077
-0.42292441769892475
-0.351145109675019
-0.2593873239827773
-0.25905808049027534
-0.17166003335800453
-0.16337356484900997
-0.08702217616245843
-0.04823702631357857
-0.008414105953235967
0.031277389043889534
0.043510495365206986
0.1149767776701021
0.13842709335762024
0.1787165514824447
0.2379693352844192
0.2780151204652949
0.38028462113267775
0.41157865834002566
0.44031113002263556
0.5124691609270291
0.5414898323532316
0.5940546426275447
0.6243958870108662
0.6996149087255799
0.7380060310961651
0.7436472214626036
-0.6822317584235713
-0.6471004661707866
-0.6394748731211202
-0.5707297621513864
-0.5359108428188253
-0.43563432114758616
-0.4730801684542749
-0.40826533118882835
-0.36233430566283953
-0.30291241926603807
-0.24960650666733605
-0.22364635733987343
-0.2042942968691475
-0.13783993277811096
-0.08545437502130755
-0.04172495118424198
-0.023103825486153938
0.025017260536288447
0.09642110264940806
0.13275026546197954
0.18831154704273148
0.24853584267111456
0.2676850464629642
0.32202527809952713
0.3353792117017116
0.41990907053253057
0.44683295102628073
0.5208627817751404
0.5477269989930742
0.6009471294657588
0.6588483535606235
0.6834793370432529
0.738615006169508
-0.7302303331030249
-0.7262015863610302
-0.6782028031222123
-0.6182564061420687
-0.5404593225974694
-0.48720255436300286
-0.4711232447486457
-0.3788520985821825
-0.4028471277645639
-0.3365531484648098
-0.27897494906083825
-0.258035672119572
-0.2036158296589318
-0.1507198156820418
-0.08335091665320558
-0.03291450853576422
0.0029041737220934574
0.05599373160891468
0.07535462749231168
0.11407008793208094
0.17243998502142538
0.20515273664645858
0.26285983559184295
0.30422287600165454
0.35504796211068324
0.40291034244802876
0.4409368056160501
0.49432094122989734
0.5123532148679149
0.5834961083674071
0.6240865561809833
0.6591807686681578
0.7346140260801127
0.7797373268693902
-0.7532867185324144
-0.6729913694199228
-0.5865963638317484
-0.5684692161446224
-0.5665182070624832
-0.47336838362935607
-0.4228349307580053
-0.46484107365947147
-0.35590301628718274
-0.3345768582605956
-0.2822696615382193
-0.22880716110547333
-0.21968094326734133
-0.1349437859303614
-0.08040438867291998
-0.023019821387026893
0.017744972097335273
0.05563933038712126
0.07819173709896719
0.16180037782358964
0.18667380087540433
0.2710731257086918
0.26377832170088905
0.3322132146362883
0.36892848455317634
0.4235787944548388
0.48083645355402727
0.5224599054847767
0.5793440980638493
0.6118530621704222
0.6515127549905491
0.6994981957946967
0.7552696386150644
-0.6949640152441124
-0.6826522841273188
-0.6572500312029805
-0.6052446419123708
-0.5390611407605079
-0.5223832261845741
-0.46743650011579496
-0.42944604693560656
-0.3700578394860152
-0.3395009837569087
-0.3205094380177753
-0.22135705245413942
-0.1950426067278218
-0.12294864409020125
-0.10203031980043008
-0.060365594099834066
0.029243356615760562
0.027167071264734464
0.07496128859851431
0.12559022290090865
0.16281573991734707
0.20194174510891597
0.2947701692973912
