0.4318542362942914
0.0089210297254601
0.2248572252036932
0.3389611416058147
0.04033119855780982
0.46443465997073047
0.14741303260148628
0.16915033552786302
0.024165494659481028
0.45454434782889264
0.040004622371635094
0.09503250580961063
0.3729788125140465
0.24445485871647296
0.1731330683457943
0.4195707717435387
0.1836641776971814
0.12922076902513702
0.3000614709041349
0.2877374293192001
0.46934766462276883
0.32062073930647983
0.31254612253558467
0.31022474228452945
0.3754196496656888
0.09391069211256695
0.3346742851314479
0.18371956477712825
0.1518638616925521
0.07368819089721497
0.3832170793172588
0.40849779663246055
0.022457355600240755
0.21746310247048664
0.25993669268436503
0.37196236617064105
0.3649516276511765
0.15832005535730959
0.17391141642724647
0.1786244193388256
0.18998821218694478
0.3225382861600031
0.3437676237630345
0.26918942106382265
0.034596359327786916
0.27153509990937347
0.2618477294300686
0.2234547613387176
0.36550888542138216
0.04832032207256389
0.48294914291522817
0.09646969521579106
0.056753222168125374
0.13573636682473533
0.019356920493424166
0.13495226150790882
0.38652828574309733
0.38542515804030447
0.41097751396389315
0.08086118119806422
0.08298233864262798
0.2866772918060078
0.34454177394116065
0.0756705725536037
0.13579830882834573
0.08179138021298461
0.027163210802309195
0.26703280039255445
0.28573969591008613
0.07133150129647102
0.4394338209937021
0.0862369402350065
0.1285421336206899
0.3185610551610783
0.27263786946911267
0.2639702366593018
0.2185900788248801
0.12014492002430825
0.283903199026691
0.07787739713207119
0.4251037816685456
-0.010306083599235301
0.29508654496363207
0.043390839161972616
0.37253199295043243
0.3315463064427183
0.4308687287170337
0.10335320981526379
0.3892710774153121
0.03235996462784013
0.1653842173838715
0.3785865318105105
0.13485023549217354
0.45126964599362246
0.13551198343522783
0.1894634623080448
0.07243800772810383
0.08452355313167077
0.16574576836875804
0.41508019420141307
0.2377592486461032
0.30344652943705946
0.1392673330387981
0.08617240997304199
0.27977742751342766
0.3682584227231049
0.2481695408513583
0.3428528109188674
0.3040526734704069
0.4014596223659601
0.36933306568557506
0.17812300809902232
0.022152518340689892
0.1698262918333737
0.07074807314370996
0.49312834425422863
0.1668788229582558
0.3544575325189602
0.23045575707427463
0.2655761349555532
0.3711561181334716
0.023206229014069935
0.05295465472038762
0.12698618152029545
0.02301229528902781
0.016008792252432045
0.34047033451184283
0.15652611519562143
0.4221153854506224
0.17066205559434414
0.3702974857749262
0.038849656035556734
0.12003201557093658
0.3144053357267853
0.14641321396117027
0.05899581163209286
0.09438460609761092
0.021703220044511612
0.3812104811686094
0.16945625804464
0.3125094070757371
0.1583294239344353
0.1832901069550466
0.4141412264984561
0.03876865587038894
0.061678588398870395
0.055325452051999964
0.020677968699878195
0.4463744837385253
-0.01202352263288092
0.032638058823499946
0.1330275831648598
0.05776200140978256
0.40021562192504445
0.018022642922715975
0.08208486392706815
0.08521146107185062
0.022250327421927032
0.3427157495948124
0.4234952649283453
0.3989726091930441
0.33153587581436633
0.18963419715921073
0.04381139066250318
-0.0144476229645082
0.06862383927606869
0.3349874885430657
0.1464138832474245
0.01837286557873175
0.4276457937258257
0.40390334185308613
0.3924519472459847
0.4338790135462411
0.07959630446299001
0.3070586234771167
0.3099133284370825
0.3149091630493832
0.259549339172778
0.24332036042203575
0.3460835334904528
0.23383622279436267
0.30510370480226284
0.45571856669146493
0.0663382278111724
0.37496266314443766
0.21092373361082956
0.3734023804716095
0.002089438826796651
0.365429101327543
0.13229778372555828
0.44299634566751617
0.3282330291329686
0.36351737379047533
0.20295852914959614
0.18325653284754578
0.4357298404191678
0.11782197281321942
0.17600360579447247
0.42844976734506807
0.10609774918354886
0.013967887817188262
0.14730138051232294
0.27389457967865316
0.08161882620329552
0.2820791233534152
0.07800885028091217
0.25699478887825916
0.4476131850126369
0.049888690203560265
0.3954837567489794
0.38629108767676124
0.14978873025375916
0.43320406088898944
0.30325461227155565
0.21192263937903044
0.3647487928561225
0.1980938213899039
0.3698901064396011
0.06400715983151578
0.21381562580452276
0.4227376725702843
0.40579736278016826
0.12453663515464883
0.07616129047461835
0.1581509796893733
0.14223106525566814
0.25489173246199964
0.10507880460118765
0.3730107277642323
0.3234556023966095
0.23738274524993636
0.45775570019954054
0.39525680961994725
0.14486465761024894
0.3847276656567324
0.1631699784622658
0.23068613324450887
0.38217173718277514
0.07913178242580968
0.07419428986699529
0.07458730101420319
0.15618616069605262
0.03026156152881953
0.20709343219221066
0.374899658429913
0.3043131672871436
0.12632531612517903
0.38960817998305464
0.1332463656276714
0.3623014946706601
0.029102644118572288
0.4428713946619447
0.35976976458863746
0.4043204396984518
0.018789565563390204
0.4915692916791845
