0.1726668991495091
0.16268397475911242
0.19232038439112348
0.19266137924609197
0.1814953431370857
0.1627313346650723
0.157351278340938
0.17847692938611864
0.19656318092886163
0.1777164659334938
0.21557644196941106
0.15842983254464393
-0.1767263501131463
-0.17189434744314497
-0.18151243761349076
-0.18144615221997987
-0.1862791266743343
-0.12853105379333335
-0.20443995059951367
-0.14416126695367054
-0.15096779244322456
-0.14550109640232672
-0.1909458519425255
-0.22439087060330895
-0.18407928487436895
-0.17092370093769535
-0.16943248653345322
-0.1447174521805485
-0.1799324237510224
-0.17275985779828198
-0.16869214504896768
-0.1957240505065487
-0.1726690653347547
-0.18954450560934788
-0.1468152191874951
-0.17883885481622383
-0.21065775472740875
0.17356184066589186
0.17423164644476036
0.18527381496659173
0.17538265849727702
0.18900570735182873
0.2024935520577531
0.17953423522536952
0.21626091690382254
0.16492523648124546
0.20979150832871457
0.19026852640402037
0.17900846761055522
0.1705644675994915
0.21599195290253254
0.16996194563601513
0.1581142639761976
0.1914751266921852
0.17376782127377102
0.14956471875859287
0.20514624498545514
0.1612915005769353
0.18870450769441832
0.16131067716341327
0.16116931530434792
0.2036035247984992
-0.17390525938172013
-0.1885514807954829
-0.16803947604531022
-0.1753011884612971
-0.16047353630002545
-0.16918957182206687
-0.17835753937369062
-0.17463203499700625
-0.17517327703424893
-0.16776412062624968
-0.2083384977659397
-0.1700354516230748
-0.20835715711651784
-0.22190086261145692
-0.17659051557415983
-0.18294144122488823
-0.20067876351616049
-0.19967741176383721
-0.17911723048050265
-0.17462480214882714
-0.15835830544044655
-0.21396991828252765
-0.21552987302925344
-0.16234979130575466
-0.1598436988628527
0.14305405305322677
0.18441879167548156
0.1612884290991701
0.19310173564082003
0.20057410176639004
0.19102523565982377
0.19491480697579042
0.18977340415237584
0.16785695434754275
0.15663694862552413
0.2054341944615518
0.19259963967437355
0.21206070342604272
0.19953437133620344
0.15857983079253296
0.1855079852590574
0.1998724765889794
0.19598385892969555
0.1839211582500693
0.18275778695925948
0.17338845987401677
0.1551966937911875
0.18426745253524668
0.19647005652002777
0.21478656443900693
0.1697195495378896
-0.16632805118813876
-0.18222730123006978
-0.18759184175160734
-0.18580843698868962
-0.18533795708402165
-0.17804356126719678
-0.18268754487350575
-0.1865756117105353
-0.16483007963892204
-0.18902212865825416
-0.19504047423580345
-0.1718097740809919
-0.18319914298739587
-0.16695889733450964
-0.20029579115712592
-0.1522130452235062
-0.14342592069178656
-0.18816080406588453
-0.15644255735409618
-0.1811632977365851
-0.1852749225565113
-0.1942486860657981
-0.19968806236773445
-0.17423469174065231
-0.18203778734718612
0.1774763945182558
0.2190024732856315
0.17134386490094944
0.17657379097250087
0.16172438391273455
0.16679893476960794
0.224445304344216
0.22492091253697827
0.19360537959743912
0.16697469222424277
0.19082414598696493
0.16000270209923773
0.16161014096889842
0.14591030449513714
0.20126684293745922
0.19722669736501408
0.1718683779116903
0.14661282341793802
0.19592530776333436
0.12574562380578738
0.1698225252342008
0.17841664747549063
0.17445013432716389
0.16884517976378155
0.200176078083665
-0.1888268935788725
-0.17729514185550338
-0.18286591088205853
-0.1968364343760418
-0.17283262347815195
-0.18039593599615728
-0.179601553676898
-0.19550655916027054
-0.23202819692635035
-0.23417575638214996
-0.1666303542622391
-0.16808398148420695
-0.19683447472073762
-0.1836264687636991
-0.20057498868697204
-0.18646469798516363
-0.16000955568481603
-0.1818979346689647
-0.18301302952848636
-0.1445546043231824
-0.13671829234451427
-0.14792556247028715
-0.15595494077923192
-0.1475142135251974
-0.14097437691518308
0.1828123388910837
0.19319128707171734
0.15018334640359354
0.18952417156582252
0.17675386789117417
0.20439800879287884
0.1791893277103743
0.19213431355747923
0.18058720937939343
0.17449464912894364
0.19150058668084532
0.14955553177733089
0.20631637186133078
0.2086750365629748
0.17950284636718983
0.16170036365757853
0.21614285789221344
0.1762480086369833
0.17455872174378353
0.16532136386805568
0.19741416827711492
0.15728207555729626
0.19494277123706724
0.20151491785876466
0.20620700526368982
-0.1856328110387684
-0.18287515995369516
-0.16937817636578464
-0.16618644388234896
-0.20978250434138718
-0.18917385348131746
-0.2064647829403119
-0.15572068774557696
-0.20475910664240055
-0.18225916679457707
-0.20486053103925733
-0.13555146636931176
-0.16057371577973667
-0.2029587758011105
-0.16069477684441502
-0.18377780988387798
-0.15991503961578035
-0.1897431105731921
-0.18626018592811142
-0.18643614754604462
-0.1933459049599439
-0.21300908072668315
-0.17166042918388227
-0.1456821523169206
-0.1866505679080484
0.1534311153686102
0.19198297502269585
0.22380136116256394
0.20237945604313107
0.1845984630073917
0.2110420370729151
0.17235916824837566
0.19340759971166022
0.18803563946882723
0.17070014862457591
0.17171748310025975
0.14289303459375982
0.1955664878365884
0.18159890000578474
0.1612717407165985
0.19526786556776596
0.218311768733571
0.19144110559150454
