-0.8207763036364668
-0.01755822682990104
-0.31618564670265237
-0.058654433889364296
-0.6429353127187685
-0.6767905367096124
-0.033991186993966936
-0.8104788197797061
-0.7781877965925253
-0.8515987812381303
-0.3856263081783645
-0.5892442091225613
-0.7380536534984281
-0.7461308451033138
-0.23785299296398618
-0.7944645953196845
-0.2495301484900706
-0.07789666353940683
-0.2629277681452612
-0.2596816885605412
-0.47355697644282546
-0.03962410576198624
-0.8411165306398514
-0.10955227085633389
-0.37582233950241944
-0.5375647977632798
-0.7218961748895709
-0.09420190086218826
-0.3965349200540331
-0.29747619535627634
-0.8540473031013776
-0.10659118065495411
-0.694786876972614
-0.2310029616585981
-0.922009750654109
-0.45925669532396174
-0.17849683013520376
-0.7740875905743911
-0.03855633014564969
-0.8623156668827777
-0.10510153941922168
-0.03206763120077455
-0.20183126188302802
-0.07331872214607175
-0.8900664381351993
-0.1439759511882334
-0.5397009995046206
-0.44766450492254306
-0.09550808388352047
-0.22915956940850138
-0.31587620273516404
-0.1833438685205322
-0.4017311349903111
-0.34077337056444534
-0.21534062791842462
-0.7612860334431912
-0.3702878010964495
-0.6268291622644614
-0.37870090559283887
-0.624536346081149
-0.8187067818574265
-0.6195468418054125
-0.48237111117557585
-0.860365764627222
-0.4120870454621598
-0.6691089124316245
-0.5629054164741869
-0.2439845622286518
-0.034924806013183034
-0.7991305873580863
-0.3224120198563679
-0.6925545496120277
-0.5285364943825988
-0.7304752439193307
-0.7584270018081493
-0.22969064509978204
-0.2876191194902772
-0.21987526501457033
-0.5209441149980533
-0.6875375227269599
-0.15368339121309454
-0.01581495753043341
-0.04137608582165132
-0.0721592056286735
-0.38381183275559827
-0.3172897532736219
-0.2303758837497685
-0.6779442550415138
-0.11222487130173088
-0.4576350577932034
-0.2923959485247328
-0.8062035413196988
-0.8362109908064206
-0.20447679545903014
-0.4059062147679065
-0.8195966183619922
-0.4278665502170127
-0.48070478157792335
-0.07527838691922116
-0.7640948578713683
-0.02138942178549478
-0.6422604535163072
-0.0016302485191243606
-0.7579868817297881
-0.4547272263519576
-0.5853151741681994
-0.3322428146002123
-0.35049043763415305
-0.5039121108943544
-0.45302211135716897
-0.4394943665866097
-0.7178061359437723
-0.640007716371667
-0.8306110312551215
-0.5660246133822818
-0.5639707348812528
-0.6973782091850436
-0.5384612010221339
-0.45597635799115566
-0.794341640488817
-0.10276143655672428
-0.6168356004121666
-0.22855408181778405
-0.7266507285727913
-0.5629599287883079
-0.6554923034594674
-0.17395857004010923
-0.5194637013856498
-0.16553151527145155
-0.4451925312833878
-0.7163522124813725
-0.48247123264787023
-0.7643142822986511
-0.32549443186197247
-0.17272627976417734
-0.36296989524489043
-0.42293728629469785
-0.4154603091444057
-0.6661253760538471
-0.8053798897956942
-0.02323761620160695
-0.5262552803995568
-0.8378418315770487
-0.5671576904570733
-0.31522319453026565
-0.0037312830427558633
-0.08220975635104774
-0.46228894398331527
-0.5097369551762929
-0.09992637582751451
-0.30902020358875265
-0.7665654998033583
-0.750221512303731
-0.02114096096216004
-0.23702693280209636
-0.7805397713668438
-0.03938605834536201
-0.6506196209254635
-0.5508147660928823
-0.3764503481353284
-0.2729610512184536
-0.0058465245370744046
-0.14785696765657258
-0.4862405217587393
-0.2009112000292483
-0.5656168473275042
-0.2853305244880672
-0.26190531646988513
-0.47232223751041097
-0.5125172928415827
-0.31147994892439157
-0.6295489065833536
-0.21012412953480117
-0.6271045362976355
-0.8629707279075216
-0.04159753669725709
-0.23431220518024637
-0.8332008076667944
-0.3869617802672456
-0.7883095503019201
-0.484574468757181
-0.5935538011241869
-0.4498668874339585
-0.2638762735953142
-0.8448835902686685
-0.772963508571689
-0.7791702062822616
-0.2748621631715975
-0.17044570979308352
-0.13298017196947412
-0.4839915090207226
-0.5290688312866684
-0.25600485499943015
-0.26946758443775376
-0.1364365304606327
-0.19081171486087672
-0.5215834890786966
-0.09069761791462941
-0.3035081862828848
-0.2614962542020718
-0.3876850189545137
-0.19811155784989878
-0.3133604494333163
-0.38492252194652543
-0.5779152619610572
-0.4117244591563309
-0.7623438298163903
-0.12015611346065246
-0.5480071749006019
-0.5070149842537874
-0.46214594767783046
-0.6416676851560967
-0.49495101289410776
-0.15968150825925978
-0.264908625223841
-0.4524578272846405
-0.6728887101096379
-0.6121775654043539
-0.469740664988098
-0.592738561163661
-0.47813140466928006
-0.45584836783869687
-0.8587415876770108
-0.5185768758388525
-0.10883314049342471
-0.49743395184605493
-0.35487819347878913
-0.722579402813554
-0.47217173670818613
-0.5198280716964494
-0.20455326622021916
-0.11473538824812124
-0.29804671321374604
-0.8721835468095481
-0.6518389395227482
-0.06397146823382685
-0.02464209169565472
-0.8727186594283344
-0.8294411753748004
-0.5053761201554485
-0.11635599502465963
-0.6904474731744046
-0.8567247371427331
-0.3054275873255491
-0.6866454037799042
-0.04556618923748024
-0.3984578194103594
-0.511937115049268
-0.4399477917774911
-0.4320151743716034
-0.08610385705933482
-0.752196487278619
-0.6971316384334204
-0.865730310731641
-0.3087157993094815
-0.5120792020717694
