-0.19026630673361533
-0.20408326393149442
-0.1962161698908927
-0.23193510095845984
-0.18492699437282806
-0.17798567802055976
-0.22926005208466918
-0.1940600776792786
-0.19857776565043692
-0.18364536661317488
-0.15798737508914107
-0.1939149454154459
-0.21622955044193587
0.18985494699539454
0.1728239013346216
0.23620546165347933
0.18019231161375304
0.19774457355278469
0.17392231234096703
0.19589489116253406
0.1763294024334152
0.1779768745322753
0.1704839642277617
0.21502433054746695
0.2060658109554998
0.21466125014497273
0.21525505431258304
0.2303858501807907
0.17420963982282056
0.168346336547838
0.18807057848112604
0.174202551316632
0.181516195959503
0.22403351823179266
0.20160667923533337
0.20649265209658338
0.2100706125656983
0.19987069255295317
0.1916055549957484
0.200494470991622
0.17253475602432158
0.20546387584999679
0.18925253796181427
0.22120305698115592
0.20702490702286475
0.20945142361269847
0.18494089220556595
-0.19325741466180532
-0.16563193476919233
-0.20022693495135777
-0.17182084662246944
-0.176882565143672
-0.1944955595937302
-0.1780208491986934
-0.19322426420610284
-0.1913729286811336
-0.19149207819922565
-0.14617696501719318
-0.18030895879892253
-0.15211537313326431
-0.1867185192341961
-0.1971158827137625
-0.2003583748180575
-0.21416496571088336
-0.21467795843148674
-0.18525375996216709
-0.21958962192041423
-0.20075297418957858
-0.21930247046223988
-0.17732600707980797
-0.18798286897822933
-0.2404746627516744
-0.21013588464540603
-0.19495410330127091
-0.20446125856393002
-0.19772907222056071
-0.22632995208906173
-0.18731028645480058
-0.19485993088721418
-0.20750978706913117
0.20430194104993013
0.2056320497760536
0.19280261732801557
0.18149244807161952
0.1915816407395817
0.1689519110994239
0.17261795263732402
0.1874108810080897
0.17165703457508225
0.2398317861168891
0.20466447613856653
0.20584191669375074
0.2235910416928475
0.19885745928862303
0.2301997955632459
0.18865456314446027
0.1955959747019972
0.15802335328778083
0.19410087508901466
0.22313570192775165
0.1949522770559073
0.1801632196285124
0.2010580903125232
0.16656931123457816
0.2121181585220855
0.19874507799880456
0.21234810135233445
0.19402872016619466
0.20211863222157986
0.2107631704479272
0.15959630976379063
0.1855973624150638
0.2009613873837699
0.1827645266850848
-0.1811995480099426
-0.24430781285688907
-0.18980231957495572
-0.18919507409075895
-0.16087992730673026
-0.25799752036392054
-0.2056691516873608
-0.20459966096943843
-0.17789274125423485
-0.1543888688827349
-0.17671370504197076
-0.2020694038135287
-0.21764686482933787
-0.18510751207055756
-0.19379312036040658
-0.15116090995219933
-0.22274325650569549
-0.18572746638212745
-0.21510229554138352
-0.20169084521448272
-0.19402892190244533
-0.20488145214022446
-0.18557477305542147
-0.19216689128806255
-0.1992582039541657
-0.18894601750075513
-0.17202641618671727
-0.14417156406640125
-0.21241798018344055
-0.19383892601789995
-0.19439516717661617
-0.17985428086574218
-0.22809514271226
0.17395666561846557
0.21522158458044477
0.21531568349412505
0.21696089555938933
0.17544893593310718
0.21371617394098494
0.2092336094074726
0.23554552661061198
0.1720269464100007
0.19783013842871336
0.1773072182452323
0.17686287191440392
0.21241709079515567
0.21175313533618859
0.19204809404807918
0.21065378147525718
0.1813578489767816
0.18889734009089224
0.19829275584460063
0.22624130826132713
0.15883130743640733
0.15164250642391072
0.20947745530478679
0.18579844072836008
0.2283742147660335
0.18517454773138856
0.1702157485715744
0.21550488445982563
0.21401133050114066
0.20211571645367787
0.18561511635102074
0.21009287781866184
0.25531936412230666
-0.2043911835075026
-0.17975889721129032
-0.18512087422599613
-0.22285298577515697
-0.18728896861147085
-0.18276391259103683
-0.18480100847648956
-0.19965882731051574
-0.1920392694635445
-0.2097279107621411
-0.22066801036994788
-0.20025913265510903
-0.192024029542126
-0.20084245379664803
-0.18545611631670592
-0.20317698123726585
-0.24276947698714896
-0.19928207703034415
-0.20066552546563182
-0.23017045581606388
-0.18963601101626318
-0.2032292157015617
-0.22585114159420805
-0.2038249391538782
-0.2012444175588853
-0.20351154015295936
-0.17525437994056015
-0.20543821532729453
-0.2080644817614982
-0.20082247273818812
-0.18525812440808553
-0.17876286025164181
-0.22688267933008613
-0.19064155231623647
0.14141009956942072
0.21514737881914742
0.20351049326466367
0.19825588886584763
0.17368608521187331
0.21298335693299386
0.18116823513718183
0.18726032841867377
0.21279450377430653
0.189417551440572
0.20618852846303437
0.19405384491739086
0.2103340777404018
0.1862202978320099
0.18926766939520873
0.1818727832530348
0.21701723498892486
0.20749852942286814
0.18473183299414744
0.20074295018219032
0.1954451116241466
0.19631910852475126
0.19197582818395195
0.2254887935868648
0.18227392773468676
0.16434890128477922
0.1972323590140311
0.21914795999256362
0.18316561891225444
0.1724659253434538
0.1849139886860545
0.18261655646021496
0.25834667493630536
-0.20427180951758087
-0.20612419991494174
-0.20125573290423643
-0.215770404511148
-0.227900466705517
-0.1748923287589747
-0.20330980363537898
-0.22359981311339544
-0.21050007645770905
