-0.23096869229543596
-0.23277422124458932
-0.18771453803983174
-0.21662553880041488
-0.1801715814494305
-0.15410851646973303
-0.1087136929903432
-0.1191179561996284
-0.09470359264548354
-0.07159414371752823
-0.049043428533261886
-0.04714170818599038
-0.031113706094772174
-0.04259237646924028
0.017472314489471143
0.06479315733788679
0.009788376491770771
0.10987149282330744
0.10577225974014912
0.12227450651359098
0.16900495519404493
0.15732884252185897
0.1711275692459478
0.17481644948568753
0.2288320495634579
0.2566836219801817
0.21738231299896996
0.20558429929352395
0.20293972903189444
0.1505885897142337
0.15893446088333998
0.14952251236315856
0.13313601783577253
0.1388669331980799
0.07536973437739981
0.03593851155909981
0.005679349541232365
0.05728119167671297
-0.0018940342233805573
-0.030592599509709544
-0.07746471996441018
-0.07332705364218375
-0.10095000053082129
-0.07275757673545605
-0.12463175862520387
-0.10688613233562204
-0.17374752532075644
-0.18070494863608746
-0.19798822403272437
-0.18268635248384407
-0.2513553053413673
-0.20816675552548644
-0.21046719775936293
-0.20456719300675263
-0.18985314428285743
-0.15743210015242062
-0.1716452763747019
-0.1040982941112687
-0.10494133184492321
-0.083690792203558
-0.06909954909974066
-0.03184261183424772
-0.03844947068737295
0.02754227563605346
0.010092457981950628
0.037438457604651934
0.06744394510346614
0.05048773100859913
0.048806576923913804
0.09464491006069102
0.13776034463878611
0.1766620220490255
0.14073381655402978
0.21531384580127808
0.18368953315716
0.2521731271901306
0.21236875146146328
0.22071808664678938
0.23728761110372829
0.15897894940046559
0.16977579672351917
0.17136497604931314
0.12162790158046412
0.10465225139734828
0.06754200914219953
0.04585019839861168
0.0480650518247786
0.029408130665761194
0.0032292449880935684
-0.04639435272324904
-0.02414830328849402
-0.03895157572639654
-0.0998570738038633
-0.107879576970188
-0.129377849803264
-0.11609255136668035
-0.16411628124849667
-0.15946023145556953
-0.19250693005302746
-0.19360749239376665
-0.1901738242461313
-0.25780043973996014
-0.24451531574921026
-0.19571644567162033
-0.18391435939740094
-0.16988579784625504
-0.14147118597659517
-0.10549409886962718
-0.06365069713522764
-0.06897368233495747
-0.044083500476769066
-0.06682029037274938
-0.02043177313358764
-0.013154359227702351
-0.01636357957746764
0.03008628206546477
0.04015429158287247
0.09786408436441218
0.07447193748974773
0.11511153818830575
0.11832456805037253
0.12100932001152606
0.17064455904055117
0.18829478095340052
0.20087628046716088
0.2178176078942273
0.2484238107114021
0.2349707575875017
0.15514665221280038
0.18980107928596252
0.162657684974747
0.08799288551572787
0.13091929187198048
0.12862421619406111
0.09256082887916535
0.08169506840687883
0.07152921999686672
0.013715679582754452
-0.013200080962496665
0.016289255594939656
-0.022167800531774393
-0.03659996517737313
-0.07512628259130064
-0.07003566941028268
-0.08735893093036812
-0.1504470510183042
-0.1760178741512134
-0.1747787121363577
-0.1988134784528198
-0.1905796801267265
-0.22787154417527883
-0.24905993704515544
-0.22577472333230597
-0.1639621345703118
-0.1891238184279856
-0.1560572576575493
-0.1447356265570151
-0.12233926863053067
-0.09426009096890968
-0.08552652067815882
-0.0988003747662673
-0.03685427051345092
-0.008546971546664922
0.02290268016143187
0.0010251349883393067
0.03105847325921138
0.05385093467101226
0.07932633108838098
0.08241531862688407
0.10116949737767907
0.10970647843775148
0.16031927618164335
0.11836312141495642
0.169525017633147
0.23140120930893682
0.20560496594752678
0.251089315714881
0.24046883355289067
0.19565843631993368
0.18059345416868483
0.14111895769267177
0.09788250503150556
0.11250985651900935
0.10336239267950048
0.07094715441507361
0.06349350769685985
0.052080834570938005
0.024270092343923837
0.018858808211680345
-0.026594878187140753
-0.04194971743154292
-0.04883527116133943
-0.06695599912235004
-0.08333901228046788
-0.06772009140362392
-0.1145230217100703
-0.17617564195899718
-0.15563028948291285
-0.20466264374554768
-0.20177278881889227
-0.22663020572193485
-0.21684673304754654
-0.22571424365795603
-0.20928295201871908
-0.15854357431817115
-0.16116083311735294
-0.11851506880283227
-0.1414492030831123
-0.08872627400775336
-0.07804191229324682
-0.060062401418337394
-0.05270568613946458
-0.027737023815147897
-0.015854092394961227
0.017801139598887815
0.03673076111828217
0.03744772408522063
0.0870207576345096
0.0601066016833855
0.12436607950819491
0.12390139010929384
0.1761155395269304
0.1691664155993465
0.1879074153423386
0.2010559355770037
0.24098629907668878
0.22454968050896296
0.23229703791329998
0.20286522772342241
0.1887193316600456
0.17245762130686726
0.16781994801470512
0.10730306055952477
0.11973424290298194
0.08749482572154635
0.03321780787852462
0.04373451930921584
0.0379229029541479
-0.004453290988091401
0.018775674231344987
-0.041131886991047584
-0.029718602469146024
-0.035440992566909135
-0.07758670261199495
-0.11718817436929797
-0.09284652769665594
-0.11769891651781604
-0.20498065576798366
-0.19491862095684237
-0.19599767615139554
-0.21411522069376515
-0.24224361502232497
-0.21966078628867128
-0.19225188114310715
-0.20414973774979936
-0.1556782047199627
