0.08948221535099947
0.23994957797677127
0.38121452753108065
0.520315551625345
0.6469432519805243
0.7792312935025438
0.7425900536472142
0.6458100857998202
0.5129513809278385
0.346930624612823
0.2286456471508664
0.1081421191319027
-0.02456317466625262
-0.173880777782296
-0.31493460235889353
-0.47642127567156667
-0.6021378121300069
-0.7142172008309835
-0.8534688205451338
-0.6979258998092515
-0.552051127244775
-0.39817313124369114
-0.3143803582263817
-0.1842050208471584
-0.02167324064100022
0.1032403563081216
0.2382372947423715
0.3562569929644542
0.5469658188149156
0.6219865068231443
0.7522228212067621
0.7372947987604308
0.6611521229970231
0.5234963035393008
0.3383085765997334
0.223518938573948
0.09366108798857917
-0.025038049572050296
-0.16018136366204172
-0.28581840624625676
-0.4581077482377426
-0.579440079373056
-0.7056014295598386
-0.8791342588078879
-0.6817781828610371
-0.5383128885286114
-0.42546760856759436
-0.3138784450820914
-0.16143340898528746
-0.028160854096139547
0.043578792678755564
0.2150596600651854
0.34874703404027246
0.4889857998487395
0.6404498195110437
0.7537134001762875
0.7695840201213828
0.6348590548332153
0.4912144405769541
0.3516677108816147
0.2355394027526127
0.05329973232687061
-0.009894471885552463
-0.16189188302722032
-0.31618456051457944
-0.4801395870057613
-0.5860488292587976
-0.70976087299791
-0.8446352318703013
-0.7131502628918216
-0.5378432867237812
-0.41247235915709285
-0.31595200304196286
-0.20780384297365662
-0.035404727217907286
0.12348399800297552
0.25102999298322304
0.330933909491301
0.5169488415988971
0.6191826734844748
0.7655438287265082
0.8228214070436081
0.5743236500605358
0.5129756751645869
0.3923228048908449
0.2807586314023007
0.08886014689041652
-0.015494122980427748
-0.11445016184498466
-0.2608418118936614
-0.4012726171763746
-0.5531094510749729
-0.6554907660579076
-0.8052766303029133
-0.7542477571276537
-0.5558024867303858
-0.4673286848011606
-0.3255732204552379
-0.16156792418250196
-0.016081230370117633
0.07393764758961184
0.2199545293711582
0.3193854945709411
0.466979612900348
0.6121132700501508
0.7363465925015023
0.7854606585604177
0.6542477977750074
0.5489453289979508
0.4032236030536705
0.2434463202396809
0.1311696797523362
-0.004624302851182451
-0.1409970360750449
-0.26956536746218496
-0.41023032813842164
-0.5606102008664654
-0.6529366320407727
-0.8218510978257872
-0.7171082530327177
-0.6258883246187085
-0.4728026189149313
-0.323202506236556
-0.19694112060152
-0.04640963756657354
0.038540487935749504
0.2519255920483413
0.30246115148802555
0.5013623148940989
0.6275047203471493
0.7325835234297913
0.8043380497116268
0.6531905677405028
0.5173568348921456
0.4108853442107484
0.24820407409153997
0.1377738244908697
0.02363280603808815
-0.12561345839914465
-0.24984946889869636
-0.40332663152515547
-0.547347914534896
-0.6808851731739176
-0.8391199304588999
-0.701771829177572
-0.6077223183116398
-0.5119845119451313
-0.34636307966464064
-0.1973862004745258
-0.07996432711198295
0.0788346825985265
0.19581603936539088
0.333910201392553
0.4738511435251777
0.6056262257441837
0.7197750178430982
0.8175069422910404
0.6688784799904726
0.5481880067495044
0.3794065234198986
0.286335505505194
0.12817095836076506
-0.008715896586459403
-0.17059059455789446
-0.2735071852824881
-0.4105733577931951
-0.5489821302074385
-0.6354490201571973
-0.7765221137271613
-0.7442594604826075
-0.5868296247886486
-0.43849587261905776
-0.3391278839623076
-0.21089433491373646
-0.05238747292536859
0.050097534765923914
0.1893525629147155
0.36642776278807826
0.4667734674218301
0.6095113257229401
0.6984207849154525
0.8253344419260279
0.691201011575529
0.5553741008033639
0.4350305965506761
0.24475633369948224
0.10576561703724846
0.011149991704520704
-0.13409532587237774
-0.2582827260720511
-0.3419717856966995
-0.547271314765178
-0.6529656351780357
-0.8007243355977165
-0.7848809501037901
-0.5822888784366957
-0.4947218917923377
-0.317776848446465
-0.2278846025170443
-0.06513862758380232
0.05876672738582901
0.20440710197292644
0.3042941504043655
0.4956474584049211
0.5709157408508705
0.7290033285329409
0.82863012309227
0.6836087064108414
0.5347724744624239
0.415324427546877
0.2932560660842127
0.1363570414950051
-0.006255181895145751
-0.10889314591525123
-0.27255888132999084
-0.38655685231507675
-0.5236726652471821
-0.6619359932631426
-0.7514701569615763
-0.7334001198445829
-0.6534634543767242
-0.4996289825935556
-0.3477525681291263
-0.22273948027472018
-0.08025867576249895
0.02388513332005732
0.1848237544979801
0.2940955052079806
0.4328320253704582
0.5746958092341184
0.7213545109135306
0.8120064810176056
0.6910314725542307
0.5468018161328186
0.3953813734895505
0.24605596249472286
0.1475647151080502
-0.006955834341326114
-0.10664982899208954
-0.2574996247268347
-0.37532706975004587
-0.5104620947618511
-0.632640695996659
-0.787340599136439
-0.7545440867513047
-0.5989103892901544
-0.4725004418148735
-0.3983875770739346
-0.23689541379791734
-0.11572787721742904
0.05166085479270674
0.20033181615194307
0.2956455235175326
0.42811057473444314
0.5839451200778921
0.6778931963186466
