0.483302834343788
0.738576802908207
0.47045181703618355
0.15937033402551026
0.06685570512918929
0.657795170076938
0.1010440322571749
0.18329205167598905
0.07401366393007636
0.7904300111200907
0.5570280004224873
0.7140969522875671
0.09890316634439733
0.24592873291287548
0.26224969666011755
0.6239234710455809
0.10547169684431922
0.14066243268342854
0.10875237836223309
0.5078181226743783
0.18111758356437588
0.07011710780114461
-0.00013035141162217982
0.35155034957197234
0.12790891272147456
0.5290736983777533
0.04573212892792412
0.15300822049159624
0.045997758584968386
0.4240626112794313
0.32085920449452654
0.25549233457096376
0.44887807513357936
0.09069471951380229
0.047880284574024656
0.32703376298198056
0.14721210464547752
0.028259127190920864
0.5756740404952441
0.6369208041737581
0.14505931316517504
0.5239819336380629
0.6211042558464219
0.20008625987471407
0.07186128423770376
0.6156359907787302
0.6542719809970259
0.3279659718979491
0.4621696844857709
0.6280537269766487
0.42645149207639677
0.6469162896838789
0.25095124188018647
0.6074672601106813
0.4931797350411796
0.7237428651947964
0.7760207542858714
0.500886183044345
0.494345668502201
0.25063524283178235
0.28902802580321274
0.22548879915293896
0.17060346288805933
0.14386412260470607
0.06670714474753811
0.02175153757657069
0.39825702272834873
0.7511954818713652
0.5622593004220111
0.166083655131845
0.1164900936134298
0.6983311769007456
0.7466272234739764
0.06731573661214889
0.02719838824355251
0.5579758049341373
0.26204394457838476
0.7879640685209446
0.621314593662198
0.17359255076000896
0.19571365948962474
0.6150746670275403
0.2738260126937808
0.014514541028518013
0.7549009769075774
0.47266391611770153
0.5212938167968095
0.12355424277041799
0.7068344248861533
0.13640034208406265
0.6641733701539416
0.0326609365330098
0.3395994600732528
0.6351499604055628
0.4115432371086655
0.6952512042235168
0.45839662064211045
0.04336779566876725
0.4105271962923482
0.1252201545445401
0.0995712486120558
0.20499124831657609
0.6391362838552825
0.489276171334563
0.5904550024572657
0.4992519135912905
0.35884133090791714
0.6731030105276109
-0.0203625351577219
0.402921854259153
0.5507634517043478
0.761921495575748
0.036513075760155264
0.3137355666285879
0.5677515932400404
0.19565133449622502
0.43280800498366634
0.7386625255955372
0.11703343407129785
0.380622057559002
0.7509716693960595
0.07629911196280406
0.0799698665883188
0.11701543707898869
0.21193329057747798
0.7742173643724203
0.04533159255452188
0.20423768219905034
0.4372291100739784
0.0729334551221014
0.08997401731939016
0.11290704870017335
0.1561294482373009
0.5406821013627111
0.39857287631720456
0.4389811810762926
0.5104407973222125
0.02356254373262879
0.38216535963729503
0.34969625265231485
0.33468724415825857
0.3730219571483718
0.40619709006738747
0.09471872013047776
0.08779279018043894
0.45234690031477204
0.6991246187257446
0.7764309098963242
0.24397440324284525
0.5740278987833825
0.22048258780152244
0.32424050573080104
0.07471225545084396
0.6520170972891722
0.680927068773452
0.17056716061697888
0.6104858320636611
0.1578597356840885
0.46584092233966595
0.5350638713505973
0.3391447324421851
0.30773119342268823
0.39882776226864713
0.7026000853304134
0.46938344801659615
0.5350454888109069
0.4912234710099877
0.09780152964281573
0.290126026754596
0.450630739916801
0.2948319151745103
0.47434716241888614
0.3017236474074248
0.012168630984855872
0.5454003332231119
0.12507704703651018
0.08935743507281262
0.46226611313105814
0.21132449025283825
0.5563914745639089
0.22041221903893685
0.011538107688378669
0.35328452604322125
0.022609921250954554
0.4066535624876693
0.43093957060250515
0.5817513715641479
0.5069198292307521
0.07134456950606385
0.4163854506866536
0.2875823935851267
0.5769555360424363
0.32498797917094113
0.644496878818726
0.529885601060801
0.1488788553237626
0.16982989918984556
0.0444970255068771
0.2422347099365984
0.28275873648464567
0.25571377272731777
0.45089006519362657
0.6030911858839356
0.5642574214249897
0.48919331793788046
0.6075558637390783
0.7638978569039456
0.06346733332028073
0.17195933563821533
0.39045438682216727
0.24415642492387837
0.787400976313436
0.6069098728857513
0.3586266389805365
0.6076126798322615
0.36932274129085263
0.4559471513115101
0.18380871607965332
0.21528714673023897
0.14236607455453834
0.6233053305449381
0.17084061703467757
0.7442501671060722
0.36155626918091577
0.4029810324592098
0.647211504504309
0.37873735916365325
0.12617563025795703
0.3542112660887143
0.35215451201871084
0.4003734356475265
0.051131940906714995
0.1225813125739944
0.12258210219782494
0.0021172647011007666
0.7845714879975948
0.4844945805839983
0.016240659101445464
0.4796318711137584
0.09032372892945309
0.0025701561094755507
0.46453495396524025
0.7513895851412582
0.3767491750594099
-0.01623071164993048
0.2717731954295194
0.44165111284140685
0.1042177954593954
0.2126539909327156
0.07835315949886223
0.22200181917528058
0.3074217555278657
0.5555642885364301
0.03464850788562668
0.6124486214948275
0.04907840471841374
