-0.10255744067914076
-0.08473768859995673
-0.05859576366640158
-0.07278206686375797
-0.08757525047619096
-0.05302856133578532
-0.0597715466993295
-0.06142291226549462
-0.04516033969277058
-0.040832930790335835
-0.019523103804895615
-0.05130446229524045
-0.007605707453360074
-0.05050536714487654
-0.03413271557973899
0.026240734499065374
-0.015628456400966613
0.025252174707822782
0.018906608440282247
0.006294140352961532
0.06519113786881965
0.04719538477276817
0.05916064083035129
0.08426354410338471
0.05420444889782603
0.06594784979479361
0.10742349712080138
0.11833608409836772
0.0863944579485785
0.0902326067256543
0.04852980843245712
0.04437392974557027
0.07818873849739669
0.05288812173502781
0.025358836422825767
0.03103065917698683
0.04974250950055464
0.032584683234310775
-0.008197560318859633
0.050492237518835976
0.0010269733084642555
-0.0024102424344027585
-0.01995503058694705
-0.007198943350690226
-0.0032308240907775905
-0.06374056050914856
-0.05563110542899808
-0.033345517894377785
-0.08145696182698844
-0.07984096803184788
-0.05909529469518452
-0.1004998178968794
-0.07968110505699622
-0.08012507349820051
-0.0859458580184331
-0.046485222609659725
-0.02631388458152231
-0.053629388978664615
-0.04298268244897945
-0.06834349559358238
-0.038807564058322634
-0.0024037355235715895
-0.014176728468576134
-0.016053957765681484
0.041857260935395296
-0.01248677740034792
0.004676767339775191
0.049797986481053255
0.008051289779678051
0.02703891805146072
0.08080912079235755
0.04647358906508819
0.06631411493456388
0.06998053349917455
0.07169773792165551
0.05607415500972351
0.0829377196378595
0.043824433177082345
0.09815285819520363
0.0863605745915223
0.0850391904419761
0.041001560692008616
0.05902529614383236
0.03460912382707011
0.05869136487238852
0.040507417055241045
0.053351694973734286
0.004233865444459821
0.01149918735097993
0.010941044849483342
0.03516868477432825
-0.017230770449195208
-0.04291234097150143
-0.04420195525623605
-0.025894400448508673
-0.05576731856684547
-0.020211687090075536
-0.06488757643041283
-0.04879030998158869
-0.0823336684246157
-0.07308201527401141
-0.05506683537596961
-0.09860103908786247
-0.0679837392284813
-0.05259073282983165
-0.10373581297013748
-0.08233223222338852
-0.06631487490097616
-0.030669518594821935
-0.05449680575154996
-0.06204963455349122
-0.027141257832839393
0.0006377373075035532
-0.02265006468431916
-0.010062907633490702
0.004896625238046798
0.017505594241333855
0.003588226807395529
0.0611796730057874
0.047028543254744655
0.005412661012028603
0.06909740781106717
0.05703638798183333
0.0706958826603045
0.03830497404821207
0.09072686029591122
0.0742363606447613
0.11684348660038264
0.08864220636597925
0.06943332743293494
0.0529143657547968
0.07721093274842532
0.050362493757976766
0.04299924110301243
0.07327138403259144
-0.006524491233595792
0.042765283093752854
0.02493223122153001
0.023705422126813053
-0.004232700947067519
0.005350045425730563
-0.038901284121458296
-0.0069446175310104215
-0.04525872452122155
-0.021687512177380602
0.0066946602437518155
-0.04800142533211377
0.004123634103242908
-0.04608755592385401
-0.0528506078047695
-0.07585395674419124
-0.09347339679417728
-0.07107558251894384
-0.05075078256787109
-0.04838345703197154
-0.1162019448106495
-0.02838781414344365
-0.07528170417891458
-0.043875496461234065
-0.04137037287378741
-0.04678146506938667
-0.027845854337643295
-0.02452964133434519
0.025186326090236973
0.00920428073418212
-0.01730760113262707
0.008732589654240588
0.026041180383953876
0.01163163713259866
0.0069005809784939
0.01550843156103774
0.03293951240401331
0.02505556402189647
0.03671811070956983
0.06155799566627491
0.06556636384319485
0.07808749125525404
0.07143498911243487
0.10480013206475905
0.09452364652733193
0.04978040662016577
0.021143800297436205
0.027981441432722867
0.048777654645733796
0.013484337906873464
0.032513599459749104
-0.0007922550882786053
-0.007309887581298434
0.014413734605292782
0.020688454100072782
-0.03813042282311084
-0.019929456350098622
-0.0009746327016263781
-0.02284698205328851
-0.008990255124997147
-0.06864373108003609
-0.07231633666281895
-0.025899926277821818
-0.09320130477632663
-0.03903366405879306
-0.07889745189249128
-0.060051594700912966
-0.0780899539566328
-0.09333402990022838
-0.0631126622821012
-0.0643327611146016
-0.04991210489535643
-0.06681819783169168
-0.04439443145738288
-0.02778602414316476
-0.043620718189118585
-0.03884368639579943
-0.020142177955068927
0.02055073699601888
-0.007326322855593216
-0.013820098582514987
0.004688522424816117
0.0038650178924375233
0.02535715884781054
0.027898266720917612
0.08048734257443302
0.03598879492189164
0.06763770024179494
0.03877329363988413
0.03787717868875376
0.08741899390854888
0.06827465892976975
0.1020112913319558
0.052269574789372955
0.08133774048012331
0.04836635716675859
0.06466587708903726
0.009056953593505654
0.029214987495851167
0.05703313087138015
0.041824248047660606
0.0019340220502709234
-0.005644046238219118
0.038978479040521895
0.01108573372590095
0.02032625788993082
-0.006037241117911124
-0.061214031083039584
-0.04382313860181791
-0.09816665961803553
-0.015072090568243272
-0.058481381682958924
-0.017860284715872494
-0.01782719629163261
-0.03931536263160734
-0.0716965769821902
-0.11777142759946352
-0.05819701631653898
-0.08854161584962736
-0.030115830774752807
-0.10083516505096894
