-0.020775205747533113
-0.029065928797985356
0.0004128772269756595
-0.03807340790047306
-0.06561352870868423
-0.06676248178671403
-0.07922736370555927
-0.10432604038825288
-0.07586719702409993
-0.16808849451894756
-0.12891758349104235
-0.17848240326810305
-0.1672037331475651
-0.1941337225151607
-0.218781324797909
-0.18258878874376455
-0.2123267131718709
-0.2013929025814178
-0.1826472463047408
-0.2344985426013073
-0.21699232901001483
-0.2524728380927283
-0.25512757614654685
-0.25821927443594683
-0.2893342673712751
-0.22042308333171975
-0.23187363065169495
-0.21142261778449903
-0.23774172044856612
-0.2049934521427244
-0.24582745766033012
-0.2240182733502427
-0.18494598472170942
-0.16980728556855204
-0.1812439409124528
-0.1709067127845075
-0.17820635039473387
-0.16709201868156412
-0.14357242104605616
-0.139675452212417
-0.129309111093835
-0.10122469738255412
-0.1250453688824348
-0.07422595926233458
-0.11439645896514619
-0.06282613869916252
-0.05941848769049296
-0.023211835867270443
-0.0161022382145571
-0.0305647889537722
0.013714189781464624
0.03180803221707748
0.038021694777691586
0.06712388787747527
0.04872827580358677
0.03956897333603083
0.06587002730778722
0.10691061468717489
0.09257335317086116
0.11180817106754862
0.15837002221523394
0.1398177297913703
0.1697863453819374
0.13858113614306794
0.14031347079569673
0.1519988310356808
0.17202991302844192
0.20659512378012648
0.23529813094724095
0.18505681822465195
0.20397280481338304
0.2529076861192345
0.2404811482993084
0.22286333378281195
0.18581099995795924
0.2608703983260349
0.26344851423465476
0.23926399099079204
0.22470990195808663
0.22425333103069395
0.20167560592781852
0.2186303933625685
0.20893538234277792
0.20945574163025726
0.195969823880745
0.18778002020874351
0.1686501512029884
0.1914132280310241
0.15604660677079757
0.12656638183939345
0.12618588528739305
0.12481125548941968
0.1374589404476516
0.11851048327479703
0.08125056026503462
0.06342646883473158
0.04008825669981429
0.062202865621101514
0.015507336500002732
0.0037610226692366116
-0.014822114940766221
-0.017154018304656966
-0.02093295866967343
-0.08670166287169179
-0.08619977879218446
-0.12183184971610952
-0.06946152018399326
-0.09584585944400534
-0.09795851120520485
-0.08493650092220409
-0.10254589296460982
-0.17900648229405808
-0.15730422457273752
-0.1384450996704909
-0.18038943190003998
-0.1727475914639389
-0.17264409256933871
-0.2072345676104194
-0.23114368488968237
-0.22737112155285008
-0.22374695425687696
-0.17960906619944222
-0.19820241557990037
-0.27682884513720485
-0.24061477189173186
-0.20662773731864284
-0.24645180742852385
-0.26643656685458006
-0.19251575022607967
-0.23797832990588116
-0.2226256439714294
-0.21064203931225514
-0.25088604501885226
-0.15607112845475515
-0.165175540422208
-0.22017736878858377
-0.14252263925005565
-0.17532337713712062
-0.179380769016461
-0.14667368724404545
-0.09980572131800744
-0.10430437644016635
-0.12207943155024917
-0.08843752304974634
-0.08358016854587343
-0.0710868746932234
-0.05013417320088054
-0.04549914738258986
-0.03857905749438086
-0.019090388874963053
-0.005745796062790753
0.0506654141036827
0.020994255470159668
0.03905417922229051
0.0464329378116139
0.07951229612950624
0.11224912845609616
0.07152854015303603
0.06140611986393921
0.1310038734107341
0.12419541385397795
0.1437285276703749
0.15017310310250012
0.15821439646454838
0.18448131474221385
0.21201884687509076
0.20618772141136832
0.16237037790002185
0.2128341344285724
0.23985076243389422
0.2169284252962283
0.24113960967222348
0.20962008774606528
0.2238317073899225
0.23152702806167488
0.2562831441316792
0.19170833497134793
0.23369469658989542
0.23061997489125619
0.21867437678832508
0.21152550890419122
0.24528237707568368
0.19930098788582157
0.19580260543238057
0.20357851423689885
0.1892386516237487
0.17725073346844022
0.18293797275891144
0.14956814271068583
0.13040016241443553
0.14081833856026432
0.12951286729105094
0.10894105174699767
0.0457501290976271
0.046145004221596606
0.09371012514593735
0.06100885530722711
0.035710333494482924
0.0452228725534964
0.022598001430086175
-0.012492476293246669
-0.017458829860992488
-0.04287718125894003
-0.0417768632437991
-0.045831435722757524
-0.09263025307904976
-0.09483801273946679
-0.0813483773069722
-0.11112191611872643
-0.14163111415433444
-0.11426643680898357
-0.11626267548110628
-0.12784682333232847
-0.15288295667919957
-0.1779036387149839
-0.19433968025777956
-0.20340799999580575
-0.22054865118988234
-0.2222028505402351
-0.2521862979178043
-0.21159401758289226
-0.2207967147269939
-0.20274423095232608
-0.23124393336523238
-0.20877447600492863
-0.2099091755365115
-0.2223835927749209
-0.2202161851347581
-0.24034668988991878
-0.21562588843159214
-0.17039517975965912
-0.21697602957612439
-0.1869934604448124
-0.19204591890003472
-0.19349233176187014
-0.1692259287369709
-0.1522025707812472
-0.15746758258211807
-0.15742398971232283
-0.12992033708932155
-0.14106272961390065
-0.12810556501054435
-0.10540152644368389
-0.14218732518262672
-0.1258658536791086
-0.08062224556397708
-0.0764440519278603
-0.05581944143093001
-0.009249265442943792
-0.02796420593179997
0.029813823158400334
0.01807117614422218
0.002672188727281557
0.06937305273262456
0.04924332423854401
0.09019580599321524
