0.17278496358347678
0.19851169713247904
0.14425575678855673
0.15644947867259973
0.22453528427680364
0.19937822309075534
0.1871850181971766
0.16704092869632212
-0.19992583782497653
-0.17532249675237033
-0.17552045647618808
-0.1577668797484939
-0.1611168993151595
-0.1446577849784901
-0.14594514073869347
-0.15375930757574605
-0.18844287114423697
-0.16071585605733454
-0.1980969172119607
-0.19161943786603933
-0.1861888953604735
-0.17359209823669666
-0.17103164762599896
-0.20504095678873946
-0.17658673821874823
-0.17780460504859807
-0.1823872902933605
-0.2028678923170914
-0.16667329641612802
-0.18800776871551658
-0.19303048331336606
-0.14118340712773703
-0.16920131135951677
0.17657482014714304
0.19065662870649688
0.19008754945969847
0.16868043343062208
0.16698505056929783
0.23398274137863873
0.1796747869292145
0.19063779632391925
0.2200187958877175
0.18551570315028848
0.16460687524564208
0.17924510243569725
0.1519315160831807
0.191400324618271
0.15806799702326568
0.20279970643074527
0.19431407549880464
0.16537050207612486
0.18768825160317676
0.21119584442102377
0.18877549665499088
0.2076073150837412
0.17956267337258044
0.1630260178261033
0.1750626981288389
-0.18630890611237594
-0.17842370419946693
-0.1627372264461328
-0.16168998544222643
-0.16703006140505386
-0.1618979979165149
-0.15883537124462088
-0.2215727660083011
-0.1931749859523281
-0.1597897679041769
-0.1813676428636683
-0.19369795585483057
-0.1875931082028178
-0.21515567785822676
-0.16145525576580066
-0.18265758090584036
-0.1746045325459194
-0.18366797958653916
-0.16526162190111437
-0.2173797844262852
-0.14864467670234704
-0.18683662246763563
-0.18126143927278804
-0.1890837072654882
-0.23013909290195472
0.158091046898702
0.199350377220999
0.19281167212303765
0.16045568564944357
0.19342699473934585
0.15857965233822197
0.20272205820810726
0.20000334695909674
0.1764048406448616
0.16189532305058202
0.18548596934376935
0.17224656493224252
0.17961645002038978
0.16056391771120254
0.14182878568603227
0.16633616715620336
0.22329203689096752
0.15844240712039406
0.1861570659268185
0.18238146856676724
0.18708660485793374
0.1879990899828755
0.1705553750519407
0.14327027764839084
0.1985070320592563
-0.20913594050478074
-0.17424431110693117
-0.14957359904947606
-0.187311178686105
-0.15482510317022674
-0.19442804889158075
-0.1728865653095551
-0.14049203659450324
-0.18667341978267307
-0.22205897585821838
-0.17750394943066186
-0.17042736664407995
-0.20066536598408133
-0.19227091943825117
-0.18996765105188052
-0.15793224487862245
-0.16131497932336739
-0.17552142904444906
-0.1839635596040379
-0.15740992418485378
-0.1594281545158375
-0.1691482899547448
-0.17214641692937474
-0.1898820603583488
-0.16736480039335708
0.20573124086273742
0.16691657557711084
0.14406902414930753
0.2145589866884624
0.15841740447822258
0.14827339405116338
0.1880482910883768
0.20606977668422996
0.15589025095524425
0.19073381818702043
0.17584148353658743
0.1691074871468519
0.15181877913838715
0.2145378701643254
0.19932761247890468
0.15688525497048403
0.18385315255361054
0.18720702786694246
0.16083123717536002
0.16151537758458828
0.17310721159777293
0.17494854552839817
0.16071538925602794
0.13781100866743842
0.14165271208164126
-0.18869575986914414
-0.2094934687292376
-0.19885833569661832
-0.1849424422710001
-0.19901579283191118
-0.19394750014994214
-0.20599304761813952
-0.16750443766203393
-0.19353296808278886
-0.18515089393436254
-0.1934195965971161
-0.17331935506128085
-0.1690626330273375
-0.18813742234209616
-0.18251091565229383
-0.15322596554985227
-0.1883318622173715
-0.1538708489996483
-0.20382639976319675
-0.18749265909961374
-0.14206388435597422
-0.19820700414330633
-0.19593389328911726
-0.20797265815977373
-0.2194498774089297
0.15738773185856395
0.14964308726597358
0.1730344897463101
0.1693077518481641
0.17671655037930672
0.21337412229060593
0.18572379597995842
0.15945454326626965
0.17831723907144242
0.18097678331859107
0.1958758128605535
0.20301552676866216
0.17856619015163702
0.20504971346758277
0.17612229113022781
0.17110126028459036
0.20880501724258846
0.16428149938263023
0.20537859766555844
0.16254011427939283
0.16731379441172817
0.20923491201189506
0.20015107314112468
0.20455222442269028
0.1944365396468327
-0.20916864171803057
-0.1949884606577035
-0.18882058818459987
-0.1896080200130117
-0.22925250660802954
-0.146895471637083
-0.203718836067066
-0.19011703997097668
-0.18594600409923517
-0.1856978149471764
-0.13676889377945653
-0.1927717253288272
-0.16937332829218674
-0.17159086664960452
-0.18189765730487267
-0.2014455442033074
-0.17909067066228798
-0.17338996640951
-0.1486541378794832
-0.19624278091820738
-0.1784392525360719
-0.16920413363943673
-0.18031367975806628
-0.19367242118724384
-0.1938931201726815
0.17912925300123683
0.18276761828797883
0.12403265517141515
0.18685772665297826
0.18350327191632707
0.201797332426325
0.1934585114111564
0.20097706799409534
0.20656834200763297
0.18080730450607196
0.1796898395459919
0.16559659732945345
0.15563999966715983
0.19604296723812634
0.1916540603300554
0.18317887310619696
0.18883552711009743
0.15545527390264094
0.21604189594707385
0.1864820079975442
0.17977782312898882
0.18064995563644032
0.18553731977472987
