0.1252876706458627
0.22080444169212426
0.23016618033686106
0.2889050482119434
0.3164021317866224
0.37880551188374095
0.4028009719141235
0.4967976896548621
0.5066548491254739
0.572611291666539
0.5249988739381808
0.5138506199676077
0.4089097063748057
0.3454239167621227
0.3368186930013845
0.30619176068845816
0.2741256026710622
0.19779291830233672
0.15107875778381824
0.09899717532534132
0.06564395318526922
0.007538046003311774
-0.009543713734866148
-0.049152741164132256
-0.08983171129204234
-0.14985644004597445
-0.20597632770652094
-0.2407953128747606
-0.2628181770448768
-0.3270704326804876
-0.3325026727254778
-0.42676392377313455
-0.46902712496228693
-0.5191032451128116
-0.5261571102347938
-0.5164785226801727
-0.4542031240597149
-0.428393936092544
-0.38072188360540715
-0.32377390752322427
-0.3006634516075008
-0.2534365012936825
-0.2116327070533892
-0.15964653074540433
-0.09088322394658455
-0.05244326833116436
-0.016390699303970357
0.006690602296985884
0.06201505724435818
0.1018760354610834
0.15578054373133654
0.21823116474627016
0.2244377879686829
0.23243823305485098
0.2973808408789192
0.3726278819423665
0.4269412220544053
0.439004581379189
0.5331690247556201
0.49130918612878505
0.4982691431799089
0.48041495493214503
0.41888528840441497
0.3742291219679509
0.33568891073840984
0.3033716804414434
0.232227197737741
0.18406466334284494
0.16653520254825932
0.13843180459100124
0.10906332071294397
0.012029704544744488
-0.007098492874611351
-0.06686818306364846
-0.08503801382651566
-0.1419419140819762
-0.1712873503263298
-0.2245256633503293
-0.22156357126569623
-0.3623354253700875
-0.33631785130773056
-0.43825092829228257
-0.4278703380910777
-0.4748624206819247
-0.5122732457890558
-0.48371324419336537
-0.4754639985195528
-0.41529050556008307
-0.4233104379096088
-0.318887402599758
-0.3333276515642625
-0.23584454001691452
-0.24512569621704935
-0.18175054881344924
-0.12386861620348885
-0.07804631419054345
-0.011618556789485313
0.014475275696443923
0.017585750425701895
0.10296511919475891
0.14497550838776097
0.15373301138305445
0.23474745653307666
0.23532257174386656
0.33402558497581664
0.38074834674467334
0.3921816017631633
0.41093256336209105
0.47992793471485345
0.5399918065114372
0.5030548047509461
0.5095589195740426
0.41214162690294504
0.35471687132542795
0.36104688474727525
0.28491645320384
0.24295262273531407
0.2057015897536961
0.17832354343688425
0.12482631595844841
0.09356108707093373
0.023195945044647708
-0.0437086487658003
-0.05654058008526631
-0.08872681071546655
-0.10193796486378563
-0.21013145989824197
-0.22729977274725388
-0.2527869871424272
-0.3280437211566205
-0.3603138796159294
-0.3822638207281008
-0.44410484889705704
-0.4730584163585085
-0.5388221401569867
-0.5221186550263641
-0.4592051473063066
-0.46110293652880746
-0.4028377251388808
-0.31878066414853
-0.30266076495467853
-0.2580238073342932
-0.20151600813338624
-0.18482997304864435
-0.1369235583840743
-0.10294055987914998
-0.04942497005109144
0.003684877659155501
0.03214387851541528
0.08108240055659337
0.14456025885912238
0.19176751466880368
0.22630324779896024
0.2670911368384349
0.3105443114813542
0.375908200121005
0.388509763845386
0.41852818328044394
0.5214808711055754
0.5365051269231187
0.5505828376364192
0.4853828099061558
0.442729642982065
0.39051616689702817
0.36614058629696594
0.29581369016941045
0.28233733361338437
0.237416626156833
0.1663714412990256
0.11537640741279512
0.05719291164776112
0.05173035316417156
0.02826185123086834
-0.08032277400752756
-0.10161630257364683
-0.15876035005281164
-0.16753619393208963
-0.24339867780166988
-0.2542743359513028
-0.30798704225028
-0.36725370861215506
-0.3901223566910098
-0.4063896829657832
-0.466594728348671
-0.5055923235900812
-0.49247288367043024
-0.46779076719751805
-0.4839481677853632
-0.4107210731856271
-0.37749692214790065
-0.2677817688179536
-0.2771543519329087
-0.2355257230298389
-0.2120628794657095
-0.12547406453344045
-0.07925709041707749
-0.01632210061623025
-0.008850953934705426
0.05897425269739256
0.11782094525513775
0.14825220537383169
0.1456553645259625
0.20157503227632922
0.24015149132739247
0.31407472856954516
0.3302629227652641
0.41063188800436146
0.448387612501312
0.48061601116992425
0.5297833892285125
0.5235974811797154
0.46121630603916347
0.43651266827872354
0.38571413407197264
0.3379373507442625
0.2910409001594813
0.2863783769873754
0.2316453630576437
0.12264257438388057
0.11606172396165461
0.14623876337782124
0.05746332519069935
-0.023829971265665387
-0.003991659429857311
-0.09549369139551084
-0.10939330313854617
-0.19304515613769505
-0.2224382992133194
-0.24209368458119074
-0.28095904817376505
-0.33005111765889444
-0.4007630414368156
-0.4448699165203126
-0.48546857474706256
-0.5240785796745886
-0.5473081693832078
-0.4790497654969767
-0.45420646526657915
-0.37847189024382966
-0.3775823747406787
-0.3049588444080316
-0.27826171232388197
-0.23585480149745122
-0.19045489145007713
-0.11709360492880633
-0.0855193636446933
-0.04993548530293519
-0.04274553260654125
0.016135754000516686
0.06255899696681631
0.1349281477409647
0.16703299877996286
0.21354407009041557
0.27317736972964773
0.3137334387504818
0.3329554103452489
