0.37147001693854675
0.3729029125127769
0.36256090645234096
0.35793469995822386
0.3565662750208685
-0.36554419561696955
-0.36982386606858897
-0.3610480755167124
-0.3672896974599908
-0.3957236569061813
-0.324600149633119
-0.33436105651727316
-0.3488123182451809
-0.348423009353534
-0.32468790055523067
-0.38440910184366167
-0.38074840770570423
0.3789530869652405
0.37326542017340497
0.3515924305714332
0.3508591027001316
0.35692247185028114
0.3592894438709534
0.3367933193154901
0.3115109514238161
0.35238840135716715
0.36221875588253327
0.3606776582179062
0.3609574379304132
0.36099254593242724
-0.3616141628131376
-0.3509953210648471
-0.3541270675205719
-0.33849652681648934
-0.3547904817649424
-0.34067289788150895
-0.3449914616692044
-0.35973050627235004
-0.34918091208815494
-0.3797808388422216
-0.3340527399293441
-0.34324188768828345
0.36040924618506553
0.35323378794807325
0.33330369503093393
0.33526445799316584
0.34792281201170816
0.3616352984254525
0.3606318069446285
0.35589558016648426
0.37911831212525404
0.3967168026697401
0.34235004578955264
0.3816931923379868
0.3395760518429982
-0.29517236073481923
-0.3470919908650378
-0.38431684538341965
-0.34133396483229683
-0.37068695692361153
-0.3329265907979855
-0.3895582044711171
-0.34724365877102986
-0.3226170193440623
-0.3886963860945021
-0.34630778053626404
-0.3762931046276897
-0.3874865795317694
0.3879561954527015
0.35083616500851
0.36733417007738967
0.38274448671343514
0.3614307679172963
0.3407727804517046
0.3390335101661088
0.38438598896672904
0.39105831853510375
0.36611261811016876
0.3759173232801007
0.3678998244397705
-0.3780208623933184
-0.3580233878244385
-0.34955452688970906
-0.3656788133652166
-0.3789245708152793
-0.328530832508785
-0.3338118993706702
-0.3559325582556821
-0.3446338342268278
-0.35359068280654193
-0.34559799475337893
-0.3803094751085525
-0.35790069830227106
0.3546735617603066
0.3595790004763925
0.3973916544580876
0.35370831466863223
0.37027384598559726
0.3787078191353467
0.3321782884793984
0.3870325817762981
0.34520515018916864
0.3428112690468074
0.3452159776572199
0.3784265536614366
-0.3300610707293128
-0.3384582373404167
-0.37887844420812017
-0.38673893073420557
-0.3322106915759906
-0.3745145280972694
-0.34009230611608127
-0.35447938728425765
-0.3804715417854062
-0.36102175540333103
-0.3590111030916597
-0.3565550323489273
-0.3707479945327051
0.3364041077024648
0.3589794673551832
0.35500883668014294
0.326440731604513
0.3671599291885462
0.361308166441013
0.37180412484148107
0.32630905468772337
0.34840588714339504
0.36819784147544216
0.33864221611349
0.31623649484139715
-0.35479519614899957
-0.3489677395481329
-0.35368265485335254
-0.33799319083281215
-0.42217212393720055
-0.36157548900263875
-0.32161439539709796
-0.3452754800395225
-0.34131384955645466
-0.35563649388247387
-0.3759794829415866
-0.334744404882688
-0.39583447859908427
0.4010099402045978
0.33259460958469167
0.3586308381164431
0.38699520114066466
0.37035225524450566
0.3378058598672305
0.38019380532454283
0.33609992289311713
0.33960143552987876
0.3220429168039083
0.3507050698799593
0.36073250121809275
-0.36339825234074963
-0.37288093411690937
-0.3732264767726258
-0.3267983963106606
-0.3635080956792256
-0.33496580450015795
-0.35719876051060173
-0.3793100908391483
-0.39488078954634986
-0.3665701211783979
-0.3415164015652589
-0.3707609737392506
-0.37308431161870537
0.3544772919571456
0.3550823681619211
0.3251291071092041
0.35969418147247645
0.34417546154369716
0.3494833949300359
0.3597752968719152
0.3739547129866967
0.3563224691557079
0.3367658753520887
0.338779501478331
0.35874345183272077
-0.3764401996533319
-0.3695368080020118
-0.3770507744984265
-0.39224964764449816
-0.34215500534637916
-0.33550407718647246
-0.35595634747622173
-0.3748149745040064
-0.34968614731888037
-0.32433631396923535
-0.3678476829674066
-0.33939221337636416
-0.3699547686561539
0.3832172284060712
0.35753625207917633
0.3408375665029465
0.3640811035983349
0.3333059459860821
0.346379193314937
0.3941925268249299
0.3535028247332438
0.3446900306953528
0.3693894067280166
0.323929099178062
0.3557158036902332
-0.369366693753095
-0.32445625282175716
-0.3370075066586227
-0.3546705865843473
-0.3613938220179194
-0.354127204857646
-0.366129389950529
-0.36981280928271276
-0.339073473369345
-0.3589123477741179
-0.3657051596711847
-0.37470871010185586
-0.35915769220536253
0.34568595317244377
0.37835194483367096
0.3636313936788145
0.3314942182155498
0.3306575311341824
0.39027113648180023
0.3606261104854413
0.31861390599485473
0.3428232117380714
0.3441903490995495
0.38642274526453985
0.34176057860984166
-0.37134942992866565
-0.3503260874800155
-0.3196410743146312
-0.370144575683411
-0.37536608060084037
-0.3973011401929484
-0.381621502834062
-0.37525724712969355
-0.3380469364172211
-0.3232824471435907
-0.3587372969936406
-0.3346269421142071
-0.32212313476397275
0.36506025021336375
0.31394078970411504
0.3567577152899579
0.36042315045770723
0.3586069942777811
0.35832250174860747
0.3938511876195533
0.361726354307264
0.34764930329015875
0.33454486711668596
0.3604936581939081
0.356539059239734
-0.37772553008078835
