0.23308603995770394
0.1909102413806924
0.4700737626483034
0.09601095575865534
0.10579909590565291
0.09874392015411196
0.4530126464704501
0.38287926911774217
0.3861494868685737
0.21047898172253612
0.04439720445100708
0.3761783114740832
0.5201083386919457
0.3125369667494146
0.20052552610884672
0.12799621365326064
0.26548143530417556
0.39631528723662063
0.31590596011690286
0.5376145179474623
0.4779400158396726
0.44167274176392
0.19995150092512567
0.20541476416227608
0.3734769414466711
0.2118185134581974
0.3176946303757596
0.05566035049065222
0.47265122955063116
0.4168765018631959
0.3237607708806178
0.24828587458091922
0.5434586639163326
0.010153960240249034
0.4244764149501257
0.03351415071654787
0.08108752113755172
0.10172386474007401
0.03467996860012974
0.005261967181793642
0.2203312547122311
0.5297835854265303
0.4594119862213893
0.03691669678437649
0.3038452098138641
0.4154764942988603
0.30064761969723464
0.5634537020920611
-0.004058123505433378
0.4670985410478401
0.17306755523538875
0.057239418356192916
0.5236405036163392
0.09846879220511778
0.43531701569980497
0.09424821380124727
0.5561279915132306
0.3523322925351454
0.515236335964599
0.19518991844610573
0.0018708943019364668
0.14062102161770962
0.25497230990973196
0.5504198618065668
0.3997342168231472
0.5862774017300907
0.3501203999287376
0.441234113526754
0.3043616916265733
0.3433907505946727
0.2809158968885902
0.14339858129058405
0.28607841517561006
0.4336520133742547
0.40441448218084164
0.5077864429391533
0.021433037700356556
0.24632641250521287
0.2020007474974275
0.06009235750476799
0.21646603246257318
0.16737981853467487
0.23547242248779754
0.4437782573771648
0.20892441684576799
0.3105109127116397
0.2719619311437505
0.24820585700959993
0.49699392999371034
0.47982539027925564
0.14184988282261202
0.5638739382940143
0.08598780659831376
0.2718908831898777
0.050886599025589355
0.4070892615244254
0.21559958454925807
0.1293065036462998
0.02648461950987026
0.2410536685062597
0.14055787842783624
0.06258504551099166
0.155899809940455
0.38557464158747184
0.5189565522952457
0.2401323997869662
-0.01172890408468934
0.004459007785304298
0.26670303626905756
0.35180297890618406
0.043496871159921124
0.49049933297810294
0.026299232542409533
0.2586201795156202
0.027701847534274925
0.4766251230612956
0.21636729495741575
0.49198487822911113
0.562175278089404
0.013316260247352218
0.4145856834079203
0.5463068170175353
0.29107942216125166
0.5309981789841257
0.37541737143296633
0.12132468471026245
0.4084494633002673
0.3561772378253402
0.15853224325108076
0.15293897200609372
0.3966106909559414
0.3809541260601488
0.23843650425978416
0.008871793964451763
0.218067497635846
0.17013941460397472
0.05896745667936639
0.12898246465142285
0.3733298712519475
0.23226308232247256
0.21899893395332556
0.025728988513747504
0.36642071804838117
0.2906323362901844
0.23825219492318536
0.10652025219039554
0.6142706971517288
0.2624907167590222
0.5710284046668516
0.5049945247261297
0.2734624332094457
0.5058877233552403
0.10506435847841336
0.21175010451306267
0.010143437581475165
0.34547521142601706
0.29018552647408835
0.32969109882788084
0.32852659089234854
-0.03615111552627746
0.5488020669540379
0.021517086949215062
0.019997199588009076
0.39324505021970635
0.6038465506714512
0.4598392232879351
0.30626452317349034
0.10082007237704305
0.4158966157728756
0.02198268614158947
0.16738102131064136
0.4139153842247536
0.5271092014643423
0.10668665052650964
0.23592288581887533
0.38219865794916197
0.2267116130301156
0.2490524285820493
0.34245022971200983
0.36647436161736885
0.5804543058710859
0.036738197681281136
0.3462342976865661
0.2660023929765851
0.32879230813804744
0.07237778548676142
0.18690631003087446
0.41759222268643614
0.37414429309044517
0.13836490114374772
0.24908615437492496
0.13800891868321838
0.12702845616338237
0.19604026286088
0.45296573531295403
0.3033200106669421
0.4049065674182678
0.2554406351385189
0.4734918911246389
0.14495792252698728
0.2707756447264723
0.20064481575980592
0.1558190354787724
0.0773250715949328
0.36673500501844136
0.49099559562264244
0.5667540895906115
0.23876927236001266
0.20929597157446816
0.017546715242749193
0.0682930475647422
0.5410500192910288
0.4101584748358299
0.134965140030335
0.282784856016481
0.49396097398876315
0.3670306511527173
0.5448028200148234
0.4510536105592143
0.3814025757193771
0.08397814749029875
0.1490834982332669
0.31043555224521957
0.04297961933068069
0.48161606976667976
0.5406415213182182
0.21867704407586863
0.5429961416101038
0.05445617397472241
0.30798550571913924
0.4053345387378231
0.1544239402066498
0.30689990307529663
0.28362290248047484
0.36975382208530094
0.2603238528359889
0.0848420615487866
0.40168916865163845
0.09452275841697359
0.27846388925631693
0.05227533835724817
0.19889200531666226
0.06403719983730749
0.03679920174193964
0.23592303580146243
0.5183163113989764
0.36042491651532993
0.39406603026687714
0.3854168325075423
0.12558578605988363
0.30875298884191277
0.5848754286822246
0.13355701869755415
0.05497288127433476
0.2078248834743745
0.2736653813534741
