-0.19280438337333977
-0.33907452664070803
-0.267774557297213
-0.004785964913576469
-0.11824338201010755
-0.6339388978401771
-0.470900842453705
-0.5287434113469586
-0.11608630087904467
-0.1406878273096407
-0.4706878143448809
-0.08422533575011376
-0.40238012545315427
-0.27526371325319976
-0.5115734738693659
-0.3994254274789784
-0.03357289184252431
-0.4845095857054766
-0.3665178399771636
-0.3364063182754754
-0.3282002617255663
-0.4780305571215503
-0.5355683434015236
-0.27377329678160295
-0.4651091739285206
-0.2729577997897679
-0.20715385014281312
-0.37604467268269026
-0.591497934576143
-0.6053635378322998
-0.07028723740484542
-0.3079684584777217
-0.4746112555687588
-0.5923681998515177
-0.1964899489411726
-0.35060216773616126
-0.5204602992647356
-0.1608612414373446
-0.013221491478725991
-0.5464197681734653
-0.5030622064913509
-0.3671784276756005
-0.37342485111643203
-0.1506867899088219
-0.6306714772855363
-0.28709684177796235
-0.48015656670745244
-0.11860538731221791
-0.12702040284637953
-0.01797130577572949
-0.47891827751721977
-0.21706799404799074
-0.3668540549168048
-0.007032384786081864
-0.614927386677328
-0.4823832338723788
-0.35421141417979524
-0.5341111917699582
-0.6280444433445125
-0.5475741623165874
-0.5613594991850326
-0.019784353470937373
-0.22825683821634354
-0.07461896684776675
-0.28258729125995075
-0.336880881949523
-0.1785935964252803
-0.2270699274897847
-0.36730803634373604
-0.2664370683213015
-0.08999344333378537
-0.0686319822507338
-0.09371102700415364
-0.5020872544821628
-0.45169116313442464
-0.48590728249452075
-0.07886232565147551
-0.1719383312419675
-0.23835294372613317
-0.4468770875756838
-0.1684209749377874
-0.021671652302423253
-0.45311965004614574
-0.526433656450028
-0.6522293030897526
-0.42069646108558545
-0.3876850869152183
-0.22843807588491366
-0.3147112202690272
-0.2776753392583241
-0.29821174430722025
-0.1428205634629257
-0.282041927679808
-0.4735234189360198
-0.5464358004602825
-0.04216360562233735
-0.5826835131528554
-0.4070197548869182
-0.5199149030577532
-0.4308994990675625
-0.3331069200193822
-0.24849290791968603
-0.3178065699533766
-0.11214770163267229
-0.3060118884260806
-0.24911997458751894
-0.01628806762604533
-0.4166092814592879
-0.06599739280300057
-0.07083587703546751
-0.3898933830849276
-0.17717473584339724
-0.45378264374037386
-0.3702392024038353
-0.2988989826430461
-0.021161768121877107
-0.30780746092935257
-0.35185816727690294
-0.2616465355764781
-0.5595135017923218
-0.18538594618815293
-0.3731407385016508
-0.38946190022384325
-0.34192834046588827
-0.2293313699689703
-0.06234339609069736
-0.24132206000597614
-0.022639240288037994
-0.2958390116609201
-0.2584059950722638
-0.5529388816741351
-0.2584561235715439
-0.2855806321011892
-0.2646578829710484
-0.23955453129240578
-0.3584659132652353
-0.3194364345604822
-0.32440664668198593
-0.45801211087214977
-0.4150371101830345
-0.36101286930240045
-0.0820035268536502
-0.4071924746539435
-0.42771465491361527
-0.47362641448532206
-0.4870556137698696
-0.46406334573994973
-0.044094092408232935
-0.49893429804823214
-0.0410231914582474
-0.4190687987588825
-0.019727413716013702
-0.3177214439968433
0.0047423730621934754
-0.031770519575615816
-0.4901080465684648
-0.3140512360725594
-0.338654305027941
-0.6232206421645674
-0.5232494155137235
-0.3179107443695002
-0.19331290508804563
-0.1603896482799566
-0.08435216097929242
-0.37624864475883246
-0.5457144385726997
-0.32286287865890345
-0.05119540036480446
-0.1975770732731514
-0.34518402164946305
-0.4748244750214198
-0.20582327954068302
-0.4063561736548852
-0.565167032600084
-0.4144376412028033
-0.14348958360824762
-0.03246861670094378
-0.10506896560436814
-0.0394384378663265
-0.6311717141489971
-0.5581136947497016
-0.1309714231021557
-0.478446887611594
-0.23459327792579382
-0.20905492667017236
-0.2713554983038925
-0.4160808022833525
-0.4900112961520262
-0.5100067096523143
-0.0035484282416547467
-0.504029864952658
-0.5664075942598001
-0.0850260261366064
-0.5750884168588476
-0.6068183062634935
-0.004950590289490579
-0.26623767647921015
-0.5499411456401512
-0.4313472486738694
-0.47491274973281095
-0.08046564481421381
-0.3618727929547817
-0.4666016442319389
-0.3954483576467263
-0.0819118476585519
-0.45911369829796306
-0.5862623771827744
-0.18818530757194646
-0.2582831274129365
-0.36259614258002926
0.01184154052175903
-0.09231197959692254
-0.17146513763531798
-0.5210392065658166
-0.33246693695286383
-0.322764677097301
0.003925399825641697
-0.38204921681411047
-0.586422445177315
-0.2357323437342021
-0.28552782104478375
-0.4469369693258711
-0.3898922309771448
-0.0699013481528403
-0.44450491600056735
-0.4781912621653999
-0.4518171659251431
-0.20303772783300636
-0.3567330173804311
-0.1338238165891103
-0.06639483817633231
-0.36746494950194986
-0.38708830954724727
-0.5807738207263179
-0.5362119260550755
-0.42800521642757716
-0.2974407517751428
-0.5806375308334484
-0.3789422566792424
-0.1290793716913174
-0.2576460562600052
-0.2322881437241168
-0.32937143566038257
-0.3666501213423165
-0.08282708755344181
-0.3458648377284127
-0.19095234706942255
-0.16331718601091083
-0.24526724247939086
-0.563073003138935
-0.19892557181791237
-0.078574930364533
-0.22492798204808875
-0.38276490549351094
-0.29903977380087265
-0.3132582138271015
