0.08732044107276413
0.1411840992741903
0.495026996675639
0.15264388343923763
0.0430658535583641
0.028499771772007885
0.6732048903405611
0.5975486694836487
0.7351839904642024
0.7083215510310886
0.5451015389862752
0.24655147285521242
0.6678713587161893
0.06040980222833657
0.23138241814896215
0.6157530129978687
0.08761766670419076
0.1870328467189555
0.6966000325658306
0.2925373566970535
-0.005506168316763985
0.20977652603405156
0.29285456071211574
0.3749127361585144
0.6534680088442578
0.1565943206289059
0.035884436622039
0.5241416149460033
0.3248208504115018
0.2830085882424944
0.09259312780792428
0.5056533565655247
0.39735752629874965
0.20353444996129316
0.28059336479395386
0.5419960459055703
0.6540096467506054
0.4918563537275738
0.05318362667990623
0.17809744517364948
0.11324557319206918
0.4353118655528273
0.1921361576971448
0.05674070562015741
0.6017330844288608
0.6358355130163114
0.19011733025562158
0.27021046845435964
0.5037786507185191
0.418602823869107
0.6899525223089955
0.5650687151877302
0.5797785032443352
0.06769319271421445
0.14071843030762696
0.5304922254455665
0.5810226186186539
0.26512164049182135
-0.009090166241747424
0.4085798111616449
0.5856656540946026
0.6439562197668836
0.6928552508635862
0.19428048251466515
0.5454547187945928
0.428225240350724
0.6065838263502911
0.4788265963391026
0.5091659350236176
0.4264593493526416
0.10920577194106895
0.22242626138719296
0.14107561028868643
0.3282525375318462
0.1585965313904581
0.4429212269389219
0.5281082145667839
0.1601401289329509
0.3173194635487915
0.6707109023749313
-0.019822362690145402
0.6086894510648931
0.17352835453224794
0.1343360200346552
0.47813874004057794
0.37504573620957293
0.12820288440362634
0.5527779741843256
0.4894984802918698
0.3799109971017685
0.6972904577808561
0.2875806066527915
0.5056669995845624
0.735364978240932
0.3004310710955727
0.43914186671079797
0.2874811345205247
0.452202688516971
6.654200650458436e-05
0.4467528130917265
0.4772715439234993
0.18317057597468214
0.20486053248827132
0.03684946899625037
0.4514833851401185
0.25397285062192826
0.2561004363775772
0.29746151069253485
0.056049953176212086
0.39413516000744614
0.45443498500234625
0.5445283590946619
0.0172473441760317
0.6585281747742466
0.4726461748072111
0.4108790874714037
0.07373831286359353
0.6107935264976623
0.7178471446383741
0.6701364528919105
0.5048090364974451
0.6337626328844237
0.1959683940792767
0.46821153206273547
0.35467576462407535
0.44234774087351114
0.5109966888335197
0.6621138875146527
0.111624062448628
0.14247413440844173
0.41666950619669385
0.22189690585373653
0.023316279701201252
0.20393378703428638
0.14019229380915788
0.433129251279987
0.6345787358785175
0.39342926133405803
0.4175736396482713
0.4999538799685926
0.29842204411963963
0.25069272012666155
0.7249065881015692
0.12902716887493879
0.24845010662738956
0.2699027157938406
0.21795992571087275
0.10582755579816895
0.4202366884578738
0.10591970747686386
0.6523738214530103
0.2529295717642643
0.1704731305901239
0.6462912290570481
0.2569685964671068
0.1784888419595041
0.21109557044907165
0.3481703525607672
0.09411296925171063
0.05203251263786901
0.04809051729579035
0.3582870760148916
0.736267643098076
0.5777163285292439
0.2252273511624394
0.6132397362410551
0.10641556021951296
0.3262548264008619
0.5753796763872872
0.6344573391613554
0.1463882557813419
0.38577531569204154
0.15873126713271313
0.04534414420405424
0.6475889536456217
0.001163975300416861
0.12366619225507945
0.6737926261805114
0.6811178690366807
0.04835828185763161
0.465475902826858
0.7000125161271614
0.6243759940871271
0.15463189429231178
0.4283244678110682
0.08098022796242652
0.27926722263406617
0.1478938205152769
0.3617554339455055
0.3485196005934315
0.0718679485698461
0.07106140567185315
0.03516468703848899
0.44372935555545845
0.5286887603746326
0.1271911279415551
0.6196800679926452
0.4274462964812316
0.15942597731438773
0.3746943896631328
0.6806835296883277
0.197821966404812
0.2672397317805416
0.14485413049385026
0.23641725043033585
0.0171380195083266
0.721325329280972
0.09256240825866509
0.11832467050677363
0.24143769652812175
0.09985447115381793
0.29406403457784736
0.6545246644056049
0.22687013443182907
0.10698605502805952
0.25823474133185204
0.07807310872615954
0.672850001927691
0.5910028624371612
0.3011300955329681
0.2430938998203447
0.5760313254078984
0.24268090913325163
0.26748353906959593
0.5782807009084858
0.40728425780578087
0.6755448792513481
0.6480994437932425
0.06448934876704515
0.19731338608898802
0.3476590017878967
0.15135529731323305
0.32768170315644934
0.5335546287098429
0.5331444418387882
0.261654126355571
0.13300652079511618
0.706194783309622
0.37036387437256796
0.009652026579083074
-0.030314145192383596
0.6796355188788873
0.7289675955539032
0.20407006213489617
0.30965930034699135
0.07070863536676678
0.42781328517327327
0.2553977554993519
0.4217065977731009
0.2424126274495023
-0.01609515431010093
0.0875280448621036
0.3364764468883209
0.6333179356024747
0.4241519934371371
0.41194643505449324
