-0.0972123992746113
-0.05310203551480857
-0.002190739590316451
-0.06393776581784838
-0.05664810185795193
-0.011288960863522862
-0.015599054148706278
-0.05626344656774593
-0.050669373179843075
-0.06798553738265432
-0.02198267806710643
-0.016138096872287608
-0.03748227382485573
-0.024088896528407247
-0.06373965072672802
-0.00017369389327307437
-0.12224442067103092
-0.07320006685086304
-0.07552964987251763
-0.06975849253907306
0.015615804793242923
-0.019349520700936724
-0.016928700961818505
-0.002566438777001058
-0.043768330987648575
-0.10720867497415668
-0.024644527303263934
-0.030577383090024078
-0.053229636691041554
-0.03314373489030696
-0.06579795084579605
-0.03104365671211194
0.026152870284574366
-0.04702290695042977
-0.031528420743536706
-0.07731087638703081
-0.04994768044507166
-0.024420488516278448
-0.009197097002188574
-0.0019226526387534741
-0.09069418459607653
-0.09359908412298183
-0.08010427622829704
-0.0769030260125396
-0.04021430219462809
-0.053386417449226634
-0.04725534956349121
-0.029798962922147326
-0.04195955675640449
-0.04463867823666179
-0.03706580023332353
-0.04294511911595619
-0.04315383864650786
-0.06046875028043306
-0.08383844428180635
-0.07232775845878513
-0.056514835103300874
-0.060185291434067346
-0.045443998564269436
-0.077555518109684
-0.04612643254681088
-0.03467686073489368
0.022690499931926393
-0.08149703801421695
-0.002291686898088348
-0.03796782301507676
-0.06734274866799415
-0.04924749788002153
-0.029929179677311155
0.019370046861168538
-0.06486394009214702
-0.07549441894523744
-0.00531052192692201
-0.07721528573675931
-0.04537598770838952
-0.019184480365492897
-0.05103471347394
-0.04094682358092455
-0.04832644581460837
-0.07224963592008586
-0.016918215953301247
-0.03166849672734265
-0.04862515031761817
-0.08438753330998396
-0.031819344606766733
-0.061702317205235876
-0.045476429454929405
-0.051170766498134956
-0.04938151608126995
-0.08421528179778898
-0.048156529589963304
-0.0323010628522027
-0.003706786202274402
-0.003679013234742668
-0.032695914156759515
-0.052907405817256434
-0.09795970453481957
-0.010295930341153918
-0.01988297964373936
-0.02912514147934203
-0.10467107936349346
-0.11594038194515804
-0.012831553241741029
-0.041964483408281135
-0.05074492372456359
-0.09182740492033639
-0.014304966878914584
-0.04982237355933569
-0.06146441726712036
-0.048547778877831516
-0.004452948553320473
-0.06090026586169117
0.009242993998106748
-0.08356989441543289
-0.10566711589163891
-0.038326875034736405
-0.07294234816148475
-0.07927557550798982
-0.07315498860838131
-0.019396771266851194
-0.0657942243021662
-0.06023815881110628
-0.03819890456422362
-0.09755765005952093
-0.04846270405424277
-0.036611679742044226
-0.016834809813583016
-0.042640953634266766
-0.07035470326288368
-0.03946807118326988
-0.027122559488470293
-0.05970832371342606
-0.0797261728352839
-0.0867732729421362
-0.02670141175613623
-0.08008456341540669
0.006845446491830928
-0.04215954345975147
-0.049732699430404974
-0.0815797343230978
-0.03995085425213088
-0.01472827532937232
-0.06363239662164083
-0.05514513350417722
-0.050201199452828194
-0.03360872456918708
-0.10493149602268345
-0.05658260994232929
-0.04190758484940385
-0.014458042250864118
-0.01190163129873759
0.026514526841029624
-0.02213918549885884
-0.10130461511266545
-0.026680802092999285
-0.04503417884777748
-0.06488980560921295
-0.062054039903599506
0.016901078059387828
-0.07119452255440036
-0.05403865050107547
0.0028842158220633973
-0.06452920709518575
-0.07694089282698253
0.052063479705198305
-0.051528581760355276
-0.039085075437187575
-0.062382327870367474
-0.03284872056796001
-0.04290368336418046
-0.058642854159663395
-0.06143516137383561
-0.033067556724556905
-0.001312709967640681
-0.024765996773564627
-0.05731240331822382
-0.0626227880506088
-0.04243083945729996
-0.03423670465372186
-0.023502541458405746
-0.0732908293450065
-0.05150479203956419
-0.06677958817720701
-0.01990160691709722
-0.10944592464377859
-0.04042953299500701
-0.0814001025996774
-0.06324958181993798
-0.08232285997875764
-0.04734457621937877
-0.05406099666866274
-0.03345994783274196
-0.06115477573382465
-0.07272972679929432
-0.0018521656899089158
-0.0457056417801836
-0.08687101598154577
-0.008946505757716956
-0.017374567116981
-0.014673206860681933
-0.08520971343475485
-0.0076811649732810025
-0.04664585163736956
-0.06311519704733642
-0.03495752567830435
-0.04435980305165207
-0.051188191938505954
-0.0798135014336677
0.005835238624749117
-0.04030532940119602
-0.03160384552047451
-0.02698530883196291
-0.04901865142115175
-0.06010292594673892
-0.03136946639740875
-0.03030209211492864
-0.04198818755302415
-0.04109733092617411
-0.0034810764358623714
-0.047294374066078455
-0.04625006778036783
-0.0021503884334103038
-0.005731758857215391
-0.08430479386084892
-0.057987929444384065
-0.05500128877636315
-0.018536675560238847
-0.07218302024739767
-0.03640656325994289
-0.03671587998545342
-0.03317162809019249
-0.007868010428004505
-0.05267611393732326
-0.027644529849856943
-0.07582057064252543
-0.02233094943246962
-0.052734883338832486
-0.03747667049141212
-0.0494741984217516
-0.04487391676585686
-0.06147305536131981
-0.005734510414776684
0.0022531035576680448
-0.006112596208040097
-0.042343030878592855
-0.028804736750074836
0.03685166578179107
-0.06406462751851412
-0.007969191533356111
-0.030283695435654186
-0.04226615129505516
-0.05012759958724596
-0.019880751033811924
-0.09396419739325218
0.013489958764402087
-0.027636415710352073
