-0.17789530864228945
-0.1276629086816023
-0.031409435590270096
0.013500582591553855
0.04589998518565793
0.12120450749438831
0.19553032155468408
0.24786828531786087
0.29995562336027815
0.32804097585212943
0.37872289630421635
0.38253513492710595
0.4542240795575965
0.5002445758070935
0.5037024292534173
0.5599622287919855
0.5950544550227678
0.5857912772849565
0.6154324447836999
0.6107551688606918
0.6078567329854929
0.5991980428982674
0.6146546767096174
0.602708286770033
0.5241468597875958
0.524768279581848
0.5102842936720341
0.4754078938612496
0.4132812392694576
0.38386547890378414
0.3502693476139993
0.30947573957653746
0.24804314878740555
0.17152401584897048
0.1840796879287076
0.08199012541661332
0.0018006633367766527
-0.052634326247131505
-0.0949020654783588
-0.1356710846120298
-0.190478742575811
-0.2632584769242969
-0.328964993134147
-0.3417890656882829
-0.4046135100383115
-0.46667352767892223
-0.4723855004644865
-0.49768213173091747
-0.5320693961153576
-0.5794487815913192
-0.5566154114651856
-0.5906879694176908
-0.6227863122447836
-0.6194475832217868
-0.6144753128474776
-0.6289679114754084
-0.568332234730405
-0.5925335949577176
-0.5498372705126412
-0.5062520430743744
-0.4946256914572385
-0.45089217695322825
-0.42444848247665595
-0.3523804559355875
-0.3401401946288954
-0.3147526707920906
-0.181580445127029
-0.1614986203761381
-0.10844846207136499
-0.06850164443798455
0.02427994371901524
0.06750973815305603
0.06330103466838885
0.17697363739256317
0.22442369907175164
0.29328458882253267
0.34143769241560495
0.39337130372447343
0.4602226740083486
0.46688788721374314
0.46079896376670026
0.49786283512125473
0.5714678290186488
0.6063696748276917
0.5941769054690752
0.5982976497487061
0.5874551014931017
0.5935003332013626
0.6106017510458738
0.5722886043698517
0.5786155550606897
0.5813296927386506
0.5527338956092402
0.49217302742755675
0.47716892064222916
0.42294677472870645
0.3688370855322255
0.3382433788553854
0.30263508071364364
0.25399134321503447
0.16180772657797507
0.13055956035825153
0.07084338561825988
0.02373161689033925
-0.020473136790112197
-0.05260303016760004
-0.15008218184086372
-0.23113011115998552
-0.27660820915802736
-0.28621408225481665
-0.33360462120807294
-0.3887950223348107
-0.46982265271982127
-0.48691796967328976
-0.5218807977532459
-0.5420281754654327
-0.5712754219358636
-0.5427174229849695
-0.6255795648449298
-0.6142128583273972
-0.6187329239211588
-0.5911904955675814
-0.5986636261558256
-0.6055151471994787
-0.5425259851369998
-0.5131095964322444
-0.5189133258604451
-0.4812247170293774
-0.45379851743747984
-0.4053951908707216
-0.3825399832548913
-0.3050434004885026
-0.27708157524426047
-0.2287209125645449
-0.1599974469252298
-0.08211455798524998
-0.02718953835993462
0.006665624520728728
0.10777478335049634
0.12260681248816874
0.19781547828259416
0.23986810881582826
0.3099089915829899
0.31273795057290654
0.38156362655304654
0.42083118632270394
0.47958821367593746
0.5234201956665518
0.532057472893663
0.564997635684802
0.5419596293886249
0.5848978822457654
0.6034569783563165
0.610933744158027
0.6173282892579556
0.5986862656638662
0.6039346871366374
0.5573239654822552
0.5698471791449484
0.5263083394932482
0.5289731546255646
0.4647802251709465
0.42875199353477017
0.3848459176015613
0.30489086663643933
0.30853148937490144
0.23446918515299595
0.16561971965399358
0.13443494870289305
0.05444377681194698
0.016006435151916944
-0.051511728036587344
-0.10399470400040367
-0.15328281565963625
-0.20167390788465867
-0.2809664353003555
-0.30489041347800333
-0.32432158079064327
-0.4395935426259091
-0.45762288228838033
-0.45689262081192594
-0.4904866313803744
-0.5249213137400027
-0.5862383668033025
-0.5642731364649487
-0.6335757869719261
-0.5938065830010908
-0.5808441350310949
-0.5723293372784543
-0.575149720172106
-0.5505986565160567
-0.5620049770134411
-0.5609368893952761
-0.5087489044272813
-0.46307454249935104
-0.4354021628237213
-0.42850786312666067
-0.39529824130304725
-0.30906492805451946
-0.24270080537514144
-0.196510791704392
-0.15066283206466816
-0.10327447715917659
-0.08622546316771343
-0.01377883745060627
0.08898640650467886
0.14702682234165101
0.1965402036430235
0.24894313406357754
0.3109660037786152
0.35121684470630715
0.37086740819341246
0.44040360059856626
0.4945319007355016
0.46407755751546653
0.5345289171972495
0.5483581439921394
0.602504799475539
0.5975708820855207
0.61170016021311
0.5836806521832075
0.6247103168193363
0.6169773899291014
0.5913453022234182
0.5805225350375414
0.5626806478489426
0.5185779865469375
0.4982931675188639
0.46309453649018906
0.44171608987857414
0.3927194270439601
0.3325578892811373
0.2683422563305059
0.20908557557878654
0.17085738605606246
0.1456409067935927
0.043888464834763885
0.008256011123287388
-0.03947925593424012
-0.12694747354076322
-0.1834514023669761
-0.21263394887235817
-0.2678839628739229
-0.3526808519067564
-0.3866791906312175
-0.36757806937917437
-0.4387158615752134
-0.497151276970634
-0.5121685414490457
-0.5562734966618913
-0.6068530762557325
-0.570559730270781
-0.5635179696126077
-0.600140235822909
-0.6244904608070573
-0.6028711847206116
