-0.01731287751225924
-0.07118965543420636
-0.1502414326138409
-0.2077076816089664
-0.2869302626782085
-0.28523194031274246
-0.3543538393286081
-0.4183485360687809
-0.4913830338439841
-0.5060683736419056
-0.5698718406251767
-0.6305463416497576
-0.6652621055701777
-0.7022161865499591
-0.7020398751102391
-0.8008861538798058
-0.7782759965722212
-0.8335929018598884
-0.8450579886072849
-0.8839138439849881
-0.8912839377425584
-0.9227784442203335
-0.8921739229229019
-0.9217660773052894
-0.9368562678261276
-0.9030602296842709
-0.9315095533797891
-0.8853451876212947
-0.9567338565233267
-0.9055266448685355
-0.86405239590077
-0.8862308944629
-0.8305022641721468
-0.7602036198115736
-0.7312731157812139
-0.75213714838237
-0.6757256833759094
-0.6307747463026707
-0.5628969379940858
-0.5763569946840121
-0.5154050196077778
-0.507020456680014
-0.42798805986342014
-0.39505215812289396
-0.3204118761832852
-0.22807931393760617
-0.24467696490627275
-0.1650886685704659
-0.0644024042128705
-0.035404452190347484
-0.005943728667795401
0.04873126381447213
0.1273613798434305
0.2199752991355518
0.2390083483536534
0.30729279397595255
0.35726385525680915
0.44196288541345957
0.4768955454325368
0.5461476365256955
0.5669764927780758
0.5946937518943793
0.6475122444349298
0.7372622490908498
0.7249000419478981
0.7893945821768878
0.7844419597091113
0.8141508956342576
0.8389572800559619
0.8754211770630482
0.8861382030978168
0.9018395756712128
0.9084667553165695
0.9563712122649177
0.9532373055405305
0.9224002728207533
0.8934482656087303
0.9146183082181671
0.9050075175210806
0.9034681521806535
0.8804449771582608
0.8803339485121905
0.8400304677138414
0.771688334209726
0.7769127667502952
0.7289480779252613
0.670982371120628
0.6222113929809715
0.6301831847582313
0.5692435686968915
0.535310121489198
0.49817072931801
0.4216105268630242
0.37907848431253127
0.3234253417332192
0.29458768259517715
0.20596385390528418
0.19201107743683132
0.07707424603716342
0.04129578844016178
-0.015001964909939006
-0.06654142038489586
-0.13752836186450168
-0.22566934518861842
-0.2155705285412843
-0.2780128293029211
-0.34842751842860814
-0.41812824112169616
-0.46257834653562635
-0.5109017914736803
-0.5740576118778528
-0.5794125578593957
-0.6674092993246847
-0.6998319157935119
-0.7199073367183106
-0.7654814816971172
-0.7632649624627722
-0.7982105141833896
-0.8402794133703629
-0.8512647951913627
-0.8732207427673424
-0.8928526731127115
-0.9195470086786672
-0.9176535916920681
-0.9206528902714775
-0.9099615953164789
-0.9335532004578735
-0.930438404105976
-0.9102177148117151
-0.9282583440312189
-0.8726055829261381
-0.8682659446611788
-0.8658685874637259
-0.8202125565260622
-0.7555314898933507
-0.7574830984406566
-0.6896376819011406
-0.6662576200717424
-0.6366513091806548
-0.6043172236873676
-0.5233689170228253
-0.5018287271489038
-0.4409915287268495
-0.40121596152214256
-0.3830320924856437
-0.26806130834010755
-0.2180895035129367
-0.15655913649624142
-0.10084742911028045
-0.0770573151950228
0.00840948856621485
0.05261801099307212
0.11455274496098358
0.16536056718046604
0.21933823681221862
0.31551401139870533
0.329591838718809
0.41541896938306966
0.4460374987320725
0.5189981668555301
0.5399454694145467
0.5672479505715721
0.6061320017570035
0.6917985531539264
0.7340661152904958
0.7658242836911601
0.7990524498473891
0.8361210757703054
0.8590549112312069
0.8327141250327057
0.8726772976445131
0.8955041386126545
0.9226537135654528
0.9001524624883659
0.9472473475592164
0.9296927313019268
0.9125918114571524
0.9031340299090227
0.9046439422635111
0.8882866197804159
0.8998123702910231
0.8576185769470088
0.8209040325277644
0.8009429441806363
0.811683015018627
0.7595631910069199
0.7203867123908266
0.6817598148823909
0.6579770495452144
0.5972953113702418
0.5504092332597478
0.4600762589680658
0.4812975814508608
0.38942984262715025
0.33813259636055387
0.2538200837936558
0.23681171129859213
0.1758681615140289
0.13143628780316008
0.09737261645634046
-0.006395325121027452
-0.07690353334398572
-0.10638656356214729
-0.1700320312322919
-0.18571748157070028
-0.2983256086521646
-0.29743553373395837
-0.3840447797866699
-0.4612163993223637
-0.46769241270851813
-0.543365480098913
-0.5720776574964836
-0.6204319469167096
-0.6704620822944765
-0.7278516458449145
-0.7715734369403836
-0.7774059007411083
-0.830562069169284
-0.870423358598368
-0.8809335745050931
-0.8682961191290968
-0.8877114088235211
-0.8722308759468518
-0.9118685048910409
-0.9253673327037356
-0.9189238636511157
-0.9594177796751943
-0.9196111596130192
-0.8911972484206858
-0.9185582027619748
-0.9220667052247772
-0.8514671427231874
-0.8182266054776984
-0.8290202626468722
-0.7896684807289991
-0.7797291157899988
-0.7013164071222787
-0.6562044543797584
-0.6448281397901687
-0.6074435783940472
-0.5010764803545471
-0.5007095485535995
-0.44199136682766926
-0.37775342654071487
-0.38080207419450784
-0.3055427013629265
-0.22961434383692098
-0.18830100208135775
-0.13156911804810928
-0.06017457552906613
0.02643271953608988
0.007194523455130143
0.12667738388832106
0.14705568344481243
0.2340064984616142
0.27835132167294074
