0.5737510671290216
0.5102684806291288
0.5511234303187977
0.5026398537047739
0.41972495556804484
0.4146323414766613
0.43299696693079626
0.3903638494383426
0.3014830626518921
0.32550554610901045
0.25147771377387707
0.20425352973004396
0.18411009453230637
0.16130750564970525
0.07388884943302063
0.03345340859569254
0.022652111230834816
-0.0280145287327152
-0.07835310399133058
-0.13165216723410814
-0.1334197739253252
-0.2192861002325106
-0.22069265702900567
-0.2483777305975531
-0.2608334710502526
-0.32328038362438055
-0.3388643369508744
-0.3665874737027023
-0.37932753040185074
-0.4443795839918817
-0.49227607547074026
-0.49743046906237337
-0.5146818822803061
-0.5506993982314379
-0.6292526993236337
-0.5972412352327289
-0.6277842431593842
-0.6237798452046295
-0.6225364219047159
-0.6356544762311523
-0.6495314455597467
-0.6558339422923712
-0.6484666862956499
-0.6297425291719227
-0.6725188006647045
-0.6533289486277476
-0.6378705060532867
-0.6109724339493088
-0.5902414535689868
-0.5933571797432587
-0.5506946702435135
-0.4912117983027702
-0.5239245581248655
-0.5123488427185432
-0.4574316940317935
-0.4397973898794052
-0.44358039509585817
-0.38907531109332993
-0.3321670796596069
-0.31494697637867264
-0.23602538629066597
-0.21668110799601722
-0.17480459771093132
-0.13741013332612434
-0.10470385960939742
-0.0717287133778137
-0.049901175264931784
-0.018424190210617346
0.07240689043412238
0.11222115013717653
0.12960507856827005
0.1675084669434807
0.23772840062362122
0.25386609832235485
0.2682183271359055
0.3026618233548975
0.3150567917517704
0.39803576201367735
0.41008793711519953
0.460241606541306
0.5134407039912072
0.5134268340757038
0.5099456566438245
0.5539193868747304
0.5750869145846014
0.6267441350523411
0.6372610754997141
0.5755995011480142
0.6505634783451811
0.662204043412378
0.6308379088193713
0.6474215236547609
0.6525988543793704
0.6431400423262059
0.6390011472721315
0.6271661612029246
0.6303317693096971
0.5885745207378846
0.5666824101000381
0.5814710399821479
0.5377718130315677
0.5396953433053059
0.48356452326919497
0.49753639860228493
0.4826005579365906
0.42792988043837454
0.4534184481979353
0.35623227005083635
0.35611778033091995
0.29780777214615684
0.2548678595215112
0.2390232352611674
0.20604298920402211
0.13939307537409712
0.10913753058496593
0.09607776801487346
0.0394348096671833
-0.005304872122277985
-0.06368024253624066
-0.0899363482953142
-0.09584682769423492
-0.15062420222692993
-0.1962805126178149
-0.2523985911106158
-0.2738823879442576
-0.3320295905028444
-0.34838504123146574
-0.34549848850283993
-0.44637069908930266
-0.4351780246912759
-0.49348762855364775
-0.5012790342797977
-0.5317869460071787
-0.5235598019977223
-0.5429121687486937
-0.5984327398385239
-0.5928173095001296
-0.6136281736598809
-0.6489689233380241
-0.6131346052419626
-0.6319856710501838
-0.6084024023847496
-0.6644907823045899
-0.6471682574290296
-0.668512908439229
-0.6449756260977633
-0.6293652130816197
-0.6245461387510023
-0.6157041052463827
-0.5681778754532794
-0.5346693182828802
-0.5440063613644948
-0.5271893482240642
-0.4830418602719512
-0.4791742651282542
-0.41583015500162035
-0.4037231032868518
-0.39363623354703114
-0.36388619720501514
-0.27908924065429375
-0.2746390097484817
-0.21706316139931864
-0.19670546198283725
-0.16200496791640956
-0.14102481808981815
-0.09120859952817706
-0.019241135772486227
-0.008023503472839238
0.04391322099592665
0.08561578091743871
0.13805714095052252
0.19765371625719547
0.19325890548762537
0.21996850321885705
0.2777943293738616
0.3037139787897117
0.3772673902511164
0.3549160140338635
0.36403514646721447
0.44720773611851244
0.4707119370595343
0.5048714922090531
0.5654618687783551
0.5770514380258763
0.5801754136216625
0.5838817260728051
0.6023311882214782
0.5983973673997374
0.6699897643673101
0.65056837485564
0.6359197236951376
0.6312246061532657
0.685543802299504
0.6670819978146431
0.6461810718520378
0.6181464684828906
0.620576505312703
0.586241035842855
0.5870159538723754
0.5566292355178561
0.567925246197282
0.539891737409086
0.5263724475569493
0.48691894314844614
0.504800750871994
0.41508054297477576
0.4154492038400264
0.3615987583435461
0.3801808141053669
0.332991685502959
0.2713524083546865
0.24256373574796528
0.20462202637441518
0.16457982242365246
0.1414822118955126
0.024782727730061273
0.022565166854254862
0.007116671802184951
-0.03652438221175694
-0.10282668408780163
-0.14091122456504127
-0.15119936584031643
-0.16457087960426092
-0.22817663180026573
-0.26482950278521944
-0.32112062182557305
-0.3488284264154625
-0.3955308578275118
-0.39650265444862215
-0.4728647469195891
-0.45141309748526004
-0.5153679994886596
-0.5424052124193117
-0.5072757419029017
-0.5633243470982907
-0.6042454434089324
-0.611777692249306
-0.634430378455602
-0.630955284262246
-0.6664810493313386
-0.6397454722968178
-0.6193969233276958
-0.617549600573558
-0.6415896951589674
-0.6544669011514038
-0.6643702729873588
-0.6297652457601629
-0.592712913338117
-0.6034377038833474
-0.5832219634948382
-0.5834197692029525
-0.5616415488553568
-0.5300436505750701
-0.5191467050000205
-0.4901119831871057
-0.4508731022846078
