-0.509818954319191
-0.471867200649443
-0.48350637036082844
-0.4416470328751642
0.4793073409918803
0.4884910213389586
0.466890845189629
0.4815653131074779
0.4843914193372245
0.46016794507765596
0.5019878514218956
0.5037354421090198
0.46655282588913943
0.47139442963659717
0.4948168730673969
0.513637080654592
0.4820204212590902
0.515159651299488
0.4848503531281505
0.4739305753648996
0.4500260159650485
0.496163060208204
0.47818815056913233
0.475391647150174
0.5169150416404129
0.5209330486645176
0.4946482360577349
0.46603830601947066
0.48568609265572565
-0.4871667861059551
-0.4718610643426275
-0.5045190432093554
-0.5033745227111839
-0.45207982208551173
-0.5019619608095423
-0.4870190671474215
-0.49957899914603254
-0.5062708148503624
-0.4939220375086643
-0.5196776342527997
-0.46767044579769573
-0.5197970348352281
-0.5136927460533762
-0.5015498654823383
-0.4839082591711153
-0.48569004396636506
-0.4716245783519242
-0.43969338709372247
-0.4746010608772421
-0.48169849636448
-0.48091656390090937
-0.46221879159367596
-0.500185763270763
-0.5107721800194838
0.5079493930382255
0.4897242071556771
0.48937589141428883
0.4831105246195352
0.491739766234741
0.5251750110568617
0.47797781835413194
0.49837909041747336
0.4612686607741564
0.5088607957590587
0.47702482419911035
0.45797520558793436
0.5017551939067237
0.4902467687231905
0.47291200319209015
0.4677919539743571
0.4962873567800959
0.5263651643128645
0.45583983727608884
0.46836515936609213
0.47100821025886147
0.465718422118736
0.49252730096500547
0.4593745956181209
0.4937292824064403
-0.4478499531541617
-0.48580888594150856
-0.4914686812739792
-0.47800799219198414
-0.48115153363892726
-0.4882530686840073
-0.47627152892574165
-0.49423106076941326
-0.47080761469807864
-0.5521929479354499
-0.47298245115659043
-0.5045471647991432
-0.5006896151001043
-0.5212018846875146
-0.4646725761978981
-0.4716893293906246
-0.4524548792224189
-0.4790085338291014
-0.494840822417627
-0.5006843192206961
-0.47868005262602265
-0.4680642020504252
-0.5116418607562166
-0.4734160967742758
-0.4834042912607639
0.4574419983428834
0.4924583154293891
0.4833761220714824
0.5134676811707628
0.4781186559747464
0.5153433465511751
0.5004285461661219
0.510176774047275
0.4899841922314669
0.4829966825632791
0.49280704437872114
0.49491571158672343
0.4789205383321952
0.5113130357693443
0.47022451216208616
0.5178998605613396
0.5033721733560573
0.5046797256174801
0.5038438659747925
0.4762985536963461
0.4507608169432773
0.46612713835434266
0.4852625036744273
0.4837868352074893
0.4412405335582391
-0.48471480852648957
-0.4937913379816221
-0.4683672538150604
-0.5013925276987365
-0.5121393722491688
-0.5273511285845417
-0.5004828972106578
-0.4948474096714485
-0.4922913119032768
-0.46287928051931304
-0.49580518425864195
-0.5043175712146645
-0.5029863491295277
-0.5065851971706319
-0.5213973914726723
-0.4509929807834572
-0.4524460188553638
-0.48484581626137757
-0.5055481115748198
-0.5083089650027155
-0.504402844594867
-0.5140600823812946
-0.48824681819197613
-0.5215914563990129
-0.4860371946546644
0.5301893137404271
0.5087104103287753
0.48288323281290496
0.4816945947571307
0.486648365305649
0.5206094275474283
0.4761796043763599
0.4826330460935517
0.4638346064651997
0.47440111806244145
0.5106969900016048
0.48307727594688865
0.49212921231912105
0.48068050726399564
0.5070759654435026
0.49478814645228403
0.4687666834184988
0.520727143526834
0.48863738367788284
0.4762629417055036
0.49559276041081823
0.4809257743251691
0.4987707789577218
0.4834885864619281
0.460666649390871
-0.500497416181857
-0.4725582383004573
-0.5192197164459381
-0.4848698118674639
-0.4812111832399383
-0.4785562742230806
-0.47239837840317733
-0.5117341653103041
-0.47367281887274293
-0.47606305340758914
-0.4809991256038094
-0.4860093067884004
-0.5182095690348346
-0.4585939004416344
-0.5312152255562962
-0.49175823024843757
-0.489748579562797
-0.5176384390902813
-0.4889563544182718
-0.517802935817071
-0.4834824895450847
-0.5000776136671757
-0.48234761107272656
-0.48543253506869216
-0.4557973980944341
-0.45344077071427186
0.5094862611153279
0.49095953057207714
0.4781772997845008
0.49548331433538717
0.4769701823775445
0.4916048802464008
0.5329703332136395
0.48102972009696904
0.5010431802229395
0.46729092988969173
0.5131592636105243
0.5012362421614581
0.4498895795181134
0.513659072617261
0.4580335376705889
0.47344437926128313
0.4741157585783722
0.5047489210146694
0.5026895607842617
0.5139146259425996
0.48998376935468435
0.48997557381044726
0.5020561771074283
0.4841200763312692
0.5297004704105523
-0.4582471090240812
-0.4827366096405895
-0.4785749355158059
-0.5108875020206748
-0.497878687096055
-0.44491252469683423
-0.503233814969187
-0.4995545621702904
-0.4936885132734267
-0.49778775514106605
-0.46993368269907737
-0.4969295918885265
-0.49095365067850605
-0.49990646115859066
-0.4628194807817213
-0.48428232717312564
-0.5194778041203638
-0.5045024784978566
-0.49892346904461593
-0.4524643555837904
-0.46210116482702607
-0.5182831244362133
-0.5122284003880241
-0.49336377265427733
-0.49422739837398766
0.5159487445774709
