0.009912946569267205
-0.005698258939980575
0.0008684384775131521
0.010989799379172157
0.005190144453079743
-0.02066397576775569
-0.04327628818256236
0.018609606641035933
0.0006543272867952634
-0.009561486594552877
0.005659997622416356
-0.01379303727720921
0.004925482165991459
-0.03005580420440856
-0.004579287993134994
-0.011045047005486312
-0.013033769456640185
-0.020996260909264243
-0.03265045935980609
-0.02536549174138271
-0.022238701899332483
0.007097845128695813
-0.02133399145137535
0.00828460065874559
0.007029498928583004
-0.012771080766043268
-0.007766445590245887
-0.009955592069273411
-0.039045173334388304
-0.01192462244898891
0.03688130471796405
-0.021822659072312837
0.04503168452935322
-0.0009527836376700982
0.005246067870008501
0.0026902857577704347
-0.015841506176411595
0.003837283104826642
0.017312800681544768
-0.010698162928692507
0.016794363869063765
0.017617876825445206
0.02705698984877487
-0.012887012135642053
0.03464534058901446
0.004604292248068052
0.03369799328271071
0.024310683558311223
-0.015249517067785816
0.0017138379236930398
-0.0006517018281586278
0.02162492959947309
0.005228701456951899
0.02503635971233853
0.008860828792027074
-0.0302658183274682
-0.013577045868977261
-0.011271490303422057
0.03375621028597838
0.010513427154628571
-0.008245512380758088
-0.008096432769387478
0.014252531877434242
-0.004272428991955138
-0.019185957425176158
0.006025120284947276
-0.037666067058445135
-0.023541726290365474
0.007112210300686658
0.0036296176184174174
-0.008055117129573582
-0.00026563750153075073
-0.020571563162970163
-0.01977535346815242
-0.010150513328674959
-0.01596746292849248
0.032152350058239486
-0.011343955196252017
-0.03973054193882318
0.009162925422006148
-0.011652486358200915
-0.03933197685383559
-0.006481933609857556
0.013182356519979453
-0.004423805373265426
0.0010592398079616924
-0.008082138639833519
-0.015846453537570866
-0.04241295150583425
0.006317510814137808
0.03350110715692103
-0.013436911396092382
-0.010340529924507432
-0.00543217163119963
0.035501473637579994
-0.004464476206259347
0.010675237224480915
-0.017545211309486934
-0.0014304253756590212
0.001463897747124077
0.015846744624794074
0.013527126682218813
0.017915709821700043
-0.016277386589206504
-0.003943008594924358
0.0641455703930873
0.0010344726065746983
0.018277301003503537
0.02173681072843889
0.03711909458787933
0.003225901390613662
-0.02238137544611219
0.009591080155712878
-0.0013129614854116949
0.01662801267349126
0.003727028582617249
-0.028297189287745817
-0.0037440248670824496
0.04517726346044784
-0.024213198321265443
0.029442705771366418
0.06039047737084977
0.02392476718427563
0.01916950424872377
0.008975146580551853
-0.007752125678246657
0.0021222347677451164
0.00621673929876918
3.899602833650276e-05
-0.017106774404663152
-0.006302278826321789
-0.01489467308667678
0.0007267427721764966
0.00110610196866299
0.014572450994043171
-0.013753348349226173
-0.03717124073985098
0.00890423503875156
0.017799738410801437
0.0025428459953461976
-0.0030457807660932298
-0.010662559217863707
0.008798861557379299
-0.008466376385330262
0.0111426138506342
0.007446622237042003
-0.037044945067666896
-0.05460662990796043
-0.016192961930954985
-0.005861402855939786
-0.011733631039448411
-0.03659268227184452
0.014792327583786166
-0.04307360113638417
-0.06617317180299753
-0.017915807404883227
-0.054046706998651155
-0.02777766204968596
-0.02252290071988884
-0.010947628490811715
-0.005104138969071808
-0.0269532575583753
0.016283847665865728
-0.034235265720910346
-0.004096797221091348
-0.027002937117840752
0.01657644397492973
0.000494275155691309
-0.022494748684148524
-0.0162206128304651
-0.03664072273611213
0.013375037133163415
-0.004603672591235847
0.0062973304860766445
-0.004638786427405044
-0.010182427343597979
0.04581232424853915
0.018389387516248322
-0.013985477015133602
0.004593669986189853
-0.00825368477351617
0.0017867495759435938
-0.00499550006380154
0.028498911036070176
0.05152101760303272
0.03569813574482933
-0.015777712054414902
0.007913103450596475
0.0043722866811310365
0.005802047814420558
0.03220092234757236
0.009206341117877397
0.015068668532363544
0.03496644979332458
-0.0006954262252886981
0.015210889087018054
0.02025854208239089
-0.0012592077485805101
-0.024762840082906454
-0.009852800217273694
0.0017053282745408366
0.03802156822055183
-0.00862263822060736
-0.010294945181413497
0.020906229329512378
-0.002009452336260193
-0.013913538043461524
0.02307287286342514
0.03219889091882449
-0.010286838838088098
-0.028306365909463668
-0.0324804079570357
0.008375481122187969
0.0006219238218166069
-0.017167604263324282
-0.00041706867923547823
-0.005014208755126536
-0.028853234346609108
0.017618052421549242
-0.048553333413736674
-0.024777003772499397
-0.009550063330557378
-0.0153840134997421
-0.020275918531235646
-0.028711021156771217
-0.04984819545876672
0.010522311316683991
0.014966640278477479
-0.02330246246037822
0.03474117336291097
-0.025227566367913897
0.023924424738722208
-0.053681071549595664
-0.019580995001382797
-0.005717071052419562
0.025494633410709146
-0.018573732654472253
0.017336395130862055
-0.02514331848339778
-0.008337643499962105
0.006828358616800494
0.02497727967460115
0.022183059823633236
0.019543676419951597
0.004080475825916622
-0.014912401221564071
0.030492982683569172
0.03613104088553933
0.02729480333216603
0.04515487792432844
-0.03384670699952837
0.014361231090213297
0.01377656110865665
0.025875193506095975
0.025855429543331664
-0.01234176518906277
