0.11752448991585135
0.10445503652624338
0.10863097360639502
0.09990458356219506
0.1585480060214592
0.09381387719736058
0.13346788679451269
0.0966068899257308
0.10684018277951796
0.1303743119086941
0.09491801236673338
0.10709664656451924
0.052449824117208894
0.035719968665691944
0.04889055781257991
0.013200792052359012
0.021561454990097564
0.002374587788226857
-0.039932750713962045
-0.030457612918874867
-0.038349945509692916
-0.0643885099434249
-0.03571980092426748
-0.09407851487343305
-0.08021834208463764
-0.1060148184151141
-0.13931360668823112
-0.09457320348811293
-0.1371585223611464
-0.12446341538063138
-0.10261810831567297
-0.1512426412303851
-0.11193081237377007
-0.11554889029290215
-0.08832013579590217
-0.10022094999553888
-0.0709604453127856
-0.07915646736666773
-0.045272699656066846
-0.06306376824978391
-0.023742561611680587
-0.02418481324424168
-0.03185154799028452
0.025747323287733957
0.020033708673771907
0.012391731168069051
0.03872584683347243
0.07439420734950708
0.04107490974184273
0.05989943988373081
0.07917670872414366
0.10139252363574112
0.12447443354828544
0.10822673935642868
0.10205676883379376
0.13128843760949205
0.12719387022725998
0.09254449099627303
0.11140663165311493
0.1219239978335901
0.0666051624897107
0.09116928589576584
0.049727071211831966
0.05752426649104418
0.05064015282628867
0.07919402132513523
0.00580649015630451
-0.008603443201934454
-0.060060994937306475
-0.01644952703626293
-0.01867033544185003
-0.08518441414641333
-0.08512016269226035
-0.07769924874435052
-0.0755380568512113
-0.1256767452895581
-0.10003035786166556
-0.09011818357129989
-0.12450961029068806
-0.13504563748750636
-0.10566736461589521
-0.12401471266389437
-0.06464632024767139
-0.10476296391587302
-0.0797302889642649
-0.09179469107763386
-0.1117131573925262
-0.08718992188883125
-0.054520485329097014
-0.0591911385104682
-0.02680009905070809
-0.03306624873625867
-0.02833835958363714
0.017178086201443406
0.004804059135556309
0.048885986022010525
0.006151336107905497
0.05211680875380222
0.12103705834390922
0.10344534008090032
0.1323143164535116
0.12312927258953713
0.09575135967534515
0.08499816352262698
0.14235766804900232
0.12420405602192859
0.0974843533069442
0.11623072761803985
0.12357696720767554
0.06143922480831656
0.08904862982080965
0.09646186217968208
0.08990387839983453
0.047903201368626136
0.06327247531817541
0.04386490061753788
-0.0073125776413091835
-0.030047713239371485
0.003001896635843205
-0.01672047182630059
-0.036089020389067444
-0.05838913792199384
-0.11360042386056646
-0.08774516418385794
-0.06019629920478055
-0.08114597944354057
-0.118881221727444
-0.1543217376695979
-0.07911678169274824
-0.08517301172937221
-0.13761810808507285
-0.11522938938367341
-0.12288293287013755
-0.09707039860314604
-0.06303247768924174
-0.06266410040032072
-0.06900367587876118
-0.06525577260050971
-0.06671060600381647
-0.05578920851812712
0.002999429433058934
-0.008946260070667896
-0.010570591893137584
-0.010195584286622244
-0.018228097741207292
0.044817716965636654
0.054083342961594796
0.09690352234021055
0.07825784096736677
0.06229330145225796
0.10783944542879756
0.1015307317725145
0.10698294399645807
0.13751240917820656
0.10973459527211722
0.1257163686549614
0.08904977870657124
0.059732240764245104
0.11685446552319934
0.12205238652493539
0.11731634944735836
0.08791839922763635
0.09289322548671286
0.06985115985605066
0.060072578258919304
0.05017785947487342
-0.002766544330217148
-0.013375846089537355
-0.02233653302841701
-0.03998306055694943
-0.03692811153876315
-0.05902931786509983
-0.0885082010551835
-0.06694993096943953
-0.0672276560421701
-0.099835106887918
-0.12492769201200365
-0.11194058449089471
-0.08441974940838153
-0.12089720817022322
-0.11907919534655154
-0.09295461463651447
-0.12457314994610692
-0.11224254141234237
-0.12351593852915195
-0.11695963524891329
-0.08176501112323441
-0.045678135596401014
-0.07833705068894128
-0.03813147826741013
-0.07622643643053524
-0.02233951975064057
-0.044963845620937457
0.003383222985835722
0.02670117886388222
0.08175666429481901
0.056007495246414796
0.036160614213313215
0.061088241900236324
0.07615607193656258
0.06388280510742307
0.10228936309490562
0.11805524272980297
0.08660730756532067
0.12763871786546127
0.10655741049948844
0.09892766458606465
0.11929962933589194
0.11112642312457797
0.1097384593167556
0.07087647843779137
0.10142699485921193
0.03270773871988204
0.05809638809834842
0.03549230011680228
0.04021021071995297
-0.00966458389922056
0.019820700164993165
-0.011777015858910183
-0.025369466411640954
-0.0870199102989363
-0.0533391738018238
-0.06547884556221847
-0.0647057386122516
-0.08146409719628106
-0.09453487083838238
-0.10520862514437092
-0.08920192012195774
-0.13670081954159388
-0.14886870077584619
-0.13668871468506344
-0.123225915867475
-0.1390995043024555
-0.0602930838490569
-0.11238292846632116
-0.07943773190688858
-0.12180202128258533
-0.08608881472714261
-0.06952395954400098
-0.025982625856737957
-0.0036176799101239956
-0.011950466471508448
0.03454438744584755
0.0013691528817547588
-0.0025350564010659347
0.01862173114526859
0.059492816501702156
0.08238400884914096
0.07095717071954558
0.08032849945876479
0.0862797591926211
0.11381022923494725
0.12078342826312882
0.08588992982934872
0.10004124043142598
0.09293138283122682
