-0.15627019167482498
-0.19032377046509108
-0.20873835595327503
-0.28105703926213815
-0.2696098898891263
-0.30655782263881803
-0.32035401936309504
-0.3509231002816594
-0.3856118715883673
-0.4265312245356405
-0.37221303392721455
-0.4418601925128689
-0.47392030764852233
-0.4742821381804568
-0.516282668803408
-0.5446426147784674
-0.5269598177592535
0.5929748105127689
0.5679348737929999
0.5218354144841958
0.5052981580299665
0.5145472888415424
0.4491201591527885
0.4103490716345928
0.4239348740918555
0.3738404347743413
0.32980402885684446
0.33139742147735574
0.28478694544980765
0.3163506684102828
0.2943652574849727
0.24905363840338463
0.20656226379068707
0.20464342507150263
0.1924703446046723
0.13535017798105922
0.10580697172815126
0.08889629499548188
0.11127535586057351
0.0852634274480428
0.07864732852535367
0.031213600819096993
0.01950870735370753
-0.030669153726937466
-0.040493833605987274
-0.07308518232867131
-0.04201551631912532
-0.11761022881660393
-0.1110543992088791
-0.15270774956413868
-0.20289422179081718
-0.21936464823665064
-0.2018113896003672
-0.2677422406222861
-0.24732607771798915
-0.2915828778620432
-0.31164154675344263
-0.3501587707068777
-0.3599187461570727
-0.39147789988468207
-0.39933410905274563
-0.40976644797970724
-0.4703137322197606
-0.4953636465703516
-0.4753274394427595
-0.5016388032636458
-0.5460031008758639
-0.5829137066108967
0.5167297578623747
0.5280081280696297
0.511632107892986
0.47861337908293006
0.42923371312098607
0.4566269733639244
0.401669374790939
0.38554798285536795
0.38048265226264744
0.33830353641314004
0.3373432763853622
0.3004859321620343
0.3214755008151565
0.26940496987945356
0.22657074751340467
0.23157561964140996
0.18380072780355333
0.1541120316886161
0.12140377317723566
0.08991084355793952
0.06938993021116607
0.07178420551722342
0.04316998973426099
-0.02322361288715432
0.008223637023963242
-0.05231207680711861
-0.04908101456252787
-0.09130212120414193
-0.09844891145561958
-0.12668869035546024
-0.16032316619788056
-0.14332000672635675
-0.17787761184307097
-0.19586473925504091
-0.2491934657718268
-0.23315397905687155
-0.2501649773173048
-0.3007315266321258
-0.30098595885036156
-0.3425964088891061
-0.3728113242131765
-0.38173981382994876
-0.45188001039786035
-0.41328802468602716
-0.43983248510267986
-0.5134775939456611
-0.4880703451038124
-0.5181404664985098
-0.5101516358958076
-0.571499968526227
0.5757759245759733
0.5485701170006305
0.4957195060778944
0.45642255129123616
0.43797541058514056
0.4452141205953165
0.4130319420073689
0.4128744413939546
0.3802131088935364
0.3400575017411217
0.3517866548084287
0.311312194161565
0.2584810554290263
0.29523424929809
0.20494634285483698
0.22143966735796272
0.21318159441239706
0.14549611045293445
0.1438938799422724
0.10085295154387555
0.07621496135180854
0.05819815503000508
0.0888910405371014
0.03310947382089933
-0.0014973258001196735
-0.04856329913160401
-0.053052055615894995
-0.05683960320444938
-0.07383779755631403
-0.11497511586104855
-0.15228515323208947
-0.09473078744249226
-0.20388403367219665
-0.2355052488978179
-0.2331418512894806
-0.22722242384871316
-0.27464842791293975
-0.29853233399464574
-0.3108065745263117
-0.3311536325268961
-0.3287534857882573
-0.3874283701008554
-0.3906952770056437
-0.3960920237450947
-0.4358746780705129
-0.4569761990748677
-0.5003175452162825
-0.49322306595469406
-0.5602400241158928
-0.5491644720892442
0.5629595155050878
0.5351587895244132
0.5357845801636948
0.5055159692547958
0.4514576719548276
0.4444167448228105
0.41925655388223687
0.4016145210378523
0.36483912910521044
0.32020770000442733
0.3499527048495347
0.2696182510220147
0.2760520246109735
0.23996409453962397
0.24078529369860363
0.2193292193615854
0.1767349060085447
0.1689382765659446
0.14991883418482485
0.14220062244541748
0.11746235739468047
0.07234061839697778
0.07691503345235534
0.04732454852820158
0.027496667963774733
0.008541834839044358
-0.028561915129887844
-0.08091761504533268
-0.06377671750078072
-0.09278124145793631
-0.11649703359706318
-0.13417760522154276
-0.17240805333509165
-0.18397980194021998
-0.23787278021609568
-0.23706779847559825
-0.28257833654050335
-0.3037544326147523
-0.30915370387938373
-0.31003677366101356
-0.3487033941371438
-0.40692005385231045
-0.4048216442577642
-0.43776311917850635
-0.4737502317083862
-0.49303860548044254
-0.5104528363517418
-0.5248794075669212
-0.5258148948656226
-0.5706720750359527
0.5502222218714244
0.5470821887306461
0.5214582936200935
0.49841758951626314
0.5173097669442228
0.43681379590897507
0.3924834205308615
0.4142850532305451
0.34201749136855186
0.38680542428129977
0.3449843278883901
0.3336498058198477
0.24879628567868584
0.22189288301452084
0.267611255427863
0.23473290282961604
0.17790957994616638
0.1705312842452521
0.1263537277588574
0.13715981977358782
0.12225600253083037
0.12558570491621202
0.05940781345561592
0.026580247681024377
0.005368234480691757
0.007121852591506826
-0.012552777049620864
-0.044934183975510494
-0.08748037426879492
-0.12914365089158303
-0.1313647336996151
-0.18332171076738935
-0.1833901728879989
-0.17418917932981262
-0.21582902591885728
-0.22156222397248732
-0.2763132771578498
-0.26205894345130054
